#q 	 Ifit_avg 
2.999000e-03 	1.000000e+00 
3.284000e-03 	9.989657e-01 
3.570000e-03 	9.979305e-01 
3.856000e-03 	9.968936e-01 
4.141000e-03 	9.958541e-01 
4.427000e-03 	9.948111e-01 
4.712000e-03 	9.937638e-01 
4.998000e-03 	9.927111e-01 
5.284000e-03 	9.916524e-01 
5.569000e-03 	9.905866e-01 
5.855000e-03 	9.895129e-01 
6.140000e-03 	9.884304e-01 
6.426000e-03 	9.873383e-01 
6.712000e-03 	9.862355e-01 
6.997000e-03 	9.851214e-01 
7.283000e-03 	9.839949e-01 
7.568000e-03 	9.828552e-01 
7.854000e-03 	9.817014e-01 
8.140000e-03 	9.805326e-01 
8.425000e-03 	9.793480e-01 
8.711000e-03 	9.781466e-01 
8.996000e-03 	9.769276e-01 
9.282000e-03 	9.756901e-01 
9.568000e-03 	9.744332e-01 
9.853000e-03 	9.731560e-01 
1.013900e-02 	9.718576e-01 
1.042400e-02 	9.705372e-01 
1.071000e-02 	9.691939e-01 
1.099600e-02 	9.678267e-01 
1.128100e-02 	9.664349e-01 
1.156700e-02 	9.650174e-01 
1.185300e-02 	9.635735e-01 
1.213800e-02 	9.621023e-01 
1.242400e-02 	9.606028e-01 
1.270900e-02 	9.590742e-01 
1.299500e-02 	9.575156e-01 
1.328100e-02 	9.559261e-01 
1.356600e-02 	9.543048e-01 
1.385200e-02 	9.526509e-01 
1.413700e-02 	9.509634e-01 
1.442300e-02 	9.492416e-01 
1.470900e-02 	9.474844e-01 
1.499400e-02 	9.456910e-01 
1.528000e-02 	9.438607e-01 
1.556500e-02 	9.419924e-01 
1.585100e-02 	9.400853e-01 
1.613700e-02 	9.381388e-01 
1.642200e-02 	9.361519e-01 
1.670800e-02 	9.341240e-01 
1.699300e-02 	9.320544e-01 
1.727900e-02 	9.299428e-01 
1.756500e-02 	9.277892e-01 
1.785000e-02 	9.255935e-01 
1.813600e-02 	9.233560e-01 
1.842100e-02 	9.210768e-01 
1.870700e-02 	9.187565e-01 
1.899300e-02 	9.163959e-01 
1.927800e-02 	9.139954e-01 
1.956400e-02 	9.115559e-01 
1.984900e-02 	9.090779e-01 
2.013500e-02 	9.065621e-01 
2.042100e-02 	9.040092e-01 
2.070600e-02 	9.014197e-01 
2.099200e-02 	8.987944e-01 
2.127700e-02 	8.961339e-01 
2.156300e-02 	8.934388e-01 
2.184900e-02 	8.907098e-01 
2.213400e-02 	8.879476e-01 
2.242000e-02 	8.851527e-01 
2.270500e-02 	8.823259e-01 
2.299100e-02 	8.794677e-01 
2.327700e-02 	8.765789e-01 
2.356200e-02 	8.736601e-01 
2.384800e-02 	8.707119e-01 
2.413300e-02 	8.677350e-01 
2.441900e-02 	8.647300e-01 
2.470500e-02 	8.616976e-01 
2.499000e-02 	8.586384e-01 
2.527600e-02 	8.555532e-01 
2.556100e-02 	8.524424e-01 
2.584700e-02 	8.493068e-01 
2.613300e-02 	8.461470e-01 
2.641800e-02 	8.429637e-01 
2.670400e-02 	8.397575e-01 
2.698900e-02 	8.365291e-01 
2.727500e-02 	8.332791e-01 
2.756100e-02 	8.300082e-01 
2.784600e-02 	8.267169e-01 
2.813200e-02 	8.234059e-01 
2.841700e-02 	8.200759e-01 
2.870300e-02 	8.167275e-01 
2.898900e-02 	8.133613e-01 
2.927400e-02 	8.099779e-01 
2.956000e-02 	8.065780e-01 
2.984500e-02 	8.031622e-01 
3.013100e-02 	7.997309e-01 
3.041700e-02 	7.962850e-01 
3.070200e-02 	7.928249e-01 
3.098800e-02 	7.893512e-01 
3.127300e-02 	7.858644e-01 
3.155900e-02 	7.823650e-01 
3.184500e-02 	7.788533e-01 
3.213000e-02 	7.753297e-01 
3.241600e-02 	7.717948e-01 
3.270100e-02 	7.682489e-01 
3.298700e-02 	7.646925e-01 
3.327300e-02 	7.611260e-01 
3.355800e-02 	7.575497e-01 
3.384400e-02 	7.539640e-01 
3.413000e-02 	7.503691e-01 
3.441500e-02 	7.467653e-01 
3.470100e-02 	7.431530e-01 
3.498600e-02 	7.395324e-01 
3.527200e-02 	7.359038e-01 
3.555800e-02 	7.322675e-01 
3.584300e-02 	7.286239e-01 
3.612900e-02 	7.249731e-01 
3.641400e-02 	7.213156e-01 
3.670000e-02 	7.176516e-01 
3.698600e-02 	7.139813e-01 
3.727100e-02 	7.103052e-01 
3.755700e-02 	7.066235e-01 
3.784200e-02 	7.029364e-01 
3.812800e-02 	6.992443e-01 
3.841400e-02 	6.955475e-01 
3.869900e-02 	6.918463e-01 
3.898500e-02 	6.881409e-01 
3.927000e-02 	6.844317e-01 
3.955600e-02 	6.807190e-01 
3.984200e-02 	6.770030e-01 
4.012700e-02 	6.732840e-01 
4.041300e-02 	6.695624e-01 
4.069800e-02 	6.658383e-01 
4.098400e-02 	6.621122e-01 
4.127000e-02 	6.583843e-01 
4.155500e-02 	6.546549e-01 
4.184100e-02 	6.509243e-01 
4.212600e-02 	6.471928e-01 
4.241200e-02 	6.434606e-01 
4.269800e-02 	6.397280e-01 
4.298300e-02 	6.359954e-01 
4.326900e-02 	6.322630e-01 
4.355400e-02 	6.285310e-01 
4.384000e-02 	6.247998e-01 
4.412600e-02 	6.210697e-01 
4.441100e-02 	6.173409e-01 
4.469700e-02 	6.136138e-01 
4.498200e-02 	6.098885e-01 
4.526800e-02 	6.061654e-01 
4.555400e-02 	6.024448e-01 
4.583900e-02 	5.987268e-01 
4.612500e-02 	5.950118e-01 
4.641000e-02 	5.913000e-01 
4.669600e-02 	5.875917e-01 
4.698200e-02 	5.838872e-01 
4.726700e-02 	5.801867e-01 
4.755300e-02 	5.764905e-01 
4.783800e-02 	5.727988e-01 
4.812400e-02 	5.691120e-01 
4.841000e-02 	5.654303e-01 
4.869500e-02 	5.617539e-01 
4.898100e-02 	5.580832e-01 
4.926600e-02 	5.544183e-01 
4.955200e-02 	5.507596e-01 
4.983800e-02 	5.471072e-01 
5.012300e-02 	5.434616e-01 
5.040900e-02 	5.398228e-01 
5.069400e-02 	5.361913e-01 
5.098000e-02 	5.325672e-01 
5.126600e-02 	5.289508e-01 
5.155100e-02 	5.253423e-01 
5.183700e-02 	5.217421e-01 
5.212200e-02 	5.181504e-01 
5.240800e-02 	5.145674e-01 
5.269400e-02 	5.109934e-01 
5.297900e-02 	5.074286e-01 
5.326500e-02 	5.038733e-01 
5.355000e-02 	5.003278e-01 
5.383600e-02 	4.967923e-01 
5.412200e-02 	4.932670e-01 
5.440700e-02 	4.897523e-01 
5.469300e-02 	4.862484e-01 
5.497800e-02 	4.827554e-01 
5.526400e-02 	4.792738e-01 
5.555000e-02 	4.758036e-01 
5.583500e-02 	4.723451e-01 
5.612100e-02 	4.688986e-01 
5.640700e-02 	4.654642e-01 
5.669200e-02 	4.620423e-01 
5.697800e-02 	4.586331e-01 
5.726300e-02 	4.552367e-01 
5.754900e-02 	4.518536e-01 
5.783500e-02 	4.484837e-01 
5.812000e-02 	4.451275e-01 
5.840600e-02 	4.417852e-01 
5.869100e-02 	4.384569e-01 
5.897700e-02 	4.351428e-01 
5.926300e-02 	4.318431e-01 
5.954800e-02 	4.285578e-01 
5.983400e-02 	4.252872e-01 
6.011900e-02 	4.220313e-01 
6.040500e-02 	4.187903e-01 
6.069100e-02 	4.155643e-01 
6.097600e-02 	4.123534e-01 
6.126200e-02 	4.091578e-01 
6.154700e-02 	4.059776e-01 
6.183300e-02 	4.028129e-01 
6.211900e-02 	3.996639e-01 
6.240400e-02 	3.965308e-01 
6.269000e-02 	3.934135e-01 
6.297500e-02 	3.903124e-01 
6.326100e-02 	3.872274e-01 
6.354700e-02 	3.841588e-01 
6.383200e-02 	3.811065e-01 
6.411800e-02 	3.780706e-01 
6.440300e-02 	3.750513e-01 
6.468900e-02 	3.720484e-01 
6.497500e-02 	3.690622e-01 
6.526000e-02 	3.660925e-01 
6.554600e-02 	3.631396e-01 
6.583100e-02 	3.602034e-01 
6.611700e-02 	3.572841e-01 
6.640300e-02 	3.543815e-01 
6.668800e-02 	3.514959e-01 
6.697400e-02 	3.486273e-01 
6.725900e-02 	3.457756e-01 
6.754500e-02 	3.429411e-01 
6.783100e-02 	3.401236e-01 
6.811600e-02 	3.373233e-01 
6.840200e-02 	3.345402e-01 
6.868700e-02 	3.317743e-01 
6.897300e-02 	3.290258e-01 
6.925900e-02 	3.262945e-01 
6.954400e-02 	3.235807e-01 
6.983000e-02 	3.208843e-01 
7.011500e-02 	3.182053e-01 
7.040100e-02 	3.155439e-01 
7.068700e-02 	3.129000e-01 
7.097200e-02 	3.102738e-01 
7.125800e-02 	3.076652e-01 
7.154300e-02 	3.050743e-01 
7.182900e-02 	3.025011e-01 
7.211500e-02 	2.999458e-01 
7.240000e-02 	2.974083e-01 
7.268600e-02 	2.948886e-01 
7.297100e-02 	2.923868e-01 
7.325700e-02 	2.899028e-01 
7.354300e-02 	2.874365e-01 
7.382800e-02 	2.849881e-01 
7.411400e-02 	2.825574e-01 
7.439900e-02 	2.801444e-01 
7.468500e-02 	2.777491e-01 
7.497100e-02 	2.753716e-01 
7.525600e-02 	2.730117e-01 
7.554200e-02 	2.706695e-01 
7.582700e-02 	2.683449e-01 
7.611300e-02 	2.660380e-01 
7.639900e-02 	2.637487e-01 
7.668400e-02 	2.614769e-01 
7.697000e-02 	2.592228e-01 
7.725500e-02 	2.569862e-01 
7.754100e-02 	2.547672e-01 
7.782700e-02 	2.525656e-01 
7.811200e-02 	2.503816e-01 
7.839800e-02 	2.482151e-01 
7.868400e-02 	2.460660e-01 
7.896900e-02 	2.439343e-01 
7.925500e-02 	2.418199e-01 
7.954000e-02 	2.397228e-01 
7.982600e-02 	2.376427e-01 
8.011200e-02 	2.355798e-01 
8.039700e-02 	2.335339e-01 
8.068300e-02 	2.315049e-01 
8.096800e-02 	2.294928e-01 
8.125400e-02 	2.274975e-01 
8.154000e-02 	2.255189e-01 
8.182500e-02 	2.235570e-01 
8.211100e-02 	2.216117e-01 
8.239600e-02 	2.196829e-01 
8.268200e-02 	2.177705e-01 
8.296800e-02 	2.158745e-01 
8.325300e-02 	2.139948e-01 
8.353900e-02 	2.121314e-01 
8.382400e-02 	2.102841e-01 
8.411000e-02 	2.084530e-01 
8.439600e-02 	2.066378e-01 
8.468100e-02 	2.048386e-01 
8.496700e-02 	2.030553e-01 
8.525200e-02 	2.012878e-01 
8.553800e-02 	1.995361e-01 
8.582400e-02 	1.978000e-01 
8.610900e-02 	1.960795e-01 
8.639500e-02 	1.943746e-01 
8.668000e-02 	1.926850e-01 
8.696600e-02 	1.910109e-01 
8.725200e-02 	1.893520e-01 
8.753700e-02 	1.877082e-01 
8.782300e-02 	1.860795e-01 
8.810800e-02 	1.844658e-01 
8.839400e-02 	1.828669e-01 
8.868000e-02 	1.812829e-01 
8.896500e-02 	1.797135e-01 
8.925100e-02 	1.781588e-01 
8.953600e-02 	1.766186e-01 
8.982200e-02 	1.750928e-01 
9.010800e-02 	1.735813e-01 
9.039300e-02 	1.720841e-01 
9.067900e-02 	1.706010e-01 
9.096400e-02 	1.691320e-01 
9.125000e-02 	1.676769e-01 
9.153600e-02 	1.662357e-01 
9.182100e-02 	1.648083e-01 
9.210700e-02 	1.633946e-01 
9.239200e-02 	1.619945e-01 
9.267800e-02 	1.606078e-01 
9.296400e-02 	1.592346e-01 
9.324900e-02 	1.578747e-01 
9.353500e-02 	1.565281e-01 
9.382000e-02 	1.551946e-01 
9.410600e-02 	1.538741e-01 
9.439200e-02 	1.525665e-01 
9.467700e-02 	1.512717e-01 
9.496300e-02 	1.499895e-01 
9.524800e-02 	1.487200e-01 
9.553400e-02 	1.474629e-01 
9.582000e-02 	1.462181e-01 
9.610500e-02 	1.449856e-01 
9.639100e-02 	1.437651e-01 
9.667600e-02 	1.425567e-01 
9.696200e-02 	1.413601e-01 
9.724800e-02 	1.401754e-01 
9.753300e-02 	1.390022e-01 
9.781900e-02 	1.378407e-01 
9.810400e-02 	1.366905e-01 
9.839000e-02 	1.355517e-01 
9.867600e-02 	1.344241e-01 
9.896100e-02 	1.333075e-01 
9.924700e-02 	1.322020e-01 
9.953200e-02 	1.311073e-01 
9.981800e-02 	1.300233e-01 
1.001040e-01 	1.289500e-01 
1.003890e-01 	1.278873e-01 
1.006750e-01 	1.268350e-01 
1.009610e-01 	1.257930e-01 
1.012460e-01 	1.247612e-01 
1.015320e-01 	1.237397e-01 
1.018170e-01 	1.227281e-01 
1.021030e-01 	1.217265e-01 
1.023890e-01 	1.207348e-01 
1.026740e-01 	1.197528e-01 
1.029600e-01 	1.187805e-01 
1.032450e-01 	1.178177e-01 
1.035310e-01 	1.168644e-01 
1.038170e-01 	1.159205e-01 
1.041020e-01 	1.149858e-01 
1.043880e-01 	1.140603e-01 
1.046730e-01 	1.131438e-01 
1.049590e-01 	1.122363e-01 
1.052450e-01 	1.113377e-01 
1.055300e-01 	1.104478e-01 
1.058160e-01 	1.095667e-01 
1.061010e-01 	1.086941e-01 
1.063870e-01 	1.078299e-01 
1.066730e-01 	1.069742e-01 
1.069580e-01 	1.061268e-01 
1.072440e-01 	1.052876e-01 
1.075290e-01 	1.044565e-01 
1.078150e-01 	1.036334e-01 
1.081010e-01 	1.028182e-01 
1.083860e-01 	1.020109e-01 
1.086720e-01 	1.012113e-01 
1.089570e-01 	1.004194e-01 
1.092430e-01 	9.963503e-02 
1.095290e-01 	9.885814e-02 
1.098140e-01 	9.808862e-02 
1.101000e-01 	9.732640e-02 
1.103850e-01 	9.657137e-02 
1.106710e-01 	9.582345e-02 
1.109570e-01 	9.508255e-02 
1.112420e-01 	9.434858e-02 
1.115280e-01 	9.362145e-02 
1.118130e-01 	9.290106e-02 
1.120990e-01 	9.218734e-02 
1.123850e-01 	9.148018e-02 
1.126700e-01 	9.077949e-02 
1.129560e-01 	9.008519e-02 
1.132410e-01 	8.939719e-02 
1.135270e-01 	8.871540e-02 
1.138130e-01 	8.803971e-02 
1.140980e-01 	8.737006e-02 
1.143840e-01 	8.670637e-02 
1.146690e-01 	8.604859e-02 
1.149550e-01 	8.539663e-02 
1.152410e-01 	8.475045e-02 
1.155260e-01 	8.410997e-02 
1.158120e-01 	8.347514e-02 
1.160970e-01 	8.284588e-02 
1.163830e-01 	8.222214e-02 
1.166690e-01 	8.160384e-02 
1.169540e-01 	8.099092e-02 
1.172400e-01 	8.038333e-02 
1.175250e-01 	7.978099e-02 
1.178110e-01 	7.918383e-02 
1.180970e-01 	7.859180e-02 
1.183820e-01 	7.800484e-02 
1.186680e-01 	7.742286e-02 
1.189530e-01 	7.684582e-02 
1.192390e-01 	7.627365e-02 
1.195250e-01 	7.570629e-02 
1.198100e-01 	7.514366e-02 
1.200960e-01 	7.458572e-02 
1.203810e-01 	7.403239e-02 
1.206670e-01 	7.348361e-02 
1.209530e-01 	7.293933e-02 
1.212380e-01 	7.239947e-02 
1.215240e-01 	7.186397e-02 
1.218090e-01 	7.133277e-02 
1.220950e-01 	7.080580e-02 
1.223810e-01 	7.028301e-02 
1.226660e-01 	6.976433e-02 
1.229520e-01 	6.924970e-02 
1.232380e-01 	6.873904e-02 
1.235230e-01 	6.823231e-02 
1.238090e-01 	6.772943e-02 
1.240940e-01 	6.723037e-02 
1.243800e-01 	6.673508e-02 
1.246660e-01 	6.624351e-02 
1.249510e-01 	6.575562e-02 
1.252370e-01 	6.527136e-02 
1.255220e-01 	6.479069e-02 
1.258080e-01 	6.431355e-02 
1.260940e-01 	6.383992e-02 
1.263790e-01 	6.336973e-02 
1.266650e-01 	6.290294e-02 
1.269500e-01 	6.243950e-02 
1.272360e-01 	6.197938e-02 
1.275220e-01 	6.152252e-02 
1.278070e-01 	6.106888e-02 
1.280930e-01 	6.061843e-02 
1.283780e-01 	6.017113e-02 
1.286640e-01 	5.972696e-02 
1.289500e-01 	5.928590e-02 
1.292350e-01 	5.884790e-02 
1.295210e-01 	5.841296e-02 
1.298060e-01 	5.798103e-02 
1.300920e-01 	5.755209e-02 
1.303780e-01 	5.712611e-02 
1.306630e-01 	5.670307e-02 
1.309490e-01 	5.628294e-02 
1.312340e-01 	5.586569e-02 
1.315200e-01 	5.545129e-02 
1.318060e-01 	5.503971e-02 
1.320910e-01 	5.463093e-02 
1.323770e-01 	5.422491e-02 
1.326620e-01 	5.382163e-02 
1.329480e-01 	5.342105e-02 
1.332340e-01 	5.302315e-02 
1.335190e-01 	5.262790e-02 
1.338050e-01 	5.223527e-02 
1.340900e-01 	5.184523e-02 
1.343760e-01 	5.145775e-02 
1.346620e-01 	5.107280e-02 
1.349470e-01 	5.069035e-02 
1.352330e-01 	5.031038e-02 
1.355180e-01 	4.993285e-02 
1.358040e-01 	4.955773e-02 
1.360900e-01 	4.918500e-02 
1.363750e-01 	4.881462e-02 
1.366610e-01 	4.844657e-02 
1.369460e-01 	4.808081e-02 
1.372320e-01 	4.771732e-02 
1.375180e-01 	4.735606e-02 
1.378030e-01 	4.699702e-02 
1.380890e-01 	4.664014e-02 
1.383740e-01 	4.628542e-02 
1.386600e-01 	4.593282e-02 
1.389460e-01 	4.558231e-02 
1.392310e-01 	4.523390e-02 
1.395170e-01 	4.488756e-02 
1.398020e-01 	4.454329e-02 
1.400880e-01 	4.420108e-02 
1.403740e-01 	4.386090e-02 
1.406590e-01 	4.352276e-02 
1.409450e-01 	4.318664e-02 
1.412300e-01 	4.285252e-02 
1.415160e-01 	4.252040e-02 
1.418020e-01 	4.219026e-02 
1.420870e-01 	4.186209e-02 
1.423730e-01 	4.153590e-02 
1.426580e-01 	4.121167e-02 
1.429440e-01 	4.088939e-02 
1.432300e-01 	4.056906e-02 
1.435150e-01 	4.025067e-02 
1.438010e-01 	3.993422e-02 
1.440860e-01 	3.961969e-02 
1.443720e-01 	3.930707e-02 
1.446580e-01 	3.899637e-02 
1.449430e-01 	3.868757e-02 
1.452290e-01 	3.838066e-02 
1.455150e-01 	3.807563e-02 
1.458000e-01 	3.777248e-02 
1.460860e-01 	3.747119e-02 
1.463710e-01 	3.717175e-02 
1.466570e-01 	3.687417e-02 
1.469430e-01 	3.657842e-02 
1.472280e-01 	3.628450e-02 
1.475140e-01 	3.599241e-02 
1.477990e-01 	3.570212e-02 
1.480850e-01 	3.541364e-02 
1.483710e-01 	3.512695e-02 
1.486560e-01 	3.484205e-02 
1.489420e-01 	3.455892e-02 
1.492270e-01 	3.427756e-02 
1.495130e-01 	3.399796e-02 
1.497990e-01 	3.372011e-02 
1.500840e-01 	3.344400e-02 
1.503700e-01 	3.316962e-02 
1.506550e-01 	3.289696e-02 
1.509410e-01 	3.262602e-02 
1.512270e-01 	3.235679e-02 
1.515120e-01 	3.208925e-02 
1.517980e-01 	3.182340e-02 
1.520830e-01 	3.155923e-02 
1.523690e-01 	3.129673e-02 
1.526550e-01 	3.103590e-02 
1.529400e-01 	3.077671e-02 
1.532260e-01 	3.051917e-02 
1.535110e-01 	3.026326e-02 
1.537970e-01 	3.000898e-02 
1.540830e-01 	2.975633e-02 
1.543680e-01 	2.950531e-02 
1.546540e-01 	2.925591e-02 
1.549390e-01 	2.900814e-02 
1.552250e-01 	2.876199e-02 
1.555110e-01 	2.851747e-02 
1.557960e-01 	2.827458e-02 
1.560820e-01 	2.803330e-02 
1.563670e-01 	2.779364e-02 
1.566530e-01 	2.755560e-02 
1.569390e-01 	2.731917e-02 
1.572240e-01 	2.708434e-02 
1.575100e-01 	2.685111e-02 
1.577950e-01 	2.661949e-02 
1.580810e-01 	2.638946e-02 
1.583670e-01 	2.616102e-02 
1.586520e-01 	2.593416e-02 
1.589380e-01 	2.570889e-02 
1.592230e-01 	2.548520e-02 
1.595090e-01 	2.526308e-02 
1.597950e-01 	2.504254e-02 
1.600800e-01 	2.482356e-02 
1.603660e-01 	2.460615e-02 
1.606510e-01 	2.439030e-02 
1.609370e-01 	2.417600e-02 
1.612230e-01 	2.396326e-02 
1.615080e-01 	2.375207e-02 
1.617940e-01 	2.354242e-02 
1.620790e-01 	2.333431e-02 
1.623650e-01 	2.312774e-02 
1.626510e-01 	2.292270e-02 
1.629360e-01 	2.271920e-02 
1.632220e-01 	2.251722e-02 
1.635070e-01 	2.231676e-02 
1.637930e-01 	2.211782e-02 
1.640790e-01 	2.192040e-02 
1.643640e-01 	2.172449e-02 
1.646500e-01 	2.153008e-02 
1.649350e-01 	2.133718e-02 
1.652210e-01 	2.114578e-02 
1.655070e-01 	2.095587e-02 
1.657920e-01 	2.076746e-02 
1.660780e-01 	2.058053e-02 
1.663630e-01 	2.039509e-02 
1.666490e-01 	2.021113e-02 
1.669350e-01 	2.002865e-02 
1.672200e-01 	1.984764e-02 
1.675060e-01 	1.966810e-02 
1.677920e-01 	1.949002e-02 
1.680770e-01 	1.931341e-02 
1.683630e-01 	1.913826e-02 
1.686480e-01 	1.896456e-02 
1.689340e-01 	1.879231e-02 
1.692200e-01 	1.862151e-02 
1.695050e-01 	1.845215e-02 
1.697910e-01 	1.828423e-02 
1.700760e-01 	1.811774e-02 
1.703620e-01 	1.795268e-02 
1.706480e-01 	1.778903e-02 
1.709330e-01 	1.762679e-02 
1.712190e-01 	1.746596e-02 
1.715040e-01 	1.730653e-02 
1.717900e-01 	1.714849e-02 
1.720760e-01 	1.699184e-02 
1.723610e-01 	1.683657e-02 
1.726470e-01 	1.668268e-02 
1.729320e-01 	1.653015e-02 
1.732180e-01 	1.637898e-02 
1.735040e-01 	1.622917e-02 
1.737890e-01 	1.608071e-02 
1.740750e-01 	1.593359e-02 
1.743600e-01 	1.578780e-02 
1.746460e-01 	1.564335e-02 
1.749320e-01 	1.550022e-02 
1.752170e-01 	1.535841e-02 
1.755030e-01 	1.521791e-02 
1.757880e-01 	1.507872e-02 
1.760740e-01 	1.494082e-02 
1.763600e-01 	1.480422e-02 
1.766450e-01 	1.466890e-02 
1.769310e-01 	1.453486e-02 
1.772160e-01 	1.440210e-02 
1.775020e-01 	1.427060e-02 
1.777880e-01 	1.414037e-02 
1.780730e-01 	1.401139e-02 
1.783590e-01 	1.388366e-02 
1.786440e-01 	1.375717e-02 
1.789300e-01 	1.363192e-02 
1.792160e-01 	1.350790e-02 
1.795010e-01 	1.338510e-02 
1.797870e-01 	1.326352e-02 
1.800720e-01 	1.314315e-02 
1.803580e-01 	1.302399e-02 
1.806440e-01 	1.290602e-02 
1.809290e-01 	1.278924e-02 
1.812150e-01 	1.267366e-02 
1.815000e-01 	1.255925e-02 
1.817860e-01 	1.244601e-02 
1.820720e-01 	1.233395e-02 
1.823570e-01 	1.222304e-02 
1.826430e-01 	1.211329e-02 
1.829280e-01 	1.200468e-02 
1.832140e-01 	1.189722e-02 
1.835000e-01 	1.179090e-02 
1.837850e-01 	1.168570e-02 
1.840710e-01 	1.158163e-02 
1.843560e-01 	1.147868e-02 
1.846420e-01 	1.137683e-02 
1.849280e-01 	1.127608e-02 
1.852130e-01 	1.117642e-02 
1.854990e-01 	1.107784e-02 
1.857840e-01 	1.098033e-02 
1.860700e-01 	1.088389e-02 
1.863560e-01 	1.078851e-02 
1.866410e-01 	1.069418e-02 
1.869270e-01 	1.060088e-02 
1.872120e-01 	1.050862e-02 
1.874980e-01 	1.041739e-02 
1.877840e-01 	1.032717e-02 
1.880690e-01 	1.023796e-02 
1.883550e-01 	1.014974e-02 
1.886400e-01 	1.006252e-02 
1.889260e-01 	9.976280e-03 
1.892120e-01 	9.891015e-03 
1.894970e-01 	9.806716e-03 
1.897830e-01 	9.723375e-03 
1.900690e-01 	9.640984e-03 
1.903540e-01 	9.559534e-03 
1.906400e-01 	9.479018e-03 
1.909250e-01 	9.399426e-03 
1.912110e-01 	9.320751e-03 
1.914970e-01 	9.242984e-03 
1.917820e-01 	9.166118e-03 
1.920680e-01 	9.090143e-03 
1.923530e-01 	9.015052e-03 
1.926390e-01 	8.940836e-03 
1.929250e-01 	8.867487e-03 
1.932100e-01 	8.794997e-03 
1.934960e-01 	8.723357e-03 
1.937810e-01 	8.652559e-03 
1.940670e-01 	8.582595e-03 
1.943530e-01 	8.513457e-03 
1.946380e-01 	8.445136e-03 
1.949240e-01 	8.377625e-03 
1.952090e-01 	8.310913e-03 
1.954950e-01 	8.244995e-03 
1.957810e-01 	8.179860e-03 
1.960660e-01 	8.115502e-03 
1.963520e-01 	8.051912e-03 
1.966370e-01 	7.989082e-03 
1.969230e-01 	7.927003e-03 
1.972090e-01 	7.865669e-03 
1.974940e-01 	7.805074e-03 
1.977800e-01 	7.745211e-03 
1.980650e-01 	7.686075e-03 
1.983510e-01 	7.627660e-03 
1.986370e-01 	7.569960e-03 
1.989220e-01 	7.512969e-03 
1.992080e-01 	7.456680e-03 
1.994930e-01 	7.401088e-03 
1.997790e-01 	7.346184e-03 
2.000650e-01 	7.291961e-03 
2.003500e-01 	7.238414e-03 
2.006360e-01 	7.185534e-03 
2.009210e-01 	7.133316e-03 
2.012070e-01 	7.081752e-03 
2.014930e-01 	7.030835e-03 
2.017780e-01 	6.980558e-03 
2.020640e-01 	6.930915e-03 
2.023490e-01 	6.881899e-03 
2.026350e-01 	6.833502e-03 
2.029210e-01 	6.785718e-03 
2.032060e-01 	6.738540e-03 
2.034920e-01 	6.691960e-03 
2.037770e-01 	6.645973e-03 
2.040630e-01 	6.600571e-03 
2.043490e-01 	6.555747e-03 
2.046340e-01 	6.511495e-03 
2.049200e-01 	6.467807e-03 
2.052050e-01 	6.424676e-03 
2.054910e-01 	6.382096e-03 
2.057770e-01 	6.340060e-03 
2.060620e-01 	6.298560e-03 
2.063480e-01 	6.257591e-03 
2.066330e-01 	6.217144e-03 
2.069190e-01 	6.177213e-03 
2.072050e-01 	6.137792e-03 
2.074900e-01 	6.098873e-03 
2.077760e-01 	6.060449e-03 
2.080610e-01 	6.022514e-03 
2.083470e-01 	5.985061e-03 
2.086330e-01 	5.948082e-03 
2.089180e-01 	5.911571e-03 
2.092040e-01 	5.875522e-03 
2.094890e-01 	5.839926e-03 
2.097750e-01 	5.804778e-03 
2.100610e-01 	5.770069e-03 
2.103460e-01 	5.735795e-03 
2.106320e-01 	5.701947e-03 
2.109170e-01 	5.668519e-03 
2.112030e-01 	5.635505e-03 
2.114890e-01 	5.602902e-03 
2.117740e-01 	5.570704e-03 
2.120600e-01 	5.538906e-03 
2.123450e-01 	5.507505e-03 
2.126310e-01 	5.476495e-03 
2.129170e-01 	5.445872e-03 
2.132020e-01 	5.415632e-03 
2.134880e-01 	5.385768e-03 
2.137740e-01 	5.356278e-03 
2.140590e-01 	5.327157e-03 
2.143450e-01 	5.298400e-03 
2.146300e-01 	5.270004e-03 
2.149160e-01 	5.241966e-03 
2.152020e-01 	5.214282e-03 
2.154870e-01 	5.186948e-03 
2.157730e-01 	5.159960e-03 
2.160580e-01 	5.133315e-03 
2.163440e-01 	5.107009e-03 
2.166300e-01 	5.081039e-03 
2.169150e-01 	5.055400e-03 
2.172010e-01 	5.030089e-03 
2.174860e-01 	5.005102e-03 
2.177720e-01 	4.980436e-03 
2.180580e-01 	4.956087e-03 
2.183430e-01 	4.932051e-03 
2.186290e-01 	4.908325e-03 
2.189140e-01 	4.884905e-03 
2.192000e-01 	4.861787e-03 
2.194860e-01 	4.838968e-03 
2.197710e-01 	4.816443e-03 
2.200570e-01 	4.794210e-03 
2.203420e-01 	4.772264e-03 
2.206280e-01 	4.750603e-03 
2.209140e-01 	4.729221e-03 
2.211990e-01 	4.708117e-03 
2.214850e-01 	4.687285e-03 
2.217700e-01 	4.666723e-03 
2.220560e-01 	4.646426e-03 
2.223420e-01 	4.626391e-03 
2.226270e-01 	4.606615e-03 
2.229130e-01 	4.587094e-03 
2.231980e-01 	4.567824e-03 
2.234840e-01 	4.548802e-03 
2.237700e-01 	4.530024e-03 
2.240550e-01 	4.511486e-03 
2.243410e-01 	4.493185e-03 
2.246260e-01 	4.475117e-03 
2.249120e-01 	4.457279e-03 
2.251980e-01 	4.439668e-03 
2.254830e-01 	4.422281e-03 
2.257690e-01 	4.405116e-03 
2.260540e-01 	4.388170e-03 
2.263400e-01 	4.371440e-03 
2.266260e-01 	4.354924e-03 
2.269110e-01 	4.338618e-03 
2.271970e-01 	4.322521e-03 
2.274820e-01 	4.306629e-03 
2.277680e-01 	4.290939e-03 
2.280540e-01 	4.275450e-03 
2.283390e-01 	4.260158e-03 
2.286250e-01 	4.245060e-03 
2.289100e-01 	4.230154e-03 
2.291960e-01 	4.215438e-03 
2.294820e-01 	4.200911e-03 
2.297670e-01 	4.186571e-03 
2.300530e-01 	4.172419e-03 
2.303380e-01 	4.158451e-03 
2.306240e-01 	4.144668e-03 
2.309100e-01 	4.131069e-03 
2.311950e-01 	4.117651e-03 
2.314810e-01 	4.104414e-03 
2.317660e-01 	4.091358e-03 
2.320520e-01 	4.078480e-03 
2.323380e-01 	4.065780e-03 
2.326230e-01 	4.053256e-03 
2.329090e-01 	4.040908e-03 
2.331940e-01 	4.028734e-03 
2.334800e-01 	4.016734e-03 
2.337660e-01 	4.004905e-03 
2.340510e-01 	3.993248e-03 
2.343370e-01 	3.981760e-03 
2.346230e-01 	3.970442e-03 
2.349080e-01 	3.959291e-03 
2.351940e-01 	3.948308e-03 
2.354790e-01 	3.937490e-03 
2.357650e-01 	3.926837e-03 
2.360510e-01 	3.916348e-03 
2.363360e-01 	3.906022e-03 
2.366220e-01 	3.895857e-03 
2.369070e-01 	3.885853e-03 
2.371930e-01 	3.876010e-03 
2.374790e-01 	3.866324e-03 
2.377640e-01 	3.856797e-03 
2.380500e-01 	3.847426e-03 
2.383350e-01 	3.838211e-03 
2.386210e-01 	3.829151e-03 
2.389070e-01 	3.820244e-03 
2.391920e-01 	3.811490e-03 
2.394780e-01 	3.802887e-03 
2.397630e-01 	3.794434e-03 
2.400490e-01 	3.786130e-03 
2.403350e-01 	3.777974e-03 
2.406200e-01 	3.769965e-03 
2.409060e-01 	3.762101e-03 
2.411910e-01 	3.754382e-03 
2.414770e-01 	3.746806e-03 
2.417630e-01 	3.739373e-03 
2.420480e-01 	3.732080e-03 
2.423340e-01 	3.724928e-03 
2.426190e-01 	3.717914e-03 
2.429050e-01 	3.711038e-03 
2.431910e-01 	3.704298e-03 
2.434760e-01 	3.697694e-03 
2.437620e-01 	3.691224e-03 
2.440470e-01 	3.684887e-03 
2.443330e-01 	3.678683e-03 
2.446190e-01 	3.672612e-03 
2.449040e-01 	3.666672e-03 
2.451900e-01 	3.660865e-03 
2.454750e-01 	3.655189e-03 
2.457610e-01 	3.649644e-03 
2.460470e-01 	3.644230e-03 
2.463320e-01 	3.638947e-03 
2.466180e-01 	3.633794e-03 
2.469030e-01 	3.628771e-03 
2.471890e-01 	3.623878e-03 
2.474750e-01 	3.619115e-03 
2.477600e-01 	3.614481e-03 
2.480460e-01 	3.609976e-03 
2.483310e-01 	3.605601e-03 
2.486170e-01 	3.601353e-03 
2.489030e-01 	3.597235e-03 
2.491880e-01 	3.593244e-03 
2.494740e-01 	3.589382e-03 
2.497590e-01 	3.585647e-03 
2.500450e-01 	3.582040e-03 
2.503310e-01 	3.578560e-03 
2.506160e-01 	3.575207e-03 
2.509020e-01 	3.571981e-03 
2.511870e-01 	3.568881e-03 
2.514730e-01 	3.565908e-03 
2.517590e-01 	3.563061e-03 
2.520440e-01 	3.560340e-03 
2.523300e-01 	3.557744e-03 
2.526150e-01 	3.555274e-03 
2.529010e-01 	3.552929e-03 
2.531870e-01 	3.550708e-03 
2.534720e-01 	3.548611e-03 
2.537580e-01 	3.546637e-03 
2.540430e-01 	3.544786e-03 
2.543290e-01 	3.543057e-03 
2.546150e-01 	3.541451e-03 
2.549000e-01 	3.539965e-03 
2.551860e-01 	3.538601e-03 
2.554710e-01 	3.537357e-03 
2.557570e-01 	3.536234e-03 
2.560430e-01 	3.535229e-03 
2.563280e-01 	3.534344e-03 
2.566140e-01 	3.533577e-03 
2.568990e-01 	3.532928e-03 
2.571850e-01 	3.532397e-03 
2.574710e-01 	3.531982e-03 
2.577560e-01 	3.531685e-03 
2.580420e-01 	3.531503e-03 
2.583280e-01 	3.531437e-03 
2.586130e-01 	3.531486e-03 
2.588990e-01 	3.531650e-03 
2.591840e-01 	3.531927e-03 
2.594700e-01 	3.532318e-03 
2.597560e-01 	3.532822e-03 
2.600410e-01 	3.533438e-03 
2.603270e-01 	3.534166e-03 
2.606120e-01 	3.535004e-03 
2.608980e-01 	3.535953e-03 
2.611840e-01 	3.537011e-03 
2.614690e-01 	3.538178e-03 
2.617550e-01 	3.539453e-03 
2.620400e-01 	3.540835e-03 
2.623260e-01 	3.542325e-03 
2.626120e-01 	3.543920e-03 
2.628970e-01 	3.545621e-03 
2.631830e-01 	3.547427e-03 
2.634680e-01 	3.549338e-03 
2.637540e-01 	3.551351e-03 
2.640400e-01 	3.553468e-03 
2.643250e-01 	3.555687e-03 
2.646110e-01 	3.558007e-03 
2.648960e-01 	3.560429e-03 
2.651820e-01 	3.562951e-03 
2.654680e-01 	3.565572e-03 
2.657530e-01 	3.568292e-03 
2.660390e-01 	3.571111e-03 
2.663240e-01 	3.574027e-03 
2.666100e-01 	3.577040e-03 
2.668960e-01 	3.580150e-03 
2.671810e-01 	3.583355e-03 
2.674670e-01 	3.586656e-03 
2.677520e-01 	3.590051e-03 
2.680380e-01 	3.593540e-03 
2.683240e-01 	3.597123e-03 
2.686090e-01 	3.600799e-03 
2.688950e-01 	3.604567e-03 
2.691800e-01 	3.608426e-03 
2.694660e-01 	3.612377e-03 
2.697520e-01 	3.616418e-03 
2.700370e-01 	3.620549e-03 
2.703230e-01 	3.624770e-03 
2.706080e-01 	3.629079e-03 
2.708940e-01 	3.633476e-03 
2.711800e-01 	3.637960e-03 
2.714650e-01 	3.642532e-03 
2.717510e-01 	3.647189e-03 
2.720360e-01 	3.651933e-03 
2.723220e-01 	3.656761e-03 
2.726080e-01 	3.661674e-03 
2.728930e-01 	3.666671e-03 
2.731790e-01 	3.671751e-03 
2.734640e-01 	3.676914e-03 
2.737500e-01 	3.682158e-03 
2.740360e-01 	3.687484e-03 
2.743210e-01 	3.692891e-03 
2.746070e-01 	3.698377e-03 
2.748920e-01 	3.703941e-03 
2.751780e-01 	3.709582e-03 
2.754640e-01 	3.715298e-03 
2.757490e-01 	3.721090e-03 
2.760350e-01 	3.726955e-03 
2.763200e-01 	3.732892e-03 
2.766060e-01 	3.738901e-03 
2.768920e-01 	3.744979e-03 
2.771770e-01 	3.751127e-03 
2.774630e-01 	3.757342e-03 
2.777480e-01 	3.763624e-03 
2.780340e-01 	3.769971e-03 
2.783200e-01 	3.776382e-03 
2.786050e-01 	3.782857e-03 
2.788910e-01 	3.789393e-03 
2.791760e-01 	3.795990e-03 
2.794620e-01 	3.802647e-03 
2.797480e-01 	3.809362e-03 
2.800330e-01 	3.816135e-03 
2.803190e-01 	3.822964e-03 
2.806050e-01 	3.829848e-03 
2.808900e-01 	3.836787e-03 
2.811760e-01 	3.843779e-03 
2.814610e-01 	3.850824e-03 
2.817470e-01 	3.857921e-03 
2.820330e-01 	3.865068e-03 
2.823180e-01 	3.872266e-03 
2.826040e-01 	3.879513e-03 
2.828890e-01 	3.886808e-03 
2.831750e-01 	3.894151e-03 
2.834610e-01 	3.901540e-03 
2.837460e-01 	3.908975e-03 
2.840320e-01 	3.916454e-03 
2.843170e-01 	3.923977e-03 
2.846030e-01 	3.931544e-03 
2.848890e-01 	3.939152e-03 
2.851740e-01 	3.946801e-03 
2.854600e-01 	3.954491e-03 
2.857450e-01 	3.962220e-03 
2.860310e-01 	3.969988e-03 
2.863170e-01 	3.977793e-03 
2.866020e-01 	3.985635e-03 
2.868880e-01 	3.993513e-03 
2.871730e-01 	4.001426e-03 
2.874590e-01 	4.009373e-03 
2.877450e-01 	4.017353e-03 
2.880300e-01 	4.025366e-03 
2.883160e-01 	4.033410e-03 
2.886010e-01 	4.041484e-03 
2.888870e-01 	4.049588e-03 
2.891730e-01 	4.057721e-03 
2.894580e-01 	4.065882e-03 
2.897440e-01 	4.074069e-03 
2.900290e-01 	4.082281e-03 
2.903150e-01 	4.090517e-03 
2.906010e-01 	4.098776e-03 
2.908860e-01 	4.107057e-03 
2.911720e-01 	4.115358e-03 
2.914570e-01 	4.123679e-03 
2.917430e-01 	4.132018e-03 
2.920290e-01 	4.140373e-03 
2.923140e-01 	4.148744e-03 
2.926000e-01 	4.157130e-03 
2.928850e-01 	4.165529e-03 
2.931710e-01 	4.173940e-03 
2.934570e-01 	4.182362e-03 
2.937420e-01 	4.190794e-03 
2.940280e-01 	4.199234e-03 
2.943130e-01 	4.207681e-03 
2.945990e-01 	4.216135e-03 
2.948850e-01 	4.224595e-03 
2.951700e-01 	4.233059e-03 
2.954560e-01 	4.241526e-03 
2.957410e-01 	4.249996e-03 
2.960270e-01 	4.258467e-03 
2.963130e-01 	4.266939e-03 
2.965980e-01 	4.275410e-03 
2.968840e-01 	4.283879e-03 
2.971690e-01 	4.292346e-03 
2.974550e-01 	4.300808e-03 
2.977410e-01 	4.309266e-03 
2.980260e-01 	4.317719e-03 
2.983120e-01 	4.326164e-03 
2.985970e-01 	4.334602e-03 
2.988830e-01 	4.343031e-03 
2.991690e-01 	4.351451e-03 
2.994540e-01 	4.359860e-03 
2.997400e-01 	4.368256e-03 
3.000250e-01 	4.376641e-03 
3.003110e-01 	4.385011e-03 
3.005970e-01 	4.393367e-03 
3.008820e-01 	4.401707e-03 
3.011680e-01 	4.410030e-03 
3.014530e-01 	4.418336e-03 
3.017390e-01 	4.426623e-03 
3.020250e-01 	4.434890e-03 
3.023100e-01 	4.443136e-03 
3.025960e-01 	4.451361e-03 
3.028820e-01 	4.459563e-03 
3.031670e-01 	4.467741e-03 
3.034530e-01 	4.475895e-03 
3.037380e-01 	4.484023e-03 
3.040240e-01 	4.492124e-03 
3.043100e-01 	4.500197e-03 
3.045950e-01 	4.508242e-03 
3.048810e-01 	4.516258e-03 
3.051660e-01 	4.524244e-03 
3.054520e-01 	4.532199e-03 
3.057380e-01 	4.540122e-03 
3.060230e-01 	4.548014e-03 
3.063090e-01 	4.555873e-03 
3.065940e-01 	4.563698e-03 
3.068800e-01 	4.571488e-03 
3.071660e-01 	4.579244e-03 
3.074510e-01 	4.586963e-03 
3.077370e-01 	4.594646e-03 
3.080220e-01 	4.602292e-03 
3.083080e-01 	4.609900e-03 
3.085940e-01 	4.617469e-03 
3.088790e-01 	4.624999e-03 
3.091650e-01 	4.632489e-03 
3.094500e-01 	4.639939e-03 
3.097360e-01 	4.647348e-03 
3.100220e-01 	4.654716e-03 
3.103070e-01 	4.662041e-03 
3.105930e-01 	4.669323e-03 
3.108780e-01 	4.676562e-03 
3.111640e-01 	4.683757e-03 
3.114500e-01 	4.690907e-03 
3.117350e-01 	4.698012e-03 
3.120210e-01 	4.705071e-03 
3.123060e-01 	4.712084e-03 
3.125920e-01 	4.719050e-03 
3.128780e-01 	4.725968e-03 
3.131630e-01 	4.732838e-03 
3.134490e-01 	4.739660e-03 
3.137340e-01 	4.746432e-03 
3.140200e-01 	4.753154e-03 
3.143060e-01 	4.759826e-03 
3.145910e-01 	4.766447e-03 
3.148770e-01 	4.773016e-03 
3.151620e-01 	4.779533e-03 
3.154480e-01 	4.785997e-03 
3.157340e-01 	4.792408e-03 
3.160190e-01 	4.798765e-03 
3.163050e-01 	4.805067e-03 
3.165900e-01 	4.811314e-03 
3.168760e-01 	4.817506e-03 
3.171620e-01 	4.823641e-03 
3.174470e-01 	4.829720e-03 
3.177330e-01 	4.835741e-03 
3.180180e-01 	4.841703e-03 
3.183040e-01 	4.847608e-03 
3.185900e-01 	4.853453e-03 
3.188750e-01 	4.859238e-03 
3.191610e-01 	4.864963e-03 
3.194460e-01 	4.870628e-03 
3.197320e-01 	4.876230e-03 
3.200180e-01 	4.881770e-03 
3.203030e-01 	4.887248e-03 
3.205890e-01 	4.892662e-03 
3.208740e-01 	4.898011e-03 
3.211600e-01 	4.903296e-03 
3.214460e-01 	4.908516e-03 
3.217310e-01 	4.913670e-03 
3.220170e-01 	4.918756e-03 
3.223020e-01 	4.923774e-03 
3.225880e-01 	4.928724e-03 
3.228740e-01 	4.933603e-03 
3.231590e-01 	4.938411e-03 
3.234450e-01 	4.943147e-03 
3.237300e-01 	4.947811e-03 
3.240160e-01 	4.952400e-03 
3.243020e-01 	4.956914e-03 
3.245870e-01 	4.961352e-03 
3.248730e-01 	4.965712e-03 
3.251590e-01 	4.969995e-03 
3.254440e-01 	4.974198e-03 
3.257300e-01 	4.978321e-03 
3.260150e-01 	4.982363e-03 
3.263010e-01 	4.986322e-03 
3.265870e-01 	4.990198e-03 
3.268720e-01 	4.993989e-03 
3.271580e-01 	4.997696e-03 
3.274430e-01 	5.001315e-03 
3.277290e-01 	5.004847e-03 
3.280150e-01 	5.008291e-03 
3.283000e-01 	5.011645e-03 
3.285860e-01 	5.014908e-03 
3.288710e-01 	5.018079e-03 
3.291570e-01 	5.021158e-03 
3.294430e-01 	5.024143e-03 
3.297280e-01 	5.027034e-03 
3.300140e-01 	5.029828e-03 
3.302990e-01 	5.032526e-03 
3.305850e-01 	5.035125e-03 
3.308710e-01 	5.037626e-03 
3.311560e-01 	5.040026e-03 
3.314420e-01 	5.042326e-03 
3.317270e-01 	5.044523e-03 
3.320130e-01 	5.046618e-03 
3.322990e-01 	5.048608e-03 
3.325840e-01 	5.050493e-03 
3.328700e-01 	5.052272e-03 
3.331550e-01 	5.053943e-03 
3.334410e-01 	5.055507e-03 
3.337270e-01 	5.056960e-03 
3.340120e-01 	5.058304e-03 
3.342980e-01 	5.059536e-03 
3.345830e-01 	5.060657e-03 
3.348690e-01 	5.061667e-03 
3.351550e-01 	5.062568e-03 
3.354400e-01 	5.063360e-03 
3.357260e-01 	5.064044e-03 
3.360110e-01 	5.064623e-03 
3.362970e-01 	5.065099e-03 
3.365830e-01 	5.065474e-03 
3.368680e-01 	5.065749e-03 
3.371540e-01 	5.065928e-03 
3.374390e-01 	5.066012e-03 
3.377250e-01 	5.066003e-03 
3.380110e-01 	5.065904e-03 
3.382960e-01 	5.065717e-03 
3.385820e-01 	5.065445e-03 
3.388670e-01 	5.065089e-03 
3.391530e-01 	5.064652e-03 
3.394390e-01 	5.064136e-03 
3.397240e-01 	5.063543e-03 
3.400100e-01 	5.062875e-03 
3.402950e-01 	5.062136e-03 
3.405810e-01 	5.061326e-03 
3.408670e-01 	5.060449e-03 
3.411520e-01 	5.059506e-03 
3.414380e-01 	5.058500e-03 
3.417230e-01 	5.057433e-03 
3.420090e-01 	5.056307e-03 
3.422950e-01 	5.055125e-03 
3.425800e-01 	5.053888e-03 
3.428660e-01 	5.052600e-03 
3.431510e-01 	5.051261e-03 
3.434370e-01 	5.049876e-03 
3.437230e-01 	5.048445e-03 
3.440080e-01 	5.046971e-03 
3.442940e-01 	5.045456e-03 
3.445790e-01 	5.043903e-03 
3.448650e-01 	5.042314e-03 
3.451510e-01 	5.040690e-03 
3.454360e-01 	5.039035e-03 
3.457220e-01 	5.037351e-03 
3.460070e-01 	5.035639e-03 
3.462930e-01 	5.033902e-03 
3.465790e-01 	5.032143e-03 
3.468640e-01 	5.030363e-03 
3.471500e-01 	5.028565e-03 
3.474360e-01 	5.026751e-03 
3.477210e-01 	5.024923e-03 
3.480070e-01 	5.023084e-03 
3.482920e-01 	5.021235e-03 
3.485780e-01 	5.019380e-03 
3.488640e-01 	5.017520e-03 
3.491490e-01 	5.015658e-03 
