#q 	 Ifit_avg 
2.999000e-03 	1.000000e+00 
3.284000e-03 	9.989565e-01 
3.570000e-03 	9.979121e-01 
3.856000e-03 	9.968660e-01 
4.141000e-03 	9.958173e-01 
4.427000e-03 	9.947650e-01 
4.712000e-03 	9.937083e-01 
4.998000e-03 	9.926463e-01 
5.284000e-03 	9.915780e-01 
5.569000e-03 	9.905027e-01 
5.855000e-03 	9.894193e-01 
6.140000e-03 	9.883271e-01 
6.426000e-03 	9.872250e-01 
6.712000e-03 	9.861123e-01 
6.997000e-03 	9.849880e-01 
7.283000e-03 	9.838512e-01 
7.568000e-03 	9.827011e-01 
7.854000e-03 	9.815366e-01 
8.140000e-03 	9.803571e-01 
8.425000e-03 	9.791614e-01 
8.711000e-03 	9.779489e-01 
8.996000e-03 	9.767184e-01 
9.282000e-03 	9.754693e-01 
9.568000e-03 	9.742005e-01 
9.853000e-03 	9.729112e-01 
1.013900e-02 	9.716005e-01 
1.042400e-02 	9.702675e-01 
1.071000e-02 	9.689112e-01 
1.099600e-02 	9.675309e-01 
1.128100e-02 	9.661256e-01 
1.156700e-02 	9.646944e-01 
1.185300e-02 	9.632364e-01 
1.213800e-02 	9.617507e-01 
1.242400e-02 	9.602364e-01 
1.270900e-02 	9.586927e-01 
1.299500e-02 	9.571186e-01 
1.328100e-02 	9.555133e-01 
1.356600e-02 	9.538758e-01 
1.385200e-02 	9.522052e-01 
1.413700e-02 	9.505008e-01 
1.442300e-02 	9.487615e-01 
1.470900e-02 	9.469864e-01 
1.499400e-02 	9.451748e-01 
1.528000e-02 	9.433257e-01 
1.556500e-02 	9.414382e-01 
1.585100e-02 	9.395114e-01 
1.613700e-02 	9.375446e-01 
1.642200e-02 	9.355371e-01 
1.670800e-02 	9.334881e-01 
1.699300e-02 	9.313971e-01 
1.727900e-02 	9.292636e-01 
1.756500e-02 	9.270878e-01 
1.785000e-02 	9.248697e-01 
1.813600e-02 	9.226094e-01 
1.842100e-02 	9.203071e-01 
1.870700e-02 	9.179635e-01 
1.899300e-02 	9.155792e-01 
1.927800e-02 	9.131550e-01 
1.956400e-02 	9.106914e-01 
1.984900e-02 	9.081891e-01 
2.013500e-02 	9.056488e-01 
2.042100e-02 	9.030711e-01 
2.070600e-02 	9.004567e-01 
2.099200e-02 	8.978062e-01 
2.127700e-02 	8.951204e-01 
2.156300e-02 	8.923998e-01 
2.184900e-02 	8.896452e-01 
2.213400e-02 	8.868571e-01 
2.242000e-02 	8.840363e-01 
2.270500e-02 	8.811833e-01 
2.299100e-02 	8.782990e-01 
2.327700e-02 	8.753838e-01 
2.356200e-02 	8.724386e-01 
2.384800e-02 	8.694639e-01 
2.413300e-02 	8.664603e-01 
2.441900e-02 	8.634287e-01 
2.470500e-02 	8.603695e-01 
2.499000e-02 	8.572835e-01 
2.527600e-02 	8.541713e-01 
2.556100e-02 	8.510337e-01 
2.584700e-02 	8.478712e-01 
2.613300e-02 	8.446844e-01 
2.641800e-02 	8.414742e-01 
2.670400e-02 	8.382410e-01 
2.698900e-02 	8.349857e-01 
2.727500e-02 	8.317088e-01 
2.756100e-02 	8.284109e-01 
2.784600e-02 	8.250928e-01 
2.813200e-02 	8.217551e-01 
2.841700e-02 	8.183984e-01 
2.870300e-02 	8.150234e-01 
2.898900e-02 	8.116307e-01 
2.927400e-02 	8.082210e-01 
2.956000e-02 	8.047947e-01 
2.984500e-02 	8.013526e-01 
3.013100e-02 	7.978953e-01 
3.041700e-02 	7.944232e-01 
3.070200e-02 	7.909372e-01 
3.098800e-02 	7.874376e-01 
3.127300e-02 	7.839250e-01 
3.155900e-02 	7.803998e-01 
3.184500e-02 	7.768624e-01 
3.213000e-02 	7.733133e-01 
3.241600e-02 	7.697529e-01 
3.270100e-02 	7.661815e-01 
3.298700e-02 	7.625997e-01 
3.327300e-02 	7.590079e-01 
3.355800e-02 	7.554064e-01 
3.384400e-02 	7.517955e-01 
3.413000e-02 	7.481756e-01 
3.441500e-02 	7.445468e-01 
3.470100e-02 	7.409096e-01 
3.498600e-02 	7.372642e-01 
3.527200e-02 	7.336110e-01 
3.555800e-02 	7.299501e-01 
3.584300e-02 	7.262820e-01 
3.612900e-02 	7.226069e-01 
3.641400e-02 	7.189251e-01 
3.670000e-02 	7.152369e-01 
3.698600e-02 	7.115427e-01 
3.727100e-02 	7.078427e-01 
3.755700e-02 	7.041372e-01 
3.784200e-02 	7.004265e-01 
3.812800e-02 	6.967109e-01 
3.841400e-02 	6.929908e-01 
3.869900e-02 	6.892663e-01 
3.898500e-02 	6.855379e-01 
3.927000e-02 	6.818059e-01 
3.955600e-02 	6.780704e-01 
3.984200e-02 	6.743318e-01 
4.012700e-02 	6.705905e-01 
4.041300e-02 	6.668466e-01 
4.069800e-02 	6.631006e-01 
4.098400e-02 	6.593526e-01 
4.127000e-02 	6.556031e-01 
4.155500e-02 	6.518522e-01 
4.184100e-02 	6.481003e-01 
4.212600e-02 	6.443477e-01 
4.241200e-02 	6.405947e-01 
4.269800e-02 	6.368415e-01 
4.298300e-02 	6.330884e-01 
4.326900e-02 	6.293357e-01 
4.355400e-02 	6.255838e-01 
4.384000e-02 	6.218328e-01 
4.412600e-02 	6.180830e-01 
4.441100e-02 	6.143349e-01 
4.469700e-02 	6.105885e-01 
4.498200e-02 	6.068443e-01 
4.526800e-02 	6.031024e-01 
4.555400e-02 	5.993632e-01 
4.583900e-02 	5.956268e-01 
4.612500e-02 	5.918937e-01 
4.641000e-02 	5.881639e-01 
4.669600e-02 	5.844379e-01 
4.698200e-02 	5.807158e-01 
4.726700e-02 	5.769979e-01 
4.755300e-02 	5.732845e-01 
4.783800e-02 	5.695759e-01 
4.812400e-02 	5.658723e-01 
4.841000e-02 	5.621739e-01 
4.869500e-02 	5.584811e-01 
4.898100e-02 	5.547941e-01 
4.926600e-02 	5.511132e-01 
4.955200e-02 	5.474386e-01 
4.983800e-02 	5.437706e-01 
5.012300e-02 	5.401095e-01 
5.040900e-02 	5.364555e-01 
5.069400e-02 	5.328089e-01 
5.098000e-02 	5.291699e-01 
5.126600e-02 	5.255389e-01 
5.155100e-02 	5.219160e-01 
5.183700e-02 	5.183016e-01 
5.212200e-02 	5.146959e-01 
5.240800e-02 	5.110991e-01 
5.269400e-02 	5.075115e-01 
5.297900e-02 	5.039335e-01 
5.326500e-02 	5.003651e-01 
5.355000e-02 	4.968068e-01 
5.383600e-02 	4.932587e-01 
5.412200e-02 	4.897211e-01 
5.440700e-02 	4.861943e-01 
5.469300e-02 	4.826786e-01 
5.497800e-02 	4.791741e-01 
5.526400e-02 	4.756810e-01 
5.555000e-02 	4.721997e-01 
5.583500e-02 	4.687304e-01 
5.612100e-02 	4.652732e-01 
5.640700e-02 	4.618284e-01 
5.669200e-02 	4.583963e-01 
5.697800e-02 	4.549770e-01 
5.726300e-02 	4.515709e-01 
5.754900e-02 	4.481780e-01 
5.783500e-02 	4.447988e-01 
5.812000e-02 	4.414333e-01 
5.840600e-02 	4.380819e-01 
5.869100e-02 	4.347447e-01 
5.897700e-02 	4.314219e-01 
5.926300e-02 	4.281136e-01 
5.954800e-02 	4.248199e-01 
5.983400e-02 	4.215410e-01 
6.011900e-02 	4.182770e-01 
6.040500e-02 	4.150280e-01 
6.069100e-02 	4.117942e-01 
6.097600e-02 	4.085756e-01 
6.126200e-02 	4.053725e-01 
6.154700e-02 	4.021848e-01 
6.183300e-02 	3.990129e-01 
6.211900e-02 	3.958567e-01 
6.240400e-02 	3.927164e-01 
6.269000e-02 	3.895922e-01 
6.297500e-02 	3.864842e-01 
6.326100e-02 	3.833924e-01 
6.354700e-02 	3.803171e-01 
6.383200e-02 	3.772582e-01 
6.411800e-02 	3.742159e-01 
6.440300e-02 	3.711901e-01 
6.468900e-02 	3.681810e-01 
6.497500e-02 	3.651885e-01 
6.526000e-02 	3.622127e-01 
6.554600e-02 	3.592538e-01 
6.583100e-02 	3.563117e-01 
6.611700e-02 	3.533864e-01 
6.640300e-02 	3.504782e-01 
6.668800e-02 	3.475869e-01 
6.697400e-02 	3.447126e-01 
6.725900e-02 	3.418555e-01 
6.754500e-02 	3.390156e-01 
6.783100e-02 	3.361928e-01 
6.811600e-02 	3.333872e-01 
6.840200e-02 	3.305990e-01 
6.868700e-02 	3.278280e-01 
6.897300e-02 	3.250744e-01 
6.925900e-02 	3.223382e-01 
6.954400e-02 	3.196195e-01 
6.983000e-02 	3.169182e-01 
7.011500e-02 	3.142344e-01 
7.040100e-02 	3.115683e-01 
7.068700e-02 	3.089197e-01 
7.097200e-02 	3.062887e-01 
7.125800e-02 	3.036755e-01 
7.154300e-02 	3.010799e-01 
7.182900e-02 	2.985022e-01 
7.211500e-02 	2.959422e-01 
7.240000e-02 	2.934001e-01 
7.268600e-02 	2.908759e-01 
7.297100e-02 	2.883695e-01 
7.325700e-02 	2.858809e-01 
7.354300e-02 	2.834101e-01 
7.382800e-02 	2.809571e-01 
7.411400e-02 	2.785218e-01 
7.439900e-02 	2.761043e-01 
7.468500e-02 	2.737044e-01 
7.497100e-02 	2.713223e-01 
7.525600e-02 	2.689579e-01 
7.554200e-02 	2.666111e-01 
7.582700e-02 	2.642819e-01 
7.611300e-02 	2.619704e-01 
7.639900e-02 	2.596765e-01 
7.668400e-02 	2.574002e-01 
7.697000e-02 	2.551414e-01 
7.725500e-02 	2.529001e-01 
7.754100e-02 	2.506764e-01 
7.782700e-02 	2.484702e-01 
7.811200e-02 	2.462815e-01 
7.839800e-02 	2.441103e-01 
7.868400e-02 	2.419564e-01 
7.896900e-02 	2.398199e-01 
7.925500e-02 	2.377007e-01 
7.954000e-02 	2.355987e-01 
7.982600e-02 	2.335138e-01 
8.011200e-02 	2.314460e-01 
8.039700e-02 	2.293952e-01 
8.068300e-02 	2.273612e-01 
8.096800e-02 	2.253441e-01 
8.125400e-02 	2.233437e-01 
8.154000e-02 	2.213601e-01 
8.182500e-02 	2.193930e-01 
8.211100e-02 	2.174426e-01 
8.239600e-02 	2.155085e-01 
8.268200e-02 	2.135909e-01 
8.296800e-02 	2.116896e-01 
8.325300e-02 	2.098046e-01 
8.353900e-02 	2.079358e-01 
8.382400e-02 	2.060831e-01 
8.411000e-02 	2.042464e-01 
8.439600e-02 	2.024257e-01 
8.468100e-02 	2.006209e-01 
8.496700e-02 	1.988319e-01 
8.525200e-02 	1.970587e-01 
8.553800e-02 	1.953012e-01 
8.582400e-02 	1.935593e-01 
8.610900e-02 	1.918329e-01 
8.639500e-02 	1.901220e-01 
8.668000e-02 	1.884265e-01 
8.696600e-02 	1.867462e-01 
8.725200e-02 	1.850812e-01 
8.753700e-02 	1.834313e-01 
8.782300e-02 	1.817963e-01 
8.810800e-02 	1.801763e-01 
8.839400e-02 	1.785712e-01 
8.868000e-02 	1.769808e-01 
8.896500e-02 	1.754050e-01 
8.925100e-02 	1.738438e-01 
8.953600e-02 	1.722971e-01 
8.982200e-02 	1.707648e-01 
9.010800e-02 	1.692468e-01 
9.039300e-02 	1.677430e-01 
9.067900e-02 	1.662533e-01 
9.096400e-02 	1.647776e-01 
9.125000e-02 	1.633159e-01 
9.153600e-02 	1.618681e-01 
9.182100e-02 	1.604340e-01 
9.210700e-02 	1.590135e-01 
9.239200e-02 	1.576067e-01 
9.267800e-02 	1.562133e-01 
9.296400e-02 	1.548334e-01 
9.324900e-02 	1.534667e-01 
9.353500e-02 	1.521133e-01 
9.382000e-02 	1.507731e-01 
9.410600e-02 	1.494458e-01 
9.439200e-02 	1.481315e-01 
9.467700e-02 	1.468300e-01 
9.496300e-02 	1.455411e-01 
9.524800e-02 	1.442649e-01 
9.553400e-02 	1.430010e-01 
9.582000e-02 	1.417496e-01 
9.610500e-02 	1.405104e-01 
9.639100e-02 	1.392833e-01 
9.667600e-02 	1.380682e-01 
9.696200e-02 	1.368651e-01 
9.724800e-02 	1.356737e-01 
9.753300e-02 	1.344940e-01 
9.781900e-02 	1.333259e-01 
9.810400e-02 	1.321693e-01 
9.839000e-02 	1.310240e-01 
9.867600e-02 	1.298899e-01 
9.896100e-02 	1.287669e-01 
9.924700e-02 	1.276550e-01 
9.953200e-02 	1.265540e-01 
9.981800e-02 	1.254637e-01 
1.001040e-01 	1.243842e-01 
1.003890e-01 	1.233152e-01 
1.006750e-01 	1.222567e-01 
1.009610e-01 	1.212086e-01 
1.012460e-01 	1.201708e-01 
1.015320e-01 	1.191432e-01 
1.018170e-01 	1.181257e-01 
1.021030e-01 	1.171183e-01 
1.023890e-01 	1.161207e-01 
1.026740e-01 	1.151330e-01 
1.029600e-01 	1.141550e-01 
1.032450e-01 	1.131866e-01 
1.035310e-01 	1.122278e-01 
1.038170e-01 	1.112785e-01 
1.041020e-01 	1.103385e-01 
1.043880e-01 	1.094077e-01 
1.046730e-01 	1.084861e-01 
1.049590e-01 	1.075736e-01 
1.052450e-01 	1.066701e-01 
1.055300e-01 	1.057754e-01 
1.058160e-01 	1.048896e-01 
1.061010e-01 	1.040124e-01 
1.063870e-01 	1.031438e-01 
1.066730e-01 	1.022838e-01 
1.069580e-01 	1.014322e-01 
1.072440e-01 	1.005890e-01 
1.075290e-01 	9.975399e-02 
1.078150e-01 	9.892719e-02 
1.081010e-01 	9.810848e-02 
1.083860e-01 	9.729778e-02 
1.086720e-01 	9.649500e-02 
1.089570e-01 	9.570004e-02 
1.092430e-01 	9.491283e-02 
1.095290e-01 	9.413327e-02 
1.098140e-01 	9.336127e-02 
1.101000e-01 	9.259675e-02 
1.103850e-01 	9.183962e-02 
1.106710e-01 	9.108979e-02 
1.109570e-01 	9.034716e-02 
1.112420e-01 	8.961166e-02 
1.115280e-01 	8.888319e-02 
1.118130e-01 	8.816166e-02 
1.120990e-01 	8.744700e-02 
1.123850e-01 	8.673910e-02 
1.126700e-01 	8.603788e-02 
1.129560e-01 	8.534326e-02 
1.132410e-01 	8.465514e-02 
1.135270e-01 	8.397343e-02 
1.138130e-01 	8.329805e-02 
1.140980e-01 	8.262891e-02 
1.143840e-01 	8.196595e-02 
1.146690e-01 	8.130911e-02 
1.149550e-01 	8.065832e-02 
1.152410e-01 	8.001352e-02 
1.155260e-01 	7.937465e-02 
1.158120e-01 	7.874165e-02 
1.160970e-01 	7.811444e-02 
1.163830e-01 	7.749297e-02 
1.166690e-01 	7.687718e-02 
1.169540e-01 	7.626700e-02 
1.172400e-01 	7.566237e-02 
1.175250e-01 	7.506322e-02 
1.178110e-01 	7.446950e-02 
1.180970e-01 	7.388113e-02 
1.183820e-01 	7.329807e-02 
1.186680e-01 	7.272023e-02 
1.189530e-01 	7.214757e-02 
1.192390e-01 	7.158002e-02 
1.195250e-01 	7.101752e-02 
1.198100e-01 	7.046001e-02 
1.200960e-01 	6.990743e-02 
1.203810e-01 	6.935971e-02 
1.206670e-01 	6.881680e-02 
1.209530e-01 	6.827863e-02 
1.212380e-01 	6.774515e-02 
1.215240e-01 	6.721628e-02 
1.218090e-01 	6.669198e-02 
1.220950e-01 	6.617218e-02 
1.223810e-01 	6.565682e-02 
1.226660e-01 	6.514583e-02 
1.229520e-01 	6.463916e-02 
1.232380e-01 	6.413674e-02 
1.235230e-01 	6.363852e-02 
1.238090e-01 	6.314443e-02 
1.240940e-01 	6.265444e-02 
1.243800e-01 	6.216849e-02 
1.246660e-01 	6.168653e-02 
1.249510e-01 	6.120854e-02 
1.252370e-01 	6.073445e-02 
1.255220e-01 	6.026422e-02 
1.258080e-01 	5.979780e-02 
1.260940e-01 	5.933515e-02 
1.263790e-01 	5.887623e-02 
1.266650e-01 	5.842098e-02 
1.269500e-01 	5.796937e-02 
1.272360e-01 	5.752133e-02 
1.275220e-01 	5.707684e-02 
1.278070e-01 	5.663584e-02 
1.280930e-01 	5.619830e-02 
1.283780e-01 	5.576418e-02 
1.286640e-01 	5.533347e-02 
1.289500e-01 	5.490611e-02 
1.292350e-01 	5.448210e-02 
1.295210e-01 	5.406140e-02 
1.298060e-01 	5.364397e-02 
1.300920e-01 	5.322979e-02 
1.303780e-01 	5.281883e-02 
1.306630e-01 	5.241106e-02 
1.309490e-01 	5.200645e-02 
1.312340e-01 	5.160497e-02 
1.315200e-01 	5.120658e-02 
1.318060e-01 	5.081126e-02 
1.320910e-01 	5.041898e-02 
1.323770e-01 	5.002970e-02 
1.326620e-01 	4.964339e-02 
1.329480e-01 	4.926002e-02 
1.332340e-01 	4.887956e-02 
1.335190e-01 	4.850197e-02 
1.338050e-01 	4.812723e-02 
1.340900e-01 	4.775529e-02 
1.343760e-01 	4.738614e-02 
1.346620e-01 	4.701973e-02 
1.349470e-01 	4.665604e-02 
1.352330e-01 	4.629504e-02 
1.355180e-01 	4.593668e-02 
1.358040e-01 	4.558094e-02 
1.360900e-01 	4.522778e-02 
1.363750e-01 	4.487718e-02 
1.366610e-01 	4.452910e-02 
1.369460e-01 	4.418351e-02 
1.372320e-01 	4.384037e-02 
1.375180e-01 	4.349966e-02 
1.378030e-01 	4.316134e-02 
1.380890e-01 	4.282538e-02 
1.383740e-01 	4.249174e-02 
1.386600e-01 	4.216040e-02 
1.389460e-01 	4.183134e-02 
1.392310e-01 	4.150453e-02 
1.395170e-01 	4.117997e-02 
1.398020e-01 	4.085765e-02 
1.400880e-01 	4.053754e-02 
1.403740e-01 	4.021964e-02 
1.406590e-01 	3.990392e-02 
1.409450e-01 	3.959039e-02 
1.412300e-01 	3.927901e-02 
1.415160e-01 	3.896978e-02 
1.418020e-01 	3.866269e-02 
1.420870e-01 	3.835771e-02 
1.423730e-01 	3.805485e-02 
1.426580e-01 	3.775409e-02 
1.429440e-01 	3.745542e-02 
1.432300e-01 	3.715883e-02 
1.435150e-01 	3.686430e-02 
1.438010e-01 	3.657183e-02 
1.440860e-01 	3.628140e-02 
1.443720e-01 	3.599301e-02 
1.446580e-01 	3.570664e-02 
1.449430e-01 	3.542227e-02 
1.452290e-01 	3.513989e-02 
1.455150e-01 	3.485949e-02 
1.458000e-01 	3.458106e-02 
1.460860e-01 	3.430458e-02 
1.463710e-01 	3.403004e-02 
1.466570e-01 	3.375742e-02 
1.469430e-01 	3.348672e-02 
1.472280e-01 	3.321791e-02 
1.475140e-01 	3.295098e-02 
1.477990e-01 	3.268593e-02 
1.480850e-01 	3.242273e-02 
1.483710e-01 	3.216137e-02 
1.486560e-01 	3.190185e-02 
1.489420e-01 	3.164414e-02 
1.492270e-01 	3.138823e-02 
1.495130e-01 	3.113411e-02 
1.497990e-01 	3.088177e-02 
1.500840e-01 	3.063119e-02 
1.503700e-01 	3.038236e-02 
1.506550e-01 	3.013526e-02 
1.509410e-01 	2.988988e-02 
1.512270e-01 	2.964621e-02 
1.515120e-01 	2.940423e-02 
1.517980e-01 	2.916394e-02 
1.520830e-01 	2.892531e-02 
1.523690e-01 	2.868833e-02 
1.526550e-01 	2.845299e-02 
1.529400e-01 	2.821928e-02 
1.532260e-01 	2.798718e-02 
1.535110e-01 	2.775668e-02 
1.537970e-01 	2.752777e-02 
1.540830e-01 	2.730044e-02 
1.543680e-01 	2.707469e-02 
1.546540e-01 	2.685052e-02 
1.549390e-01 	2.662793e-02 
1.552250e-01 	2.640691e-02 
1.555110e-01 	2.618746e-02 
1.557960e-01 	2.596957e-02 
1.560820e-01 	2.575325e-02 
1.563670e-01 	2.553848e-02 
1.566530e-01 	2.532525e-02 
1.569390e-01 	2.511357e-02 
1.572240e-01 	2.490343e-02 
1.575100e-01 	2.469481e-02 
1.577950e-01 	2.448771e-02 
1.580810e-01 	2.428213e-02 
1.583670e-01 	2.407805e-02 
1.586520e-01 	2.387548e-02 
1.589380e-01 	2.367440e-02 
1.592230e-01 	2.347481e-02 
1.595090e-01 	2.327670e-02 
1.597950e-01 	2.308007e-02 
1.600800e-01 	2.288490e-02 
1.603660e-01 	2.269120e-02 
1.606510e-01 	2.249895e-02 
1.609370e-01 	2.230815e-02 
1.612230e-01 	2.211879e-02 
1.615080e-01 	2.193086e-02 
1.617940e-01 	2.174436e-02 
1.620790e-01 	2.155929e-02 
1.623650e-01 	2.137563e-02 
1.626510e-01 	2.119337e-02 
1.629360e-01 	2.101252e-02 
1.632220e-01 	2.083307e-02 
1.635070e-01 	2.065500e-02 
1.637930e-01 	2.047831e-02 
1.640790e-01 	2.030300e-02 
1.643640e-01 	2.012906e-02 
1.646500e-01 	1.995648e-02 
1.649350e-01 	1.978526e-02 
1.652210e-01 	1.961538e-02 
1.655070e-01 	1.944685e-02 
1.657920e-01 	1.927965e-02 
1.660780e-01 	1.911377e-02 
1.663630e-01 	1.894923e-02 
1.666490e-01 	1.878599e-02 
1.669350e-01 	1.862407e-02 
1.672200e-01 	1.846345e-02 
1.675060e-01 	1.830412e-02 
1.677920e-01 	1.814608e-02 
1.680770e-01 	1.798932e-02 
1.683630e-01 	1.783384e-02 
1.686480e-01 	1.767963e-02 
1.689340e-01 	1.752668e-02 
1.692200e-01 	1.737499e-02 
1.695050e-01 	1.722456e-02 
1.697910e-01 	1.707537e-02 
1.700760e-01 	1.692743e-02 
1.703620e-01 	1.678072e-02 
1.706480e-01 	1.663524e-02 
1.709330e-01 	1.649098e-02 
1.712190e-01 	1.634794e-02 
1.715040e-01 	1.620611e-02 
1.717900e-01 	1.606549e-02 
1.720760e-01 	1.592606e-02 
1.723610e-01 	1.578783e-02 
1.726470e-01 	1.565079e-02 
1.729320e-01 	1.551493e-02 
1.732180e-01 	1.538024e-02 
1.735040e-01 	1.524672e-02 
1.737890e-01 	1.511437e-02 
1.740750e-01 	1.498317e-02 
1.743600e-01 	1.485313e-02 
1.746460e-01 	1.472422e-02 
1.749320e-01 	1.459646e-02 
1.752170e-01 	1.446983e-02 
1.755030e-01 	1.434433e-02 
1.757880e-01 	1.421995e-02 
1.760740e-01 	1.409668e-02 
1.763600e-01 	1.397452e-02 
1.766450e-01 	1.385347e-02 
1.769310e-01 	1.373351e-02 
1.772160e-01 	1.361464e-02 
1.775020e-01 	1.349685e-02 
1.777880e-01 	1.338015e-02 
1.780730e-01 	1.326452e-02 
1.783590e-01 	1.314995e-02 
1.786440e-01 	1.303644e-02 
1.789300e-01 	1.292399e-02 
1.792160e-01 	1.281259e-02 
1.795010e-01 	1.270223e-02 
1.797870e-01 	1.259290e-02 
1.800720e-01 	1.248461e-02 
1.803580e-01 	1.237734e-02 
1.806440e-01 	1.227109e-02 
1.809290e-01 	1.216585e-02 
1.812150e-01 	1.206162e-02 
1.815000e-01 	1.195838e-02 
1.817860e-01 	1.185615e-02 
1.820720e-01 	1.175489e-02 
1.823570e-01 	1.165463e-02 
1.826430e-01 	1.155533e-02 
1.829280e-01 	1.145701e-02 
1.832140e-01 	1.135965e-02 
1.835000e-01 	1.126325e-02 
1.837850e-01 	1.116781e-02 
1.840710e-01 	1.107332e-02 
1.843560e-01 	1.097977e-02 
1.846420e-01 	1.088716e-02 
1.849280e-01 	1.079547e-02 
1.852130e-01 	1.070471e-02 
1.854990e-01 	1.061487e-02 
1.857840e-01 	1.052594e-02 
1.860700e-01 	1.043791e-02 
1.863560e-01 	1.035078e-02 
1.866410e-01 	1.026455e-02 
1.869270e-01 	1.017920e-02 
1.872120e-01 	1.009472e-02 
1.874980e-01 	1.001112e-02 
1.877840e-01 	9.928389e-03 
1.880690e-01 	9.846513e-03 
1.883550e-01 	9.765492e-03 
1.886400e-01 	9.685317e-03 
1.889260e-01 	9.605982e-03 
1.892120e-01 	9.527481e-03 
1.894970e-01 	9.449807e-03 
1.897830e-01 	9.372955e-03 
1.900690e-01 	9.296917e-03 
1.903540e-01 	9.221688e-03 
1.906400e-01 	9.147260e-03 
1.909250e-01 	9.073628e-03 
1.912110e-01 	9.000784e-03 
1.914970e-01 	8.928723e-03 
1.917820e-01 	8.857438e-03 
1.920680e-01 	8.786922e-03 
1.923530e-01 	8.717171e-03 
1.926390e-01 	8.648175e-03 
1.929250e-01 	8.579930e-03 
1.932100e-01 	8.512429e-03 
1.934960e-01 	8.445666e-03 
1.937810e-01 	8.379633e-03 
1.940670e-01 	8.314325e-03 
1.943530e-01 	8.249736e-03 
1.946380e-01 	8.185858e-03 
1.949240e-01 	8.122686e-03 
1.952090e-01 	8.060212e-03 
1.954950e-01 	7.998431e-03 
1.957810e-01 	7.937336e-03 
1.960660e-01 	7.876921e-03 
1.963520e-01 	7.817180e-03 
1.966370e-01 	7.758107e-03 
1.969230e-01 	7.699695e-03 
1.972090e-01 	7.641940e-03 
1.974940e-01 	7.584837e-03 
1.977800e-01 	7.528383e-03 
1.980650e-01 	7.472573e-03 
1.983510e-01 	7.417403e-03 
1.986370e-01 	7.362871e-03 
1.989220e-01 	7.308970e-03 
1.992080e-01 	7.255697e-03 
1.994930e-01 	7.203046e-03 
1.997790e-01 	7.151011e-03 
2.000650e-01 	7.099588e-03 
2.003500e-01 	7.048769e-03 
2.006360e-01 	6.998550e-03 
2.009210e-01 	6.948925e-03 
2.012070e-01 	6.899889e-03 
2.014930e-01 	6.851436e-03 
2.017780e-01 	6.803561e-03 
2.020640e-01 	6.756259e-03 
2.023490e-01 	6.709523e-03 
2.026350e-01 	6.663348e-03 
2.029210e-01 	6.617728e-03 
2.032060e-01 	6.572659e-03 
2.034920e-01 	6.528135e-03 
2.037770e-01 	6.484149e-03 
2.040630e-01 	6.440697e-03 
2.043490e-01 	6.397773e-03 
2.046340e-01 	6.355372e-03 
2.049200e-01 	6.313488e-03 
2.052050e-01 	6.272115e-03 
2.054910e-01 	6.231248e-03 
2.057770e-01 	6.190882e-03 
2.060620e-01 	6.151010e-03 
2.063480e-01 	6.111629e-03 
2.066330e-01 	6.072730e-03 
2.069190e-01 	6.034311e-03 
2.072050e-01 	5.996364e-03 
2.074900e-01 	5.958884e-03 
2.077760e-01 	5.921867e-03 
2.080610e-01 	5.885305e-03 
2.083470e-01 	5.849195e-03 
2.086330e-01 	5.813529e-03 
2.089180e-01 	5.778304e-03 
2.092040e-01 	5.743512e-03 
2.094890e-01 	5.709150e-03 
2.097750e-01 	5.675210e-03 
2.100610e-01 	5.641689e-03 
2.103460e-01 	5.608579e-03 
2.106320e-01 	5.575876e-03 
2.109170e-01 	5.543575e-03 
2.112030e-01 	5.511670e-03 
2.114890e-01 	5.480160e-03 
2.117740e-01 	5.449039e-03 
2.120600e-01 	5.418304e-03 
2.123450e-01 	5.387952e-03 
2.126310e-01 	5.357978e-03 
2.129170e-01 	5.328380e-03 
2.132020e-01 	5.299154e-03 
2.134880e-01 	5.270295e-03 
2.137740e-01 	5.241801e-03 
2.140590e-01 	5.213668e-03 
2.143450e-01 	5.185892e-03 
2.146300e-01 	5.158469e-03 
2.149160e-01 	5.131397e-03 
2.152020e-01 	5.104671e-03 
2.154870e-01 	5.078288e-03 
2.157730e-01 	5.052244e-03 
2.160580e-01 	5.026537e-03 
2.163440e-01 	5.001162e-03 
2.166300e-01 	4.976115e-03 
2.169150e-01 	4.951395e-03 
2.172010e-01 	4.926995e-03 
2.174860e-01 	4.902915e-03 
2.177720e-01 	4.879149e-03 
2.180580e-01 	4.855694e-03 
2.183430e-01 	4.832547e-03 
2.186290e-01 	4.809703e-03 
2.189140e-01 	4.787161e-03 
2.192000e-01 	4.764916e-03 
2.194860e-01 	4.742964e-03 
2.197710e-01 	4.721302e-03 
2.200570e-01 	4.699927e-03 
2.203420e-01 	4.678835e-03 
2.206280e-01 	4.658022e-03 
2.209140e-01 	4.637486e-03 
2.211990e-01 	4.617222e-03 
2.214850e-01 	4.597226e-03 
2.217700e-01 	4.577497e-03 
2.220560e-01 	4.558029e-03 
2.223420e-01 	4.538820e-03 
2.226270e-01 	4.519865e-03 
2.229130e-01 	4.501163e-03 
2.231980e-01 	4.482708e-03 
2.234840e-01 	4.464497e-03 
2.237700e-01 	4.446528e-03 
2.240550e-01 	4.428796e-03 
2.243410e-01 	4.411298e-03 
2.246260e-01 	4.394031e-03 
2.249120e-01 	4.376991e-03 
2.251980e-01 	4.360175e-03 
2.254830e-01 	4.343581e-03 
2.257690e-01 	4.327206e-03 
2.260540e-01 	4.311046e-03 
2.263400e-01 	4.295100e-03 
2.266260e-01 	4.279364e-03 
2.269110e-01 	4.263836e-03 
2.271970e-01 	4.248513e-03 
2.274820e-01 	4.233391e-03 
2.277680e-01 	4.218469e-03 
2.280540e-01 	4.203742e-03 
2.283390e-01 	4.189210e-03 
2.286250e-01 	4.174868e-03 
2.289100e-01 	4.160714e-03 
2.291960e-01 	4.146746e-03 
2.294820e-01 	4.132962e-03 
2.297670e-01 	4.119361e-03 
2.300530e-01 	4.105940e-03 
2.303380e-01 	4.092700e-03 
2.306240e-01 	4.079637e-03 
2.309100e-01 	4.066750e-03 
2.311950e-01 	4.054039e-03 
2.314810e-01 	4.041501e-03 
2.317660e-01 	4.029134e-03 
2.320520e-01 	4.016938e-03 
2.323380e-01 	4.004910e-03 
2.326230e-01 	3.993049e-03 
2.329090e-01 	3.981354e-03 
2.331940e-01 	3.969823e-03 
2.334800e-01 	3.958454e-03 
2.337660e-01 	3.947246e-03 
2.340510e-01 	3.936197e-03 
2.343370e-01 	3.925306e-03 
2.346230e-01 	3.914571e-03 
2.349080e-01 	3.903991e-03 
2.351940e-01 	3.893565e-03 
2.354790e-01 	3.883291e-03 
2.357650e-01 	3.873167e-03 
2.360510e-01 	3.863193e-03 
2.363360e-01 	3.853366e-03 
2.366220e-01 	3.843686e-03 
2.369070e-01 	3.834150e-03 
2.371930e-01 	3.824758e-03 
2.374790e-01 	3.815508e-03 
2.377640e-01 	3.806398e-03 
2.380500e-01 	3.797428e-03 
2.383350e-01 	3.788594e-03 
2.386210e-01 	3.779898e-03 
2.389070e-01 	3.771335e-03 
2.391920e-01 	3.762907e-03 
2.394780e-01 	3.754610e-03 
2.397630e-01 	3.746443e-03 
2.400490e-01 	3.738405e-03 
2.403350e-01 	3.730495e-03 
2.406200e-01 	3.722710e-03 
2.409060e-01 	3.715051e-03 
2.411910e-01 	3.707514e-03 
2.414770e-01 	3.700099e-03 
2.417630e-01 	3.692804e-03 
2.420480e-01 	3.685628e-03 
2.423340e-01 	3.678570e-03 
2.426190e-01 	3.671627e-03 
2.429050e-01 	3.664798e-03 
2.431910e-01 	3.658083e-03 
2.434760e-01 	3.651479e-03 
2.437620e-01 	3.644985e-03 
2.440470e-01 	3.638599e-03 
2.443330e-01 	3.632322e-03 
2.446190e-01 	3.626152e-03 
2.449040e-01 	3.620090e-03 
2.451900e-01 	3.614134e-03 
2.454750e-01 	3.608285e-03 
2.457610e-01 	3.602541e-03 
2.460470e-01 	3.596903e-03 
2.463320e-01 	3.591370e-03 
2.466180e-01 	3.585942e-03 
2.469030e-01 	3.580618e-03 
2.471890e-01 	3.575398e-03 
2.474750e-01 	3.570282e-03 
2.477600e-01 	3.565269e-03 
2.480460e-01 	3.560359e-03 
2.483310e-01 	3.555552e-03 
2.486170e-01 	3.550847e-03 
2.489030e-01 	3.546244e-03 
2.491880e-01 	3.541743e-03 
2.494740e-01 	3.537343e-03 
2.497590e-01 	3.533044e-03 
2.500450e-01 	3.528846e-03 
2.503310e-01 	3.524748e-03 
2.506160e-01 	3.520751e-03 
2.509020e-01 	3.516853e-03 
2.511870e-01 	3.513054e-03 
2.514730e-01 	3.509355e-03 
2.517590e-01 	3.505755e-03 
2.520440e-01 	3.502253e-03 
2.523300e-01 	3.498849e-03 
2.526150e-01 	3.495543e-03 
2.529010e-01 	3.492334e-03 
2.531870e-01 	3.489223e-03 
2.534720e-01 	3.486208e-03 
2.537580e-01 	3.483289e-03 
2.540430e-01 	3.480467e-03 
2.543290e-01 	3.477740e-03 
2.546150e-01 	3.475108e-03 
2.549000e-01 	3.472571e-03 
2.551860e-01 	3.470128e-03 
2.554710e-01 	3.467780e-03 
2.557570e-01 	3.465525e-03 
2.560430e-01 	3.463363e-03 
2.563280e-01 	3.461294e-03 
2.566140e-01 	3.459318e-03 
2.568990e-01 	3.457434e-03 
2.571850e-01 	3.455641e-03 
2.574710e-01 	3.453941e-03 
2.577560e-01 	3.452331e-03 
2.580420e-01 	3.450811e-03 
2.583280e-01 	3.449382e-03 
2.586130e-01 	3.448043e-03 
2.588990e-01 	3.446793e-03 
2.591840e-01 	3.445632e-03 
2.594700e-01 	3.444560e-03 
2.597560e-01 	3.443577e-03 
2.600410e-01 	3.442683e-03 
2.603270e-01 	3.441876e-03 
2.606120e-01 	3.441158e-03 
2.608980e-01 	3.440527e-03 
2.611840e-01 	3.439984e-03 
2.614690e-01 	3.439528e-03 
2.617550e-01 	3.439160e-03 
2.620400e-01 	3.438878e-03 
2.623260e-01 	3.438683e-03 
2.626120e-01 	3.438574e-03 
2.628970e-01 	3.438552e-03 
2.631830e-01 	3.438615e-03 
2.634680e-01 	3.438764e-03 
2.637540e-01 	3.438999e-03 
2.640400e-01 	3.439319e-03 
2.643250e-01 	3.439725e-03 
2.646110e-01 	3.440215e-03 
2.648960e-01 	3.440789e-03 
2.651820e-01 	3.441449e-03 
2.654680e-01 	3.442192e-03 
2.657530e-01 	3.443019e-03 
2.660390e-01 	3.443930e-03 
2.663240e-01 	3.444925e-03 
2.666100e-01 	3.446003e-03 
2.668960e-01 	3.447164e-03 
2.671810e-01 	3.448409e-03 
2.674670e-01 	3.449736e-03 
2.677520e-01 	3.451147e-03 
2.680380e-01 	3.452640e-03 
2.683240e-01 	3.454215e-03 
2.686090e-01 	3.455873e-03 
2.688950e-01 	3.457614e-03 
2.691800e-01 	3.459436e-03 
2.694660e-01 	3.461341e-03 
2.697520e-01 	3.463327e-03 
2.700370e-01 	3.465396e-03 
2.703230e-01 	3.467546e-03 
2.706080e-01 	3.469777e-03 
2.708940e-01 	3.472090e-03 
2.711800e-01 	3.474484e-03 
2.714650e-01 	3.476960e-03 
2.717510e-01 	3.479516e-03 
2.720360e-01 	3.482153e-03 
2.723220e-01 	3.484871e-03 
2.726080e-01 	3.487670e-03 
2.728930e-01 	3.490549e-03 
2.731790e-01 	3.493508e-03 
2.734640e-01 	3.496547e-03 
2.737500e-01 	3.499666e-03 
2.740360e-01 	3.502865e-03 
2.743210e-01 	3.506143e-03 
2.746070e-01 	3.509500e-03 
2.748920e-01 	3.512935e-03 
2.751780e-01 	3.516447e-03 
2.754640e-01 	3.520036e-03 
2.757490e-01 	3.523701e-03 
2.760350e-01 	3.527441e-03 
2.763200e-01 	3.531256e-03 
2.766060e-01 	3.535146e-03 
2.768920e-01 	3.539108e-03 
2.771770e-01 	3.543144e-03 
2.774630e-01 	3.547252e-03 
2.777480e-01 	3.551432e-03 
2.780340e-01 	3.555682e-03 
2.783200e-01 	3.560003e-03 
2.786050e-01 	3.564394e-03 
2.788910e-01 	3.568853e-03 
2.791760e-01 	3.573381e-03 
2.794620e-01 	3.577977e-03 
2.797480e-01 	3.582639e-03 
2.800330e-01 	3.587369e-03 
2.803190e-01 	3.592164e-03 
2.806050e-01 	3.597024e-03 
2.808900e-01 	3.601949e-03 
2.811760e-01 	3.606939e-03 
2.814610e-01 	3.611992e-03 
2.817470e-01 	3.617109e-03 
2.820330e-01 	3.622288e-03 
2.823180e-01 	3.627529e-03 
2.826040e-01 	3.632832e-03 
2.828890e-01 	3.638196e-03 
2.831750e-01 	3.643620e-03 
2.834610e-01 	3.649105e-03 
2.837460e-01 	3.654649e-03 
2.840320e-01 	3.660252e-03 
2.843170e-01 	3.665913e-03 
2.846030e-01 	3.671633e-03 
2.848890e-01 	3.677409e-03 
2.851740e-01 	3.683243e-03 
2.854600e-01 	3.689132e-03 
2.857450e-01 	3.695078e-03 
2.860310e-01 	3.701078e-03 
2.863170e-01 	3.707134e-03 
2.866020e-01 	3.713243e-03 
2.868880e-01 	3.719406e-03 
2.871730e-01 	3.725621e-03 
2.874590e-01 	3.731890e-03 
2.877450e-01 	3.738210e-03 
2.880300e-01 	3.744581e-03 
2.883160e-01 	3.751004e-03 
2.886010e-01 	3.757476e-03 
2.888870e-01 	3.763998e-03 
2.891730e-01 	3.770570e-03 
2.894580e-01 	3.777189e-03 
2.897440e-01 	3.783856e-03 
2.900290e-01 	3.790569e-03 
2.903150e-01 	3.797326e-03 
2.906010e-01 	3.804128e-03 
2.908860e-01 	3.810973e-03 
2.911720e-01 	3.817859e-03 
2.914570e-01 	3.824786e-03 
2.917430e-01 	3.831753e-03 
2.920290e-01 	3.838758e-03 
2.923140e-01 	3.845801e-03 
2.926000e-01 	3.852881e-03 
2.928850e-01 	3.859996e-03 
2.931710e-01 	3.867145e-03 
2.934570e-01 	3.874328e-03 
2.937420e-01 	3.881543e-03 
2.940280e-01 	3.888789e-03 
2.943130e-01 	3.896066e-03 
2.945990e-01 	3.903371e-03 
2.948850e-01 	3.910704e-03 
2.951700e-01 	3.918065e-03 
2.954560e-01 	3.925451e-03 
2.957410e-01 	3.932862e-03 
2.960270e-01 	3.940296e-03 
2.963130e-01 	3.947754e-03 
2.965980e-01 	3.955232e-03 
2.968840e-01 	3.962732e-03 
2.971690e-01 	3.970250e-03 
2.974550e-01 	3.977787e-03 
2.977410e-01 	3.985342e-03 
2.980260e-01 	3.992912e-03 
2.983120e-01 	4.000498e-03 
2.985970e-01 	4.008098e-03 
2.988830e-01 	4.015710e-03 
2.991690e-01 	4.023335e-03 
2.994540e-01 	4.030971e-03 
2.997400e-01 	4.038616e-03 
3.000250e-01 	4.046271e-03 
3.003110e-01 	4.053933e-03 
3.005970e-01 	4.061602e-03 
3.008820e-01 	4.069276e-03 
3.011680e-01 	4.076955e-03 
3.014530e-01 	4.084638e-03 
3.017390e-01 	4.092323e-03 
3.020250e-01 	4.100009e-03 
3.023100e-01 	4.107696e-03 
3.025960e-01 	4.115383e-03 
3.028820e-01 	4.123067e-03 
3.031670e-01 	4.130749e-03 
3.034530e-01 	4.138427e-03 
3.037380e-01 	4.146100e-03 
3.040240e-01 	4.153766e-03 
3.043100e-01 	4.161426e-03 
3.045950e-01 	4.169078e-03 
3.048810e-01 	4.176721e-03 
3.051660e-01 	4.184354e-03 
3.054520e-01 	4.191976e-03 
3.057380e-01 	4.199586e-03 
3.060230e-01 	4.207183e-03 
3.063090e-01 	4.214765e-03 
3.065940e-01 	4.222333e-03 
3.068800e-01 	4.229885e-03 
3.071660e-01 	4.237420e-03 
3.074510e-01 	4.244936e-03 
3.077370e-01 	4.252434e-03 
3.080220e-01 	4.259911e-03 
3.083080e-01 	4.267368e-03 
3.085940e-01 	4.274803e-03 
3.088790e-01 	4.282215e-03 
3.091650e-01 	4.289603e-03 
3.094500e-01 	4.296967e-03 
3.097360e-01 	4.304305e-03 
3.100220e-01 	4.311616e-03 
3.103070e-01 	4.318900e-03 
3.105930e-01 	4.326156e-03 
3.108780e-01 	4.333382e-03 
3.111640e-01 	4.340579e-03 
3.114500e-01 	4.347743e-03 
3.117350e-01 	4.354877e-03 
3.120210e-01 	4.361977e-03 
3.123060e-01 	4.369043e-03 
3.125920e-01 	4.376075e-03 
3.128780e-01 	4.383071e-03 
3.131630e-01 	4.390030e-03 
3.134490e-01 	4.396953e-03 
3.137340e-01 	4.403837e-03 
3.140200e-01 	4.410682e-03 
3.143060e-01 	4.417487e-03 
3.145910e-01 	4.424251e-03 
3.148770e-01 	4.430974e-03 
3.151620e-01 	4.437653e-03 
3.154480e-01 	4.444290e-03 
3.157340e-01 	4.450881e-03 
3.160190e-01 	4.457428e-03 
3.163050e-01 	4.463928e-03 
3.165900e-01 	4.470381e-03 
3.168760e-01 	4.476787e-03 
3.171620e-01 	4.483143e-03 
3.174470e-01 	4.489449e-03 
3.177330e-01 	4.495705e-03 
3.180180e-01 	4.501910e-03 
3.183040e-01 	4.508062e-03 
3.185900e-01 	4.514161e-03 
3.188750e-01 	4.520205e-03 
3.191610e-01 	4.526195e-03 
3.194460e-01 	4.532128e-03 
3.197320e-01 	4.538004e-03 
3.200180e-01 	4.543823e-03 
3.203030e-01 	4.549582e-03 
3.205890e-01 	4.555281e-03 
3.208740e-01 	4.560918e-03 
3.211600e-01 	4.566494e-03 
3.214460e-01 	4.572006e-03 
3.217310e-01 	4.577453e-03 
3.220170e-01 	4.582835e-03 
3.223020e-01 	4.588150e-03 
3.225880e-01 	4.593397e-03 
3.228740e-01 	4.598574e-03 
3.231590e-01 	4.603680e-03 
3.234450e-01 	4.608714e-03 
3.237300e-01 	4.613675e-03 
3.240160e-01 	4.618560e-03 
3.243020e-01 	4.623370e-03 
3.245870e-01 	4.628102e-03 
3.248730e-01 	4.632754e-03 
3.251590e-01 	4.637327e-03 
3.254440e-01 	4.641818e-03 
3.257300e-01 	4.646226e-03 
3.260150e-01 	4.650549e-03 
3.263010e-01 	4.654787e-03 
3.265870e-01 	4.658938e-03 
3.268720e-01 	4.663000e-03 
3.271580e-01 	4.666973e-03 
3.274430e-01 	4.670854e-03 
3.277290e-01 	4.674643e-03 
3.280150e-01 	4.678338e-03 
3.283000e-01 	4.681938e-03 
3.285860e-01 	4.685442e-03 
3.288710e-01 	4.688847e-03 
3.291570e-01 	4.692153e-03 
3.294430e-01 	4.695359e-03 
3.297280e-01 	4.698463e-03 
3.300140e-01 	4.701463e-03 
3.302990e-01 	4.704358e-03 
3.305850e-01 	4.707148e-03 
3.308710e-01 	4.709830e-03 
3.311560e-01 	4.712403e-03 
3.314420e-01 	4.714866e-03 
3.317270e-01 	4.717217e-03 
3.320130e-01 	4.719456e-03 
3.322990e-01 	4.721581e-03 
3.325840e-01 	4.723589e-03 
3.328700e-01 	4.725481e-03 
3.331550e-01 	4.727255e-03 
3.334410e-01 	4.728909e-03 
3.337270e-01 	4.730442e-03 
3.340120e-01 	4.731852e-03 
3.342980e-01 	4.733139e-03 
3.345830e-01 	4.734302e-03 
3.348690e-01 	4.735343e-03 
3.351550e-01 	4.736262e-03 
3.354400e-01 	4.737060e-03 
3.357260e-01 	4.737739e-03 
3.360110e-01 	4.738301e-03 
3.362970e-01 	4.738748e-03 
3.365830e-01 	4.739082e-03 
3.368680e-01 	4.739307e-03 
3.371540e-01 	4.739423e-03 
3.374390e-01 	4.739435e-03 
3.377250e-01 	4.739344e-03 
3.380110e-01 	4.739152e-03 
3.382960e-01 	4.738863e-03 
3.385820e-01 	4.738479e-03 
3.388670e-01 	4.738002e-03 
3.391530e-01 	4.737435e-03 
3.394390e-01 	4.736780e-03 
3.397240e-01 	4.736040e-03 
3.400100e-01 	4.735217e-03 
3.402950e-01 	4.734314e-03 
3.405810e-01 	4.733334e-03 
3.408670e-01 	4.732278e-03 
3.411520e-01 	4.731149e-03 
3.414380e-01 	4.729950e-03 
3.417230e-01 	4.728683e-03 
3.420090e-01 	4.727352e-03 
3.422950e-01 	4.725957e-03 
3.425800e-01 	4.724502e-03 
3.428660e-01 	4.722990e-03 
3.431510e-01 	4.721422e-03 
3.434370e-01 	4.719801e-03 
3.437230e-01 	4.718131e-03 
3.440080e-01 	4.716412e-03 
3.442940e-01 	4.714649e-03 
3.445790e-01 	4.712842e-03 
3.448650e-01 	4.710996e-03 
3.451510e-01 	4.709112e-03 
3.454360e-01 	4.707192e-03 
3.457220e-01 	4.705240e-03 
3.460070e-01 	4.703258e-03 
3.462930e-01 	4.701248e-03 
3.465790e-01 	4.699212e-03 
3.468640e-01 	4.697154e-03 
3.471500e-01 	4.695076e-03 
3.474360e-01 	4.692980e-03 
3.477210e-01 	4.690869e-03 
3.480070e-01 	4.688746e-03 
3.482920e-01 	4.686612e-03 
3.485780e-01 	4.684471e-03 
3.488640e-01 	4.682324e-03 
3.491490e-01 	4.680175e-03 
