#q 	 Ifit_avg 
2.999000e-03 	1.000000e+00 
3.284000e-03 	9.985588e-01 
3.570000e-03 	9.971163e-01 
3.856000e-03 	9.956712e-01 
4.141000e-03 	9.942221e-01 
4.427000e-03 	9.927675e-01 
4.712000e-03 	9.913063e-01 
4.998000e-03 	9.898370e-01 
5.284000e-03 	9.883583e-01 
5.569000e-03 	9.868688e-01 
5.855000e-03 	9.853672e-01 
6.140000e-03 	9.838521e-01 
6.426000e-03 	9.823222e-01 
6.712000e-03 	9.807761e-01 
6.997000e-03 	9.792125e-01 
7.283000e-03 	9.776300e-01 
7.568000e-03 	9.760272e-01 
7.854000e-03 	9.744029e-01 
8.140000e-03 	9.727556e-01 
8.425000e-03 	9.710841e-01 
8.711000e-03 	9.693868e-01 
8.996000e-03 	9.676626e-01 
9.282000e-03 	9.659101e-01 
9.568000e-03 	9.641278e-01 
9.853000e-03 	9.623145e-01 
1.013900e-02 	9.604688e-01 
1.042400e-02 	9.585893e-01 
1.071000e-02 	9.566747e-01 
1.099600e-02 	9.547237e-01 
1.128100e-02 	9.527348e-01 
1.156700e-02 	9.507067e-01 
1.185300e-02 	9.486382e-01 
1.213800e-02 	9.465278e-01 
1.242400e-02 	9.443741e-01 
1.270900e-02 	9.421759e-01 
1.299500e-02 	9.399319e-01 
1.328100e-02 	9.376406e-01 
1.356600e-02 	9.353010e-01 
1.385200e-02 	9.329119e-01 
1.413700e-02 	9.304721e-01 
1.442300e-02 	9.279806e-01 
1.470900e-02 	9.254367e-01 
1.499400e-02 	9.228394e-01 
1.528000e-02 	9.201882e-01 
1.556500e-02 	9.174827e-01 
1.585100e-02 	9.147225e-01 
1.613700e-02 	9.119074e-01 
1.642200e-02 	9.090375e-01 
1.670800e-02 	9.061131e-01 
1.699300e-02 	9.031343e-01 
1.727900e-02 	9.001019e-01 
1.756500e-02 	8.970168e-01 
1.785000e-02 	8.938802e-01 
1.813600e-02 	8.906931e-01 
1.842100e-02 	8.874565e-01 
1.870700e-02 	8.841717e-01 
1.899300e-02 	8.808399e-01 
1.927800e-02 	8.774624e-01 
1.956400e-02 	8.740403e-01 
1.984900e-02 	8.705749e-01 
2.013500e-02 	8.670674e-01 
2.042100e-02 	8.635191e-01 
2.070600e-02 	8.599310e-01 
2.099200e-02 	8.563046e-01 
2.127700e-02 	8.526409e-01 
2.156300e-02 	8.489412e-01 
2.184900e-02 	8.452067e-01 
2.213400e-02 	8.414386e-01 
2.242000e-02 	8.376382e-01 
2.270500e-02 	8.338066e-01 
2.299100e-02 	8.299451e-01 
2.327700e-02 	8.260548e-01 
2.356200e-02 	8.221369e-01 
2.384800e-02 	8.181927e-01 
2.413300e-02 	8.142232e-01 
2.441900e-02 	8.102296e-01 
2.470500e-02 	8.062130e-01 
2.499000e-02 	8.021747e-01 
2.527600e-02 	7.981156e-01 
2.556100e-02 	7.940370e-01 
2.584700e-02 	7.899398e-01 
2.613300e-02 	7.858252e-01 
2.641800e-02 	7.816940e-01 
2.670400e-02 	7.775475e-01 
2.698900e-02 	7.733866e-01 
2.727500e-02 	7.692123e-01 
2.756100e-02 	7.650254e-01 
2.784600e-02 	7.608270e-01 
2.813200e-02 	7.566180e-01 
2.841700e-02 	7.523992e-01 
2.870300e-02 	7.481716e-01 
2.898900e-02 	7.439359e-01 
2.927400e-02 	7.396931e-01 
2.956000e-02 	7.354439e-01 
2.984500e-02 	7.311889e-01 
3.013100e-02 	7.269291e-01 
3.041700e-02 	7.226650e-01 
3.070200e-02 	7.183975e-01 
3.098800e-02 	7.141274e-01 
3.127300e-02 	7.098551e-01 
3.155900e-02 	7.055813e-01 
3.184500e-02 	7.013064e-01 
3.213000e-02 	6.970311e-01 
3.241600e-02 	6.927559e-01 
3.270100e-02 	6.884813e-01 
3.298700e-02 	6.842079e-01 
3.327300e-02 	6.799362e-01 
3.355800e-02 	6.756667e-01 
3.384400e-02 	6.714000e-01 
3.413000e-02 	6.671365e-01 
3.441500e-02 	6.628767e-01 
3.470100e-02 	6.586212e-01 
3.498600e-02 	6.543703e-01 
3.527200e-02 	6.501246e-01 
3.555800e-02 	6.458846e-01 
3.584300e-02 	6.416506e-01 
3.612900e-02 	6.374233e-01 
3.641400e-02 	6.332030e-01 
3.670000e-02 	6.289903e-01 
3.698600e-02 	6.247855e-01 
3.727100e-02 	6.205891e-01 
3.755700e-02 	6.164016e-01 
3.784200e-02 	6.122233e-01 
3.812800e-02 	6.080547e-01 
3.841400e-02 	6.038963e-01 
3.869900e-02 	5.997484e-01 
3.898500e-02 	5.956115e-01 
3.927000e-02 	5.914861e-01 
3.955600e-02 	5.873724e-01 
3.984200e-02 	5.832708e-01 
4.012700e-02 	5.791818e-01 
4.041300e-02 	5.751058e-01 
4.069800e-02 	5.710430e-01 
4.098400e-02 	5.669939e-01 
4.127000e-02 	5.629589e-01 
4.155500e-02 	5.589383e-01 
4.184100e-02 	5.549325e-01 
4.212600e-02 	5.509418e-01 
4.241200e-02 	5.469666e-01 
4.269800e-02 	5.430071e-01 
4.298300e-02 	5.390638e-01 
4.326900e-02 	5.351368e-01 
4.355400e-02 	5.312265e-01 
4.384000e-02 	5.273333e-01 
4.412600e-02 	5.234574e-01 
4.441100e-02 	5.195991e-01 
4.469700e-02 	5.157588e-01 
4.498200e-02 	5.119368e-01 
4.526800e-02 	5.081332e-01 
4.555400e-02 	5.043484e-01 
4.583900e-02 	5.005826e-01 
4.612500e-02 	4.968360e-01 
4.641000e-02 	4.931089e-01 
4.669600e-02 	4.894016e-01 
4.698200e-02 	4.857142e-01 
4.726700e-02 	4.820470e-01 
4.755300e-02 	4.784003e-01 
4.783800e-02 	4.747742e-01 
4.812400e-02 	4.711691e-01 
4.841000e-02 	4.675851e-01 
4.869500e-02 	4.640223e-01 
4.898100e-02 	4.604810e-01 
4.926600e-02 	4.569614e-01 
4.955200e-02 	4.534636e-01 
4.983800e-02 	4.499878e-01 
5.012300e-02 	4.465342e-01 
5.040900e-02 	4.431030e-01 
5.069400e-02 	4.396944e-01 
5.098000e-02 	4.363086e-01 
5.126600e-02 	4.329457e-01 
5.155100e-02 	4.296057e-01 
5.183700e-02 	4.262889e-01 
5.212200e-02 	4.229953e-01 
5.240800e-02 	4.197251e-01 
5.269400e-02 	4.164783e-01 
5.297900e-02 	4.132550e-01 
5.326500e-02 	4.100554e-01 
5.355000e-02 	4.068796e-01 
5.383600e-02 	4.037277e-01 
5.412200e-02 	4.005998e-01 
5.440700e-02 	3.974960e-01 
5.469300e-02 	3.944164e-01 
5.497800e-02 	3.913610e-01 
5.526400e-02 	3.883298e-01 
5.555000e-02 	3.853228e-01 
5.583500e-02 	3.823400e-01 
5.612100e-02 	3.793815e-01 
5.640700e-02 	3.764472e-01 
5.669200e-02 	3.735372e-01 
5.697800e-02 	3.706514e-01 
5.726300e-02 	3.677899e-01 
5.754900e-02 	3.649528e-01 
5.783500e-02 	3.621399e-01 
5.812000e-02 	3.593513e-01 
5.840600e-02 	3.565871e-01 
5.869100e-02 	3.538471e-01 
5.897700e-02 	3.511314e-01 
5.926300e-02 	3.484398e-01 
5.954800e-02 	3.457721e-01 
5.983400e-02 	3.431283e-01 
6.011900e-02 	3.405082e-01 
6.040500e-02 	3.379118e-01 
6.069100e-02 	3.353388e-01 
6.097600e-02 	3.327892e-01 
6.126200e-02 	3.302628e-01 
6.154700e-02 	3.277596e-01 
6.183300e-02 	3.252793e-01 
6.211900e-02 	3.228220e-01 
6.240400e-02 	3.203874e-01 
6.269000e-02 	3.179755e-01 
6.297500e-02 	3.155861e-01 
6.326100e-02 	3.132192e-01 
6.354700e-02 	3.108745e-01 
6.383200e-02 	3.085519e-01 
6.411800e-02 	3.062512e-01 
6.440300e-02 	3.039724e-01 
6.468900e-02 	3.017152e-01 
6.497500e-02 	2.994796e-01 
6.526000e-02 	2.972652e-01 
6.554600e-02 	2.950721e-01 
6.583100e-02 	2.929000e-01 
6.611700e-02 	2.907488e-01 
6.640300e-02 	2.886183e-01 
6.668800e-02 	2.865084e-01 
6.697400e-02 	2.844189e-01 
6.725900e-02 	2.823498e-01 
6.754500e-02 	2.803009e-01 
6.783100e-02 	2.782719e-01 
6.811600e-02 	2.762627e-01 
6.840200e-02 	2.742732e-01 
6.868700e-02 	2.723031e-01 
6.897300e-02 	2.703523e-01 
6.925900e-02 	2.684206e-01 
6.954400e-02 	2.665079e-01 
6.983000e-02 	2.646139e-01 
7.011500e-02 	2.627385e-01 
7.040100e-02 	2.608815e-01 
7.068700e-02 	2.590429e-01 
7.097200e-02 	2.572223e-01 
7.125800e-02 	2.554197e-01 
7.154300e-02 	2.536350e-01 
7.182900e-02 	2.518679e-01 
7.211500e-02 	2.501184e-01 
7.240000e-02 	2.483862e-01 
7.268600e-02 	2.466712e-01 
7.297100e-02 	2.449731e-01 
7.325700e-02 	2.432919e-01 
7.354300e-02 	2.416271e-01 
7.382800e-02 	2.399788e-01 
7.411400e-02 	2.383465e-01 
7.439900e-02 	2.367302e-01 
7.468500e-02 	2.351296e-01 
7.497100e-02 	2.335445e-01 
7.525600e-02 	2.319747e-01 
7.554200e-02 	2.304200e-01 
7.582700e-02 	2.288803e-01 
7.611300e-02 	2.273553e-01 
7.639900e-02 	2.258448e-01 
7.668400e-02 	2.243488e-01 
7.697000e-02 	2.228669e-01 
7.725500e-02 	2.213991e-01 
7.754100e-02 	2.199451e-01 
7.782700e-02 	2.185048e-01 
7.811200e-02 	2.170780e-01 
7.839800e-02 	2.156645e-01 
7.868400e-02 	2.142642e-01 
7.896900e-02 	2.128768e-01 
7.925500e-02 	2.115023e-01 
7.954000e-02 	2.101403e-01 
7.982600e-02 	2.087907e-01 
8.011200e-02 	2.074534e-01 
8.039700e-02 	2.061281e-01 
8.068300e-02 	2.048147e-01 
8.096800e-02 	2.035129e-01 
8.125400e-02 	2.022227e-01 
8.154000e-02 	2.009439e-01 
8.182500e-02 	1.996762e-01 
8.211100e-02 	1.984196e-01 
8.239600e-02 	1.971740e-01 
8.268200e-02 	1.959391e-01 
8.296800e-02 	1.947148e-01 
8.325300e-02 	1.935010e-01 
8.353900e-02 	1.922976e-01 
8.382400e-02 	1.911043e-01 
8.411000e-02 	1.899211e-01 
8.439600e-02 	1.887478e-01 
8.468100e-02 	1.875843e-01 
8.496700e-02 	1.864304e-01 
8.525200e-02 	1.852859e-01 
8.553800e-02 	1.841508e-01 
8.582400e-02 	1.830249e-01 
8.610900e-02 	1.819080e-01 
8.639500e-02 	1.808000e-01 
8.668000e-02 	1.797007e-01 
8.696600e-02 	1.786100e-01 
8.725200e-02 	1.775278e-01 
8.753700e-02 	1.764539e-01 
8.782300e-02 	1.753883e-01 
8.810800e-02 	1.743308e-01 
8.839400e-02 	1.732813e-01 
8.868000e-02 	1.722397e-01 
8.896500e-02 	1.712058e-01 
8.925100e-02 	1.701796e-01 
8.953600e-02 	1.691609e-01 
8.982200e-02 	1.681496e-01 
9.010800e-02 	1.671456e-01 
9.039300e-02 	1.661488e-01 
9.067900e-02 	1.651590e-01 
9.096400e-02 	1.641761e-01 
9.125000e-02 	1.632001e-01 
9.153600e-02 	1.622307e-01 
9.182100e-02 	1.612680e-01 
9.210700e-02 	1.603117e-01 
9.239200e-02 	1.593617e-01 
9.267800e-02 	1.584179e-01 
9.296400e-02 	1.574803e-01 
9.324900e-02 	1.565487e-01 
9.353500e-02 	1.556230e-01 
9.382000e-02 	1.547032e-01 
9.410600e-02 	1.537893e-01 
9.439200e-02 	1.528810e-01 
9.467700e-02 	1.519784e-01 
9.496300e-02 	1.510813e-01 
9.524800e-02 	1.501897e-01 
9.553400e-02 	1.493035e-01 
9.582000e-02 	1.484227e-01 
9.610500e-02 	1.475470e-01 
9.639100e-02 	1.466766e-01 
9.667600e-02 	1.458112e-01 
9.696200e-02 	1.449508e-01 
9.724800e-02 	1.440953e-01 
9.753300e-02 	1.432447e-01 
9.781900e-02 	1.423988e-01 
9.810400e-02 	1.415576e-01 
9.839000e-02 	1.407210e-01 
9.867600e-02 	1.398889e-01 
9.896100e-02 	1.390612e-01 
9.924700e-02 	1.382378e-01 
9.953200e-02 	1.374188e-01 
9.981800e-02 	1.366039e-01 
1.001040e-01 	1.357933e-01 
1.003890e-01 	1.349867e-01 
1.006750e-01 	1.341842e-01 
1.009610e-01 	1.333857e-01 
1.012460e-01 	1.325913e-01 
1.015320e-01 	1.318007e-01 
1.018170e-01 	1.310142e-01 
1.021030e-01 	1.302314e-01 
1.023890e-01 	1.294526e-01 
1.026740e-01 	1.286775e-01 
1.029600e-01 	1.279061e-01 
1.032450e-01 	1.271385e-01 
1.035310e-01 	1.263746e-01 
1.038170e-01 	1.256142e-01 
1.041020e-01 	1.248575e-01 
1.043880e-01 	1.241043e-01 
1.046730e-01 	1.233545e-01 
1.049590e-01 	1.226083e-01 
1.052450e-01 	1.218653e-01 
1.055300e-01 	1.211258e-01 
1.058160e-01 	1.203895e-01 
1.061010e-01 	1.196565e-01 
1.063870e-01 	1.189268e-01 
1.066730e-01 	1.182003e-01 
1.069580e-01 	1.174770e-01 
1.072440e-01 	1.167569e-01 
1.075290e-01 	1.160399e-01 
1.078150e-01 	1.153261e-01 
1.081010e-01 	1.146155e-01 
1.083860e-01 	1.139079e-01 
1.086720e-01 	1.132034e-01 
1.089570e-01 	1.125020e-01 
1.092430e-01 	1.118036e-01 
1.095290e-01 	1.111082e-01 
1.098140e-01 	1.104158e-01 
1.101000e-01 	1.097263e-01 
1.103850e-01 	1.090397e-01 
1.106710e-01 	1.083560e-01 
1.109570e-01 	1.076753e-01 
1.112420e-01 	1.069973e-01 
1.115280e-01 	1.063222e-01 
1.118130e-01 	1.056498e-01 
1.120990e-01 	1.049803e-01 
1.123850e-01 	1.043134e-01 
1.126700e-01 	1.036493e-01 
1.129560e-01 	1.029878e-01 
1.132410e-01 	1.023290e-01 
1.135270e-01 	1.016728e-01 
1.138130e-01 	1.010192e-01 
1.140980e-01 	1.003682e-01 
1.143840e-01 	9.971975e-02 
1.146690e-01 	9.907388e-02 
1.149550e-01 	9.843058e-02 
1.152410e-01 	9.778988e-02 
1.155260e-01 	9.715174e-02 
1.158120e-01 	9.651619e-02 
1.160970e-01 	9.588320e-02 
1.163830e-01 	9.525278e-02 
1.166690e-01 	9.462492e-02 
1.169540e-01 	9.399962e-02 
1.172400e-01 	9.337687e-02 
1.175250e-01 	9.275668e-02 
1.178110e-01 	9.213904e-02 
1.180970e-01 	9.152394e-02 
1.183820e-01 	9.091138e-02 
1.186680e-01 	9.030136e-02 
1.189530e-01 	8.969388e-02 
1.192390e-01 	8.908893e-02 
1.195250e-01 	8.848651e-02 
1.198100e-01 	8.788662e-02 
1.200960e-01 	8.728926e-02 
1.203810e-01 	8.669442e-02 
1.206670e-01 	8.610211e-02 
1.209530e-01 	8.551232e-02 
1.212380e-01 	8.492505e-02 
1.215240e-01 	8.434030e-02 
1.218090e-01 	8.375806e-02 
1.220950e-01 	8.317834e-02 
1.223810e-01 	8.260113e-02 
1.226660e-01 	8.202643e-02 
1.229520e-01 	8.145423e-02 
1.232380e-01 	8.088452e-02 
1.235230e-01 	8.031728e-02 
1.238090e-01 	7.975251e-02 
1.240940e-01 	7.919019e-02 
1.243800e-01 	7.863033e-02 
1.246660e-01 	7.807291e-02 
1.249510e-01 	7.751794e-02 
1.252370e-01 	7.696540e-02 
1.255220e-01 	7.641529e-02 
1.258080e-01 	7.586761e-02 
1.260940e-01 	7.532235e-02 
1.263790e-01 	7.477949e-02 
1.266650e-01 	7.423904e-02 
1.269500e-01 	7.370097e-02 
1.272360e-01 	7.316527e-02 
1.275220e-01 	7.263195e-02 
1.278070e-01 	7.210098e-02 
1.280930e-01 	7.157237e-02 
1.283780e-01 	7.104613e-02 
1.286640e-01 	7.052226e-02 
1.289500e-01 	7.000077e-02 
1.292350e-01 	6.948167e-02 
1.295210e-01 	6.896497e-02 
1.298060e-01 	6.845068e-02 
1.300920e-01 	6.793880e-02 
1.303780e-01 	6.742936e-02 
1.306630e-01 	6.692235e-02 
1.309490e-01 	6.641779e-02 
1.312340e-01 	6.591568e-02 
1.315200e-01 	6.541604e-02 
1.318060e-01 	6.491886e-02 
1.320910e-01 	6.442414e-02 
1.323770e-01 	6.393189e-02 
1.326620e-01 	6.344211e-02 
1.329480e-01 	6.295479e-02 
1.332340e-01 	6.246995e-02 
1.335190e-01 	6.198758e-02 
1.338050e-01 	6.150768e-02 
1.340900e-01 	6.103025e-02 
1.343760e-01 	6.055530e-02 
1.346620e-01 	6.008283e-02 
1.349470e-01 	5.961282e-02 
1.352330e-01 	5.914527e-02 
1.355180e-01 	5.868018e-02 
1.358040e-01 	5.821754e-02 
1.360900e-01 	5.775733e-02 
1.363750e-01 	5.729957e-02 
1.366610e-01 	5.684423e-02 
1.369460e-01 	5.639132e-02 
1.372320e-01 	5.594082e-02 
1.375180e-01 	5.549274e-02 
1.378030e-01 	5.504705e-02 
1.380890e-01 	5.460377e-02 
1.383740e-01 	5.416288e-02 
1.386600e-01 	5.372438e-02 
1.389460e-01 	5.328826e-02 
1.392310e-01 	5.285453e-02 
1.395170e-01 	5.242319e-02 
1.398020e-01 	5.199423e-02 
1.400880e-01 	5.156766e-02 
1.403740e-01 	5.114348e-02 
1.406590e-01 	5.072170e-02 
1.409450e-01 	5.030231e-02 
1.412300e-01 	4.988532e-02 
1.415160e-01 	4.947073e-02 
1.418020e-01 	4.905855e-02 
1.420870e-01 	4.864877e-02 
1.423730e-01 	4.824140e-02 
1.426580e-01 	4.783644e-02 
1.429440e-01 	4.743390e-02 
1.432300e-01 	4.703378e-02 
1.435150e-01 	4.663609e-02 
1.438010e-01 	4.624082e-02 
1.440860e-01 	4.584798e-02 
1.443720e-01 	4.545757e-02 
1.446580e-01 	4.506959e-02 
1.449430e-01 	4.468402e-02 
1.452290e-01 	4.430086e-02 
1.455150e-01 	4.392011e-02 
1.458000e-01 	4.354176e-02 
1.460860e-01 	4.316580e-02 
1.463710e-01 	4.279223e-02 
1.466570e-01 	4.242103e-02 
1.469430e-01 	4.205221e-02 
1.472280e-01 	4.168575e-02 
1.475140e-01 	4.132165e-02 
1.477990e-01 	4.095990e-02 
1.480850e-01 	4.060049e-02 
1.483710e-01 	4.024342e-02 
1.486560e-01 	3.988869e-02 
1.489420e-01 	3.953628e-02 
1.492270e-01 	3.918619e-02 
1.495130e-01 	3.883842e-02 
1.497990e-01 	3.849297e-02 
1.500840e-01 	3.814984e-02 
1.503700e-01 	3.780901e-02 
1.506550e-01 	3.747048e-02 
1.509410e-01 	3.713426e-02 
1.512270e-01 	3.680034e-02 
1.515120e-01 	3.646871e-02 
1.517980e-01 	3.613938e-02 
1.520830e-01 	3.581234e-02 
1.523690e-01 	3.548758e-02 
1.526550e-01 	3.516510e-02 
1.529400e-01 	3.484491e-02 
1.532260e-01 	3.452699e-02 
1.535110e-01 	3.421134e-02 
1.537970e-01 	3.389795e-02 
1.540830e-01 	3.358684e-02 
1.543680e-01 	3.327798e-02 
1.546540e-01 	3.297139e-02 
1.549390e-01 	3.266706e-02 
1.552250e-01 	3.236499e-02 
1.555110e-01 	3.206518e-02 
1.557960e-01 	3.176762e-02 
1.560820e-01 	3.147230e-02 
1.563670e-01 	3.117921e-02 
1.566530e-01 	3.088835e-02 
1.569390e-01 	3.059970e-02 
1.572240e-01 	3.031327e-02 
1.575100e-01 	3.002902e-02 
1.577950e-01 	2.974696e-02 
1.580810e-01 	2.946708e-02 
1.583670e-01 	2.918935e-02 
1.586520e-01 	2.891378e-02 
1.589380e-01 	2.864035e-02 
1.592230e-01 	2.836906e-02 
1.595090e-01 	2.809989e-02 
1.597950e-01 	2.783284e-02 
1.600800e-01 	2.756791e-02 
1.603660e-01 	2.730508e-02 
1.606510e-01 	2.704435e-02 
1.609370e-01 	2.678571e-02 
1.612230e-01 	2.652915e-02 
1.615080e-01 	2.627467e-02 
1.617940e-01 	2.602226e-02 
1.620790e-01 	2.577190e-02 
1.623650e-01 	2.552360e-02 
1.626510e-01 	2.527734e-02 
1.629360e-01 	2.503312e-02 
1.632220e-01 	2.479092e-02 
1.635070e-01 	2.455075e-02 
1.637930e-01 	2.431259e-02 
1.640790e-01 	2.407643e-02 
1.643640e-01 	2.384226e-02 
1.646500e-01 	2.361008e-02 
1.649350e-01 	2.337989e-02 
1.652210e-01 	2.315166e-02 
1.655070e-01 	2.292540e-02 
1.657920e-01 	2.270109e-02 
1.660780e-01 	2.247873e-02 
1.663630e-01 	2.225831e-02 
1.666490e-01 	2.203982e-02 
1.669350e-01 	2.182326e-02 
1.672200e-01 	2.160861e-02 
1.675060e-01 	2.139587e-02 
1.677920e-01 	2.118503e-02 
1.680770e-01 	2.097607e-02 
1.683630e-01 	2.076900e-02 
1.686480e-01 	2.056381e-02 
1.689340e-01 	2.036049e-02 
1.692200e-01 	2.015902e-02 
1.695050e-01 	1.995940e-02 
1.697910e-01 	1.976162e-02 
1.700760e-01 	1.956566e-02 
1.703620e-01 	1.937151e-02 
1.706480e-01 	1.917916e-02 
1.709330e-01 	1.898861e-02 
1.712190e-01 	1.879984e-02 
1.715040e-01 	1.861284e-02 
1.717900e-01 	1.842760e-02 
1.720760e-01 	1.824412e-02 
1.723610e-01 	1.806237e-02 
1.726470e-01 	1.788235e-02 
1.729320e-01 	1.770406e-02 
1.732180e-01 	1.752747e-02 
1.735040e-01 	1.735259e-02 
1.737890e-01 	1.717939e-02 
1.740750e-01 	1.700787e-02 
1.743600e-01 	1.683802e-02 
1.746460e-01 	1.666982e-02 
1.749320e-01 	1.650327e-02 
1.752170e-01 	1.633836e-02 
1.755030e-01 	1.617508e-02 
1.757880e-01 	1.601341e-02 
1.760740e-01 	1.585335e-02 
1.763600e-01 	1.569488e-02 
1.766450e-01 	1.553800e-02 
1.769310e-01 	1.538269e-02 
1.772160e-01 	1.522894e-02 
1.775020e-01 	1.507675e-02 
1.777880e-01 	1.492611e-02 
1.780730e-01 	1.477699e-02 
1.783590e-01 	1.462940e-02 
1.786440e-01 	1.448332e-02 
1.789300e-01 	1.433874e-02 
1.792160e-01 	1.419565e-02 
1.795010e-01 	1.405405e-02 
1.797870e-01 	1.391391e-02 
1.800720e-01 	1.377523e-02 
1.803580e-01 	1.363801e-02 
1.806440e-01 	1.350222e-02 
1.809290e-01 	1.336786e-02 
1.812150e-01 	1.323492e-02 
1.815000e-01 	1.310339e-02 
1.817860e-01 	1.297325e-02 
1.820720e-01 	1.284450e-02 
1.823570e-01 	1.271713e-02 
1.826430e-01 	1.259113e-02 
1.829280e-01 	1.246648e-02 
1.832140e-01 	1.234318e-02 
1.835000e-01 	1.222122e-02 
1.837850e-01 	1.210059e-02 
1.840710e-01 	1.198128e-02 
1.843560e-01 	1.186328e-02 
1.846420e-01 	1.174658e-02 
1.849280e-01 	1.163118e-02 
1.852130e-01 	1.151705e-02 
1.854990e-01 	1.140420e-02 
1.857840e-01 	1.129261e-02 
1.860700e-01 	1.118228e-02 
1.863560e-01 	1.107318e-02 
1.866410e-01 	1.096532e-02 
1.869270e-01 	1.085868e-02 
1.872120e-01 	1.075325e-02 
1.874980e-01 	1.064903e-02 
1.877840e-01 	1.054600e-02 
1.880690e-01 	1.044415e-02 
1.883550e-01 	1.034347e-02 
1.886400e-01 	1.024396e-02 
1.889260e-01 	1.014561e-02 
1.892120e-01 	1.004839e-02 
1.894970e-01 	9.952312e-03 
1.897830e-01 	9.857355e-03 
1.900690e-01 	9.763513e-03 
1.903540e-01 	9.670775e-03 
1.906400e-01 	9.579131e-03 
1.909250e-01 	9.488572e-03 
1.912110e-01 	9.399087e-03 
1.914970e-01 	9.310666e-03 
1.917820e-01 	9.223301e-03 
1.920680e-01 	9.136981e-03 
1.923530e-01 	9.051696e-03 
1.926390e-01 	8.967438e-03 
1.929250e-01 	8.884196e-03 
1.932100e-01 	8.801960e-03 
1.934960e-01 	8.720723e-03 
1.937810e-01 	8.640473e-03 
1.940670e-01 	8.561201e-03 
1.943530e-01 	8.482898e-03 
1.946380e-01 	8.405554e-03 
1.949240e-01 	8.329158e-03 
1.952090e-01 	8.253701e-03 
1.954950e-01 	8.179173e-03 
1.957810e-01 	8.105563e-03 
1.960660e-01 	8.032865e-03 
1.963520e-01 	7.961067e-03 
1.966370e-01 	7.890161e-03 
1.969230e-01 	7.820139e-03 
1.972090e-01 	7.750991e-03 
1.974940e-01 	7.682710e-03 
1.977800e-01 	7.615290e-03 
1.980650e-01 	7.548724e-03 
1.983510e-01 	7.483005e-03 
1.986370e-01 	7.418125e-03 
1.989220e-01 	7.354077e-03 
1.992080e-01 	7.290854e-03 
1.994930e-01 	7.228449e-03 
1.997790e-01 	7.166853e-03 
2.000650e-01 	7.106059e-03 
2.003500e-01 	7.046060e-03 
2.006360e-01 	6.986849e-03 
2.009210e-01 	6.928416e-03 
2.012070e-01 	6.870755e-03 
2.014930e-01 	6.813858e-03 
2.017780e-01 	6.757718e-03 
2.020640e-01 	6.702326e-03 
2.023490e-01 	6.647676e-03 
2.026350e-01 	6.593759e-03 
2.029210e-01 	6.540569e-03 
2.032060e-01 	6.488097e-03 
2.034920e-01 	6.436337e-03 
2.037770e-01 	6.385280e-03 
2.040630e-01 	6.334920e-03 
2.043490e-01 	6.285249e-03 
2.046340e-01 	6.236259e-03 
2.049200e-01 	6.187944e-03 
2.052050e-01 	6.140297e-03 
2.054910e-01 	6.093310e-03 
2.057770e-01 	6.046977e-03 
2.060620e-01 	6.001289e-03 
2.063480e-01 	5.956240e-03 
2.066330e-01 	5.911823e-03 
2.069190e-01 	5.868031e-03 
2.072050e-01 	5.824857e-03 
2.074900e-01 	5.782293e-03 
2.077760e-01 	5.740333e-03 
2.080610e-01 	5.698969e-03 
2.083470e-01 	5.658195e-03 
2.086330e-01 	5.618002e-03 
2.089180e-01 	5.578386e-03 
2.092040e-01 	5.539337e-03 
2.094890e-01 	5.500850e-03 
2.097750e-01 	5.462917e-03 
2.100610e-01 	5.425531e-03 
2.103460e-01 	5.388686e-03 
2.106320e-01 	5.352373e-03 
2.109170e-01 	5.316587e-03 
2.112030e-01 	5.281320e-03 
2.114890e-01 	5.246570e-03 
2.117740e-01 	5.212329e-03 
2.120600e-01 	5.178593e-03 
2.123450e-01 	5.145356e-03 
2.126310e-01 	5.112614e-03 
2.129170e-01 	5.080362e-03 
2.132020e-01 	5.048593e-03 
2.134880e-01 	5.017303e-03 
2.137740e-01 	4.986486e-03 
2.140590e-01 	4.956139e-03 
2.143450e-01 	4.926254e-03 
2.146300e-01 	4.896828e-03 
2.149160e-01 	4.867856e-03 
2.152020e-01 	4.839332e-03 
2.154870e-01 	4.811252e-03 
2.157730e-01 	4.783610e-03 
2.160580e-01 	4.756402e-03 
2.163440e-01 	4.729624e-03 
2.166300e-01 	4.703270e-03 
2.169150e-01 	4.677335e-03 
2.172010e-01 	4.651814e-03 
2.174860e-01 	4.626704e-03 
2.177720e-01 	4.601998e-03 
2.180580e-01 	4.577693e-03 
2.183430e-01 	4.553783e-03 
2.186290e-01 	4.530265e-03 
2.189140e-01 	4.507133e-03 
2.192000e-01 	4.484384e-03 
2.194860e-01 	4.462013e-03 
2.197710e-01 	4.440015e-03 
2.200570e-01 	4.418387e-03 
2.203420e-01 	4.397123e-03 
2.206280e-01 	4.376220e-03 
2.209140e-01 	4.355672e-03 
2.211990e-01 	4.335477e-03 
2.214850e-01 	4.315628e-03 
2.217700e-01 	4.296123e-03 
2.220560e-01 	4.276957e-03 
2.223420e-01 	4.258125e-03 
2.226270e-01 	4.239624e-03 
2.229130e-01 	4.221450e-03 
2.231980e-01 	4.203597e-03 
2.234840e-01 	4.186063e-03 
2.237700e-01 	4.168842e-03 
2.240550e-01 	4.151930e-03 
2.243410e-01 	4.135325e-03 
2.246260e-01 	4.119020e-03 
2.249120e-01 	4.103012e-03 
2.251980e-01 	4.087299e-03 
2.254830e-01 	4.071876e-03 
2.257690e-01 	4.056740e-03 
2.260540e-01 	4.041888e-03 
2.263400e-01 	4.027317e-03 
2.266260e-01 	4.013023e-03 
2.269110e-01 	3.999002e-03 
2.271970e-01 	3.985252e-03 
2.274820e-01 	3.971769e-03 
2.277680e-01 	3.958551e-03 
2.280540e-01 	3.945592e-03 
2.283390e-01 	3.932891e-03 
2.286250e-01 	3.920443e-03 
2.289100e-01 	3.908246e-03 
2.291960e-01 	3.896296e-03 
2.294820e-01 	3.884590e-03 
2.297670e-01 	3.873127e-03 
2.300530e-01 	3.861902e-03 
2.303380e-01 	3.850913e-03 
2.306240e-01 	3.840158e-03 
2.309100e-01 	3.829633e-03 
2.311950e-01 	3.819337e-03 
2.314810e-01 	3.809267e-03 
2.317660e-01 	3.799420e-03 
2.320520e-01 	3.789793e-03 
2.323380e-01 	3.780384e-03 
2.326230e-01 	3.771191e-03 
2.329090e-01 	3.762210e-03 
2.331940e-01 	3.753439e-03 
2.334800e-01 	3.744876e-03 
2.337660e-01 	3.736517e-03 
2.340510e-01 	3.728361e-03 
2.343370e-01 	3.720405e-03 
2.346230e-01 	3.712647e-03 
2.349080e-01 	3.705085e-03 
2.351940e-01 	3.697717e-03 
2.354790e-01 	3.690541e-03 
2.357650e-01 	3.683555e-03 
2.360510e-01 	3.676756e-03 
2.363360e-01 	3.670143e-03 
2.366220e-01 	3.663713e-03 
2.369070e-01 	3.657465e-03 
2.371930e-01 	3.651396e-03 
2.374790e-01 	3.645505e-03 
2.377640e-01 	3.639788e-03 
2.380500e-01 	3.634245e-03 
2.383350e-01 	3.628872e-03 
2.386210e-01 	3.623669e-03 
2.389070e-01 	3.618633e-03 
2.391920e-01 	3.613762e-03 
2.394780e-01 	3.609055e-03 
2.397630e-01 	3.604510e-03 
2.400490e-01 	3.600125e-03 
2.403350e-01 	3.595898e-03 
2.406200e-01 	3.591829e-03 
2.409060e-01 	3.587914e-03 
2.411910e-01 	3.584152e-03 
2.414770e-01 	3.580542e-03 
2.417630e-01 	3.577081e-03 
2.420480e-01 	3.573769e-03 
2.423340e-01 	3.570602e-03 
2.426190e-01 	3.567580e-03 
2.429050e-01 	3.564701e-03 
2.431910e-01 	3.561962e-03 
2.434760e-01 	3.559363e-03 
2.437620e-01 	3.556900e-03 
2.440470e-01 	3.554574e-03 
2.443330e-01 	3.552381e-03 
2.446190e-01 	3.550321e-03 
2.449040e-01 	3.548392e-03 
2.451900e-01 	3.546592e-03 
2.454750e-01 	3.544921e-03 
2.457610e-01 	3.543377e-03 
2.460470e-01 	3.541959e-03 
2.463320e-01 	3.540664e-03 
2.466180e-01 	3.539492e-03 
2.469030e-01 	3.538441e-03 
2.471890e-01 	3.537511e-03 
2.474750e-01 	3.536699e-03 
2.477600e-01 	3.536006e-03 
2.480460e-01 	3.535429e-03 
2.483310e-01 	3.534967e-03 
2.486170e-01 	3.534621e-03 
2.489030e-01 	3.534387e-03 
2.491880e-01 	3.534266e-03 
2.494740e-01 	3.534256e-03 
2.497590e-01 	3.534357e-03 
2.500450e-01 	3.534567e-03 
2.503310e-01 	3.534885e-03 
2.506160e-01 	3.535311e-03 
2.509020e-01 	3.535843e-03 
2.511870e-01 	3.536480e-03 
2.514730e-01 	3.537221e-03 
2.517590e-01 	3.538066e-03 
2.520440e-01 	3.539012e-03 
2.523300e-01 	3.540060e-03 
2.526150e-01 	3.541208e-03 
2.529010e-01 	3.542456e-03 
2.531870e-01 	3.543802e-03 
2.534720e-01 	3.545247e-03 
2.537580e-01 	3.546788e-03 
2.540430e-01 	3.548426e-03 
2.543290e-01 	3.550159e-03 
2.546150e-01 	3.551987e-03 
2.549000e-01 	3.553909e-03 
2.551860e-01 	3.555924e-03 
2.554710e-01 	3.558032e-03 
2.557570e-01 	3.560231e-03 
2.560430e-01 	3.562521e-03 
2.563280e-01 	3.564900e-03 
2.566140e-01 	3.567369e-03 
2.568990e-01 	3.569926e-03 
2.571850e-01 	3.572571e-03 
2.574710e-01 	3.575302e-03 
2.577560e-01 	3.578119e-03 
2.580420e-01 	3.581021e-03 
2.583280e-01 	3.584007e-03 
2.586130e-01 	3.587077e-03 
2.588990e-01 	3.590229e-03 
2.591840e-01 	3.593464e-03 
2.594700e-01 	3.596779e-03 
2.597560e-01 	3.600175e-03 
2.600410e-01 	3.603650e-03 
2.603270e-01 	3.607203e-03 
2.606120e-01 	3.610835e-03 
2.608980e-01 	3.614543e-03 
2.611840e-01 	3.618328e-03 
2.614690e-01 	3.622188e-03 
2.617550e-01 	3.626124e-03 
2.620400e-01 	3.630133e-03 
2.623260e-01 	3.634216e-03 
2.626120e-01 	3.638371e-03 
2.628970e-01 	3.642598e-03 
2.631830e-01 	3.646896e-03 
2.634680e-01 	3.651265e-03 
2.637540e-01 	3.655703e-03 
2.640400e-01 	3.660210e-03 
2.643250e-01 	3.664784e-03 
2.646110e-01 	3.669426e-03 
2.648960e-01 	3.674135e-03 
2.651820e-01 	3.678909e-03 
2.654680e-01 	3.683748e-03 
2.657530e-01 	3.688652e-03 
2.660390e-01 	3.693618e-03 
2.663240e-01 	3.698648e-03 
2.666100e-01 	3.703740e-03 
2.668960e-01 	3.708893e-03 
2.671810e-01 	3.714108e-03 
2.674670e-01 	3.719384e-03 
2.677520e-01 	3.724720e-03 
2.680380e-01 	3.730115e-03 
2.683240e-01 	3.735570e-03 
2.686090e-01 	3.741084e-03 
2.688950e-01 	3.746655e-03 
2.691800e-01 	3.752285e-03 
2.694660e-01 	3.757972e-03 
2.697520e-01 	3.763715e-03 
2.700370e-01 	3.769515e-03 
2.703230e-01 	3.775371e-03 
2.706080e-01 	3.781281e-03 
2.708940e-01 	3.787247e-03 
2.711800e-01 	3.793267e-03 
2.714650e-01 	3.799341e-03 
2.717510e-01 	3.805468e-03 
2.720360e-01 	3.811647e-03 
2.723220e-01 	3.817879e-03 
2.726080e-01 	3.824163e-03 
2.728930e-01 	3.830497e-03 
2.731790e-01 	3.836882e-03 
2.734640e-01 	3.843317e-03 
2.737500e-01 	3.849801e-03 
2.740360e-01 	3.856333e-03 
2.743210e-01 	3.862912e-03 
2.746070e-01 	3.869539e-03 
2.748920e-01 	3.876212e-03 
2.751780e-01 	3.882930e-03 
2.754640e-01 	3.889692e-03 
2.757490e-01 	3.896498e-03 
2.760350e-01 	3.903347e-03 
2.763200e-01 	3.910239e-03 
2.766060e-01 	3.917171e-03 
2.768920e-01 	3.924145e-03 
2.771770e-01 	3.931158e-03 
2.774630e-01 	3.938210e-03 
2.777480e-01 	3.945300e-03 
2.780340e-01 	3.952428e-03 
2.783200e-01 	3.959592e-03 
2.786050e-01 	3.966793e-03 
2.788910e-01 	3.974029e-03 
2.791760e-01 	3.981300e-03 
2.794620e-01 	3.988605e-03 
2.797480e-01 	3.995943e-03 
2.800330e-01 	4.003314e-03 
2.803190e-01 	4.010717e-03 
2.806050e-01 	4.018151e-03 
2.808900e-01 	4.025616e-03 
2.811760e-01 	4.033111e-03 
2.814610e-01 	4.040635e-03 
2.817470e-01 	4.048188e-03 
2.820330e-01 	4.055769e-03 
2.823180e-01 	4.063377e-03 
2.826040e-01 	4.071013e-03 
2.828890e-01 	4.078674e-03 
2.831750e-01 	4.086361e-03 
2.834610e-01 	4.094073e-03 
2.837460e-01 	4.101808e-03 
2.840320e-01 	4.109567e-03 
2.843170e-01 	4.117348e-03 
2.846030e-01 	4.125151e-03 
2.848890e-01 	4.132976e-03 
2.851740e-01 	4.140820e-03 
2.854600e-01 	4.148684e-03 
2.857450e-01 	4.156568e-03 
2.860310e-01 	4.164469e-03 
2.863170e-01 	4.172388e-03 
2.866020e-01 	4.180324e-03 
2.868880e-01 	4.188275e-03 
2.871730e-01 	4.196242e-03 
2.874590e-01 	4.204224e-03 
2.877450e-01 	4.212220e-03 
2.880300e-01 	4.220229e-03 
2.883160e-01 	4.228250e-03 
2.886010e-01 	4.236284e-03 
2.888870e-01 	4.244328e-03 
2.891730e-01 	4.252383e-03 
2.894580e-01 	4.260448e-03 
2.897440e-01 	4.268521e-03 
2.900290e-01 	4.276603e-03 
2.903150e-01 	4.284692e-03 
2.906010e-01 	4.292788e-03 
2.908860e-01 	4.300889e-03 
2.911720e-01 	4.308995e-03 
2.914570e-01 	4.317106e-03 
2.917430e-01 	4.325219e-03 
2.920290e-01 	4.333336e-03 
2.923140e-01 	4.341453e-03 
2.926000e-01 	4.349572e-03 
2.928850e-01 	4.357691e-03 
2.931710e-01 	4.365810e-03 
2.934570e-01 	4.373926e-03 
2.937420e-01 	4.382041e-03 
2.940280e-01 	4.390152e-03 
2.943130e-01 	4.398260e-03 
2.945990e-01 	4.406362e-03 
2.948850e-01 	4.414459e-03 
2.951700e-01 	4.422549e-03 
2.954560e-01 	4.430631e-03 
2.957410e-01 	4.438705e-03 
2.960270e-01 	4.446770e-03 
2.963130e-01 	4.454823e-03 
2.965980e-01 	4.462866e-03 
2.968840e-01 	4.470897e-03 
2.971690e-01 	4.478914e-03 
2.974550e-01 	4.486917e-03 
2.977410e-01 	4.494906e-03 
2.980260e-01 	4.502878e-03 
2.983120e-01 	4.510834e-03 
2.985970e-01 	4.518773e-03 
2.988830e-01 	4.526693e-03 
2.991690e-01 	4.534595e-03 
2.994540e-01 	4.542476e-03 
2.997400e-01 	4.550337e-03 
3.000250e-01 	4.558176e-03 
3.003110e-01 	4.565992e-03 
3.005970e-01 	4.573786e-03 
3.008820e-01 	4.581555e-03 
3.011680e-01 	4.589299e-03 
3.014530e-01 	4.597018e-03 
3.017390e-01 	4.604710e-03 
3.020250e-01 	4.612374e-03 
3.023100e-01 	4.620010e-03 
3.025960e-01 	4.627617e-03 
3.028820e-01 	4.635194e-03 
3.031670e-01 	4.642739e-03 
3.034530e-01 	4.650253e-03 
3.037380e-01 	4.657733e-03 
3.040240e-01 	4.665180e-03 
3.043100e-01 	4.672592e-03 
3.045950e-01 	4.679968e-03 
3.048810e-01 	4.687309e-03 
3.051660e-01 	4.694611e-03 
3.054520e-01 	4.701877e-03 
3.057380e-01 	4.709103e-03 
3.060230e-01 	4.716290e-03 
3.063090e-01 	4.723436e-03 
3.065940e-01 	4.730542e-03 
3.068800e-01 	4.737605e-03 
3.071660e-01 	4.744626e-03 
3.074510e-01 	4.751604e-03 
3.077370e-01 	4.758537e-03 
3.080220e-01 	4.765425e-03 
3.083080e-01 	4.772267e-03 
3.085940e-01 	4.779063e-03 
3.088790e-01 	4.785812e-03 
3.091650e-01 	4.792512e-03 
3.094500e-01 	4.799164e-03 
3.097360e-01 	4.805766e-03 
3.100220e-01 	4.812319e-03 
3.103070e-01 	4.818820e-03 
3.105930e-01 	4.825269e-03 
3.108780e-01 	4.831667e-03 
3.111640e-01 	4.838011e-03 
3.114500e-01 	4.844301e-03 
3.117350e-01 	4.850537e-03 
3.120210e-01 	4.856719e-03 
3.123060e-01 	4.862844e-03 
3.125920e-01 	4.868914e-03 
3.128780e-01 	4.874927e-03 
3.131630e-01 	4.880883e-03 
3.134490e-01 	4.886780e-03 
3.137340e-01 	4.892620e-03 
3.140200e-01 	4.898400e-03 
3.143060e-01 	4.904120e-03 
3.145910e-01 	4.909780e-03 
3.148770e-01 	4.915380e-03 
3.151620e-01 	4.920917e-03 
3.154480e-01 	4.926393e-03 
3.157340e-01 	4.931806e-03 
3.160190e-01 	4.937156e-03 
3.163050e-01 	4.942443e-03 
3.165900e-01 	4.947665e-03 
3.168760e-01 	4.952822e-03 
3.171620e-01 	4.957914e-03 
3.174470e-01 	4.962940e-03 
3.177330e-01 	4.967899e-03 
3.180180e-01 	4.972792e-03 
3.183040e-01 	4.977617e-03 
3.185900e-01 	4.982374e-03 
3.188750e-01 	4.987063e-03 
3.191610e-01 	4.991682e-03 
3.194460e-01 	4.996232e-03 
3.197320e-01 	5.000712e-03 
3.200180e-01 	5.005121e-03 
3.203030e-01 	5.009459e-03 
3.205890e-01 	5.013725e-03 
3.208740e-01 	5.017918e-03 
3.211600e-01 	5.022039e-03 
3.214460e-01 	5.026086e-03 
3.217310e-01 	5.030059e-03 
3.220170e-01 	5.033958e-03 
3.223020e-01 	5.037780e-03 
3.225880e-01 	5.041527e-03 
3.228740e-01 	5.045196e-03 
3.231590e-01 	5.048787e-03 
3.234450e-01 	5.052299e-03 
3.237300e-01 	5.055731e-03 
3.240160e-01 	5.059082e-03 
3.243020e-01 	5.062352e-03 
3.245870e-01 	5.065539e-03 
3.248730e-01 	5.068642e-03 
3.251590e-01 	5.071661e-03 
3.254440e-01 	5.074594e-03 
3.257300e-01 	5.077441e-03 
3.260150e-01 	5.080199e-03 
3.263010e-01 	5.082870e-03 
3.265870e-01 	5.085450e-03 
3.268720e-01 	5.087940e-03 
3.271580e-01 	5.090338e-03 
3.274430e-01 	5.092643e-03 
3.277290e-01 	5.094854e-03 
3.280150e-01 	5.096970e-03 
3.283000e-01 	5.098990e-03 
3.285860e-01 	5.100913e-03 
3.288710e-01 	5.102738e-03 
3.291570e-01 	5.104463e-03 
3.294430e-01 	5.106088e-03 
3.297280e-01 	5.107611e-03 
3.300140e-01 	5.109032e-03 
3.302990e-01 	5.110349e-03 
3.305850e-01 	5.111560e-03 
3.308710e-01 	5.112666e-03 
3.311560e-01 	5.113665e-03 
3.314420e-01 	5.114556e-03 
3.317270e-01 	5.115337e-03 
3.320130e-01 	5.116008e-03 
3.322990e-01 	5.116567e-03 
3.325840e-01 	5.117014e-03 
3.328700e-01 	5.117347e-03 
3.331550e-01 	5.117565e-03 
3.334410e-01 	5.117668e-03 
3.337270e-01 	5.117653e-03 
3.340120e-01 	5.117520e-03 
3.342980e-01 	5.117268e-03 
3.345830e-01 	5.116895e-03 
3.348690e-01 	5.116402e-03 
3.351550e-01 	5.115788e-03 
3.354400e-01 	5.115052e-03 
3.357260e-01 	5.114195e-03 
3.360110e-01 	5.113217e-03 
3.362970e-01 	5.112120e-03 
3.365830e-01 	5.110904e-03 
3.368680e-01 	5.109571e-03 
3.371540e-01 	5.108124e-03 
3.374390e-01 	5.106564e-03 
3.377250e-01 	5.104893e-03 
3.380110e-01 	5.103113e-03 
3.382960e-01 	5.101228e-03 
3.385820e-01 	5.099238e-03 
3.388670e-01 	5.097148e-03 
3.391530e-01 	5.094959e-03 
3.394390e-01 	5.092674e-03 
3.397240e-01 	5.090296e-03 
3.400100e-01 	5.087827e-03 
3.402950e-01 	5.085271e-03 
3.405810e-01 	5.082630e-03 
3.408670e-01 	5.079906e-03 
3.411520e-01 	5.077103e-03 
3.414380e-01 	5.074223e-03 
3.417230e-01 	5.071269e-03 
3.420090e-01 	5.068244e-03 
3.422950e-01 	5.065150e-03 
3.425800e-01 	5.061990e-03 
3.428660e-01 	5.058767e-03 
3.431510e-01 	5.055483e-03 
3.434370e-01 	5.052142e-03 
3.437230e-01 	5.048745e-03 
3.440080e-01 	5.045297e-03 
3.442940e-01 	5.041799e-03 
3.445790e-01 	5.038254e-03 
3.448650e-01 	5.034665e-03 
3.451510e-01 	5.031035e-03 
3.454360e-01 	5.027367e-03 
3.457220e-01 	5.023662e-03 
3.460070e-01 	5.019924e-03 
3.462930e-01 	5.016156e-03 
3.465790e-01 	5.012361e-03 
3.468640e-01 	5.008540e-03 
3.471500e-01 	5.004697e-03 
3.474360e-01 	5.000835e-03 
3.477210e-01 	4.996956e-03 
3.480070e-01 	4.993064e-03 
3.482920e-01 	4.989160e-03 
3.485780e-01 	4.985247e-03 
3.488640e-01 	4.981329e-03 
3.491490e-01 	4.977408e-03 
