#q 	 Ifit_avg 
2.999000e-03 	1.000000e+00 
3.284000e-03 	9.983963e-01 
3.570000e-03 	9.967911e-01 
3.856000e-03 	9.951827e-01 
4.141000e-03 	9.935694e-01 
4.427000e-03 	9.919497e-01 
4.712000e-03 	9.903220e-01 
4.998000e-03 	9.886846e-01 
5.284000e-03 	9.870360e-01 
5.569000e-03 	9.853744e-01 
5.855000e-03 	9.836983e-01 
6.140000e-03 	9.820061e-01 
6.426000e-03 	9.802961e-01 
6.712000e-03 	9.785667e-01 
6.997000e-03 	9.768163e-01 
7.283000e-03 	9.750434e-01 
7.568000e-03 	9.732462e-01 
7.854000e-03 	9.714232e-01 
8.140000e-03 	9.695727e-01 
8.425000e-03 	9.676931e-01 
8.711000e-03 	9.657828e-01 
8.996000e-03 	9.638402e-01 
9.282000e-03 	9.618637e-01 
9.568000e-03 	9.598516e-01 
9.853000e-03 	9.578023e-01 
1.013900e-02 	9.557143e-01 
1.042400e-02 	9.535858e-01 
1.071000e-02 	9.514153e-01 
1.099600e-02 	9.492012e-01 
1.128100e-02 	9.469418e-01 
1.156700e-02 	9.446356e-01 
1.185300e-02 	9.422809e-01 
1.213800e-02 	9.398763e-01 
1.242400e-02 	9.374202e-01 
1.270900e-02 	9.349110e-01 
1.299500e-02 	9.323474e-01 
1.328100e-02 	9.297279e-01 
1.356600e-02 	9.270512e-01 
1.385200e-02 	9.243163e-01 
1.413700e-02 	9.215220e-01 
1.442300e-02 	9.186674e-01 
1.470900e-02 	9.157518e-01 
1.499400e-02 	9.127748e-01 
1.528000e-02 	9.097358e-01 
1.556500e-02 	9.066349e-01 
1.585100e-02 	9.034722e-01 
1.613700e-02 	9.002479e-01 
1.642200e-02 	8.969628e-01 
1.670800e-02 	8.936180e-01 
1.699300e-02 	8.902144e-01 
1.727900e-02 	8.867532e-01 
1.756500e-02 	8.832360e-01 
1.785000e-02 	8.796642e-01 
1.813600e-02 	8.760394e-01 
1.842100e-02 	8.723629e-01 
1.870700e-02 	8.686363e-01 
1.899300e-02 	8.648610e-01 
1.927800e-02 	8.610386e-01 
1.956400e-02 	8.571706e-01 
1.984900e-02 	8.532583e-01 
2.013500e-02 	8.493033e-01 
2.042100e-02 	8.453071e-01 
2.070600e-02 	8.412710e-01 
2.099200e-02 	8.371966e-01 
2.127700e-02 	8.330854e-01 
2.156300e-02 	8.289387e-01 
2.184900e-02 	8.247581e-01 
2.213400e-02 	8.205449e-01 
2.242000e-02 	8.163006e-01 
2.270500e-02 	8.120266e-01 
2.299100e-02 	8.077244e-01 
2.327700e-02 	8.033952e-01 
2.356200e-02 	7.990405e-01 
2.384800e-02 	7.946617e-01 
2.413300e-02 	7.902601e-01 
2.441900e-02 	7.858369e-01 
2.470500e-02 	7.813936e-01 
2.499000e-02 	7.769313e-01 
2.527600e-02 	7.724514e-01 
2.556100e-02 	7.679551e-01 
2.584700e-02 	7.634435e-01 
2.613300e-02 	7.589178e-01 
2.641800e-02 	7.543792e-01 
2.670400e-02 	7.498288e-01 
2.698900e-02 	7.452676e-01 
2.727500e-02 	7.406969e-01 
2.756100e-02 	7.361174e-01 
2.784600e-02 	7.315303e-01 
2.813200e-02 	7.269364e-01 
2.841700e-02 	7.223368e-01 
2.870300e-02 	7.177323e-01 
2.898900e-02 	7.131239e-01 
2.927400e-02 	7.085123e-01 
2.956000e-02 	7.038983e-01 
2.984500e-02 	6.992824e-01 
3.013100e-02 	6.946656e-01 
3.041700e-02 	6.900484e-01 
3.070200e-02 	6.854315e-01 
3.098800e-02 	6.808158e-01 
3.127300e-02 	6.762017e-01 
3.155900e-02 	6.715899e-01 
3.184500e-02 	6.669809e-01 
3.213000e-02 	6.623754e-01 
3.241600e-02 	6.577738e-01 
3.270100e-02 	6.531768e-01 
3.298700e-02 	6.485850e-01 
3.327300e-02 	6.439989e-01 
3.355800e-02 	6.394191e-01 
3.384400e-02 	6.348460e-01 
3.413000e-02 	6.302804e-01 
3.441500e-02 	6.257226e-01 
3.470100e-02 	6.211734e-01 
3.498600e-02 	6.166331e-01 
3.527200e-02 	6.121023e-01 
3.555800e-02 	6.075816e-01 
3.584300e-02 	6.030713e-01 
3.612900e-02 	5.985721e-01 
3.641400e-02 	5.940844e-01 
3.670000e-02 	5.896088e-01 
3.698600e-02 	5.851456e-01 
3.727100e-02 	5.806954e-01 
3.755700e-02 	5.762587e-01 
3.784200e-02 	5.718357e-01 
3.812800e-02 	5.674271e-01 
3.841400e-02 	5.630333e-01 
3.869900e-02 	5.586546e-01 
3.898500e-02 	5.542916e-01 
3.927000e-02 	5.499446e-01 
3.955600e-02 	5.456141e-01 
3.984200e-02 	5.413004e-01 
4.012700e-02 	5.370039e-01 
4.041300e-02 	5.327250e-01 
4.069800e-02 	5.284640e-01 
4.098400e-02 	5.242214e-01 
4.127000e-02 	5.199975e-01 
4.155500e-02 	5.157927e-01 
4.184100e-02 	5.116073e-01 
4.212600e-02 	5.074416e-01 
4.241200e-02 	5.032960e-01 
4.269800e-02 	4.991708e-01 
4.298300e-02 	4.950662e-01 
4.326900e-02 	4.909826e-01 
4.355400e-02 	4.869203e-01 
4.384000e-02 	4.828795e-01 
4.412600e-02 	4.788605e-01 
4.441100e-02 	4.748636e-01 
4.469700e-02 	4.708891e-01 
4.498200e-02 	4.669373e-01 
4.526800e-02 	4.630085e-01 
4.555400e-02 	4.591028e-01 
4.583900e-02 	4.552205e-01 
4.612500e-02 	4.513618e-01 
4.641000e-02 	4.475270e-01 
4.669600e-02 	4.437163e-01 
4.698200e-02 	4.399298e-01 
4.726700e-02 	4.361679e-01 
4.755300e-02 	4.324307e-01 
4.783800e-02 	4.287185e-01 
4.812400e-02 	4.250315e-01 
4.841000e-02 	4.213698e-01 
4.869500e-02 	4.177335e-01 
4.898100e-02 	4.141228e-01 
4.926600e-02 	4.105379e-01 
4.955200e-02 	4.069789e-01 
4.983800e-02 	4.034459e-01 
5.012300e-02 	3.999392e-01 
5.040900e-02 	3.964588e-01 
5.069400e-02 	3.930050e-01 
5.098000e-02 	3.895778e-01 
5.126600e-02 	3.861773e-01 
5.155100e-02 	3.828037e-01 
5.183700e-02 	3.794569e-01 
5.212200e-02 	3.761371e-01 
5.240800e-02 	3.728442e-01 
5.269400e-02 	3.695783e-01 
5.297900e-02 	3.663396e-01 
5.326500e-02 	3.631279e-01 
5.355000e-02 	3.599435e-01 
5.383600e-02 	3.567863e-01 
5.412200e-02 	3.536565e-01 
5.440700e-02 	3.505540e-01 
5.469300e-02 	3.474788e-01 
5.497800e-02 	3.444310e-01 
5.526400e-02 	3.414104e-01 
5.555000e-02 	3.384168e-01 
5.583500e-02 	3.354503e-01 
5.612100e-02 	3.325108e-01 
5.640700e-02 	3.295981e-01 
5.669200e-02 	3.267121e-01 
5.697800e-02 	3.238529e-01 
5.726300e-02 	3.210202e-01 
5.754900e-02 	3.182141e-01 
5.783500e-02 	3.154344e-01 
5.812000e-02 	3.126810e-01 
5.840600e-02 	3.099539e-01 
5.869100e-02 	3.072530e-01 
5.897700e-02 	3.045780e-01 
5.926300e-02 	3.019290e-01 
5.954800e-02 	2.993056e-01 
5.983400e-02 	2.967078e-01 
6.011900e-02 	2.941353e-01 
6.040500e-02 	2.915881e-01 
6.069100e-02 	2.890659e-01 
6.097600e-02 	2.865686e-01 
6.126200e-02 	2.840961e-01 
6.154700e-02 	2.816481e-01 
6.183300e-02 	2.792246e-01 
6.211900e-02 	2.768253e-01 
6.240400e-02 	2.744501e-01 
6.269000e-02 	2.720989e-01 
6.297500e-02 	2.697714e-01 
6.326100e-02 	2.674676e-01 
6.354700e-02 	2.651873e-01 
6.383200e-02 	2.629303e-01 
6.411800e-02 	2.606963e-01 
6.440300e-02 	2.584853e-01 
6.468900e-02 	2.562971e-01 
6.497500e-02 	2.541315e-01 
6.526000e-02 	2.519883e-01 
6.554600e-02 	2.498673e-01 
6.583100e-02 	2.477685e-01 
6.611700e-02 	2.456915e-01 
6.640300e-02 	2.436363e-01 
6.668800e-02 	2.416028e-01 
6.697400e-02 	2.395907e-01 
6.725900e-02 	2.375999e-01 
6.754500e-02 	2.356302e-01 
6.783100e-02 	2.336815e-01 
6.811600e-02 	2.317534e-01 
6.840200e-02 	2.298459e-01 
6.868700e-02 	2.279586e-01 
6.897300e-02 	2.260914e-01 
6.925900e-02 	2.242440e-01 
6.954400e-02 	2.224163e-01 
6.983000e-02 	2.206080e-01 
7.011500e-02 	2.188189e-01 
7.040100e-02 	2.170488e-01 
7.068700e-02 	2.152976e-01 
7.097200e-02 	2.135650e-01 
7.125800e-02 	2.118509e-01 
7.154300e-02 	2.101551e-01 
7.182900e-02 	2.084774e-01 
7.211500e-02 	2.068176e-01 
7.240000e-02 	2.051756e-01 
7.268600e-02 	2.035510e-01 
7.297100e-02 	2.019438e-01 
7.325700e-02 	2.003537e-01 
7.354300e-02 	1.987805e-01 
7.382800e-02 	1.972240e-01 
7.411400e-02 	1.956839e-01 
7.439900e-02 	1.941601e-01 
7.468500e-02 	1.926523e-01 
7.497100e-02 	1.911603e-01 
7.525600e-02 	1.896839e-01 
7.554200e-02 	1.882229e-01 
7.582700e-02 	1.867772e-01 
7.611300e-02 	1.853465e-01 
7.639900e-02 	1.839306e-01 
7.668400e-02 	1.825294e-01 
7.697000e-02 	1.811427e-01 
7.725500e-02 	1.797702e-01 
7.754100e-02 	1.784118e-01 
7.782700e-02 	1.770674e-01 
7.811200e-02 	1.757368e-01 
7.839800e-02 	1.744197e-01 
7.868400e-02 	1.731161e-01 
7.896900e-02 	1.718257e-01 
7.925500e-02 	1.705484e-01 
7.954000e-02 	1.692839e-01 
7.982600e-02 	1.680323e-01 
8.011200e-02 	1.667931e-01 
8.039700e-02 	1.655663e-01 
8.068300e-02 	1.643518e-01 
8.096800e-02 	1.631492e-01 
8.125400e-02 	1.619585e-01 
8.154000e-02 	1.607794e-01 
8.182500e-02 	1.596119e-01 
8.211100e-02 	1.584558e-01 
8.239600e-02 	1.573109e-01 
8.268200e-02 	1.561771e-01 
8.296800e-02 	1.550543e-01 
8.325300e-02 	1.539423e-01 
8.353900e-02 	1.528409e-01 
8.382400e-02 	1.517501e-01 
8.411000e-02 	1.506697e-01 
8.439600e-02 	1.495995e-01 
8.468100e-02 	1.485394e-01 
8.496700e-02 	1.474893e-01 
8.525200e-02 	1.464490e-01 
8.553800e-02 	1.454183e-01 
8.582400e-02 	1.443972e-01 
8.610900e-02 	1.433854e-01 
8.639500e-02 	1.423829e-01 
8.668000e-02 	1.413894e-01 
8.696600e-02 	1.404049e-01 
8.725200e-02 	1.394292e-01 
8.753700e-02 	1.384622e-01 
8.782300e-02 	1.375037e-01 
8.810800e-02 	1.365537e-01 
8.839400e-02 	1.356120e-01 
8.868000e-02 	1.346786e-01 
8.896500e-02 	1.337532e-01 
8.925100e-02 	1.328358e-01 
8.953600e-02 	1.319263e-01 
8.982200e-02 	1.310245e-01 
9.010800e-02 	1.301303e-01 
9.039300e-02 	1.292436e-01 
9.067900e-02 	1.283643e-01 
9.096400e-02 	1.274923e-01 
9.125000e-02 	1.266274e-01 
9.153600e-02 	1.257695e-01 
9.182100e-02 	1.249185e-01 
9.210700e-02 	1.240743e-01 
9.239200e-02 	1.232368e-01 
9.267800e-02 	1.224058e-01 
9.296400e-02 	1.215812e-01 
9.324900e-02 	1.207630e-01 
9.353500e-02 	1.199510e-01 
9.382000e-02 	1.191453e-01 
9.410600e-02 	1.183456e-01 
9.439200e-02 	1.175520e-01 
9.467700e-02 	1.167644e-01 
9.496300e-02 	1.159827e-01 
9.524800e-02 	1.152069e-01 
9.553400e-02 	1.144368e-01 
9.582000e-02 	1.136724e-01 
9.610500e-02 	1.129136e-01 
9.639100e-02 	1.121604e-01 
9.667600e-02 	1.114126e-01 
9.696200e-02 	1.106703e-01 
9.724800e-02 	1.099333e-01 
9.753300e-02 	1.092015e-01 
9.781900e-02 	1.084749e-01 
9.810400e-02 	1.077534e-01 
9.839000e-02 	1.070370e-01 
9.867600e-02 	1.063254e-01 
9.896100e-02 	1.056187e-01 
9.924700e-02 	1.049169e-01 
9.953200e-02 	1.042197e-01 
9.981800e-02 	1.035273e-01 
1.001040e-01 	1.028395e-01 
1.003890e-01 	1.021563e-01 
1.006750e-01 	1.014776e-01 
1.009610e-01 	1.008034e-01 
1.012460e-01 	1.001336e-01 
1.015320e-01 	9.946816e-02 
1.018170e-01 	9.880710e-02 
1.021030e-01 	9.815033e-02 
1.023890e-01 	9.749780e-02 
1.026740e-01 	9.684945e-02 
1.029600e-01 	9.620524e-02 
1.032450e-01 	9.556511e-02 
1.035310e-01 	9.492901e-02 
1.038170e-01 	9.429688e-02 
1.041020e-01 	9.366867e-02 
1.043880e-01 	9.304432e-02 
1.046730e-01 	9.242376e-02 
1.049590e-01 	9.180695e-02 
1.052450e-01 	9.119382e-02 
1.055300e-01 	9.058432e-02 
1.058160e-01 	8.997838e-02 
1.061010e-01 	8.937599e-02 
1.063870e-01 	8.877712e-02 
1.066730e-01 	8.818175e-02 
1.069580e-01 	8.758986e-02 
1.072440e-01 	8.700143e-02 
1.075290e-01 	8.641645e-02 
1.078150e-01 	8.583488e-02 
1.081010e-01 	8.525671e-02 
1.083860e-01 	8.468192e-02 
1.086720e-01 	8.411048e-02 
1.089570e-01 	8.354235e-02 
1.092430e-01 	8.297751e-02 
1.095290e-01 	8.241594e-02 
1.098140e-01 	8.185760e-02 
1.101000e-01 	8.130246e-02 
1.103850e-01 	8.075050e-02 
1.106710e-01 	8.020170e-02 
1.109570e-01 	7.965601e-02 
1.112420e-01 	7.911343e-02 
1.115280e-01 	7.857390e-02 
1.118130e-01 	7.803742e-02 
1.120990e-01 	7.750395e-02 
1.123850e-01 	7.697345e-02 
1.126700e-01 	7.644592e-02 
1.129560e-01 	7.592130e-02 
1.132410e-01 	7.539959e-02 
1.135270e-01 	7.488074e-02 
1.138130e-01 	7.436473e-02 
1.140980e-01 	7.385154e-02 
1.143840e-01 	7.334115e-02 
1.146690e-01 	7.283356e-02 
1.149550e-01 	7.232875e-02 
1.152410e-01 	7.182671e-02 
1.155260e-01 	7.132742e-02 
1.158120e-01 	7.083085e-02 
1.160970e-01 	7.033700e-02 
1.163830e-01 	6.984584e-02 
1.166690e-01 	6.935735e-02 
1.169540e-01 	6.887151e-02 
1.172400e-01 	6.838831e-02 
1.175250e-01 	6.790773e-02 
1.178110e-01 	6.742974e-02 
1.180970e-01 	6.695434e-02 
1.183820e-01 	6.648149e-02 
1.186680e-01 	6.601119e-02 
1.189530e-01 	6.554342e-02 
1.192390e-01 	6.507819e-02 
1.195250e-01 	6.461548e-02 
1.198100e-01 	6.415529e-02 
1.200960e-01 	6.369761e-02 
1.203810e-01 	6.324245e-02 
1.206670e-01 	6.278978e-02 
1.209530e-01 	6.233961e-02 
1.212380e-01 	6.189194e-02 
1.215240e-01 	6.144675e-02 
1.218090e-01 	6.100404e-02 
1.220950e-01 	6.056381e-02 
1.223810e-01 	6.012605e-02 
1.226660e-01 	5.969076e-02 
1.229520e-01 	5.925792e-02 
1.232380e-01 	5.882752e-02 
1.235230e-01 	5.839955e-02 
1.238090e-01 	5.797399e-02 
1.240940e-01 	5.755083e-02 
1.243800e-01 	5.713005e-02 
1.246660e-01 	5.671165e-02 
1.249510e-01 	5.629560e-02 
1.252370e-01 	5.588189e-02 
1.255220e-01 	5.547051e-02 
1.258080e-01 	5.506145e-02 
1.260940e-01 	5.465469e-02 
1.263790e-01 	5.425022e-02 
1.266650e-01 	5.384801e-02 
1.269500e-01 	5.344806e-02 
1.272360e-01 	5.305034e-02 
1.275220e-01 	5.265483e-02 
1.278070e-01 	5.226153e-02 
1.280930e-01 	5.187041e-02 
1.283780e-01 	5.148148e-02 
1.286640e-01 	5.109473e-02 
1.289500e-01 	5.071016e-02 
1.292350e-01 	5.032776e-02 
1.295210e-01 	4.994754e-02 
1.298060e-01 	4.956949e-02 
1.300920e-01 	4.919361e-02 
1.303780e-01 	4.881991e-02 
1.306630e-01 	4.844837e-02 
1.309490e-01 	4.807900e-02 
1.312340e-01 	4.771180e-02 
1.315200e-01 	4.734676e-02 
1.318060e-01 	4.698389e-02 
1.320910e-01 	4.662317e-02 
1.323770e-01 	4.626460e-02 
1.326620e-01 	4.590818e-02 
1.329480e-01 	4.555391e-02 
1.332340e-01 	4.520178e-02 
1.335190e-01 	4.485179e-02 
1.338050e-01 	4.450393e-02 
1.340900e-01 	4.415821e-02 
1.343760e-01 	4.381461e-02 
1.346620e-01 	4.347314e-02 
1.349470e-01 	4.313378e-02 
1.352330e-01 	4.279652e-02 
1.355180e-01 	4.246136e-02 
1.358040e-01 	4.212827e-02 
1.360900e-01 	4.179726e-02 
1.363750e-01 	4.146831e-02 
1.366610e-01 	4.114140e-02 
1.369460e-01 	4.081654e-02 
1.372320e-01 	4.049371e-02 
1.375180e-01 	4.017290e-02 
1.378030e-01 	3.985410e-02 
1.380890e-01 	3.953730e-02 
1.383740e-01 	3.922250e-02 
1.386600e-01 	3.890969e-02 
1.389460e-01 	3.859886e-02 
1.392310e-01 	3.828999e-02 
1.395170e-01 	3.798309e-02 
1.398020e-01 	3.767815e-02 
1.400880e-01 	3.737515e-02 
1.403740e-01 	3.707410e-02 
1.406590e-01 	3.677499e-02 
1.409450e-01 	3.647781e-02 
1.412300e-01 	3.618256e-02 
1.415160e-01 	3.588923e-02 
1.418020e-01 	3.559781e-02 
1.420870e-01 	3.530832e-02 
1.423730e-01 	3.502073e-02 
1.426580e-01 	3.473506e-02 
1.429440e-01 	3.445131e-02 
1.432300e-01 	3.416946e-02 
1.435150e-01 	3.388953e-02 
1.438010e-01 	3.361150e-02 
1.440860e-01 	3.333538e-02 
1.443720e-01 	3.306116e-02 
1.446580e-01 	3.278884e-02 
1.449430e-01 	3.251840e-02 
1.452290e-01 	3.224983e-02 
1.455150e-01 	3.198313e-02 
1.458000e-01 	3.171829e-02 
1.460860e-01 	3.145529e-02 
1.463710e-01 	3.119413e-02 
1.466570e-01 	3.093479e-02 
1.469430e-01 	3.067727e-02 
1.472280e-01 	3.042156e-02 
1.475140e-01 	3.016765e-02 
1.477990e-01 	2.991553e-02 
1.480850e-01 	2.966519e-02 
1.483710e-01 	2.941662e-02 
1.486560e-01 	2.916982e-02 
1.489420e-01 	2.892478e-02 
1.492270e-01 	2.868149e-02 
1.495130e-01 	2.843995e-02 
1.497990e-01 	2.820016e-02 
1.500840e-01 	2.796210e-02 
1.503700e-01 	2.772577e-02 
1.506550e-01 	2.749117e-02 
1.509410e-01 	2.725828e-02 
1.512270e-01 	2.702712e-02 
1.515120e-01 	2.679766e-02 
1.517980e-01 	2.656990e-02 
1.520830e-01 	2.634384e-02 
1.523690e-01 	2.611947e-02 
1.526550e-01 	2.589679e-02 
1.529400e-01 	2.567578e-02 
1.532260e-01 	2.545645e-02 
1.535110e-01 	2.523878e-02 
1.537970e-01 	2.502277e-02 
1.540830e-01 	2.480842e-02 
1.543680e-01 	2.459571e-02 
1.546540e-01 	2.438464e-02 
1.549390e-01 	2.417520e-02 
1.552250e-01 	2.396739e-02 
1.555110e-01 	2.376121e-02 
1.557960e-01 	2.355663e-02 
1.560820e-01 	2.335367e-02 
1.563670e-01 	2.315230e-02 
1.566530e-01 	2.295253e-02 
1.569390e-01 	2.275434e-02 
1.572240e-01 	2.255773e-02 
1.575100e-01 	2.236268e-02 
1.577950e-01 	2.216918e-02 
1.580810e-01 	2.197723e-02 
1.583670e-01 	2.178681e-02 
1.586520e-01 	2.159792e-02 
1.589380e-01 	2.141054e-02 
1.592230e-01 	2.122467e-02 
1.595090e-01 	2.104030e-02 
1.597950e-01 	2.085742e-02 
1.600800e-01 	2.067603e-02 
1.603660e-01 	2.049612e-02 
1.606510e-01 	2.031769e-02 
1.609370e-01 	2.014072e-02 
1.612230e-01 	1.996521e-02 
1.615080e-01 	1.979116e-02 
1.617940e-01 	1.961854e-02 
1.620790e-01 	1.944736e-02 
1.623650e-01 	1.927762e-02 
1.626510e-01 	1.910929e-02 
1.629360e-01 	1.894237e-02 
1.632220e-01 	1.877686e-02 
1.635070e-01 	1.861275e-02 
1.637930e-01 	1.845002e-02 
1.640790e-01 	1.828868e-02 
1.643640e-01 	1.812872e-02 
1.646500e-01 	1.797012e-02 
1.649350e-01 	1.781288e-02 
1.652210e-01 	1.765699e-02 
1.655070e-01 	1.750245e-02 
1.657920e-01 	1.734924e-02 
1.660780e-01 	1.719736e-02 
1.663630e-01 	1.704681e-02 
1.666490e-01 	1.689757e-02 
1.669350e-01 	1.674963e-02 
1.672200e-01 	1.660299e-02 
1.675060e-01 	1.645764e-02 
1.677920e-01 	1.631358e-02 
1.680770e-01 	1.617079e-02 
1.683630e-01 	1.602927e-02 
1.686480e-01 	1.588901e-02 
1.689340e-01 	1.575001e-02 
1.692200e-01 	1.561224e-02 
1.695050e-01 	1.547572e-02 
1.697910e-01 	1.534042e-02 
1.700760e-01 	1.520634e-02 
1.703620e-01 	1.507347e-02 
1.706480e-01 	1.494180e-02 
1.709330e-01 	1.481132e-02 
1.712190e-01 	1.468203e-02 
1.715040e-01 	1.455392e-02 
1.717900e-01 	1.442699e-02 
1.720760e-01 	1.430122e-02 
1.723610e-01 	1.417660e-02 
1.726470e-01 	1.405314e-02 
1.729320e-01 	1.393082e-02 
1.732180e-01 	1.380963e-02 
1.735040e-01 	1.368956e-02 
1.737890e-01 	1.357062e-02 
1.740750e-01 	1.345279e-02 
1.743600e-01 	1.333606e-02 
1.746460e-01 	1.322043e-02 
1.749320e-01 	1.310588e-02 
1.752170e-01 	1.299242e-02 
1.755030e-01 	1.288003e-02 
1.757880e-01 	1.276870e-02 
1.760740e-01 	1.265844e-02 
1.763600e-01 	1.254922e-02 
1.766450e-01 	1.244105e-02 
1.769310e-01 	1.233391e-02 
1.772160e-01 	1.222780e-02 
1.775020e-01 	1.212271e-02 
1.777880e-01 	1.201863e-02 
1.780730e-01 	1.191556e-02 
1.783590e-01 	1.181348e-02 
1.786440e-01 	1.171239e-02 
1.789300e-01 	1.161229e-02 
1.792160e-01 	1.151316e-02 
1.795010e-01 	1.141499e-02 
1.797870e-01 	1.131779e-02 
1.800720e-01 	1.122153e-02 
1.803580e-01 	1.112622e-02 
1.806440e-01 	1.103185e-02 
1.809290e-01 	1.093840e-02 
1.812150e-01 	1.084588e-02 
1.815000e-01 	1.075426e-02 
1.817860e-01 	1.066356e-02 
1.820720e-01 	1.057375e-02 
1.823570e-01 	1.048484e-02 
1.826430e-01 	1.039680e-02 
1.829280e-01 	1.030964e-02 
1.832140e-01 	1.022336e-02 
1.835000e-01 	1.013793e-02 
1.837850e-01 	1.005337e-02 
1.840710e-01 	9.969659e-03 
1.843560e-01 	9.886792e-03 
1.846420e-01 	9.804766e-03 
1.849280e-01 	9.723572e-03 
1.852130e-01 	9.643206e-03 
1.854990e-01 	9.563660e-03 
1.857840e-01 	9.484928e-03 
1.860700e-01 	9.407005e-03 
1.863560e-01 	9.329883e-03 
1.866410e-01 	9.253558e-03 
1.869270e-01 	9.178021e-03 
1.872120e-01 	9.103267e-03 
1.874980e-01 	9.029290e-03 
1.877840e-01 	8.956084e-03 
1.880690e-01 	8.883641e-03 
1.883550e-01 	8.811957e-03 
1.886400e-01 	8.741024e-03 
1.889260e-01 	8.670836e-03 
1.892120e-01 	8.601387e-03 
1.894970e-01 	8.532671e-03 
1.897830e-01 	8.464681e-03 
1.900690e-01 	8.397412e-03 
1.903540e-01 	8.330856e-03 
1.906400e-01 	8.265008e-03 
1.909250e-01 	8.199862e-03 
1.912110e-01 	8.135410e-03 
1.914970e-01 	8.071647e-03 
1.917820e-01 	8.008567e-03 
1.920680e-01 	7.946163e-03 
1.923530e-01 	7.884429e-03 
1.926390e-01 	7.823360e-03 
1.929250e-01 	7.762948e-03 
1.932100e-01 	7.703189e-03 
1.934960e-01 	7.644077e-03 
1.937810e-01 	7.585604e-03 
1.940670e-01 	7.527767e-03 
1.943530e-01 	7.470558e-03 
1.946380e-01 	7.413971e-03 
1.949240e-01 	7.358001e-03 
1.952090e-01 	7.302641e-03 
1.954950e-01 	7.247884e-03 
1.957810e-01 	7.193725e-03 
1.960660e-01 	7.140159e-03 
1.963520e-01 	7.087180e-03 
1.966370e-01 	7.034785e-03 
1.969230e-01 	6.982967e-03 
1.972090e-01 	6.931721e-03 
1.974940e-01 	6.881043e-03 
1.977800e-01 	6.830929e-03 
1.980650e-01 	6.781373e-03 
1.983510e-01 	6.732372e-03 
1.986370e-01 	6.683920e-03 
1.989220e-01 	6.636013e-03 
1.992080e-01 	6.588646e-03 
1.994930e-01 	6.541816e-03 
1.997790e-01 	6.495516e-03 
2.000650e-01 	6.449744e-03 
2.003500e-01 	6.404494e-03 
2.006360e-01 	6.359761e-03 
2.009210e-01 	6.315541e-03 
2.012070e-01 	6.271830e-03 
2.014930e-01 	6.228623e-03 
2.017780e-01 	6.185914e-03 
2.020640e-01 	6.143701e-03 
2.023490e-01 	6.101978e-03 
2.026350e-01 	6.060741e-03 
2.029210e-01 	6.019984e-03 
2.032060e-01 	5.979705e-03 
2.034920e-01 	5.939897e-03 
2.037770e-01 	5.900558e-03 
2.040630e-01 	5.861681e-03 
2.043490e-01 	5.823263e-03 
2.046340e-01 	5.785300e-03 
2.049200e-01 	5.747788e-03 
2.052050e-01 	5.710722e-03 
2.054910e-01 	5.674098e-03 
2.057770e-01 	5.637912e-03 
2.060620e-01 	5.602160e-03 
2.063480e-01 	5.566838e-03 
2.066330e-01 	5.531941e-03 
2.069190e-01 	5.497466e-03 
2.072050e-01 	5.463409e-03 
2.074900e-01 	5.429766e-03 
2.077760e-01 	5.396532e-03 
2.080610e-01 	5.363703e-03 
2.083470e-01 	5.331276e-03 
2.086330e-01 	5.299246e-03 
2.089180e-01 	5.267610e-03 
2.092040e-01 	5.236364e-03 
2.094890e-01 	5.205503e-03 
2.097750e-01 	5.175024e-03 
2.100610e-01 	5.144922e-03 
2.103460e-01 	5.115195e-03 
2.106320e-01 	5.085837e-03 
2.109170e-01 	5.056845e-03 
2.112030e-01 	5.028216e-03 
2.114890e-01 	4.999946e-03 
2.117740e-01 	4.972033e-03 
2.120600e-01 	4.944473e-03 
2.123450e-01 	4.917263e-03 
2.126310e-01 	4.890400e-03 
2.129170e-01 	4.863882e-03 
2.132020e-01 	4.837704e-03 
2.134880e-01 	4.811864e-03 
2.137740e-01 	4.786358e-03 
2.140590e-01 	4.761184e-03 
2.143450e-01 	4.736339e-03 
2.146300e-01 	4.711819e-03 
2.149160e-01 	4.687621e-03 
2.152020e-01 	4.663743e-03 
2.154870e-01 	4.640181e-03 
2.157730e-01 	4.616932e-03 
2.160580e-01 	4.593993e-03 
2.163440e-01 	4.571361e-03 
2.166300e-01 	4.549034e-03 
2.169150e-01 	4.527007e-03 
2.172010e-01 	4.505280e-03 
2.174860e-01 	4.483847e-03 
2.177720e-01 	4.462708e-03 
2.180580e-01 	4.441857e-03 
2.183430e-01 	4.421294e-03 
2.186290e-01 	4.401015e-03 
2.189140e-01 	4.381017e-03 
2.192000e-01 	4.361298e-03 
2.194860e-01 	4.341856e-03 
2.197710e-01 	4.322688e-03 
2.200570e-01 	4.303791e-03 
2.203420e-01 	4.285162e-03 
2.206280e-01 	4.266800e-03 
2.209140e-01 	4.248701e-03 
2.211990e-01 	4.230863e-03 
2.214850e-01 	4.213284e-03 
2.217700e-01 	4.195960e-03 
2.220560e-01 	4.178890e-03 
2.223420e-01 	4.162070e-03 
2.226270e-01 	4.145499e-03 
2.229130e-01 	4.129174e-03 
2.231980e-01 	4.113092e-03 
2.234840e-01 	4.097251e-03 
2.237700e-01 	4.081648e-03 
2.240550e-01 	4.066280e-03 
2.243410e-01 	4.051147e-03 
2.246260e-01 	4.036244e-03 
2.249120e-01 	4.021569e-03 
2.251980e-01 	4.007121e-03 
2.254830e-01 	3.992898e-03 
2.257690e-01 	3.978897e-03 
2.260540e-01 	3.965116e-03 
2.263400e-01 	3.951553e-03 
2.266260e-01 	3.938207e-03 
2.269110e-01 	3.925075e-03 
2.271970e-01 	3.912154e-03 
2.274820e-01 	3.899444e-03 
2.277680e-01 	3.886943e-03 
2.280540e-01 	3.874647e-03 
2.283390e-01 	3.862555e-03 
2.286250e-01 	3.850665e-03 
2.289100e-01 	3.838975e-03 
2.291960e-01 	3.827483e-03 
2.294820e-01 	3.816187e-03 
2.297670e-01 	3.805084e-03 
2.300530e-01 	3.794174e-03 
2.303380e-01 	3.783454e-03 
2.306240e-01 	3.772921e-03 
2.309100e-01 	3.762575e-03 
2.311950e-01 	3.752414e-03 
2.314810e-01 	3.742435e-03 
2.317660e-01 	3.732637e-03 
2.320520e-01 	3.723018e-03 
2.323380e-01 	3.713576e-03 
2.326230e-01 	3.704310e-03 
2.329090e-01 	3.695217e-03 
2.331940e-01 	3.686296e-03 
2.334800e-01 	3.677544e-03 
2.337660e-01 	3.668961e-03 
2.340510e-01 	3.660544e-03 
2.343370e-01 	3.652291e-03 
2.346230e-01 	3.644202e-03 
2.349080e-01 	3.636275e-03 
2.351940e-01 	3.628508e-03 
2.354790e-01 	3.620900e-03 
2.357650e-01 	3.613449e-03 
2.360510e-01 	3.606155e-03 
2.363360e-01 	3.599014e-03 
2.366220e-01 	3.592028e-03 
2.369070e-01 	3.585192e-03 
2.371930e-01 	3.578507e-03 
2.374790e-01 	3.571971e-03 
2.377640e-01 	3.565582e-03 
2.380500e-01 	3.559339e-03 
2.383350e-01 	3.553241e-03 
2.386210e-01 	3.547285e-03 
2.389070e-01 	3.541472e-03 
2.391920e-01 	3.535799e-03 
2.394780e-01 	3.530266e-03 
2.397630e-01 	3.524870e-03 
2.400490e-01 	3.519612e-03 
2.403350e-01 	3.514488e-03 
2.406200e-01 	3.509499e-03 
2.409060e-01 	3.504642e-03 
2.411910e-01 	3.499917e-03 
2.414770e-01 	3.495321e-03 
2.417630e-01 	3.490855e-03 
2.420480e-01 	3.486516e-03 
2.423340e-01 	3.482304e-03 
2.426190e-01 	3.478216e-03 
2.429050e-01 	3.474252e-03 
2.431910e-01 	3.470410e-03 
2.434760e-01 	3.466690e-03 
2.437620e-01 	3.463089e-03 
2.440470e-01 	3.459607e-03 
2.443330e-01 	3.456242e-03 
2.446190e-01 	3.452993e-03 
2.449040e-01 	3.449858e-03 
2.451900e-01 	3.446837e-03 
2.454750e-01 	3.443929e-03 
2.457610e-01 	3.441131e-03 
2.460470e-01 	3.438442e-03 
2.463320e-01 	3.435862e-03 
2.466180e-01 	3.433389e-03 
2.469030e-01 	3.431022e-03 
2.471890e-01 	3.428759e-03 
2.474750e-01 	3.426601e-03 
2.477600e-01 	3.424545e-03 
2.480460e-01 	3.422591e-03 
2.483310e-01 	3.420739e-03 
2.486170e-01 	3.418986e-03 
2.489030e-01 	3.417332e-03 
2.491880e-01 	3.415777e-03 
2.494740e-01 	3.414319e-03 
2.497590e-01 	3.412958e-03 
2.500450e-01 	3.411692e-03 
2.503310e-01 	3.410521e-03 
2.506160e-01 	3.409444e-03 
2.509020e-01 	3.408460e-03 
2.511870e-01 	3.407568e-03 
2.514730e-01 	3.406767e-03 
2.517590e-01 	3.406057e-03 
2.520440e-01 	3.405436e-03 
2.523300e-01 	3.404904e-03 
2.526150e-01 	3.404460e-03 
2.529010e-01 	3.404103e-03 
2.531870e-01 	3.403832e-03 
2.534720e-01 	3.403646e-03 
2.537580e-01 	3.403545e-03 
2.540430e-01 	3.403528e-03 
2.543290e-01 	3.403593e-03 
2.546150e-01 	3.403741e-03 
2.549000e-01 	3.403969e-03 
2.551860e-01 	3.404278e-03 
2.554710e-01 	3.404667e-03 
2.557570e-01 	3.405134e-03 
2.560430e-01 	3.405679e-03 
2.563280e-01 	3.406301e-03 
2.566140e-01 	3.407000e-03 
2.568990e-01 	3.407773e-03 
2.571850e-01 	3.408622e-03 
2.574710e-01 	3.409544e-03 
2.577560e-01 	3.410539e-03 
2.580420e-01 	3.411606e-03 
2.583280e-01 	3.412744e-03 
2.586130e-01 	3.413953e-03 
2.588990e-01 	3.415231e-03 
2.591840e-01 	3.416579e-03 
2.594700e-01 	3.417994e-03 
2.597560e-01 	3.419476e-03 
2.600410e-01 	3.421024e-03 
2.603270e-01 	3.422639e-03 
2.606120e-01 	3.424318e-03 
2.608980e-01 	3.426061e-03 
2.611840e-01 	3.427868e-03 
2.614690e-01 	3.429738e-03 
2.617550e-01 	3.431670e-03 
2.620400e-01 	3.433663e-03 
2.623260e-01 	3.435717e-03 
2.626120e-01 	3.437832e-03 
2.628970e-01 	3.440005e-03 
2.631830e-01 	3.442237e-03 
2.634680e-01 	3.444527e-03 
2.637540e-01 	3.446874e-03 
2.640400e-01 	3.449277e-03 
2.643250e-01 	3.451737e-03 
2.646110e-01 	3.454251e-03 
2.648960e-01 	3.456820e-03 
2.651820e-01 	3.459442e-03 
2.654680e-01 	3.462117e-03 
2.657530e-01 	3.464845e-03 
2.660390e-01 	3.467624e-03 
2.663240e-01 	3.470454e-03 
2.666100e-01 	3.473334e-03 
2.668960e-01 	3.476264e-03 
2.671810e-01 	3.479244e-03 
2.674670e-01 	3.482272e-03 
2.677520e-01 	3.485348e-03 
2.680380e-01 	3.488472e-03 
2.683240e-01 	3.491643e-03 
2.686090e-01 	3.494861e-03 
2.688950e-01 	3.498124e-03 
2.691800e-01 	3.501432e-03 
2.694660e-01 	3.504786e-03 
2.697520e-01 	3.508184e-03 
2.700370e-01 	3.511625e-03 
2.703230e-01 	3.515109e-03 
2.706080e-01 	3.518636e-03 
2.708940e-01 	3.522205e-03 
2.711800e-01 	3.525816e-03 
2.714650e-01 	3.529467e-03 
2.717510e-01 	3.533159e-03 
2.720360e-01 	3.536890e-03 
2.723220e-01 	3.540660e-03 
2.726080e-01 	3.544469e-03 
2.728930e-01 	3.548315e-03 
2.731790e-01 	3.552199e-03 
2.734640e-01 	3.556119e-03 
2.737500e-01 	3.560074e-03 
2.740360e-01 	3.564065e-03 
2.743210e-01 	3.568091e-03 
2.746070e-01 	3.572150e-03 
2.748920e-01 	3.576243e-03 
2.751780e-01 	3.580368e-03 
2.754640e-01 	3.584525e-03 
2.757490e-01 	3.588714e-03 
2.760350e-01 	3.592933e-03 
2.763200e-01 	3.597182e-03 
2.766060e-01 	3.601460e-03 
2.768920e-01 	3.605767e-03 
2.771770e-01 	3.610103e-03 
2.774630e-01 	3.614465e-03 
2.777480e-01 	3.618855e-03 
2.780340e-01 	3.623271e-03 
2.783200e-01 	3.627712e-03 
2.786050e-01 	3.632178e-03 
2.788910e-01 	3.636669e-03 
2.791760e-01 	3.641184e-03 
2.794620e-01 	3.645722e-03 
2.797480e-01 	3.650283e-03 
2.800330e-01 	3.654866e-03 
2.803190e-01 	3.659470e-03 
2.806050e-01 	3.664096e-03 
2.808900e-01 	3.668742e-03 
2.811760e-01 	3.673407e-03 
2.814610e-01 	3.678092e-03 
2.817470e-01 	3.682796e-03 
2.820330e-01 	3.687518e-03 
2.823180e-01 	3.692258e-03 
2.826040e-01 	3.697015e-03 
2.828890e-01 	3.701788e-03 
2.831750e-01 	3.706578e-03 
2.834610e-01 	3.711383e-03 
2.837460e-01 	3.716203e-03 
2.840320e-01 	3.721037e-03 
2.843170e-01 	3.725885e-03 
2.846030e-01 	3.730746e-03 
2.848890e-01 	3.735620e-03 
2.851740e-01 	3.740506e-03 
2.854600e-01 	3.745404e-03 
2.857450e-01 	3.750312e-03 
2.860310e-01 	3.755232e-03 
2.863170e-01 	3.760160e-03 
2.866020e-01 	3.765099e-03 
2.868880e-01 	3.770045e-03 
2.871730e-01 	3.775000e-03 
2.874590e-01 	3.779963e-03 
2.877450e-01 	3.784932e-03 
2.880300e-01 	3.789908e-03 
2.883160e-01 	3.794889e-03 
2.886010e-01 	3.799875e-03 
2.888870e-01 	3.804866e-03 
2.891730e-01 	3.809861e-03 
2.894580e-01 	3.814859e-03 
2.897440e-01 	3.819860e-03 
2.900290e-01 	3.824863e-03 
2.903150e-01 	3.829867e-03 
2.906010e-01 	3.834873e-03 
2.908860e-01 	3.839878e-03 
2.911720e-01 	3.844884e-03 
2.914570e-01 	3.849888e-03 
2.917430e-01 	3.854891e-03 
2.920290e-01 	3.859891e-03 
2.923140e-01 	3.864889e-03 
2.926000e-01 	3.869883e-03 
2.928850e-01 	3.874874e-03 
2.931710e-01 	3.879859e-03 
2.934570e-01 	3.884839e-03 
2.937420e-01 	3.889814e-03 
2.940280e-01 	3.894782e-03 
2.943130e-01 	3.899742e-03 
2.945990e-01 	3.904695e-03 
2.948850e-01 	3.909640e-03 
2.951700e-01 	3.914576e-03 
2.954560e-01 	3.919502e-03 
2.957410e-01 	3.924419e-03 
2.960270e-01 	3.929324e-03 
2.963130e-01 	3.934218e-03 
2.965980e-01 	3.939101e-03 
2.968840e-01 	3.943971e-03 
2.971690e-01 	3.948827e-03 
2.974550e-01 	3.953670e-03 
2.977410e-01 	3.958499e-03 
2.980260e-01 	3.963313e-03 
2.983120e-01 	3.968111e-03 
2.985970e-01 	3.972893e-03 
2.988830e-01 	3.977658e-03 
2.991690e-01 	3.982406e-03 
2.994540e-01 	3.987136e-03 
2.997400e-01 	3.991847e-03 
3.000250e-01 	3.996540e-03 
3.003110e-01 	4.001212e-03 
3.005970e-01 	4.005865e-03 
3.008820e-01 	4.010496e-03 
3.011680e-01 	4.015106e-03 
3.014530e-01 	4.019694e-03 
3.017390e-01 	4.024259e-03 
3.020250e-01 	4.028801e-03 
3.023100e-01 	4.033319e-03 
3.025960e-01 	4.037812e-03 
3.028820e-01 	4.042280e-03 
3.031670e-01 	4.046723e-03 
3.034530e-01 	4.051139e-03 
3.037380e-01 	4.055528e-03 
3.040240e-01 	4.059889e-03 
3.043100e-01 	4.064222e-03 
3.045950e-01 	4.068527e-03 
3.048810e-01 	4.072801e-03 
3.051660e-01 	4.077046e-03 
3.054520e-01 	4.081260e-03 
3.057380e-01 	4.085442e-03 
3.060230e-01 	4.089593e-03 
3.063090e-01 	4.093710e-03 
3.065940e-01 	4.097795e-03 
3.068800e-01 	4.101846e-03 
3.071660e-01 	4.105863e-03 
3.074510e-01 	4.109844e-03 
3.077370e-01 	4.113790e-03 
3.080220e-01 	4.117700e-03 
3.083080e-01 	4.121573e-03 
3.085940e-01 	4.125409e-03 
3.088790e-01 	4.129206e-03 
3.091650e-01 	4.132966e-03 
3.094500e-01 	4.136686e-03 
3.097360e-01 	4.140367e-03 
3.100220e-01 	4.144008e-03 
3.103070e-01 	4.147608e-03 
3.105930e-01 	4.151167e-03 
3.108780e-01 	4.154685e-03 
3.111640e-01 	4.158159e-03 
3.114500e-01 	4.161592e-03 
3.117350e-01 	4.164981e-03 
3.120210e-01 	4.168327e-03 
3.123060e-01 	4.171629e-03 
3.125920e-01 	4.174887e-03 
3.128780e-01 	4.178100e-03 
3.131630e-01 	4.181268e-03 
3.134490e-01 	4.184390e-03 
3.137340e-01 	4.187466e-03 
3.140200e-01 	4.190497e-03 
3.143060e-01 	4.193480e-03 
3.145910e-01 	4.196416e-03 
3.148770e-01 	4.199305e-03 
3.151620e-01 	4.202147e-03 
3.154480e-01 	4.204940e-03 
3.157340e-01 	4.207685e-03 
3.160190e-01 	4.210380e-03 
3.163050e-01 	4.213027e-03 
3.165900e-01 	4.215624e-03 
3.168760e-01 	4.218172e-03 
3.171620e-01 	4.220669e-03 
3.174470e-01 	4.223116e-03 
3.177330e-01 	4.225512e-03 
3.180180e-01 	4.227856e-03 
3.183040e-01 	4.230150e-03 
3.185900e-01 	4.232391e-03 
3.188750e-01 	4.234581e-03 
3.191610e-01 	4.236718e-03 
3.194460e-01 	4.238802e-03 
3.197320e-01 	4.240834e-03 
3.200180e-01 	4.242812e-03 
3.203030e-01 	4.244736e-03 
3.205890e-01 	4.246607e-03 
3.208740e-01 	4.248424e-03 
3.211600e-01 	4.250186e-03 
3.214460e-01 	4.251893e-03 
3.217310e-01 	4.253545e-03 
3.220170e-01 	4.255142e-03 
3.223020e-01 	4.256682e-03 
3.225880e-01 	4.258166e-03 
3.228740e-01 	4.259594e-03 
3.231590e-01 	4.260963e-03 
3.234450e-01 	4.262275e-03 
3.237300e-01 	4.263529e-03 
3.240160e-01 	4.264724e-03 
3.243020e-01 	4.265860e-03 
3.245870e-01 	4.266935e-03 
3.248730e-01 	4.267950e-03 
3.251590e-01 	4.268903e-03 
3.254440e-01 	4.269795e-03 
3.257300e-01 	4.270624e-03 
3.260150e-01 	4.271390e-03 
3.263010e-01 	4.272092e-03 
3.265870e-01 	4.272729e-03 
3.268720e-01 	4.273302e-03 
3.271580e-01 	4.273808e-03 
3.274430e-01 	4.274248e-03 
3.277290e-01 	4.274620e-03 
3.280150e-01 	4.274925e-03 
3.283000e-01 	4.275160e-03 
3.285860e-01 	4.275327e-03 
3.288710e-01 	4.275423e-03 
3.291570e-01 	4.275448e-03 
3.294430e-01 	4.275402e-03 
3.297280e-01 	4.275283e-03 
3.300140e-01 	4.275091e-03 
3.302990e-01 	4.274826e-03 
3.305850e-01 	4.274486e-03 
3.308710e-01 	4.274071e-03 
3.311560e-01 	4.273580e-03 
3.314420e-01 	4.273012e-03 
3.317270e-01 	4.272367e-03 
3.320130e-01 	4.271644e-03 
3.322990e-01 	4.270842e-03 
3.325840e-01 	4.269960e-03 
3.328700e-01 	4.268998e-03 
3.331550e-01 	4.267955e-03 
3.334410e-01 	4.266830e-03 
3.337270e-01 	4.265623e-03 
3.340120e-01 	4.264333e-03 
3.342980e-01 	4.262958e-03 
3.345830e-01 	4.261499e-03 
3.348690e-01 	4.259954e-03 
3.351550e-01 	4.258324e-03 
3.354400e-01 	4.256606e-03 
3.357260e-01 	4.254802e-03 
3.360110e-01 	4.252910e-03 
3.362970e-01 	4.250931e-03 
3.365830e-01 	4.248865e-03 
3.368680e-01 	4.246713e-03 
3.371540e-01 	4.244477e-03 
3.374390e-01 	4.242156e-03 
3.377250e-01 	4.239753e-03 
3.380110e-01 	4.237270e-03 
3.382960e-01 	4.234708e-03 
3.385820e-01 	4.232068e-03 
3.388670e-01 	4.229353e-03 
3.391530e-01 	4.226564e-03 
3.394390e-01 	4.223704e-03 
3.397240e-01 	4.220774e-03 
3.400100e-01 	4.217776e-03 
3.402950e-01 	4.214713e-03 
3.405810e-01 	4.211587e-03 
3.408670e-01 	4.208399e-03 
3.411520e-01 	4.205152e-03 
3.414380e-01 	4.201847e-03 
3.417230e-01 	4.198487e-03 
3.420090e-01 	4.195074e-03 
3.422950e-01 	4.191609e-03 
3.425800e-01 	4.188096e-03 
3.428660e-01 	4.184535e-03 
3.431510e-01 	4.180929e-03 
3.434370e-01 	4.177279e-03 
3.437230e-01 	4.173589e-03 
3.440080e-01 	4.169859e-03 
3.442940e-01 	4.166093e-03 
3.445790e-01 	4.162292e-03 
3.448650e-01 	4.158457e-03 
3.451510e-01 	4.154592e-03 
3.454360e-01 	4.150698e-03 
3.457220e-01 	4.146777e-03 
3.460070e-01 	4.142832e-03 
3.462930e-01 	4.138863e-03 
3.465790e-01 	4.134874e-03 
3.468640e-01 	4.130867e-03 
3.471500e-01 	4.126842e-03 
3.474360e-01 	4.122804e-03 
3.477210e-01 	4.118752e-03 
3.480070e-01 	4.114690e-03 
3.482920e-01 	4.110620e-03 
3.485780e-01 	4.106544e-03 
3.488640e-01 	4.102462e-03 
3.491490e-01 	4.098379e-03 
