#q 	 Ifit_avg 
2.999000e-03 	1.000000e+00 
3.284000e-03 	9.987650e-01 
3.570000e-03 	9.975289e-01 
3.856000e-03 	9.962907e-01 
4.141000e-03 	9.950491e-01 
4.427000e-03 	9.938030e-01 
4.712000e-03 	9.925514e-01 
4.998000e-03 	9.912931e-01 
5.284000e-03 	9.900270e-01 
5.569000e-03 	9.887519e-01 
5.855000e-03 	9.874667e-01 
6.140000e-03 	9.861704e-01 
6.426000e-03 	9.848617e-01 
6.712000e-03 	9.835397e-01 
6.997000e-03 	9.822030e-01 
7.283000e-03 	9.808507e-01 
7.568000e-03 	9.794816e-01 
7.854000e-03 	9.780945e-01 
8.140000e-03 	9.766884e-01 
8.425000e-03 	9.752621e-01 
8.711000e-03 	9.738145e-01 
8.996000e-03 	9.723445e-01 
9.282000e-03 	9.708510e-01 
9.568000e-03 	9.693327e-01 
9.853000e-03 	9.677887e-01 
1.013900e-02 	9.662178e-01 
1.042400e-02 	9.646188e-01 
1.071000e-02 	9.629907e-01 
1.099600e-02 	9.613322e-01 
1.128100e-02 	9.596424e-01 
1.156700e-02 	9.579200e-01 
1.185300e-02 	9.561640e-01 
1.213800e-02 	9.543732e-01 
1.242400e-02 	9.525465e-01 
1.270900e-02 	9.506828e-01 
1.299500e-02 	9.487809e-01 
1.328100e-02 	9.468398e-01 
1.356600e-02 	9.448583e-01 
1.385200e-02 	9.428354e-01 
1.413700e-02 	9.407701e-01 
1.442300e-02 	9.386612e-01 
1.470900e-02 	9.365079e-01 
1.499400e-02 	9.343091e-01 
1.528000e-02 	9.320640e-01 
1.556500e-02 	9.297718e-01 
1.585100e-02 	9.274318e-01 
1.613700e-02 	9.250432e-01 
1.642200e-02 	9.226057e-01 
1.670800e-02 	9.201190e-01 
1.699300e-02 	9.175829e-01 
1.727900e-02 	9.149976e-01 
1.756500e-02 	9.123637e-01 
1.785000e-02 	9.096820e-01 
1.813600e-02 	9.069531e-01 
1.842100e-02 	9.041778e-01 
1.870700e-02 	9.013570e-01 
1.899300e-02 	8.984917e-01 
1.927800e-02 	8.955827e-01 
1.956400e-02 	8.926309e-01 
1.984900e-02 	8.896373e-01 
2.013500e-02 	8.866028e-01 
2.042100e-02 	8.835282e-01 
2.070600e-02 	8.804146e-01 
2.099200e-02 	8.772628e-01 
2.127700e-02 	8.740737e-01 
2.156300e-02 	8.708482e-01 
2.184900e-02 	8.675872e-01 
2.213400e-02 	8.642917e-01 
2.242000e-02 	8.609626e-01 
2.270500e-02 	8.576008e-01 
2.299100e-02 	8.542071e-01 
2.327700e-02 	8.507825e-01 
2.356200e-02 	8.473279e-01 
2.384800e-02 	8.438441e-01 
2.413300e-02 	8.403322e-01 
2.441900e-02 	8.367930e-01 
2.470500e-02 	8.332273e-01 
2.499000e-02 	8.296360e-01 
2.527600e-02 	8.260201e-01 
2.556100e-02 	8.223804e-01 
2.584700e-02 	8.187178e-01 
2.613300e-02 	8.150332e-01 
2.641800e-02 	8.113273e-01 
2.670400e-02 	8.076012e-01 
2.698900e-02 	8.038555e-01 
2.727500e-02 	8.000911e-01 
2.756100e-02 	7.963090e-01 
2.784600e-02 	7.925097e-01 
2.813200e-02 	7.886943e-01 
2.841700e-02 	7.848634e-01 
2.870300e-02 	7.810178e-01 
2.898900e-02 	7.771584e-01 
2.927400e-02 	7.732858e-01 
2.956000e-02 	7.694007e-01 
2.984500e-02 	7.655038e-01 
3.013100e-02 	7.615957e-01 
3.041700e-02 	7.576772e-01 
3.070200e-02 	7.537489e-01 
3.098800e-02 	7.498115e-01 
3.127300e-02 	7.458654e-01 
3.155900e-02 	7.419111e-01 
3.184500e-02 	7.379490e-01 
3.213000e-02 	7.339796e-01 
3.241600e-02 	7.300033e-01 
3.270100e-02 	7.260206e-01 
3.298700e-02 	7.220319e-01 
3.327300e-02 	7.180377e-01 
3.355800e-02 	7.140384e-01 
3.384400e-02 	7.100344e-01 
3.413000e-02 	7.060260e-01 
3.441500e-02 	7.020138e-01 
3.470100e-02 	6.979980e-01 
3.498600e-02 	6.939791e-01 
3.527200e-02 	6.899574e-01 
3.555800e-02 	6.859334e-01 
3.584300e-02 	6.819074e-01 
3.612900e-02 	6.778798e-01 
3.641400e-02 	6.738511e-01 
3.670000e-02 	6.698216e-01 
3.698600e-02 	6.657916e-01 
3.727100e-02 	6.617617e-01 
3.755700e-02 	6.577320e-01 
3.784200e-02 	6.537031e-01 
3.812800e-02 	6.496754e-01 
3.841400e-02 	6.456490e-01 
3.869900e-02 	6.416246e-01 
3.898500e-02 	6.376024e-01 
3.927000e-02 	6.335827e-01 
3.955600e-02 	6.295661e-01 
3.984200e-02 	6.255527e-01 
4.012700e-02 	6.215431e-01 
4.041300e-02 	6.175374e-01 
4.069800e-02 	6.135362e-01 
4.098400e-02 	6.095397e-01 
4.127000e-02 	6.055483e-01 
4.155500e-02 	6.015623e-01 
4.184100e-02 	5.975822e-01 
4.212600e-02 	5.936082e-01 
4.241200e-02 	5.896406e-01 
4.269800e-02 	5.856798e-01 
4.298300e-02 	5.817261e-01 
4.326900e-02 	5.777798e-01 
4.355400e-02 	5.738412e-01 
4.384000e-02 	5.699106e-01 
4.412600e-02 	5.659885e-01 
4.441100e-02 	5.620750e-01 
4.469700e-02 	5.581705e-01 
4.498200e-02 	5.542753e-01 
4.526800e-02 	5.503897e-01 
4.555400e-02 	5.465139e-01 
4.583900e-02 	5.426484e-01 
4.612500e-02 	5.387932e-01 
4.641000e-02 	5.349488e-01 
4.669600e-02 	5.311154e-01 
4.698200e-02 	5.272933e-01 
4.726700e-02 	5.234828e-01 
4.755300e-02 	5.196841e-01 
4.783800e-02 	5.158975e-01 
4.812400e-02 	5.121233e-01 
4.841000e-02 	5.083618e-01 
4.869500e-02 	5.046133e-01 
4.898100e-02 	5.008779e-01 
4.926600e-02 	4.971561e-01 
4.955200e-02 	4.934479e-01 
4.983800e-02 	4.897537e-01 
5.012300e-02 	4.860738e-01 
5.040900e-02 	4.824085e-01 
5.069400e-02 	4.787579e-01 
5.098000e-02 	4.751224e-01 
5.126600e-02 	4.715021e-01 
5.155100e-02 	4.678974e-01 
5.183700e-02 	4.643084e-01 
5.212200e-02 	4.607355e-01 
5.240800e-02 	4.571787e-01 
5.269400e-02 	4.536384e-01 
5.297900e-02 	4.501148e-01 
5.326500e-02 	4.466081e-01 
5.355000e-02 	4.431185e-01 
5.383600e-02 	4.396464e-01 
5.412200e-02 	4.361918e-01 
5.440700e-02 	4.327551e-01 
5.469300e-02 	4.293364e-01 
5.497800e-02 	4.259359e-01 
5.526400e-02 	4.225538e-01 
5.555000e-02 	4.191902e-01 
5.583500e-02 	4.158452e-01 
5.612100e-02 	4.125191e-01 
5.640700e-02 	4.092119e-01 
5.669200e-02 	4.059239e-01 
5.697800e-02 	4.026552e-01 
5.726300e-02 	3.994059e-01 
5.754900e-02 	3.961762e-01 
5.783500e-02 	3.929663e-01 
5.812000e-02 	3.897763e-01 
5.840600e-02 	3.866063e-01 
5.869100e-02 	3.834566e-01 
5.897700e-02 	3.803271e-01 
5.926300e-02 	3.772178e-01 
5.954800e-02 	3.741288e-01 
5.983400e-02 	3.710601e-01 
6.011900e-02 	3.680116e-01 
6.040500e-02 	3.649835e-01 
6.069100e-02 	3.619757e-01 
6.097600e-02 	3.589882e-01 
6.126200e-02 	3.560210e-01 
6.154700e-02 	3.530743e-01 
6.183300e-02 	3.501479e-01 
6.211900e-02 	3.472419e-01 
6.240400e-02 	3.443563e-01 
6.269000e-02 	3.414912e-01 
6.297500e-02 	3.386465e-01 
6.326100e-02 	3.358223e-01 
6.354700e-02 	3.330185e-01 
6.383200e-02 	3.302351e-01 
6.411800e-02 	3.274721e-01 
6.440300e-02 	3.247296e-01 
6.468900e-02 	3.220074e-01 
6.497500e-02 	3.193056e-01 
6.526000e-02 	3.166241e-01 
6.554600e-02 	3.139629e-01 
6.583100e-02 	3.113221e-01 
6.611700e-02 	3.087015e-01 
6.640300e-02 	3.061011e-01 
6.668800e-02 	3.035210e-01 
6.697400e-02 	3.009612e-01 
6.725900e-02 	2.984215e-01 
6.754500e-02 	2.959021e-01 
6.783100e-02 	2.934027e-01 
6.811600e-02 	2.909235e-01 
6.840200e-02 	2.884643e-01 
6.868700e-02 	2.860251e-01 
6.897300e-02 	2.836058e-01 
6.925900e-02 	2.812064e-01 
6.954400e-02 	2.788269e-01 
6.983000e-02 	2.764672e-01 
7.011500e-02 	2.741272e-01 
7.040100e-02 	2.718070e-01 
7.068700e-02 	2.695064e-01 
7.097200e-02 	2.672255e-01 
7.125800e-02 	2.649641e-01 
7.154300e-02 	2.627223e-01 
7.182900e-02 	2.605001e-01 
7.211500e-02 	2.582973e-01 
7.240000e-02 	2.561139e-01 
7.268600e-02 	2.539498e-01 
7.297100e-02 	2.518050e-01 
7.325700e-02 	2.496793e-01 
7.354300e-02 	2.475725e-01 
7.382800e-02 	2.454846e-01 
7.411400e-02 	2.434155e-01 
7.439900e-02 	2.413649e-01 
7.468500e-02 	2.393328e-01 
7.497100e-02 	2.373191e-01 
7.525600e-02 	2.353236e-01 
7.554200e-02 	2.333463e-01 
7.582700e-02 	2.313870e-01 
7.611300e-02 	2.294456e-01 
7.639900e-02 	2.275220e-01 
7.668400e-02 	2.256161e-01 
7.697000e-02 	2.237277e-01 
7.725500e-02 	2.218569e-01 
7.754100e-02 	2.200033e-01 
7.782700e-02 	2.181670e-01 
7.811200e-02 	2.163478e-01 
7.839800e-02 	2.145457e-01 
7.868400e-02 	2.127605e-01 
7.896900e-02 	2.109920e-01 
7.925500e-02 	2.092401e-01 
7.954000e-02 	2.075048e-01 
7.982600e-02 	2.057859e-01 
8.011200e-02 	2.040832e-01 
8.039700e-02 	2.023966e-01 
8.068300e-02 	2.007261e-01 
8.096800e-02 	1.990714e-01 
8.125400e-02 	1.974324e-01 
8.154000e-02 	1.958091e-01 
8.182500e-02 	1.942013e-01 
8.211100e-02 	1.926089e-01 
8.239600e-02 	1.910318e-01 
8.268200e-02 	1.894698e-01 
8.296800e-02 	1.879229e-01 
8.325300e-02 	1.863909e-01 
8.353900e-02 	1.848737e-01 
8.382400e-02 	1.833712e-01 
8.411000e-02 	1.818833e-01 
8.439600e-02 	1.804099e-01 
8.468100e-02 	1.789508e-01 
8.496700e-02 	1.775059e-01 
8.525200e-02 	1.760752e-01 
8.553800e-02 	1.746584e-01 
8.582400e-02 	1.732556e-01 
8.610900e-02 	1.718665e-01 
8.639500e-02 	1.704910e-01 
8.668000e-02 	1.691291e-01 
8.696600e-02 	1.677805e-01 
8.725200e-02 	1.664451e-01 
8.753700e-02 	1.651228e-01 
8.782300e-02 	1.638135e-01 
8.810800e-02 	1.625171e-01 
8.839400e-02 	1.612333e-01 
8.868000e-02 	1.599622e-01 
8.896500e-02 	1.587035e-01 
8.925100e-02 	1.574571e-01 
8.953600e-02 	1.562229e-01 
8.982200e-02 	1.550008e-01 
9.010800e-02 	1.537906e-01 
9.039300e-02 	1.525922e-01 
9.067900e-02 	1.514054e-01 
9.096400e-02 	1.502302e-01 
9.125000e-02 	1.490665e-01 
9.153600e-02 	1.479140e-01 
9.182100e-02 	1.467727e-01 
9.210700e-02 	1.456423e-01 
9.239200e-02 	1.445229e-01 
9.267800e-02 	1.434143e-01 
9.296400e-02 	1.423163e-01 
9.324900e-02 	1.412288e-01 
9.353500e-02 	1.401517e-01 
9.382000e-02 	1.390849e-01 
9.410600e-02 	1.380284e-01 
9.439200e-02 	1.369819e-01 
9.467700e-02 	1.359454e-01 
9.496300e-02 	1.349188e-01 
9.524800e-02 	1.339019e-01 
9.553400e-02 	1.328947e-01 
9.582000e-02 	1.318969e-01 
9.610500e-02 	1.309086e-01 
9.639100e-02 	1.299296e-01 
9.667600e-02 	1.289597e-01 
9.696200e-02 	1.279990e-01 
9.724800e-02 	1.270472e-01 
9.753300e-02 	1.261042e-01 
9.781900e-02 	1.251699e-01 
9.810400e-02 	1.242443e-01 
9.839000e-02 	1.233272e-01 
9.867600e-02 	1.224184e-01 
9.896100e-02 	1.215179e-01 
9.924700e-02 	1.206256e-01 
9.953200e-02 	1.197413e-01 
9.981800e-02 	1.188650e-01 
1.001040e-01 	1.179966e-01 
1.003890e-01 	1.171359e-01 
1.006750e-01 	1.162828e-01 
1.009610e-01 	1.154374e-01 
1.012460e-01 	1.145994e-01 
1.015320e-01 	1.137688e-01 
1.018170e-01 	1.129456e-01 
1.021030e-01 	1.121296e-01 
1.023890e-01 	1.113207e-01 
1.026740e-01 	1.105189e-01 
1.029600e-01 	1.097241e-01 
1.032450e-01 	1.089361e-01 
1.035310e-01 	1.081550e-01 
1.038170e-01 	1.073805e-01 
1.041020e-01 	1.066127e-01 
1.043880e-01 	1.058514e-01 
1.046730e-01 	1.050966e-01 
1.049590e-01 	1.043481e-01 
1.052450e-01 	1.036059e-01 
1.055300e-01 	1.028699e-01 
1.058160e-01 	1.021400e-01 
1.061010e-01 	1.014160e-01 
1.063870e-01 	1.006981e-01 
1.066730e-01 	9.998599e-02 
1.069580e-01 	9.927972e-02 
1.072440e-01 	9.857920e-02 
1.075290e-01 	9.788436e-02 
1.078150e-01 	9.719513e-02 
1.081010e-01 	9.651143e-02 
1.083860e-01 	9.583321e-02 
1.086720e-01 	9.516039e-02 
1.089570e-01 	9.449291e-02 
1.092430e-01 	9.383068e-02 
1.095290e-01 	9.317365e-02 
1.098140e-01 	9.252174e-02 
1.101000e-01 	9.187488e-02 
1.103850e-01 	9.123301e-02 
1.106710e-01 	9.059605e-02 
1.109570e-01 	8.996393e-02 
1.112420e-01 	8.933659e-02 
1.115280e-01 	8.871395e-02 
1.118130e-01 	8.809594e-02 
1.120990e-01 	8.748250e-02 
1.123850e-01 	8.687354e-02 
1.126700e-01 	8.626901e-02 
1.129560e-01 	8.566883e-02 
1.132410e-01 	8.507292e-02 
1.135270e-01 	8.448122e-02 
1.138130e-01 	8.389367e-02 
1.140980e-01 	8.331018e-02 
1.143840e-01 	8.273074e-02 
1.146690e-01 	8.215529e-02 
1.149550e-01 	8.158381e-02 
1.152410e-01 	8.101627e-02 
1.155260e-01 	8.045261e-02 
1.158120e-01 	7.989280e-02 
1.160970e-01 	7.933681e-02 
1.163830e-01 	7.878460e-02 
1.166690e-01 	7.823612e-02 
1.169540e-01 	7.769135e-02 
1.172400e-01 	7.715023e-02 
1.175250e-01 	7.661274e-02 
1.178110e-01 	7.607884e-02 
1.180970e-01 	7.554849e-02 
1.183820e-01 	7.502164e-02 
1.186680e-01 	7.449827e-02 
1.189530e-01 	7.397834e-02 
1.192390e-01 	7.346181e-02 
1.195250e-01 	7.294865e-02 
1.198100e-01 	7.243884e-02 
1.200960e-01 	7.193232e-02 
1.203810e-01 	7.142909e-02 
1.206670e-01 	7.092908e-02 
1.209530e-01 	7.043229e-02 
1.212380e-01 	6.993866e-02 
1.215240e-01 	6.944817e-02 
1.218090e-01 	6.896079e-02 
1.220950e-01 	6.847648e-02 
1.223810e-01 	6.799521e-02 
1.226660e-01 	6.751694e-02 
1.229520e-01 	6.704164e-02 
1.232380e-01 	6.656926e-02 
1.235230e-01 	6.609978e-02 
1.238090e-01 	6.563316e-02 
1.240940e-01 	6.516936e-02 
1.243800e-01 	6.470836e-02 
1.246660e-01 	6.425012e-02 
1.249510e-01 	6.379462e-02 
1.252370e-01 	6.334182e-02 
1.255220e-01 	6.289169e-02 
1.258080e-01 	6.244420e-02 
1.260940e-01 	6.199933e-02 
1.263790e-01 	6.155703e-02 
1.266650e-01 	6.111728e-02 
1.269500e-01 	6.068004e-02 
1.272360e-01 	6.024528e-02 
1.275220e-01 	5.981297e-02 
1.278070e-01 	5.938308e-02 
1.280930e-01 	5.895559e-02 
1.283780e-01 	5.853050e-02 
1.286640e-01 	5.810779e-02 
1.289500e-01 	5.768747e-02 
1.292350e-01 	5.726951e-02 
1.295210e-01 	5.685392e-02 
1.298060e-01 	5.644069e-02 
1.300920e-01 	5.602981e-02 
1.303780e-01 	5.562127e-02 
1.306630e-01 	5.521506e-02 
1.309490e-01 	5.481119e-02 
1.312340e-01 	5.440964e-02 
1.315200e-01 	5.401040e-02 
1.318060e-01 	5.361347e-02 
1.320910e-01 	5.321882e-02 
1.323770e-01 	5.282645e-02 
1.326620e-01 	5.243635e-02 
1.329480e-01 	5.204849e-02 
1.332340e-01 	5.166289e-02 
1.335190e-01 	5.127950e-02 
1.338050e-01 	5.089834e-02 
1.340900e-01 	5.051938e-02 
1.343760e-01 	5.014261e-02 
1.346620e-01 	4.976802e-02 
1.349470e-01 	4.939559e-02 
1.352330e-01 	4.902532e-02 
1.355180e-01 	4.865717e-02 
1.358040e-01 	4.829115e-02 
1.360900e-01 	4.792722e-02 
1.363750e-01 	4.756539e-02 
1.366610e-01 	4.720563e-02 
1.369460e-01 	4.684792e-02 
1.372320e-01 	4.649226e-02 
1.375180e-01 	4.613862e-02 
1.378030e-01 	4.578700e-02 
1.380890e-01 	4.543738e-02 
1.383740e-01 	4.508974e-02 
1.386600e-01 	4.474407e-02 
1.389460e-01 	4.440035e-02 
1.392310e-01 	4.405859e-02 
1.395170e-01 	4.371877e-02 
1.398020e-01 	4.338089e-02 
1.400880e-01 	4.304494e-02 
1.403740e-01 	4.271092e-02 
1.406590e-01 	4.237880e-02 
1.409450e-01 	4.204860e-02 
1.412300e-01 	4.172030e-02 
1.415160e-01 	4.139390e-02 
1.418020e-01 	4.106938e-02 
1.420870e-01 	4.074676e-02 
1.423730e-01 	4.042602e-02 
1.426580e-01 	4.010717e-02 
1.429440e-01 	3.979022e-02 
1.432300e-01 	3.947515e-02 
1.435150e-01 	3.916197e-02 
1.438010e-01 	3.885068e-02 
1.440860e-01 	3.854127e-02 
1.443720e-01 	3.823375e-02 
1.446580e-01 	3.792812e-02 
1.449430e-01 	3.762435e-02 
1.452290e-01 	3.732246e-02 
1.455150e-01 	3.702242e-02 
1.458000e-01 	3.672424e-02 
1.460860e-01 	3.642791e-02 
1.463710e-01 	3.613342e-02 
1.466570e-01 	3.584076e-02 
1.469430e-01 	3.554993e-02 
1.472280e-01 	3.526093e-02 
1.475140e-01 	3.497373e-02 
1.477990e-01 	3.468835e-02 
1.480850e-01 	3.440477e-02 
1.483710e-01 	3.412299e-02 
1.486560e-01 	3.384300e-02 
1.489420e-01 	3.356479e-02 
1.492270e-01 	3.328837e-02 
1.495130e-01 	3.301371e-02 
1.497990e-01 	3.274083e-02 
1.500840e-01 	3.246971e-02 
1.503700e-01 	3.220034e-02 
1.506550e-01 	3.193273e-02 
1.509410e-01 	3.166687e-02 
1.512270e-01 	3.140274e-02 
1.515120e-01 	3.114035e-02 
1.517980e-01 	3.087969e-02 
1.520830e-01 	3.062076e-02 
1.523690e-01 	3.036354e-02 
1.526550e-01 	3.010804e-02 
1.529400e-01 	2.985425e-02 
1.532260e-01 	2.960216e-02 
1.535110e-01 	2.935176e-02 
1.537970e-01 	2.910306e-02 
1.540830e-01 	2.885604e-02 
1.543680e-01 	2.861072e-02 
1.546540e-01 	2.836708e-02 
1.549390e-01 	2.812513e-02 
1.552250e-01 	2.788486e-02 
1.555110e-01 	2.764627e-02 
1.557960e-01 	2.740936e-02 
1.560820e-01 	2.717412e-02 
1.563670e-01 	2.694056e-02 
1.566530e-01 	2.670865e-02 
1.569390e-01 	2.647840e-02 
1.572240e-01 	2.624981e-02 
1.575100e-01 	2.602286e-02 
1.577950e-01 	2.579754e-02 
1.580810e-01 	2.557386e-02 
1.583670e-01 	2.535180e-02 
1.586520e-01 	2.513136e-02 
1.589380e-01 	2.491253e-02 
1.592230e-01 	2.469531e-02 
1.595090e-01 	2.447969e-02 
1.597950e-01 	2.426567e-02 
1.600800e-01 	2.405323e-02 
1.603660e-01 	2.384238e-02 
1.606510e-01 	2.363311e-02 
1.609370e-01 	2.342541e-02 
1.612230e-01 	2.321928e-02 
1.615080e-01 	2.301471e-02 
1.617940e-01 	2.281170e-02 
1.620790e-01 	2.261024e-02 
1.623650e-01 	2.241033e-02 
1.626510e-01 	2.221196e-02 
1.629360e-01 	2.201512e-02 
1.632220e-01 	2.181981e-02 
1.635070e-01 	2.162602e-02 
1.637930e-01 	2.143375e-02 
1.640790e-01 	2.124299e-02 
1.643640e-01 	2.105374e-02 
1.646500e-01 	2.086599e-02 
1.649350e-01 	2.067974e-02 
1.652210e-01 	2.049497e-02 
1.655070e-01 	2.031169e-02 
1.657920e-01 	2.012989e-02 
1.660780e-01 	1.994955e-02 
1.663630e-01 	1.977069e-02 
1.666490e-01 	1.959329e-02 
1.669350e-01 	1.941734e-02 
1.672200e-01 	1.924285e-02 
1.675060e-01 	1.906980e-02 
1.677920e-01 	1.889819e-02 
1.680770e-01 	1.872801e-02 
1.683630e-01 	1.855926e-02 
1.686480e-01 	1.839193e-02 
1.689340e-01 	1.822602e-02 
1.692200e-01 	1.806152e-02 
1.695050e-01 	1.789843e-02 
1.697910e-01 	1.773673e-02 
1.700760e-01 	1.757642e-02 
1.703620e-01 	1.741749e-02 
1.706480e-01 	1.725994e-02 
1.709330e-01 	1.710375e-02 
1.712190e-01 	1.694892e-02 
1.715040e-01 	1.679544e-02 
1.717900e-01 	1.664331e-02 
1.720760e-01 	1.649251e-02 
1.723610e-01 	1.634305e-02 
1.726470e-01 	1.619491e-02 
1.729320e-01 	1.604808e-02 
1.732180e-01 	1.590256e-02 
1.735040e-01 	1.575834e-02 
1.737890e-01 	1.561542e-02 
1.740750e-01 	1.547378e-02 
1.743600e-01 	1.533343e-02 
1.746460e-01 	1.519434e-02 
1.749320e-01 	1.505652e-02 
1.752170e-01 	1.491996e-02 
1.755030e-01 	1.478464e-02 
1.757880e-01 	1.465058e-02 
1.760740e-01 	1.451774e-02 
1.763600e-01 	1.438614e-02 
1.766450e-01 	1.425576e-02 
1.769310e-01 	1.412659e-02 
1.772160e-01 	1.399863e-02 
1.775020e-01 	1.387186e-02 
1.777880e-01 	1.374630e-02 
1.780730e-01 	1.362191e-02 
1.783590e-01 	1.349871e-02 
1.786440e-01 	1.337667e-02 
1.789300e-01 	1.325580e-02 
1.792160e-01 	1.313609e-02 
1.795010e-01 	1.301752e-02 
1.797870e-01 	1.290010e-02 
1.800720e-01 	1.278381e-02 
1.803580e-01 	1.266865e-02 
1.806440e-01 	1.255460e-02 
1.809290e-01 	1.244167e-02 
1.812150e-01 	1.232985e-02 
1.815000e-01 	1.221913e-02 
1.817860e-01 	1.210949e-02 
1.820720e-01 	1.200094e-02 
1.823570e-01 	1.189347e-02 
1.826430e-01 	1.178707e-02 
1.829280e-01 	1.168173e-02 
1.832140e-01 	1.157744e-02 
1.835000e-01 	1.147421e-02 
1.837850e-01 	1.137202e-02 
1.840710e-01 	1.127088e-02 
1.843560e-01 	1.117076e-02 
1.846420e-01 	1.107166e-02 
1.849280e-01 	1.097358e-02 
1.852130e-01 	1.087651e-02 
1.854990e-01 	1.078044e-02 
1.857840e-01 	1.068537e-02 
1.860700e-01 	1.059128e-02 
1.863560e-01 	1.049817e-02 
1.866410e-01 	1.040604e-02 
1.869270e-01 	1.031487e-02 
1.872120e-01 	1.022465e-02 
1.874980e-01 	1.013539e-02 
1.877840e-01 	1.004707e-02 
1.880690e-01 	9.959686e-03 
1.883550e-01 	9.873230e-03 
1.886400e-01 	9.787695e-03 
1.889260e-01 	9.703074e-03 
1.892120e-01 	9.619359e-03 
1.894970e-01 	9.536544e-03 
1.897830e-01 	9.454620e-03 
1.900690e-01 	9.373580e-03 
1.903540e-01 	9.293418e-03 
1.906400e-01 	9.214126e-03 
1.909250e-01 	9.135696e-03 
1.912110e-01 	9.058121e-03 
1.914970e-01 	8.981394e-03 
1.917820e-01 	8.905508e-03 
1.920680e-01 	8.830455e-03 
1.923530e-01 	8.756228e-03 
1.926390e-01 	8.682819e-03 
1.929250e-01 	8.610222e-03 
1.932100e-01 	8.538429e-03 
1.934960e-01 	8.467433e-03 
1.937810e-01 	8.397227e-03 
1.940670e-01 	8.327802e-03 
1.943530e-01 	8.259154e-03 
1.946380e-01 	8.191272e-03 
1.949240e-01 	8.124151e-03 
1.952090e-01 	8.057783e-03 
1.954950e-01 	7.992160e-03 
1.957810e-01 	7.927276e-03 
1.960660e-01 	7.863123e-03 
1.963520e-01 	7.799695e-03 
1.966370e-01 	7.736986e-03 
1.969230e-01 	7.674989e-03 
1.972090e-01 	7.613696e-03 
1.974940e-01 	7.553105e-03 
1.977800e-01 	7.493209e-03 
1.980650e-01 	7.434004e-03 
1.983510e-01 	7.375485e-03 
1.986370e-01 	7.317647e-03 
1.989220e-01 	7.260485e-03 
1.992080e-01 	7.203992e-03 
1.994930e-01 	7.148165e-03 
1.997790e-01 	7.092996e-03 
2.000650e-01 	7.038480e-03 
2.003500e-01 	6.984611e-03 
2.006360e-01 	6.931383e-03 
2.009210e-01 	6.878790e-03 
2.012070e-01 	6.826827e-03 
2.014930e-01 	6.775488e-03 
2.017780e-01 	6.724767e-03 
2.020640e-01 	6.674658e-03 
2.023490e-01 	6.625155e-03 
2.026350e-01 	6.576252e-03 
2.029210e-01 	6.527944e-03 
2.032060e-01 	6.480225e-03 
2.034920e-01 	6.433089e-03 
2.037770e-01 	6.386530e-03 
2.040630e-01 	6.340542e-03 
2.043490e-01 	6.295120e-03 
2.046340e-01 	6.250257e-03 
2.049200e-01 	6.205949e-03 
2.052050e-01 	6.162189e-03 
2.054910e-01 	6.118972e-03 
2.057770e-01 	6.076292e-03 
2.060620e-01 	6.034143e-03 
2.063480e-01 	5.992520e-03 
2.066330e-01 	5.951416e-03 
2.069190e-01 	5.910827e-03 
2.072050e-01 	5.870746e-03 
2.074900e-01 	5.831168e-03 
2.077760e-01 	5.792088e-03 
2.080610e-01 	5.753499e-03 
2.083470e-01 	5.715395e-03 
2.086330e-01 	5.677772e-03 
2.089180e-01 	5.640624e-03 
2.092040e-01 	5.603944e-03 
2.094890e-01 	5.567727e-03 
2.097750e-01 	5.531968e-03 
2.100610e-01 	5.496661e-03 
2.103460e-01 	5.461800e-03 
2.106320e-01 	5.427379e-03 
2.109170e-01 	5.393394e-03 
2.112030e-01 	5.359839e-03 
2.114890e-01 	5.326711e-03 
2.117740e-01 	5.294007e-03 
2.120600e-01 	5.261723e-03 
2.123450e-01 	5.229855e-03 
2.126310e-01 	5.198399e-03 
2.129170e-01 	5.167352e-03 
2.132020e-01 	5.136710e-03 
2.134880e-01 	5.106470e-03 
2.137740e-01 	5.076628e-03 
2.140590e-01 	5.047179e-03 
2.143450e-01 	5.018121e-03 
2.146300e-01 	4.989450e-03 
2.149160e-01 	4.961161e-03 
2.152020e-01 	4.933251e-03 
2.154870e-01 	4.905717e-03 
2.157730e-01 	4.878553e-03 
2.160580e-01 	4.851758e-03 
2.163440e-01 	4.825326e-03 
2.166300e-01 	4.799255e-03 
2.169150e-01 	4.773540e-03 
2.172010e-01 	4.748177e-03 
2.174860e-01 	4.723164e-03 
2.177720e-01 	4.698496e-03 
2.180580e-01 	4.674169e-03 
2.183430e-01 	4.650180e-03 
2.186290e-01 	4.626525e-03 
2.189140e-01 	4.603201e-03 
2.192000e-01 	4.580205e-03 
2.194860e-01 	4.557531e-03 
2.197710e-01 	4.535178e-03 
2.200570e-01 	4.513141e-03 
2.203420e-01 	4.491417e-03 
2.206280e-01 	4.470002e-03 
2.209140e-01 	4.448893e-03 
2.211990e-01 	4.428086e-03 
2.214850e-01 	4.407578e-03 
2.217700e-01 	4.387365e-03 
2.220560e-01 	4.367443e-03 
2.223420e-01 	4.347810e-03 
2.226270e-01 	4.328461e-03 
2.229130e-01 	4.309393e-03 
2.231980e-01 	4.290603e-03 
2.234840e-01 	4.272088e-03 
2.237700e-01 	4.253843e-03 
2.240550e-01 	4.235865e-03 
2.243410e-01 	4.218150e-03 
2.246260e-01 	4.200696e-03 
2.249120e-01 	4.183500e-03 
2.251980e-01 	4.166557e-03 
2.254830e-01 	4.149867e-03 
2.257690e-01 	4.133427e-03 
2.260540e-01 	4.117233e-03 
2.263400e-01 	4.101285e-03 
2.266260e-01 	4.085579e-03 
2.269110e-01 	4.070112e-03 
2.271970e-01 	4.054883e-03 
2.274820e-01 	4.039888e-03 
2.277680e-01 	4.025126e-03 
2.280540e-01 	4.010594e-03 
2.283390e-01 	3.996289e-03 
2.286250e-01 	3.982209e-03 
2.289100e-01 	3.968352e-03 
2.291960e-01 	3.954714e-03 
2.294820e-01 	3.941295e-03 
2.297670e-01 	3.928092e-03 
2.300530e-01 	3.915103e-03 
2.303380e-01 	3.902326e-03 
2.306240e-01 	3.889759e-03 
2.309100e-01 	3.877400e-03 
2.311950e-01 	3.865248e-03 
2.314810e-01 	3.853299e-03 
2.317660e-01 	3.841553e-03 
2.320520e-01 	3.830006e-03 
2.323380e-01 	3.818658e-03 
2.326230e-01 	3.807506e-03 
2.329090e-01 	3.796549e-03 
2.331940e-01 	3.785783e-03 
2.334800e-01 	3.775208e-03 
2.337660e-01 	3.764822e-03 
2.340510e-01 	3.754621e-03 
2.343370e-01 	3.744606e-03 
2.346230e-01 	3.734773e-03 
2.349080e-01 	3.725122e-03 
2.351940e-01 	3.715650e-03 
2.354790e-01 	3.706357e-03 
2.357650e-01 	3.697240e-03 
2.360510e-01 	3.688297e-03 
2.363360e-01 	3.679528e-03 
2.366220e-01 	3.670929e-03 
2.369070e-01 	3.662501e-03 
2.371930e-01 	3.654241e-03 
2.374790e-01 	3.646146e-03 
2.377640e-01 	3.638217e-03 
2.380500e-01 	3.630451e-03 
2.383350e-01 	3.622846e-03 
2.386210e-01 	3.615400e-03 
2.389070e-01 	3.608113e-03 
2.391920e-01 	3.600983e-03 
2.394780e-01 	3.594008e-03 
2.397630e-01 	3.587187e-03 
2.400490e-01 	3.580519e-03 
2.403350e-01 	3.574002e-03 
2.406200e-01 	3.567634e-03 
2.409060e-01 	3.561415e-03 
2.411910e-01 	3.555343e-03 
2.414770e-01 	3.549416e-03 
2.417630e-01 	3.543633e-03 
2.420480e-01 	3.537993e-03 
2.423340e-01 	3.532494e-03 
2.426190e-01 	3.527134e-03 
2.429050e-01 	3.521913e-03 
2.431910e-01 	3.516829e-03 
2.434760e-01 	3.511880e-03 
2.437620e-01 	3.507065e-03 
2.440470e-01 	3.502382e-03 
2.443330e-01 	3.497831e-03 
2.446190e-01 	3.493410e-03 
2.449040e-01 	3.489118e-03 
2.451900e-01 	3.484955e-03 
2.454750e-01 	3.480919e-03 
2.457610e-01 	3.477009e-03 
2.460470e-01 	3.473224e-03 
2.463320e-01 	3.469564e-03 
2.466180e-01 	3.466026e-03 
2.469030e-01 	3.462611e-03 
2.471890e-01 	3.459316e-03 
2.474750e-01 	3.456143e-03 
2.477600e-01 	3.453088e-03 
2.480460e-01 	3.450153e-03 
2.483310e-01 	3.447336e-03 
2.486170e-01 	3.444635e-03 
2.489030e-01 	3.442051e-03 
2.491880e-01 	3.439583e-03 
2.494740e-01 	3.437230e-03 
2.497590e-01 	3.434990e-03 
2.500450e-01 	3.432864e-03 
2.503310e-01 	3.430850e-03 
2.506160e-01 	3.428948e-03 
2.509020e-01 	3.427156e-03 
2.511870e-01 	3.425475e-03 
2.514730e-01 	3.423903e-03 
2.517590e-01 	3.422440e-03 
2.520440e-01 	3.421084e-03 
2.523300e-01 	3.419835e-03 
2.526150e-01 	3.418692e-03 
2.529010e-01 	3.417655e-03 
2.531870e-01 	3.416722e-03 
2.534720e-01 	3.415894e-03 
2.537580e-01 	3.415168e-03 
2.540430e-01 	3.414545e-03 
2.543290e-01 	3.414023e-03 
2.546150e-01 	3.413603e-03 
2.549000e-01 	3.413282e-03 
2.551860e-01 	3.413061e-03 
2.554710e-01 	3.412939e-03 
2.557570e-01 	3.412914e-03 
2.560430e-01 	3.412987e-03 
2.563280e-01 	3.413156e-03 
2.566140e-01 	3.413420e-03 
2.568990e-01 	3.413779e-03 
2.571850e-01 	3.414233e-03 
2.574710e-01 	3.414779e-03 
2.577560e-01 	3.415419e-03 
2.580420e-01 	3.416150e-03 
2.583280e-01 	3.416971e-03 
2.586130e-01 	3.417884e-03 
2.588990e-01 	3.418885e-03 
2.591840e-01 	3.419976e-03 
2.594700e-01 	3.421154e-03 
2.597560e-01 	3.422420e-03 
2.600410e-01 	3.423772e-03 
2.603270e-01 	3.425211e-03 
2.606120e-01 	3.426735e-03 
2.608980e-01 	3.428344e-03 
2.611840e-01 	3.430036e-03 
2.614690e-01 	3.431813e-03 
2.617550e-01 	3.433672e-03 
2.620400e-01 	3.435614e-03 
2.623260e-01 	3.437637e-03 
2.626120e-01 	3.439741e-03 
2.628970e-01 	3.441925e-03 
2.631830e-01 	3.444189e-03 
2.634680e-01 	3.446532e-03 
2.637540e-01 	3.448953e-03 
2.640400e-01 	3.451452e-03 
2.643250e-01 	3.454028e-03 
2.646110e-01 	3.456680e-03 
2.648960e-01 	3.459409e-03 
2.651820e-01 	3.462212e-03 
2.654680e-01 	3.465090e-03 
2.657530e-01 	3.468041e-03 
2.660390e-01 	3.471066e-03 
2.663240e-01 	3.474164e-03 
2.666100e-01 	3.477333e-03 
2.668960e-01 	3.480574e-03 
2.671810e-01 	3.483887e-03 
2.674670e-01 	3.487269e-03 
2.677520e-01 	3.490722e-03 
2.680380e-01 	3.494244e-03 
2.683240e-01 	3.497835e-03 
2.686090e-01 	3.501494e-03 
2.688950e-01 	3.505221e-03 
2.691800e-01 	3.509015e-03 
2.694660e-01 	3.512877e-03 
2.697520e-01 	3.516804e-03 
2.700370e-01 	3.520797e-03 
2.703230e-01 	3.524856e-03 
2.706080e-01 	3.528979e-03 
2.708940e-01 	3.533167e-03 
2.711800e-01 	3.537418e-03 
2.714650e-01 	3.541732e-03 
2.717510e-01 	3.546108e-03 
2.720360e-01 	3.550547e-03 
2.723220e-01 	3.555047e-03 
2.726080e-01 	3.559609e-03 
2.728930e-01 	3.564230e-03 
2.731790e-01 	3.568911e-03 
2.734640e-01 	3.573651e-03 
2.737500e-01 	3.578450e-03 
2.740360e-01 	3.583306e-03 
2.743210e-01 	3.588220e-03 
2.746070e-01 	3.593190e-03 
2.748920e-01 	3.598215e-03 
2.751780e-01 	3.603295e-03 
2.754640e-01 	3.608429e-03 
2.757490e-01 	3.613617e-03 
2.760350e-01 	3.618857e-03 
2.763200e-01 	3.624149e-03 
2.766060e-01 	3.629492e-03 
2.768920e-01 	3.634885e-03 
2.771770e-01 	3.640327e-03 
2.774630e-01 	3.645819e-03 
2.777480e-01 	3.651358e-03 
2.780340e-01 	3.656945e-03 
2.783200e-01 	3.662578e-03 
2.786050e-01 	3.668257e-03 
2.788910e-01 	3.673981e-03 
2.791760e-01 	3.679750e-03 
2.794620e-01 	3.685562e-03 
2.797480e-01 	3.691417e-03 
2.800330e-01 	3.697315e-03 
2.803190e-01 	3.703254e-03 
2.806050e-01 	3.709234e-03 
2.808900e-01 	3.715254e-03 
2.811760e-01 	3.721314e-03 
2.814610e-01 	3.727413e-03 
2.817470e-01 	3.733551e-03 
2.820330e-01 	3.739726e-03 
2.823180e-01 	3.745938e-03 
2.826040e-01 	3.752187e-03 
2.828890e-01 	3.758471e-03 
2.831750e-01 	3.764791e-03 
2.834610e-01 	3.771145e-03 
2.837460e-01 	3.777533e-03 
2.840320e-01 	3.783954e-03 
2.843170e-01 	3.790408e-03 
2.846030e-01 	3.796894e-03 
2.848890e-01 	3.803411e-03 
2.851740e-01 	3.809958e-03 
2.854600e-01 	3.816536e-03 
2.857450e-01 	3.823142e-03 
2.860310e-01 	3.829778e-03 
2.863170e-01 	3.836441e-03 
2.866020e-01 	3.843131e-03 
2.868880e-01 	3.849848e-03 
2.871730e-01 	3.856590e-03 
2.874590e-01 	3.863358e-03 
2.877450e-01 	3.870150e-03 
2.880300e-01 	3.876966e-03 
2.883160e-01 	3.883805e-03 
2.886010e-01 	3.890667e-03 
2.888870e-01 	3.897550e-03 
2.891730e-01 	3.904455e-03 
2.894580e-01 	3.911380e-03 
2.897440e-01 	3.918324e-03 
2.900290e-01 	3.925287e-03 
2.903150e-01 	3.932268e-03 
2.906010e-01 	3.939265e-03 
2.908860e-01 	3.946279e-03 
2.911720e-01 	3.953309e-03 
2.914570e-01 	3.960353e-03 
2.917430e-01 	3.967410e-03 
2.920290e-01 	3.974481e-03 
2.923140e-01 	3.981563e-03 
2.926000e-01 	3.988656e-03 
2.928850e-01 	3.995760e-03 
2.931710e-01 	4.002874e-03 
2.934570e-01 	4.009996e-03 
2.937420e-01 	4.017126e-03 
2.940280e-01 	4.024262e-03 
2.943130e-01 	4.031405e-03 
2.945990e-01 	4.038554e-03 
2.948850e-01 	4.045706e-03 
2.951700e-01 	4.052863e-03 
2.954560e-01 	4.060022e-03 
2.957410e-01 	4.067183e-03 
2.960270e-01 	4.074345e-03 
2.963130e-01 	4.081507e-03 
2.965980e-01 	4.088668e-03 
2.968840e-01 	4.095828e-03 
2.971690e-01 	4.102985e-03 
2.974550e-01 	4.110140e-03 
2.977410e-01 	4.117290e-03 
2.980260e-01 	4.124435e-03 
2.983120e-01 	4.131574e-03 
2.985970e-01 	4.138706e-03 
2.988830e-01 	4.145832e-03 
2.991690e-01 	4.152949e-03 
2.994540e-01 	4.160057e-03 
2.997400e-01 	4.167155e-03 
3.000250e-01 	4.174242e-03 
3.003110e-01 	4.181318e-03 
3.005970e-01 	4.188381e-03 
3.008820e-01 	4.195432e-03 
3.011680e-01 	4.202468e-03 
3.014530e-01 	4.209490e-03 
3.017390e-01 	4.216497e-03 
3.020250e-01 	4.223486e-03 
3.023100e-01 	4.230459e-03 
3.025960e-01 	4.237413e-03 
3.028820e-01 	4.244349e-03 
3.031670e-01 	4.251265e-03 
3.034530e-01 	4.258160e-03 
3.037380e-01 	4.265033e-03 
3.040240e-01 	4.271885e-03 
3.043100e-01 	4.278713e-03 
3.045950e-01 	4.285517e-03 
3.048810e-01 	4.292296e-03 
3.051660e-01 	4.299050e-03 
3.054520e-01 	4.305777e-03 
3.057380e-01 	4.312478e-03 
3.060230e-01 	4.319150e-03 
3.063090e-01 	4.325793e-03 
3.065940e-01 	4.332407e-03 
3.068800e-01 	4.338991e-03 
3.071660e-01 	4.345543e-03 
3.074510e-01 	4.352064e-03 
3.077370e-01 	4.358551e-03 
3.080220e-01 	4.365005e-03 
3.083080e-01 	4.371425e-03 
3.085940e-01 	4.377810e-03 
3.088790e-01 	4.384160e-03 
3.091650e-01 	4.390473e-03 
3.094500e-01 	4.396749e-03 
3.097360e-01 	4.402988e-03 
3.100220e-01 	4.409188e-03 
3.103070e-01 	4.415350e-03 
3.105930e-01 	4.421472e-03 
3.108780e-01 	4.427553e-03 
3.111640e-01 	4.433594e-03 
3.114500e-01 	4.439593e-03 
3.117350e-01 	4.445550e-03 
3.120210e-01 	4.451464e-03 
3.123060e-01 	4.457335e-03 
3.125920e-01 	4.463163e-03 
3.128780e-01 	4.468946e-03 
3.131630e-01 	4.474684e-03 
3.134490e-01 	4.480376e-03 
3.137340e-01 	4.486023e-03 
3.140200e-01 	4.491622e-03 
3.143060e-01 	4.497175e-03 
3.145910e-01 	4.502680e-03 
3.148770e-01 	4.508136e-03 
3.151620e-01 	4.513544e-03 
3.154480e-01 	4.518902e-03 
3.157340e-01 	4.524210e-03 
3.160190e-01 	4.529467e-03 
3.163050e-01 	4.534674e-03 
3.165900e-01 	4.539828e-03 
3.168760e-01 	4.544930e-03 
3.171620e-01 	4.549980e-03 
3.174470e-01 	4.554976e-03 
3.177330e-01 	4.559918e-03 
3.180180e-01 	4.564806e-03 
3.183040e-01 	4.569639e-03 
3.185900e-01 	4.574416e-03 
3.188750e-01 	4.579137e-03 
3.191610e-01 	4.583801e-03 
3.194460e-01 	4.588408e-03 
3.197320e-01 	4.592958e-03 
3.200180e-01 	4.597449e-03 
3.203030e-01 	4.601881e-03 
3.205890e-01 	4.606253e-03 
3.208740e-01 	4.610565e-03 
3.211600e-01 	4.614817e-03 
3.214460e-01 	4.619007e-03 
3.217310e-01 	4.623136e-03 
3.220170e-01 	4.627201e-03 
3.223020e-01 	4.631203e-03 
3.225880e-01 	4.635141e-03 
3.228740e-01 	4.639012e-03 
3.231590e-01 	4.642817e-03 
3.234450e-01 	4.646555e-03 
3.237300e-01 	4.650224e-03 
3.240160e-01 	4.653824e-03 
3.243020e-01 	4.657354e-03 
3.245870e-01 	4.660811e-03 
3.248730e-01 	4.664197e-03 
3.251590e-01 	4.667508e-03 
3.254440e-01 	4.670745e-03 
3.257300e-01 	4.673907e-03 
3.260150e-01 	4.676991e-03 
3.263010e-01 	4.679998e-03 
3.265870e-01 	4.682926e-03 
3.268720e-01 	4.685774e-03 
3.271580e-01 	4.688541e-03 
3.274430e-01 	4.691226e-03 
3.277290e-01 	4.693827e-03 
3.280150e-01 	4.696345e-03 
3.283000e-01 	4.698777e-03 
3.285860e-01 	4.701123e-03 
3.288710e-01 	4.703381e-03 
3.291570e-01 	4.705551e-03 
3.294430e-01 	4.707631e-03 
3.297280e-01 	4.709621e-03 
3.300140e-01 	4.711519e-03 
3.302990e-01 	4.713324e-03 
3.305850e-01 	4.715035e-03 
3.308710e-01 	4.716651e-03 
3.311560e-01 	4.718172e-03 
3.314420e-01 	4.719595e-03 
3.317270e-01 	4.720920e-03 
3.320130e-01 	4.722145e-03 
3.322990e-01 	4.723271e-03 
3.325840e-01 	4.724294e-03 
3.328700e-01 	4.725216e-03 
3.331550e-01 	4.726034e-03 
3.334410e-01 	4.726747e-03 
3.337270e-01 	4.727354e-03 
3.340120e-01 	4.727855e-03 
3.342980e-01 	4.728248e-03 
3.345830e-01 	4.728532e-03 
3.348690e-01 	4.728707e-03 
3.351550e-01 	4.728773e-03 
3.354400e-01 	4.728730e-03 
3.357260e-01 	4.728577e-03 
3.360110e-01 	4.728317e-03 
3.362970e-01 	4.727950e-03 
3.365830e-01 	4.727479e-03 
3.368680e-01 	4.726905e-03 
3.371540e-01 	4.726231e-03 
3.374390e-01 	4.725457e-03 
3.377250e-01 	4.724588e-03 
3.380110e-01 	4.723624e-03 
3.382960e-01 	4.722567e-03 
3.385820e-01 	4.721422e-03 
3.388670e-01 	4.720189e-03 
3.391530e-01 	4.718870e-03 
3.394390e-01 	4.717470e-03 
3.397240e-01 	4.715988e-03 
3.400100e-01 	4.714429e-03 
3.402950e-01 	4.712795e-03 
3.405810e-01 	4.711086e-03 
3.408670e-01 	4.709307e-03 
3.411520e-01 	4.707460e-03 
3.414380e-01 	4.705546e-03 
3.417230e-01 	4.703568e-03 
3.420090e-01 	4.701529e-03 
3.422950e-01 	4.699431e-03 
3.425800e-01 	4.697276e-03 
3.428660e-01 	4.695066e-03 
3.431510e-01 	4.692804e-03 
3.434370e-01 	4.690493e-03 
3.437230e-01 	4.688134e-03 
3.440080e-01 	4.685730e-03 
3.442940e-01 	4.683284e-03 
3.445790e-01 	4.680797e-03 
3.448650e-01 	4.678272e-03 
3.451510e-01 	4.675712e-03 
3.454360e-01 	4.673118e-03 
3.457220e-01 	4.670494e-03 
3.460070e-01 	4.667841e-03 
3.462930e-01 	4.665162e-03 
3.465790e-01 	4.662459e-03 
3.468640e-01 	4.659735e-03 
3.471500e-01 	4.656991e-03 
3.474360e-01 	4.654231e-03 
3.477210e-01 	4.651457e-03 
3.480070e-01 	4.648670e-03 
3.482920e-01 	4.645874e-03 
3.485780e-01 	4.643071e-03 
3.488640e-01 	4.640263e-03 
3.491490e-01 	4.637452e-03 
