#q 	 Ifit_avg 
2.999000e-03 	1.000000e+00 
3.284000e-03 	9.987439e-01 
3.570000e-03 	9.974868e-01 
3.856000e-03 	9.962274e-01 
4.141000e-03 	9.949648e-01 
4.427000e-03 	9.936978e-01 
4.712000e-03 	9.924252e-01 
4.998000e-03 	9.911461e-01 
5.284000e-03 	9.898591e-01 
5.569000e-03 	9.885634e-01 
5.855000e-03 	9.872576e-01 
6.140000e-03 	9.859408e-01 
6.426000e-03 	9.846118e-01 
6.712000e-03 	9.832694e-01 
6.997000e-03 	9.819127e-01 
7.283000e-03 	9.805404e-01 
7.568000e-03 	9.791515e-01 
7.854000e-03 	9.777448e-01 
8.140000e-03 	9.763193e-01 
8.425000e-03 	9.748737e-01 
8.711000e-03 	9.734071e-01 
8.996000e-03 	9.719182e-01 
9.282000e-03 	9.704061e-01 
9.568000e-03 	9.688695e-01 
9.853000e-03 	9.673073e-01 
1.013900e-02 	9.657185e-01 
1.042400e-02 	9.641019e-01 
1.071000e-02 	9.624565e-01 
1.099600e-02 	9.607810e-01 
1.128100e-02 	9.590744e-01 
1.156700e-02 	9.573356e-01 
1.185300e-02 	9.555635e-01 
1.213800e-02 	9.537569e-01 
1.242400e-02 	9.519147e-01 
1.270900e-02 	9.500359e-01 
1.299500e-02 	9.481192e-01 
1.328100e-02 	9.461637e-01 
1.356600e-02 	9.441682e-01 
1.385200e-02 	9.421315e-01 
1.413700e-02 	9.400527e-01 
1.442300e-02 	9.379306e-01 
1.470900e-02 	9.357643e-01 
1.499400e-02 	9.335528e-01 
1.528000e-02 	9.312951e-01 
1.556500e-02 	9.289906e-01 
1.585100e-02 	9.266386e-01 
1.613700e-02 	9.242384e-01 
1.642200e-02 	9.217897e-01 
1.670800e-02 	9.192924e-01 
1.699300e-02 	9.167461e-01 
1.727900e-02 	9.141511e-01 
1.756500e-02 	9.115078e-01 
1.785000e-02 	9.088167e-01 
1.813600e-02 	9.060783e-01 
1.842100e-02 	9.032934e-01 
1.870700e-02 	9.004628e-01 
1.899300e-02 	8.975875e-01 
1.927800e-02 	8.946685e-01 
1.956400e-02 	8.917065e-01 
1.984900e-02 	8.887027e-01 
2.013500e-02 	8.856579e-01 
2.042100e-02 	8.825730e-01 
2.070600e-02 	8.794491e-01 
2.099200e-02 	8.762870e-01 
2.127700e-02 	8.730876e-01 
2.156300e-02 	8.698520e-01 
2.184900e-02 	8.665810e-01 
2.213400e-02 	8.632756e-01 
2.242000e-02 	8.599367e-01 
2.270500e-02 	8.565653e-01 
2.299100e-02 	8.531622e-01 
2.327700e-02 	8.497285e-01 
2.356200e-02 	8.462650e-01 
2.384800e-02 	8.427728e-01 
2.413300e-02 	8.392527e-01 
2.441900e-02 	8.357056e-01 
2.470500e-02 	8.321325e-01 
2.499000e-02 	8.285344e-01 
2.527600e-02 	8.249121e-01 
2.556100e-02 	8.212665e-01 
2.584700e-02 	8.175986e-01 
2.613300e-02 	8.139093e-01 
2.641800e-02 	8.101994e-01 
2.670400e-02 	8.064698e-01 
2.698900e-02 	8.027215e-01 
2.727500e-02 	7.989553e-01 
2.756100e-02 	7.951720e-01 
2.784600e-02 	7.913725e-01 
2.813200e-02 	7.875575e-01 
2.841700e-02 	7.837278e-01 
2.870300e-02 	7.798843e-01 
2.898900e-02 	7.760278e-01 
2.927400e-02 	7.721590e-01 
2.956000e-02 	7.682785e-01 
2.984500e-02 	7.643870e-01 
3.013100e-02 	7.604853e-01 
3.041700e-02 	7.565740e-01 
3.070200e-02 	7.526538e-01 
3.098800e-02 	7.487254e-01 
3.127300e-02 	7.447893e-01 
3.155900e-02 	7.408461e-01 
3.184500e-02 	7.368961e-01 
3.213000e-02 	7.329400e-01 
3.241600e-02 	7.289782e-01 
3.270100e-02 	7.250113e-01 
3.298700e-02 	7.210397e-01 
3.327300e-02 	7.170639e-01 
3.355800e-02 	7.130845e-01 
3.384400e-02 	7.091017e-01 
3.413000e-02 	7.051161e-01 
3.441500e-02 	7.011280e-01 
3.470100e-02 	6.971378e-01 
3.498600e-02 	6.931460e-01 
3.527200e-02 	6.891529e-01 
3.555800e-02 	6.851590e-01 
3.584300e-02 	6.811646e-01 
3.612900e-02 	6.771702e-01 
3.641400e-02 	6.731762e-01 
3.670000e-02 	6.691830e-01 
3.698600e-02 	6.651910e-01 
3.727100e-02 	6.612005e-01 
3.755700e-02 	6.572120e-01 
3.784200e-02 	6.532258e-01 
3.812800e-02 	6.492425e-01 
3.841400e-02 	6.452622e-01 
3.869900e-02 	6.412855e-01 
3.898500e-02 	6.373127e-01 
3.927000e-02 	6.333443e-01 
3.955600e-02 	6.293805e-01 
3.984200e-02 	6.254217e-01 
4.012700e-02 	6.214683e-01 
4.041300e-02 	6.175207e-01 
4.069800e-02 	6.135791e-01 
4.098400e-02 	6.096441e-01 
4.127000e-02 	6.057159e-01 
4.155500e-02 	6.017949e-01 
4.184100e-02 	5.978814e-01 
4.212600e-02 	5.939758e-01 
4.241200e-02 	5.900784e-01 
4.269800e-02 	5.861895e-01 
4.298300e-02 	5.823095e-01 
4.326900e-02 	5.784386e-01 
4.355400e-02 	5.745772e-01 
4.384000e-02 	5.707255e-01 
4.412600e-02 	5.668840e-01 
4.441100e-02 	5.630529e-01 
4.469700e-02 	5.592325e-01 
4.498200e-02 	5.554233e-01 
4.526800e-02 	5.516253e-01 
4.555400e-02 	5.478390e-01 
4.583900e-02 	5.440645e-01 
4.612500e-02 	5.403022e-01 
4.641000e-02 	5.365524e-01 
4.669600e-02 	5.328153e-01 
4.698200e-02 	5.290912e-01 
4.726700e-02 	5.253804e-01 
4.755300e-02 	5.216831e-01 
4.783800e-02 	5.179997e-01 
4.812400e-02 	5.143304e-01 
4.841000e-02 	5.106754e-01 
4.869500e-02 	5.070351e-01 
4.898100e-02 	5.034096e-01 
4.926600e-02 	4.997993e-01 
4.955200e-02 	4.962043e-01 
4.983800e-02 	4.926250e-01 
5.012300e-02 	4.890615e-01 
5.040900e-02 	4.855142e-01 
5.069400e-02 	4.819833e-01 
5.098000e-02 	4.784690e-01 
5.126600e-02 	4.749716e-01 
5.155100e-02 	4.714912e-01 
5.183700e-02 	4.680281e-01 
5.212200e-02 	4.645824e-01 
5.240800e-02 	4.611544e-01 
5.269400e-02 	4.577443e-01 
5.297900e-02 	4.543522e-01 
5.326500e-02 	4.509785e-01 
5.355000e-02 	4.476232e-01 
5.383600e-02 	4.442865e-01 
5.412200e-02 	4.409688e-01 
5.440700e-02 	4.376702e-01 
5.469300e-02 	4.343908e-01 
5.497800e-02 	4.311308e-01 
5.526400e-02 	4.278903e-01 
5.555000e-02 	4.246695e-01 
5.583500e-02 	4.214684e-01 
5.612100e-02 	4.182872e-01 
5.640700e-02 	4.151260e-01 
5.669200e-02 	4.119849e-01 
5.697800e-02 	4.088642e-01 
5.726300e-02 	4.057638e-01 
5.754900e-02 	4.026839e-01 
5.783500e-02 	3.996247e-01 
5.812000e-02 	3.965863e-01 
5.840600e-02 	3.935687e-01 
5.869100e-02 	3.905722e-01 
5.897700e-02 	3.875967e-01 
5.926300e-02 	3.846422e-01 
5.954800e-02 	3.817087e-01 
5.983400e-02 	3.787963e-01 
6.011900e-02 	3.759049e-01 
6.040500e-02 	3.730346e-01 
6.069100e-02 	3.701853e-01 
6.097600e-02 	3.673571e-01 
6.126200e-02 	3.645500e-01 
6.154700e-02 	3.617639e-01 
6.183300e-02 	3.589989e-01 
6.211900e-02 	3.562550e-01 
6.240400e-02 	3.535322e-01 
6.269000e-02 	3.508305e-01 
6.297500e-02 	3.481499e-01 
6.326100e-02 	3.454903e-01 
6.354700e-02 	3.428519e-01 
6.383200e-02 	3.402344e-01 
6.411800e-02 	3.376379e-01 
6.440300e-02 	3.350623e-01 
6.468900e-02 	3.325074e-01 
6.497500e-02 	3.299734e-01 
6.526000e-02 	3.274600e-01 
6.554600e-02 	3.249672e-01 
6.583100e-02 	3.224950e-01 
6.611700e-02 	3.200433e-01 
6.640300e-02 	3.176120e-01 
6.668800e-02 	3.152011e-01 
6.697400e-02 	3.128105e-01 
6.725900e-02 	3.104401e-01 
6.754500e-02 	3.080899e-01 
6.783100e-02 	3.057597e-01 
6.811600e-02 	3.034495e-01 
6.840200e-02 	3.011593e-01 
6.868700e-02 	2.988888e-01 
6.897300e-02 	2.966380e-01 
6.925900e-02 	2.944069e-01 
6.954400e-02 	2.921953e-01 
6.983000e-02 	2.900031e-01 
7.011500e-02 	2.878303e-01 
7.040100e-02 	2.856768e-01 
7.068700e-02 	2.835424e-01 
7.097200e-02 	2.814271e-01 
7.125800e-02 	2.793308e-01 
7.154300e-02 	2.772535e-01 
7.182900e-02 	2.751950e-01 
7.211500e-02 	2.731553e-01 
7.240000e-02 	2.711342e-01 
7.268600e-02 	2.691317e-01 
7.297100e-02 	2.671476e-01 
7.325700e-02 	2.651818e-01 
7.354300e-02 	2.632341e-01 
7.382800e-02 	2.613044e-01 
7.411400e-02 	2.593925e-01 
7.439900e-02 	2.574983e-01 
7.468500e-02 	2.556217e-01 
7.497100e-02 	2.537624e-01 
7.525600e-02 	2.519205e-01 
7.554200e-02 	2.500957e-01 
7.582700e-02 	2.482878e-01 
7.611300e-02 	2.464969e-01 
7.639900e-02 	2.447227e-01 
7.668400e-02 	2.429652e-01 
7.697000e-02 	2.412241e-01 
7.725500e-02 	2.394994e-01 
7.754100e-02 	2.377909e-01 
7.782700e-02 	2.360986e-01 
7.811200e-02 	2.344222e-01 
7.839800e-02 	2.327616e-01 
7.868400e-02 	2.311168e-01 
7.896900e-02 	2.294875e-01 
7.925500e-02 	2.278735e-01 
7.954000e-02 	2.262748e-01 
7.982600e-02 	2.246910e-01 
8.011200e-02 	2.231222e-01 
8.039700e-02 	2.215680e-01 
8.068300e-02 	2.200284e-01 
8.096800e-02 	2.185033e-01 
8.125400e-02 	2.169923e-01 
8.154000e-02 	2.154954e-01 
8.182500e-02 	2.140125e-01 
8.211100e-02 	2.125434e-01 
8.239600e-02 	2.110880e-01 
8.268200e-02 	2.096460e-01 
8.296800e-02 	2.082174e-01 
8.325300e-02 	2.068021e-01 
8.353900e-02 	2.053998e-01 
8.382400e-02 	2.040104e-01 
8.411000e-02 	2.026339e-01 
8.439600e-02 	2.012699e-01 
8.468100e-02 	1.999185e-01 
8.496700e-02 	1.985794e-01 
8.525200e-02 	1.972526e-01 
8.553800e-02 	1.959377e-01 
8.582400e-02 	1.946348e-01 
8.610900e-02 	1.933437e-01 
8.639500e-02 	1.920642e-01 
8.668000e-02 	1.907962e-01 
8.696600e-02 	1.895395e-01 
8.725200e-02 	1.882940e-01 
8.753700e-02 	1.870595e-01 
8.782300e-02 	1.858360e-01 
8.810800e-02 	1.846233e-01 
8.839400e-02 	1.834212e-01 
8.868000e-02 	1.822297e-01 
8.896500e-02 	1.810487e-01 
8.925100e-02 	1.798779e-01 
8.953600e-02 	1.787172e-01 
8.982200e-02 	1.775666e-01 
9.010800e-02 	1.764259e-01 
9.039300e-02 	1.752949e-01 
9.067900e-02 	1.741736e-01 
9.096400e-02 	1.730617e-01 
9.125000e-02 	1.719593e-01 
9.153600e-02 	1.708660e-01 
9.182100e-02 	1.697819e-01 
9.210700e-02 	1.687068e-01 
9.239200e-02 	1.676405e-01 
9.267800e-02 	1.665829e-01 
9.296400e-02 	1.655339e-01 
9.324900e-02 	1.644935e-01 
9.353500e-02 	1.634614e-01 
9.382000e-02 	1.624376e-01 
9.410600e-02 	1.614219e-01 
9.439200e-02 	1.604144e-01 
9.467700e-02 	1.594148e-01 
9.496300e-02 	1.584230e-01 
9.524800e-02 	1.574389e-01 
9.553400e-02 	1.564625e-01 
9.582000e-02 	1.554935e-01 
9.610500e-02 	1.545320e-01 
9.639100e-02 	1.535777e-01 
9.667600e-02 	1.526306e-01 
9.696200e-02 	1.516905e-01 
9.724800e-02 	1.507573e-01 
9.753300e-02 	1.498310e-01 
9.781900e-02 	1.489114e-01 
9.810400e-02 	1.479984e-01 
9.839000e-02 	1.470919e-01 
9.867600e-02 	1.461918e-01 
9.896100e-02 	1.452979e-01 
9.924700e-02 	1.444102e-01 
9.953200e-02 	1.435285e-01 
9.981800e-02 	1.426528e-01 
1.001040e-01 	1.417830e-01 
1.003890e-01 	1.409190e-01 
1.006750e-01 	1.400607e-01 
1.009610e-01 	1.392080e-01 
1.012460e-01 	1.383609e-01 
1.015320e-01 	1.375194e-01 
1.018170e-01 	1.366832e-01 
1.021030e-01 	1.358524e-01 
1.023890e-01 	1.350269e-01 
1.026740e-01 	1.342066e-01 
1.029600e-01 	1.333914e-01 
1.032450e-01 	1.325814e-01 
1.035310e-01 	1.317763e-01 
1.038170e-01 	1.309761e-01 
1.041020e-01 	1.301808e-01 
1.043880e-01 	1.293903e-01 
1.046730e-01 	1.286046e-01 
1.049590e-01 	1.278234e-01 
1.052450e-01 	1.270468e-01 
1.055300e-01 	1.262748e-01 
1.058160e-01 	1.255071e-01 
1.061010e-01 	1.247438e-01 
1.063870e-01 	1.239849e-01 
1.066730e-01 	1.232302e-01 
1.069580e-01 	1.224797e-01 
1.072440e-01 	1.217334e-01 
1.075290e-01 	1.209912e-01 
1.078150e-01 	1.202530e-01 
1.081010e-01 	1.195189e-01 
1.083860e-01 	1.187887e-01 
1.086720e-01 	1.180625e-01 
1.089570e-01 	1.173401e-01 
1.092430e-01 	1.166215e-01 
1.095290e-01 	1.159067e-01 
1.098140e-01 	1.151956e-01 
1.101000e-01 	1.144881e-01 
1.103850e-01 	1.137843e-01 
1.106710e-01 	1.130841e-01 
1.109570e-01 	1.123874e-01 
1.112420e-01 	1.116942e-01 
1.115280e-01 	1.110045e-01 
1.118130e-01 	1.103181e-01 
1.120990e-01 	1.096350e-01 
1.123850e-01 	1.089553e-01 
1.126700e-01 	1.082788e-01 
1.129560e-01 	1.076055e-01 
1.132410e-01 	1.069354e-01 
1.135270e-01 	1.062683e-01 
1.138130e-01 	1.056043e-01 
1.140980e-01 	1.049433e-01 
1.143840e-01 	1.042854e-01 
1.146690e-01 	1.036304e-01 
1.149550e-01 	1.029783e-01 
1.152410e-01 	1.023292e-01 
1.155260e-01 	1.016831e-01 
1.158120e-01 	1.010398e-01 
1.160970e-01 	1.003995e-01 
1.163830e-01 	9.976201e-02 
1.166690e-01 	9.912737e-02 
1.169540e-01 	9.849558e-02 
1.172400e-01 	9.786660e-02 
1.175250e-01 	9.724041e-02 
1.178110e-01 	9.661700e-02 
1.180970e-01 	9.599635e-02 
1.183820e-01 	9.537845e-02 
1.186680e-01 	9.476326e-02 
1.189530e-01 	9.415078e-02 
1.192390e-01 	9.354098e-02 
1.195250e-01 	9.293386e-02 
1.198100e-01 	9.232940e-02 
1.200960e-01 	9.172757e-02 
1.203810e-01 	9.112837e-02 
1.206670e-01 	9.053177e-02 
1.209530e-01 	8.993776e-02 
1.212380e-01 	8.934633e-02 
1.215240e-01 	8.875746e-02 
1.218090e-01 	8.817113e-02 
1.220950e-01 	8.758732e-02 
1.223810e-01 	8.700602e-02 
1.226660e-01 	8.642721e-02 
1.229520e-01 	8.585088e-02 
1.232380e-01 	8.527698e-02 
1.235230e-01 	8.470551e-02 
1.238090e-01 	8.413644e-02 
1.240940e-01 	8.356977e-02 
1.243800e-01 	8.300549e-02 
1.246660e-01 	8.244358e-02 
1.249510e-01 	8.188405e-02 
1.252370e-01 	8.132688e-02 
1.255220e-01 	8.077206e-02 
1.258080e-01 	8.021958e-02 
1.260940e-01 	7.966944e-02 
1.263790e-01 	7.912162e-02 
1.266650e-01 	7.857613e-02 
1.269500e-01 	7.803293e-02 
1.272360e-01 	7.749202e-02 
1.275220e-01 	7.695341e-02 
1.278070e-01 	7.641706e-02 
1.280930e-01 	7.588298e-02 
1.283780e-01 	7.535118e-02 
1.286640e-01 	7.482167e-02 
1.289500e-01 	7.429444e-02 
1.292350e-01 	7.376950e-02 
1.295210e-01 	7.324686e-02 
1.298060e-01 	7.272652e-02 
1.300920e-01 	7.220849e-02 
1.303780e-01 	7.169278e-02 
1.306630e-01 	7.117938e-02 
1.309490e-01 	7.066830e-02 
1.312340e-01 	7.015955e-02 
1.315200e-01 	6.965314e-02 
1.318060e-01 	6.914905e-02 
1.320910e-01 	6.864729e-02 
1.323770e-01 	6.814786e-02 
1.326620e-01 	6.765075e-02 
1.329480e-01 	6.715596e-02 
1.332340e-01 	6.666348e-02 
1.335190e-01 	6.617332e-02 
1.338050e-01 	6.568547e-02 
1.340900e-01 	6.519992e-02 
1.343760e-01 	6.471669e-02 
1.346620e-01 	6.423575e-02 
1.349470e-01 	6.375711e-02 
1.352330e-01 	6.328075e-02 
1.355180e-01 	6.280667e-02 
1.358040e-01 	6.233486e-02 
1.360900e-01 	6.186531e-02 
1.363750e-01 	6.139801e-02 
1.366610e-01 	6.093296e-02 
1.369460e-01 	6.047014e-02 
1.372320e-01 	6.000955e-02 
1.375180e-01 	5.955118e-02 
1.378030e-01 	5.909502e-02 
1.380890e-01 	5.864107e-02 
1.383740e-01 	5.818931e-02 
1.386600e-01 	5.773974e-02 
1.389460e-01 	5.729235e-02 
1.392310e-01 	5.684716e-02 
1.395170e-01 	5.640417e-02 
1.398020e-01 	5.596338e-02 
1.400880e-01 	5.552480e-02 
1.403740e-01 	5.508843e-02 
1.406590e-01 	5.465429e-02 
1.409450e-01 	5.422236e-02 
1.412300e-01 	5.379266e-02 
1.415160e-01 	5.336520e-02 
1.418020e-01 	5.293998e-02 
1.420870e-01 	5.251700e-02 
1.423730e-01 	5.209627e-02 
1.426580e-01 	5.167778e-02 
1.429440e-01 	5.126156e-02 
1.432300e-01 	5.084759e-02 
1.435150e-01 	5.043588e-02 
1.438010e-01 	5.002644e-02 
1.440860e-01 	4.961927e-02 
1.443720e-01 	4.921437e-02 
1.446580e-01 	4.881174e-02 
1.449430e-01 	4.841138e-02 
1.452290e-01 	4.801328e-02 
1.455150e-01 	4.761743e-02 
1.458000e-01 	4.722384e-02 
1.460860e-01 	4.683250e-02 
1.463710e-01 	4.644341e-02 
1.466570e-01 	4.605656e-02 
1.469430e-01 	4.567194e-02 
1.472280e-01 	4.528956e-02 
1.475140e-01 	4.490941e-02 
1.477990e-01 	4.453148e-02 
1.480850e-01 	4.415578e-02 
1.483710e-01 	4.378228e-02 
1.486560e-01 	4.341100e-02 
1.489420e-01 	4.304193e-02 
1.492270e-01 	4.267506e-02 
1.495130e-01 	4.231039e-02 
1.497990e-01 	4.194792e-02 
1.500840e-01 	4.158764e-02 
1.503700e-01 	4.122955e-02 
1.506550e-01 	4.087365e-02 
1.509410e-01 	4.051992e-02 
1.512270e-01 	4.016838e-02 
1.515120e-01 	3.981901e-02 
1.517980e-01 	3.947182e-02 
1.520830e-01 	3.912679e-02 
1.523690e-01 	3.878393e-02 
1.526550e-01 	3.844323e-02 
1.529400e-01 	3.810468e-02 
1.532260e-01 	3.776830e-02 
1.535110e-01 	3.743406e-02 
1.537970e-01 	3.710197e-02 
1.540830e-01 	3.677203e-02 
1.543680e-01 	3.644424e-02 
1.546540e-01 	3.611860e-02 
1.549390e-01 	3.579512e-02 
1.552250e-01 	3.547380e-02 
1.555110e-01 	3.515463e-02 
1.557960e-01 	3.483763e-02 
1.560820e-01 	3.452277e-02 
1.563670e-01 	3.421005e-02 
1.566530e-01 	3.389947e-02 
1.569390e-01 	3.359103e-02 
1.572240e-01 	3.328471e-02 
1.575100e-01 	3.298051e-02 
1.577950e-01 	3.267843e-02 
1.580810e-01 	3.237844e-02 
1.583670e-01 	3.208055e-02 
1.586520e-01 	3.178475e-02 
1.589380e-01 	3.149104e-02 
1.592230e-01 	3.119939e-02 
1.595090e-01 	3.090982e-02 
1.597950e-01 	3.062232e-02 
1.600800e-01 	3.033687e-02 
1.603660e-01 	3.005348e-02 
1.606510e-01 	2.977213e-02 
1.609370e-01 	2.949282e-02 
1.612230e-01 	2.921555e-02 
1.615080e-01 	2.894032e-02 
1.617940e-01 	2.866710e-02 
1.620790e-01 	2.839591e-02 
1.623650e-01 	2.812673e-02 
1.626510e-01 	2.785955e-02 
1.629360e-01 	2.759438e-02 
1.632220e-01 	2.733121e-02 
1.635070e-01 	2.707002e-02 
1.637930e-01 	2.681082e-02 
1.640790e-01 	2.655360e-02 
1.643640e-01 	2.629835e-02 
1.646500e-01 	2.604507e-02 
1.649350e-01 	2.579376e-02 
1.652210e-01 	2.554439e-02 
1.655070e-01 	2.529698e-02 
1.657920e-01 	2.505151e-02 
1.660780e-01 	2.480799e-02 
1.663630e-01 	2.456639e-02 
1.666490e-01 	2.432672e-02 
1.669350e-01 	2.408898e-02 
1.672200e-01 	2.385315e-02 
1.675060e-01 	2.361923e-02 
1.677920e-01 	2.338722e-02 
1.680770e-01 	2.315710e-02 
1.683630e-01 	2.292888e-02 
1.686480e-01 	2.270255e-02 
1.689340e-01 	2.247809e-02 
1.692200e-01 	2.225551e-02 
1.695050e-01 	2.203480e-02 
1.697910e-01 	2.181595e-02 
1.700760e-01 	2.159894e-02 
1.703620e-01 	2.138377e-02 
1.706480e-01 	2.117042e-02 
1.709330e-01 	2.095890e-02 
1.712190e-01 	2.074918e-02 
1.715040e-01 	2.054127e-02 
1.717900e-01 	2.033516e-02 
1.720760e-01 	2.013082e-02 
1.723610e-01 	1.992827e-02 
1.726470e-01 	1.972748e-02 
1.729320e-01 	1.952846e-02 
1.732180e-01 	1.933118e-02 
1.735040e-01 	1.913565e-02 
1.737890e-01 	1.894186e-02 
1.740750e-01 	1.874979e-02 
1.743600e-01 	1.855944e-02 
1.746460e-01 	1.837080e-02 
1.749320e-01 	1.818386e-02 
1.752170e-01 	1.799861e-02 
1.755030e-01 	1.781505e-02 
1.757880e-01 	1.763316e-02 
1.760740e-01 	1.745294e-02 
1.763600e-01 	1.727437e-02 
1.766450e-01 	1.709746e-02 
1.769310e-01 	1.692219e-02 
1.772160e-01 	1.674855e-02 
1.775020e-01 	1.657654e-02 
1.777880e-01 	1.640615e-02 
1.780730e-01 	1.623736e-02 
1.783590e-01 	1.607017e-02 
1.786440e-01 	1.590457e-02 
1.789300e-01 	1.574056e-02 
1.792160e-01 	1.557811e-02 
1.795010e-01 	1.541724e-02 
1.797870e-01 	1.525792e-02 
1.800720e-01 	1.510015e-02 
1.803580e-01 	1.494392e-02 
1.806440e-01 	1.478922e-02 
1.809290e-01 	1.463605e-02 
1.812150e-01 	1.448438e-02 
1.815000e-01 	1.433423e-02 
1.817860e-01 	1.418557e-02 
1.820720e-01 	1.403841e-02 
1.823570e-01 	1.389272e-02 
1.826430e-01 	1.374850e-02 
1.829280e-01 	1.360575e-02 
1.832140e-01 	1.346446e-02 
1.835000e-01 	1.332462e-02 
1.837850e-01 	1.318622e-02 
1.840710e-01 	1.304926e-02 
1.843560e-01 	1.291373e-02 
1.846420e-01 	1.277961e-02 
1.849280e-01 	1.264691e-02 
1.852130e-01 	1.251560e-02 
1.854990e-01 	1.238568e-02 
1.857840e-01 	1.225714e-02 
1.860700e-01 	1.212998e-02 
1.863560e-01 	1.200417e-02 
1.866410e-01 	1.187972e-02 
1.869270e-01 	1.175661e-02 
1.872120e-01 	1.163484e-02 
1.874980e-01 	1.151439e-02 
1.877840e-01 	1.139526e-02 
1.880690e-01 	1.127743e-02 
1.883550e-01 	1.116091e-02 
1.886400e-01 	1.104566e-02 
1.889260e-01 	1.093170e-02 
1.892120e-01 	1.081901e-02 
1.894970e-01 	1.070757e-02 
1.897830e-01 	1.059739e-02 
1.900690e-01 	1.048845e-02 
1.903540e-01 	1.038074e-02 
1.906400e-01 	1.027426e-02 
1.909250e-01 	1.016898e-02 
1.912110e-01 	1.006491e-02 
1.914970e-01 	9.962041e-03 
1.917820e-01 	9.860354e-03 
1.920680e-01 	9.759842e-03 
1.923530e-01 	9.660499e-03 
1.926390e-01 	9.562312e-03 
1.929250e-01 	9.465275e-03 
1.932100e-01 	9.369377e-03 
1.934960e-01 	9.274609e-03 
1.937810e-01 	9.180962e-03 
1.940670e-01 	9.088427e-03 
1.943530e-01 	8.996994e-03 
1.946380e-01 	8.906653e-03 
1.949240e-01 	8.817397e-03 
1.952090e-01 	8.729214e-03 
1.954950e-01 	8.642096e-03 
1.957810e-01 	8.556033e-03 
1.960660e-01 	8.471017e-03 
1.963520e-01 	8.387038e-03 
1.966370e-01 	8.304088e-03 
1.969230e-01 	8.222159e-03 
1.972090e-01 	8.141241e-03 
1.974940e-01 	8.061328e-03 
1.977800e-01 	7.982414e-03 
1.980650e-01 	7.904492e-03 
1.983510e-01 	7.827555e-03 
1.986370e-01 	7.751597e-03 
1.989220e-01 	7.676610e-03 
1.992080e-01 	7.602588e-03 
1.994930e-01 	7.529522e-03 
1.997790e-01 	7.457404e-03 
2.000650e-01 	7.386226e-03 
2.003500e-01 	7.315980e-03 
2.006360e-01 	7.246658e-03 
2.009210e-01 	7.178252e-03 
2.012070e-01 	7.110753e-03 
2.014930e-01 	7.044154e-03 
2.017780e-01 	6.978446e-03 
2.020640e-01 	6.913622e-03 
2.023490e-01 	6.849673e-03 
2.026350e-01 	6.786592e-03 
2.029210e-01 	6.724370e-03 
2.032060e-01 	6.662999e-03 
2.034920e-01 	6.602472e-03 
2.037770e-01 	6.542779e-03 
2.040630e-01 	6.483914e-03 
2.043490e-01 	6.425868e-03 
2.046340e-01 	6.368633e-03 
2.049200e-01 	6.312200e-03 
2.052050e-01 	6.256563e-03 
2.054910e-01 	6.201713e-03 
2.057770e-01 	6.147643e-03 
2.060620e-01 	6.094343e-03 
2.063480e-01 	6.041807e-03 
2.066330e-01 	5.990026e-03 
2.069190e-01 	5.938992e-03 
2.072050e-01 	5.888698e-03 
2.074900e-01 	5.839136e-03 
2.077760e-01 	5.790298e-03 
2.080610e-01 	5.742176e-03 
2.083470e-01 	5.694762e-03 
2.086330e-01 	5.648049e-03 
2.089180e-01 	5.602028e-03 
2.092040e-01 	5.556691e-03 
2.094890e-01 	5.512032e-03 
2.097750e-01 	5.468041e-03 
2.100610e-01 	5.424711e-03 
2.103460e-01 	5.382035e-03 
2.106320e-01 	5.340004e-03 
2.109170e-01 	5.298611e-03 
2.112030e-01 	5.257850e-03 
2.114890e-01 	5.217713e-03 
2.117740e-01 	5.178195e-03 
2.120600e-01 	5.139291e-03 
2.123450e-01 	5.100993e-03 
2.126310e-01 	5.063297e-03 
2.129170e-01 	5.026195e-03 
2.132020e-01 	4.989682e-03 
2.134880e-01 	4.953752e-03 
2.137740e-01 	4.918399e-03 
2.140590e-01 	4.883616e-03 
2.143450e-01 	4.849399e-03 
2.146300e-01 	4.815740e-03 
2.149160e-01 	4.782636e-03 
2.152020e-01 	4.750079e-03 
2.154870e-01 	4.718065e-03 
2.157730e-01 	4.686587e-03 
2.160580e-01 	4.655640e-03 
2.163440e-01 	4.625217e-03 
2.166300e-01 	4.595315e-03 
2.169150e-01 	4.565926e-03 
2.172010e-01 	4.537045e-03 
2.174860e-01 	4.508667e-03 
2.177720e-01 	4.480785e-03 
2.180580e-01 	4.453395e-03 
2.183430e-01 	4.426489e-03 
2.186290e-01 	4.400065e-03 
2.189140e-01 	4.374114e-03 
2.192000e-01 	4.348634e-03 
2.194860e-01 	4.323616e-03 
2.197710e-01 	4.299058e-03 
2.200570e-01 	4.274953e-03 
2.203420e-01 	4.251295e-03 
2.206280e-01 	4.228079e-03 
2.209140e-01 	4.205301e-03 
2.211990e-01 	4.182954e-03 
2.214850e-01 	4.161033e-03 
2.217700e-01 	4.139533e-03 
2.220560e-01 	4.118449e-03 
2.223420e-01 	4.097776e-03 
2.226270e-01 	4.077509e-03 
2.229130e-01 	4.057642e-03 
2.231980e-01 	4.038171e-03 
2.234840e-01 	4.019090e-03 
2.237700e-01 	4.000395e-03 
2.240550e-01 	3.982079e-03 
2.243410e-01 	3.964139e-03 
2.246260e-01 	3.946568e-03 
2.249120e-01 	3.929362e-03 
2.251980e-01 	3.912517e-03 
2.254830e-01 	3.896028e-03 
2.257690e-01 	3.879891e-03 
2.260540e-01 	3.864101e-03 
2.263400e-01 	3.848654e-03 
2.266260e-01 	3.833545e-03 
2.269110e-01 	3.818770e-03 
2.271970e-01 	3.804324e-03 
2.274820e-01 	3.790204e-03 
2.277680e-01 	3.776404e-03 
2.280540e-01 	3.762921e-03 
2.283390e-01 	3.749749e-03 
2.286250e-01 	3.736884e-03 
2.289100e-01 	3.724323e-03 
2.291960e-01 	3.712061e-03 
2.294820e-01 	3.700094e-03 
2.297670e-01 	3.688420e-03 
2.300530e-01 	3.677035e-03 
2.303380e-01 	3.665936e-03 
2.306240e-01 	3.655120e-03 
2.309100e-01 	3.644583e-03 
2.311950e-01 	3.634323e-03 
2.314810e-01 	3.624336e-03 
2.317660e-01 	3.614619e-03 
2.320520e-01 	3.605169e-03 
2.323380e-01 	3.595982e-03 
2.326230e-01 	3.587056e-03 
2.329090e-01 	3.578387e-03 
2.331940e-01 	3.569972e-03 
2.334800e-01 	3.561808e-03 
2.337660e-01 	3.553892e-03 
2.340510e-01 	3.546221e-03 
2.343370e-01 	3.538791e-03 
2.346230e-01 	3.531600e-03 
2.349080e-01 	3.524646e-03 
2.351940e-01 	3.517925e-03 
2.354790e-01 	3.511435e-03 
2.357650e-01 	3.505174e-03 
2.360510e-01 	3.499138e-03 
2.363360e-01 	3.493324e-03 
2.366220e-01 	3.487731e-03 
2.369070e-01 	3.482355e-03 
2.371930e-01 	3.477194e-03 
2.374790e-01 	3.472244e-03 
2.377640e-01 	3.467504e-03 
2.380500e-01 	3.462970e-03 
2.383350e-01 	3.458640e-03 
2.386210e-01 	3.454511e-03 
2.389070e-01 	3.450581e-03 
2.391920e-01 	3.446847e-03 
2.394780e-01 	3.443306e-03 
2.397630e-01 	3.439957e-03 
2.400490e-01 	3.436796e-03 
2.403350e-01 	3.433822e-03 
2.406200e-01 	3.431032e-03 
2.409060e-01 	3.428424e-03 
2.411910e-01 	3.425994e-03 
2.414770e-01 	3.423741e-03 
2.417630e-01 	3.421662e-03 
2.420480e-01 	3.419755e-03 
2.423340e-01 	3.418017e-03 
2.426190e-01 	3.416445e-03 
2.429050e-01 	3.415038e-03 
2.431910e-01 	3.413793e-03 
2.434760e-01 	3.412707e-03 
2.437620e-01 	3.411778e-03 
2.440470e-01 	3.411003e-03 
2.443330e-01 	3.410381e-03 
2.446190e-01 	3.409909e-03 
2.449040e-01 	3.409587e-03 
2.451900e-01 	3.409413e-03 
2.454750e-01 	3.409384e-03 
2.457610e-01 	3.409500e-03 
2.460470e-01 	3.409758e-03 
2.463320e-01 	3.410158e-03 
2.466180e-01 	3.410696e-03 
2.469030e-01 	3.411373e-03 
2.471890e-01 	3.412186e-03 
2.474750e-01 	3.413134e-03 
2.477600e-01 	3.414215e-03 
2.480460e-01 	3.415428e-03 
2.483310e-01 	3.416772e-03 
2.486170e-01 	3.418245e-03 
2.489030e-01 	3.419846e-03 
2.491880e-01 	3.421574e-03 
2.494740e-01 	3.423426e-03 
2.497590e-01 	3.425402e-03 
2.500450e-01 	3.427500e-03 
2.503310e-01 	3.429719e-03 
2.506160e-01 	3.432057e-03 
2.509020e-01 	3.434514e-03 
2.511870e-01 	3.437088e-03 
2.514730e-01 	3.439776e-03 
2.517590e-01 	3.442579e-03 
2.520440e-01 	3.445494e-03 
2.523300e-01 	3.448521e-03 
2.526150e-01 	3.451658e-03 
2.529010e-01 	3.454903e-03 
2.531870e-01 	3.458257e-03 
2.534720e-01 	3.461717e-03 
2.537580e-01 	3.465282e-03 
2.540430e-01 	3.468953e-03 
2.543290e-01 	3.472727e-03 
2.546150e-01 	3.476603e-03 
2.549000e-01 	3.480580e-03 
2.551860e-01 	3.484658e-03 
2.554710e-01 	3.488835e-03 
2.557570e-01 	3.493110e-03 
2.560430e-01 	3.497482e-03 
2.563280e-01 	3.501950e-03 
2.566140e-01 	3.506513e-03 
2.568990e-01 	3.511169e-03 
2.571850e-01 	3.515919e-03 
2.574710e-01 	3.520759e-03 
2.577560e-01 	3.525690e-03 
2.580420e-01 	3.530710e-03 
2.583280e-01 	3.535819e-03 
2.586130e-01 	3.541015e-03 
2.588990e-01 	3.546297e-03 
2.591840e-01 	3.551663e-03 
2.594700e-01 	3.557114e-03 
2.597560e-01 	3.562649e-03 
2.600410e-01 	3.568265e-03 
2.603270e-01 	3.573963e-03 
2.606120e-01 	3.579741e-03 
2.608980e-01 	3.585598e-03 
2.611840e-01 	3.591534e-03 
2.614690e-01 	3.597547e-03 
2.617550e-01 	3.603637e-03 
2.620400e-01 	3.609802e-03 
2.623260e-01 	3.616042e-03 
2.626120e-01 	3.622356e-03 
2.628970e-01 	3.628743e-03 
2.631830e-01 	3.635202e-03 
2.634680e-01 	3.641731e-03 
2.637540e-01 	3.648330e-03 
2.640400e-01 	3.654999e-03 
2.643250e-01 	3.661735e-03 
2.646110e-01 	3.668539e-03 
2.648960e-01 	3.675408e-03 
2.651820e-01 	3.682343e-03 
2.654680e-01 	3.689343e-03 
2.657530e-01 	3.696405e-03 
2.660390e-01 	3.703530e-03 
2.663240e-01 	3.710717e-03 
2.666100e-01 	3.717964e-03 
2.668960e-01 	3.725272e-03 
2.671810e-01 	3.732640e-03 
2.674670e-01 	3.740067e-03 
2.677520e-01 	3.747553e-03 
2.680380e-01 	3.755096e-03 
2.683240e-01 	3.762697e-03 
2.686090e-01 	3.770356e-03 
2.688950e-01 	3.778070e-03 
2.691800e-01 	3.785840e-03 
2.694660e-01 	3.793666e-03 
2.697520e-01 	3.801546e-03 
2.700370e-01 	3.809480e-03 
2.703230e-01 	3.817467e-03 
2.706080e-01 	3.825507e-03 
2.708940e-01 	3.833600e-03 
2.711800e-01 	3.841744e-03 
2.714650e-01 	3.849940e-03 
2.717510e-01 	3.858186e-03 
2.720360e-01 	3.866482e-03 
2.723220e-01 	3.874827e-03 
2.726080e-01 	3.883221e-03 
2.728930e-01 	3.891663e-03 
2.731790e-01 	3.900152e-03 
2.734640e-01 	3.908688e-03 
2.737500e-01 	3.917270e-03 
2.740360e-01 	3.925897e-03 
2.743210e-01 	3.934568e-03 
2.746070e-01 	3.943283e-03 
2.748920e-01 	3.952041e-03 
2.751780e-01 	3.960840e-03 
2.754640e-01 	3.969680e-03 
2.757490e-01 	3.978561e-03 
2.760350e-01 	3.987480e-03 
2.763200e-01 	3.996438e-03 
2.766060e-01 	4.005433e-03 
2.768920e-01 	4.014465e-03 
2.771770e-01 	4.023533e-03 
2.774630e-01 	4.032636e-03 
2.777480e-01 	4.041772e-03 
2.780340e-01 	4.050942e-03 
2.783200e-01 	4.060144e-03 
2.786050e-01 	4.069378e-03 
2.788910e-01 	4.078643e-03 
2.791760e-01 	4.087938e-03 
2.794620e-01 	4.097262e-03 
2.797480e-01 	4.106614e-03 
2.800330e-01 	4.115995e-03 
2.803190e-01 	4.125402e-03 
2.806050e-01 	4.134836e-03 
2.808900e-01 	4.144295e-03 
2.811760e-01 	4.153779e-03 
2.814610e-01 	4.163288e-03 
2.817470e-01 	4.172820e-03 
2.820330e-01 	4.182374e-03 
2.823180e-01 	4.191951e-03 
2.826040e-01 	4.201550e-03 
2.828890e-01 	4.211169e-03 
2.831750e-01 	4.220808e-03 
2.834610e-01 	4.230467e-03 
2.837460e-01 	4.240144e-03 
2.840320e-01 	4.249839e-03 
2.843170e-01 	4.259551e-03 
2.846030e-01 	4.269280e-03 
2.848890e-01 	4.279025e-03 
2.851740e-01 	4.288784e-03 
2.854600e-01 	4.298558e-03 
2.857450e-01 	4.308346e-03 
2.860310e-01 	4.318146e-03 
2.863170e-01 	4.327959e-03 
2.866020e-01 	4.337784e-03 
2.868880e-01 	4.347619e-03 
2.871730e-01 	4.357465e-03 
2.874590e-01 	4.367320e-03 
2.877450e-01 	4.377185e-03 
2.880300e-01 	4.387057e-03 
2.883160e-01 	4.396937e-03 
2.886010e-01 	4.406825e-03 
2.888870e-01 	4.416718e-03 
2.891730e-01 	4.426617e-03 
2.894580e-01 	4.436521e-03 
2.897440e-01 	4.446428e-03 
2.900290e-01 	4.456339e-03 
2.903150e-01 	4.466252e-03 
2.906010e-01 	4.476166e-03 
2.908860e-01 	4.486081e-03 
2.911720e-01 	4.495995e-03 
2.914570e-01 	4.505908e-03 
2.917430e-01 	4.515819e-03 
2.920290e-01 	4.525727e-03 
2.923140e-01 	4.535631e-03 
2.926000e-01 	4.545531e-03 
2.928850e-01 	4.555424e-03 
2.931710e-01 	4.565312e-03 
2.934570e-01 	4.575192e-03 
2.937420e-01 	4.585064e-03 
2.940280e-01 	4.594927e-03 
2.943130e-01 	4.604780e-03 
2.945990e-01 	4.614621e-03 
2.948850e-01 	4.624452e-03 
2.951700e-01 	4.634269e-03 
2.954560e-01 	4.644072e-03 
2.957410e-01 	4.653861e-03 
2.960270e-01 	4.663634e-03 
2.963130e-01 	4.673390e-03 
2.965980e-01 	4.683128e-03 
2.968840e-01 	4.692848e-03 
2.971690e-01 	4.702549e-03 
2.974550e-01 	4.712228e-03 
2.977410e-01 	4.721887e-03 
2.980260e-01 	4.731522e-03 
2.983120e-01 	4.741135e-03 
2.985970e-01 	4.750723e-03 
2.988830e-01 	4.760286e-03 
2.991690e-01 	4.769824e-03 
2.994540e-01 	4.779334e-03 
2.997400e-01 	4.788817e-03 
3.000250e-01 	4.798271e-03 
3.003110e-01 	4.807695e-03 
3.005970e-01 	4.817090e-03 
3.008820e-01 	4.826453e-03 
3.011680e-01 	4.835785e-03 
3.014530e-01 	4.845083e-03 
3.017390e-01 	4.854348e-03 
3.020250e-01 	4.863578e-03 
3.023100e-01 	4.872772e-03 
3.025960e-01 	4.881930e-03 
3.028820e-01 	4.891050e-03 
3.031670e-01 	4.900133e-03 
3.034530e-01 	4.909175e-03 
3.037380e-01 	4.918178e-03 
3.040240e-01 	4.927139e-03 
3.043100e-01 	4.936059e-03 
3.045950e-01 	4.944935e-03 
3.048810e-01 	4.953768e-03 
3.051660e-01 	4.962557e-03 
3.054520e-01 	4.971300e-03 
3.057380e-01 	4.979997e-03 
3.060230e-01 	4.988647e-03 
3.063090e-01 	4.997249e-03 
3.065940e-01 	5.005803e-03 
3.068800e-01 	5.014308e-03 
3.071660e-01 	5.022762e-03 
3.074510e-01 	5.031166e-03 
3.077370e-01 	5.039518e-03 
3.080220e-01 	5.047817e-03 
3.083080e-01 	5.056064e-03 
3.085940e-01 	5.064256e-03 
3.088790e-01 	5.072394e-03 
3.091650e-01 	5.080476e-03 
3.094500e-01 	5.088502e-03 
3.097360e-01 	5.096471e-03 
3.100220e-01 	5.104382e-03 
3.103070e-01 	5.112235e-03 
3.105930e-01 	5.120029e-03 
3.108780e-01 	5.127763e-03 
3.111640e-01 	5.135436e-03 
3.114500e-01 	5.143048e-03 
3.117350e-01 	5.150599e-03 
3.120210e-01 	5.158087e-03 
3.123060e-01 	5.165512e-03 
3.125920e-01 	5.172873e-03 
3.128780e-01 	5.180170e-03 
3.131630e-01 	5.187401e-03 
3.134490e-01 	5.194567e-03 
3.137340e-01 	5.201667e-03 
3.140200e-01 	5.208700e-03 
3.143060e-01 	5.215666e-03 
3.145910e-01 	5.222563e-03 
3.148770e-01 	5.229392e-03 
3.151620e-01 	5.236151e-03 
3.154480e-01 	5.242840e-03 
3.157340e-01 	5.249459e-03 
3.160190e-01 	5.256006e-03 
3.163050e-01 	5.262482e-03 
3.165900e-01 	5.268885e-03 
3.168760e-01 	5.275215e-03 
3.171620e-01 	5.281472e-03 
3.174470e-01 	5.287654e-03 
3.177330e-01 	5.293761e-03 
3.180180e-01 	5.299793e-03 
3.183040e-01 	5.305748e-03 
3.185900e-01 	5.311628e-03 
3.188750e-01 	5.317429e-03 
3.191610e-01 	5.323153e-03 
3.194460e-01 	5.328799e-03 
3.197320e-01 	5.334365e-03 
3.200180e-01 	5.339851e-03 
3.203030e-01 	5.345256e-03 
3.205890e-01 	5.350580e-03 
3.208740e-01 	5.355821e-03 
3.211600e-01 	5.360979e-03 
3.214460e-01 	5.366054e-03 
3.217310e-01 	5.371044e-03 
3.220170e-01 	5.375948e-03 
3.223020e-01 	5.380766e-03 
3.225880e-01 	5.385496e-03 
3.228740e-01 	5.390137e-03 
3.231590e-01 	5.394688e-03 
3.234450e-01 	5.399149e-03 
3.237300e-01 	5.403517e-03 
3.240160e-01 	5.407793e-03 
3.243020e-01 	5.411974e-03 
3.245870e-01 	5.416059e-03 
3.248730e-01 	5.420048e-03 
3.251590e-01 	5.423939e-03 
3.254440e-01 	5.427731e-03 
3.257300e-01 	5.431422e-03 
3.260150e-01 	5.435012e-03 
3.263010e-01 	5.438499e-03 
3.265870e-01 	5.441882e-03 
3.268720e-01 	5.445160e-03 
3.271580e-01 	5.448331e-03 
3.274430e-01 	5.451394e-03 
3.277290e-01 	5.454348e-03 
3.280150e-01 	5.457191e-03 
3.283000e-01 	5.459923e-03 
3.285860e-01 	5.462543e-03 
3.288710e-01 	5.465048e-03 
3.291570e-01 	5.467437e-03 
3.294430e-01 	5.469710e-03 
3.297280e-01 	5.471865e-03 
3.300140e-01 	5.473901e-03 
3.302990e-01 	5.475816e-03 
3.305850e-01 	5.477610e-03 
3.308710e-01 	5.479280e-03 
3.311560e-01 	5.480827e-03 
3.314420e-01 	5.482247e-03 
3.317270e-01 	5.483541e-03 
3.320130e-01 	5.484707e-03 
3.322990e-01 	5.485744e-03 
3.325840e-01 	5.486650e-03 
3.328700e-01 	5.487424e-03 
3.331550e-01 	5.488065e-03 
3.334410e-01 	5.488572e-03 
3.337270e-01 	5.488943e-03 
3.340120e-01 	5.489177e-03 
3.342980e-01 	5.489273e-03 
3.345830e-01 	5.489230e-03 
3.348690e-01 	5.489050e-03 
3.351550e-01 	5.488731e-03 
3.354400e-01 	5.488274e-03 
3.357260e-01 	5.487679e-03 
3.360110e-01 	5.486950e-03 
3.362970e-01 	5.486087e-03 
3.365830e-01 	5.485093e-03 
3.368680e-01 	5.483969e-03 
3.371540e-01 	5.482719e-03 
3.374390e-01 	5.481344e-03 
3.377250e-01 	5.479848e-03 
3.380110e-01 	5.478233e-03 
3.382960e-01 	5.476503e-03 
3.385820e-01 	5.474659e-03 
3.388670e-01 	5.472706e-03 
3.391530e-01 	5.470645e-03 
3.394390e-01 	5.468480e-03 
3.397240e-01 	5.466215e-03 
3.400100e-01 	5.463851e-03 
3.402950e-01 	5.461392e-03 
3.405810e-01 	5.458840e-03 
3.408670e-01 	5.456200e-03 
3.411520e-01 	5.453473e-03 
3.414380e-01 	5.450662e-03 
3.417230e-01 	5.447772e-03 
3.420090e-01 	5.444804e-03 
3.422950e-01 	5.441761e-03 
3.425800e-01 	5.438647e-03 
3.428660e-01 	5.435464e-03 
3.431510e-01 	5.432216e-03 
3.434370e-01 	5.428905e-03 
3.437230e-01 	5.425535e-03 
3.440080e-01 	5.422108e-03 
3.442940e-01 	5.418627e-03 
3.445790e-01 	5.415096e-03 
3.448650e-01 	5.411516e-03 
3.451510e-01 	5.407892e-03 
3.454360e-01 	5.404226e-03 
3.457220e-01 	5.400522e-03 
3.460070e-01 	5.396781e-03 
3.462930e-01 	5.393007e-03 
3.465790e-01 	5.389204e-03 
3.468640e-01 	5.385373e-03 
3.471500e-01 	5.381519e-03 
3.474360e-01 	5.377643e-03 
3.477210e-01 	5.373749e-03 
3.480070e-01 	5.369840e-03 
3.482920e-01 	5.365919e-03 
3.485780e-01 	5.361989e-03 
3.488640e-01 	5.358052e-03 
3.491490e-01 	5.354113e-03 
