#q 	 Ifit_avg 
2.999000e-03 	1.000000e+00 
3.284000e-03 	9.988800e-01 
3.570000e-03 	9.977592e-01 
3.856000e-03 	9.966365e-01 
4.141000e-03 	9.955109e-01 
4.427000e-03 	9.943817e-01 
4.712000e-03 	9.932477e-01 
4.998000e-03 	9.921080e-01 
5.284000e-03 	9.909617e-01 
5.569000e-03 	9.898078e-01 
5.855000e-03 	9.886455e-01 
6.140000e-03 	9.874736e-01 
6.426000e-03 	9.862913e-01 
6.712000e-03 	9.850977e-01 
6.997000e-03 	9.838917e-01 
7.283000e-03 	9.826724e-01 
7.568000e-03 	9.814389e-01 
7.854000e-03 	9.801902e-01 
8.140000e-03 	9.789253e-01 
8.425000e-03 	9.776434e-01 
8.711000e-03 	9.763434e-01 
8.996000e-03 	9.750245e-01 
9.282000e-03 	9.736856e-01 
9.568000e-03 	9.723257e-01 
9.853000e-03 	9.709441e-01 
1.013900e-02 	9.695396e-01 
1.042400e-02 	9.681114e-01 
1.071000e-02 	9.666584e-01 
1.099600e-02 	9.651798e-01 
1.128100e-02 	9.636746e-01 
1.156700e-02 	9.621418e-01 
1.185300e-02 	9.605805e-01 
1.213800e-02 	9.589897e-01 
1.242400e-02 	9.573685e-01 
1.270900e-02 	9.557159e-01 
1.299500e-02 	9.540310e-01 
1.328100e-02 	9.523129e-01 
1.356600e-02 	9.505604e-01 
1.385200e-02 	9.487728e-01 
1.413700e-02 	9.469491e-01 
1.442300e-02 	9.450883e-01 
1.470900e-02 	9.431895e-01 
1.499400e-02 	9.412518e-01 
1.528000e-02 	9.392743e-01 
1.556500e-02 	9.372562e-01 
1.585100e-02 	9.351967e-01 
1.613700e-02 	9.330950e-01 
1.642200e-02 	9.309506e-01 
1.670800e-02 	9.287628e-01 
1.699300e-02 	9.265311e-01 
1.727900e-02 	9.242552e-01 
1.756500e-02 	9.219353e-01 
1.785000e-02 	9.195713e-01 
1.813600e-02 	9.171635e-01 
1.842100e-02 	9.147120e-01 
1.870700e-02 	9.122175e-01 
1.899300e-02 	9.096809e-01 
1.927800e-02 	9.071029e-01 
1.956400e-02 	9.044843e-01 
1.984900e-02 	9.018257e-01 
2.013500e-02 	8.991280e-01 
2.042100e-02 	8.963918e-01 
2.070600e-02 	8.936180e-01 
2.099200e-02 	8.908073e-01 
2.127700e-02 	8.879605e-01 
2.156300e-02 	8.850782e-01 
2.184900e-02 	8.821613e-01 
2.213400e-02 	8.792105e-01 
2.242000e-02 	8.762265e-01 
2.270500e-02 	8.732101e-01 
2.299100e-02 	8.701621e-01 
2.327700e-02 	8.670832e-01 
2.356200e-02 	8.639741e-01 
2.384800e-02 	8.608356e-01 
2.413300e-02 	8.576685e-01 
2.441900e-02 	8.544735e-01 
2.470500e-02 	8.512513e-01 
2.499000e-02 	8.480028e-01 
2.527600e-02 	8.447285e-01 
2.556100e-02 	8.414294e-01 
2.584700e-02 	8.381062e-01 
2.613300e-02 	8.347595e-01 
2.641800e-02 	8.313901e-01 
2.670400e-02 	8.279988e-01 
2.698900e-02 	8.245863e-01 
2.727500e-02 	8.211533e-01 
2.756100e-02 	8.177005e-01 
2.784600e-02 	8.142287e-01 
2.813200e-02 	8.107386e-01 
2.841700e-02 	8.072307e-01 
2.870300e-02 	8.037060e-01 
2.898900e-02 	8.001650e-01 
2.927400e-02 	7.966084e-01 
2.956000e-02 	7.930369e-01 
2.984500e-02 	7.894511e-01 
3.013100e-02 	7.858516e-01 
3.041700e-02 	7.822391e-01 
3.070200e-02 	7.786143e-01 
3.098800e-02 	7.749777e-01 
3.127300e-02 	7.713299e-01 
3.155900e-02 	7.676713e-01 
3.184500e-02 	7.640025e-01 
3.213000e-02 	7.603239e-01 
3.241600e-02 	7.566361e-01 
3.270100e-02 	7.529395e-01 
3.298700e-02 	7.492346e-01 
3.327300e-02 	7.455219e-01 
3.355800e-02 	7.418018e-01 
3.384400e-02 	7.380747e-01 
3.413000e-02 	7.343408e-01 
3.441500e-02 	7.306006e-01 
3.470100e-02 	7.268543e-01 
3.498600e-02 	7.231023e-01 
3.527200e-02 	7.193450e-01 
3.555800e-02 	7.155826e-01 
3.584300e-02 	7.118155e-01 
3.612900e-02 	7.080441e-01 
3.641400e-02 	7.042686e-01 
3.670000e-02 	7.004894e-01 
3.698600e-02 	6.967069e-01 
3.727100e-02 	6.929214e-01 
3.755700e-02 	6.891331e-01 
3.784200e-02 	6.853425e-01 
3.812800e-02 	6.815499e-01 
3.841400e-02 	6.777556e-01 
3.869900e-02 	6.739599e-01 
3.898500e-02 	6.701632e-01 
3.927000e-02 	6.663658e-01 
3.955600e-02 	6.625681e-01 
3.984200e-02 	6.587702e-01 
4.012700e-02 	6.549726e-01 
4.041300e-02 	6.511756e-01 
4.069800e-02 	6.473795e-01 
4.098400e-02 	6.435846e-01 
4.127000e-02 	6.397912e-01 
4.155500e-02 	6.359997e-01 
4.184100e-02 	6.322104e-01 
4.212600e-02 	6.284235e-01 
4.241200e-02 	6.246394e-01 
4.269800e-02 	6.208584e-01 
4.298300e-02 	6.170808e-01 
4.326900e-02 	6.133068e-01 
4.355400e-02 	6.095368e-01 
4.384000e-02 	6.057711e-01 
4.412600e-02 	6.020099e-01 
4.441100e-02 	5.982536e-01 
4.469700e-02 	5.945025e-01 
4.498200e-02 	5.907569e-01 
4.526800e-02 	5.870170e-01 
4.555400e-02 	5.832831e-01 
4.583900e-02 	5.795555e-01 
4.612500e-02 	5.758345e-01 
4.641000e-02 	5.721203e-01 
4.669600e-02 	5.684131e-01 
4.698200e-02 	5.647134e-01 
4.726700e-02 	5.610214e-01 
4.755300e-02 	5.573372e-01 
4.783800e-02 	5.536613e-01 
4.812400e-02 	5.499938e-01 
4.841000e-02 	5.463351e-01 
4.869500e-02 	5.426854e-01 
4.898100e-02 	5.390449e-01 
4.926600e-02 	5.354139e-01 
4.955200e-02 	5.317927e-01 
4.983800e-02 	5.281815e-01 
5.012300e-02 	5.245806e-01 
5.040900e-02 	5.209902e-01 
5.069400e-02 	5.174106e-01 
5.098000e-02 	5.138420e-01 
5.126600e-02 	5.102847e-01 
5.155100e-02 	5.067389e-01 
5.183700e-02 	5.032049e-01 
5.212200e-02 	4.996828e-01 
5.240800e-02 	4.961729e-01 
5.269400e-02 	4.926755e-01 
5.297900e-02 	4.891908e-01 
5.326500e-02 	4.857189e-01 
5.355000e-02 	4.822603e-01 
5.383600e-02 	4.788150e-01 
5.412200e-02 	4.753834e-01 
5.440700e-02 	4.719656e-01 
5.469300e-02 	4.685619e-01 
5.497800e-02 	4.651724e-01 
5.526400e-02 	4.617975e-01 
5.555000e-02 	4.584372e-01 
5.583500e-02 	4.550917e-01 
5.612100e-02 	4.517613e-01 
5.640700e-02 	4.484462e-01 
5.669200e-02 	4.451465e-01 
5.697800e-02 	4.418625e-01 
5.726300e-02 	4.385943e-01 
5.754900e-02 	4.353422e-01 
5.783500e-02 	4.321062e-01 
5.812000e-02 	4.288867e-01 
5.840600e-02 	4.256839e-01 
5.869100e-02 	4.224978e-01 
5.897700e-02 	4.193287e-01 
5.926300e-02 	4.161765e-01 
5.954800e-02 	4.130415e-01 
5.983400e-02 	4.099237e-01 
6.011900e-02 	4.068232e-01 
6.040500e-02 	4.037401e-01 
6.069100e-02 	4.006746e-01 
6.097600e-02 	3.976266e-01 
6.126200e-02 	3.945964e-01 
6.154700e-02 	3.915840e-01 
6.183300e-02 	3.885895e-01 
6.211900e-02 	3.856130e-01 
6.240400e-02 	3.826546e-01 
6.269000e-02 	3.797145e-01 
6.297500e-02 	3.767926e-01 
6.326100e-02 	3.738892e-01 
6.354700e-02 	3.710043e-01 
6.383200e-02 	3.681378e-01 
6.411800e-02 	3.652898e-01 
6.440300e-02 	3.624603e-01 
6.468900e-02 	3.596493e-01 
6.497500e-02 	3.568568e-01 
6.526000e-02 	3.540828e-01 
6.554600e-02 	3.513273e-01 
6.583100e-02 	3.485903e-01 
6.611700e-02 	3.458718e-01 
6.640300e-02 	3.431717e-01 
6.668800e-02 	3.404902e-01 
6.697400e-02 	3.378272e-01 
6.725900e-02 	3.351828e-01 
6.754500e-02 	3.325568e-01 
6.783100e-02 	3.299493e-01 
6.811600e-02 	3.273603e-01 
6.840200e-02 	3.247897e-01 
6.868700e-02 	3.222377e-01 
6.897300e-02 	3.197040e-01 
6.925900e-02 	3.171888e-01 
6.954400e-02 	3.146920e-01 
6.983000e-02 	3.122136e-01 
7.011500e-02 	3.097536e-01 
7.040100e-02 	3.073120e-01 
7.068700e-02 	3.048887e-01 
7.097200e-02 	3.024838e-01 
7.125800e-02 	3.000973e-01 
7.154300e-02 	2.977291e-01 
7.182900e-02 	2.953792e-01 
7.211500e-02 	2.930476e-01 
7.240000e-02 	2.907344e-01 
7.268600e-02 	2.884394e-01 
7.297100e-02 	2.861626e-01 
7.325700e-02 	2.839039e-01 
7.354300e-02 	2.816633e-01 
7.382800e-02 	2.794407e-01 
7.411400e-02 	2.772361e-01 
7.439900e-02 	2.750493e-01 
7.468500e-02 	2.728804e-01 
7.497100e-02 	2.707292e-01 
7.525600e-02 	2.685957e-01 
7.554200e-02 	2.664798e-01 
7.582700e-02 	2.643816e-01 
7.611300e-02 	2.623008e-01 
7.639900e-02 	2.602375e-01 
7.668400e-02 	2.581917e-01 
7.697000e-02 	2.561631e-01 
7.725500e-02 	2.541519e-01 
7.754100e-02 	2.521579e-01 
7.782700e-02 	2.501810e-01 
7.811200e-02 	2.482213e-01 
7.839800e-02 	2.462786e-01 
7.868400e-02 	2.443529e-01 
7.896900e-02 	2.424441e-01 
7.925500e-02 	2.405520e-01 
7.954000e-02 	2.386765e-01 
7.982600e-02 	2.368175e-01 
8.011200e-02 	2.349749e-01 
8.039700e-02 	2.331486e-01 
8.068300e-02 	2.313384e-01 
8.096800e-02 	2.295442e-01 
8.125400e-02 	2.277660e-01 
8.154000e-02 	2.260036e-01 
8.182500e-02 	2.242570e-01 
8.211100e-02 	2.225259e-01 
8.239600e-02 	2.208103e-01 
8.268200e-02 	2.191102e-01 
8.296800e-02 	2.174253e-01 
8.325300e-02 	2.157555e-01 
8.353900e-02 	2.141009e-01 
8.382400e-02 	2.124611e-01 
8.411000e-02 	2.108362e-01 
8.439600e-02 	2.092261e-01 
8.468100e-02 	2.076305e-01 
8.496700e-02 	2.060495e-01 
8.525200e-02 	2.044829e-01 
8.553800e-02 	2.029306e-01 
8.582400e-02 	2.013925e-01 
8.610900e-02 	1.998684e-01 
8.639500e-02 	1.983583e-01 
8.668000e-02 	1.968621e-01 
8.696600e-02 	1.953795e-01 
8.725200e-02 	1.939106e-01 
8.753700e-02 	1.924552e-01 
8.782300e-02 	1.910132e-01 
8.810800e-02 	1.895845e-01 
8.839400e-02 	1.881689e-01 
8.868000e-02 	1.867664e-01 
8.896500e-02 	1.853769e-01 
8.925100e-02 	1.840002e-01 
8.953600e-02 	1.826362e-01 
8.982200e-02 	1.812848e-01 
9.010800e-02 	1.799459e-01 
9.039300e-02 	1.786194e-01 
9.067900e-02 	1.773052e-01 
9.096400e-02 	1.760031e-01 
9.125000e-02 	1.747131e-01 
9.153600e-02 	1.734350e-01 
9.182100e-02 	1.721687e-01 
9.210700e-02 	1.709142e-01 
9.239200e-02 	1.696713e-01 
9.267800e-02 	1.684398e-01 
9.296400e-02 	1.672198e-01 
9.324900e-02 	1.660110e-01 
9.353500e-02 	1.648134e-01 
9.382000e-02 	1.636269e-01 
9.410600e-02 	1.624513e-01 
9.439200e-02 	1.612866e-01 
9.467700e-02 	1.601326e-01 
9.496300e-02 	1.589892e-01 
9.524800e-02 	1.578562e-01 
9.553400e-02 	1.567336e-01 
9.582000e-02 	1.556213e-01 
9.610500e-02 	1.545191e-01 
9.639100e-02 	1.534269e-01 
9.667600e-02 	1.523445e-01 
9.696200e-02 	1.512720e-01 
9.724800e-02 	1.502091e-01 
9.753300e-02 	1.491557e-01 
9.781900e-02 	1.481117e-01 
9.810400e-02 	1.470770e-01 
9.839000e-02 	1.460515e-01 
9.867600e-02 	1.450350e-01 
9.896100e-02 	1.440274e-01 
9.924700e-02 	1.430287e-01 
9.953200e-02 	1.420387e-01 
9.981800e-02 	1.410573e-01 
1.001040e-01 	1.400843e-01 
1.003890e-01 	1.391198e-01 
1.006750e-01 	1.381635e-01 
1.009610e-01 	1.372154e-01 
1.012460e-01 	1.362754e-01 
1.015320e-01 	1.353434e-01 
1.018170e-01 	1.344194e-01 
1.021030e-01 	1.335031e-01 
1.023890e-01 	1.325946e-01 
1.026740e-01 	1.316937e-01 
1.029600e-01 	1.308004e-01 
1.032450e-01 	1.299144e-01 
1.035310e-01 	1.290359e-01 
1.038170e-01 	1.281646e-01 
1.041020e-01 	1.273005e-01 
1.043880e-01 	1.264434e-01 
1.046730e-01 	1.255933e-01 
1.049590e-01 	1.247501e-01 
1.052450e-01 	1.239137e-01 
1.055300e-01 	1.230840e-01 
1.058160e-01 	1.222609e-01 
1.061010e-01 	1.214443e-01 
1.063870e-01 	1.206342e-01 
1.066730e-01 	1.198304e-01 
1.069580e-01 	1.190329e-01 
1.072440e-01 	1.182415e-01 
1.075290e-01 	1.174563e-01 
1.078150e-01 	1.166771e-01 
1.081010e-01 	1.159039e-01 
1.083860e-01 	1.151365e-01 
1.086720e-01 	1.143749e-01 
1.089570e-01 	1.136190e-01 
1.092430e-01 	1.128687e-01 
1.095290e-01 	1.121240e-01 
1.098140e-01 	1.113848e-01 
1.101000e-01 	1.106510e-01 
1.103850e-01 	1.099226e-01 
1.106710e-01 	1.091994e-01 
1.109570e-01 	1.084814e-01 
1.112420e-01 	1.077686e-01 
1.115280e-01 	1.070608e-01 
1.118130e-01 	1.063580e-01 
1.120990e-01 	1.056602e-01 
1.123850e-01 	1.049671e-01 
1.126700e-01 	1.042789e-01 
1.129560e-01 	1.035953e-01 
1.132410e-01 	1.029164e-01 
1.135270e-01 	1.022420e-01 
1.138130e-01 	1.015721e-01 
1.140980e-01 	1.009067e-01 
1.143840e-01 	1.002456e-01 
1.146690e-01 	9.958878e-02 
1.149550e-01 	9.893628e-02 
1.152410e-01 	9.828800e-02 
1.155260e-01 	9.764391e-02 
1.158120e-01 	9.700396e-02 
1.160970e-01 	9.636809e-02 
1.163830e-01 	9.573626e-02 
1.166690e-01 	9.510843e-02 
1.169540e-01 	9.448455e-02 
1.172400e-01 	9.386457e-02 
1.175250e-01 	9.324844e-02 
1.178110e-01 	9.263612e-02 
1.180970e-01 	9.202755e-02 
1.183820e-01 	9.142271e-02 
1.186680e-01 	9.082152e-02 
1.189530e-01 	9.022396e-02 
1.192390e-01 	8.962997e-02 
1.195250e-01 	8.903952e-02 
1.198100e-01 	8.845255e-02 
1.200960e-01 	8.786902e-02 
1.203810e-01 	8.728888e-02 
1.206670e-01 	8.671210e-02 
1.209530e-01 	8.613862e-02 
1.212380e-01 	8.556840e-02 
1.215240e-01 	8.500140e-02 
1.218090e-01 	8.443756e-02 
1.220950e-01 	8.387685e-02 
1.223810e-01 	8.331922e-02 
1.226660e-01 	8.276463e-02 
1.229520e-01 	8.221302e-02 
1.232380e-01 	8.166435e-02 
1.235230e-01 	8.111857e-02 
1.238090e-01 	8.057564e-02 
1.240940e-01 	8.003554e-02 
1.243800e-01 	7.949825e-02 
1.246660e-01 	7.896373e-02 
1.249510e-01 	7.843197e-02 
1.252370e-01 	7.790294e-02 
1.255220e-01 	7.737662e-02 
1.258080e-01 	7.685297e-02 
1.260940e-01 	7.633198e-02 
1.263790e-01 	7.581362e-02 
1.266650e-01 	7.529786e-02 
1.269500e-01 	7.478468e-02 
1.272360e-01 	7.427406e-02 
1.275220e-01 	7.376596e-02 
1.278070e-01 	7.326037e-02 
1.280930e-01 	7.275727e-02 
1.283780e-01 	7.225664e-02 
1.286640e-01 	7.175848e-02 
1.289500e-01 	7.126277e-02 
1.292350e-01 	7.076950e-02 
1.295210e-01 	7.027867e-02 
1.298060e-01 	6.979025e-02 
1.300920e-01 	6.930425e-02 
1.303780e-01 	6.882065e-02 
1.306630e-01 	6.833943e-02 
1.309490e-01 	6.786059e-02 
1.312340e-01 	6.738412e-02 
1.315200e-01 	6.691000e-02 
1.318060e-01 	6.643823e-02 
1.320910e-01 	6.596877e-02 
1.323770e-01 	6.550163e-02 
1.326620e-01 	6.503678e-02 
1.329480e-01 	6.457422e-02 
1.332340e-01 	6.411392e-02 
1.335190e-01 	6.365587e-02 
1.338050e-01 	6.320006e-02 
1.340900e-01 	6.274647e-02 
1.343760e-01 	6.229508e-02 
1.346620e-01 	6.184589e-02 
1.349470e-01 	6.139887e-02 
1.352330e-01 	6.095402e-02 
1.355180e-01 	6.051130e-02 
1.358040e-01 	6.007070e-02 
1.360900e-01 	5.963222e-02 
1.363750e-01 	5.919582e-02 
1.366610e-01 	5.876150e-02 
1.369460e-01 	5.832923e-02 
1.372320e-01 	5.789901e-02 
1.375180e-01 	5.747080e-02 
1.378030e-01 	5.704461e-02 
1.380890e-01 	5.662040e-02 
1.383740e-01 	5.619816e-02 
1.386600e-01 	5.577788e-02 
1.389460e-01 	5.535955e-02 
1.392310e-01 	5.494317e-02 
1.395170e-01 	5.452874e-02 
1.398020e-01 	5.411627e-02 
1.400880e-01 	5.370575e-02 
1.403740e-01 	5.329719e-02 
1.406590e-01 	5.289059e-02 
1.409450e-01 	5.248594e-02 
1.412300e-01 	5.208325e-02 
1.415160e-01 	5.168252e-02 
1.418020e-01 	5.128375e-02 
1.420870e-01 	5.088695e-02 
1.423730e-01 	5.049211e-02 
1.426580e-01 	5.009923e-02 
1.429440e-01 	4.970832e-02 
1.432300e-01 	4.931937e-02 
1.435150e-01 	4.893240e-02 
1.438010e-01 	4.854740e-02 
1.440860e-01 	4.816437e-02 
1.443720e-01 	4.778331e-02 
1.446580e-01 	4.740422e-02 
1.449430e-01 	4.702710e-02 
1.452290e-01 	4.665194e-02 
1.455150e-01 	4.627875e-02 
1.458000e-01 	4.590751e-02 
1.460860e-01 	4.553824e-02 
1.463710e-01 	4.517092e-02 
1.466570e-01 	4.480555e-02 
1.469430e-01 	4.444213e-02 
1.472280e-01 	4.408066e-02 
1.475140e-01 	4.372114e-02 
1.477990e-01 	4.336355e-02 
1.480850e-01 	4.300791e-02 
1.483710e-01 	4.265419e-02 
1.486560e-01 	4.230242e-02 
1.489420e-01 	4.195257e-02 
1.492270e-01 	4.160465e-02 
1.495130e-01 	4.125866e-02 
1.497990e-01 	4.091458e-02 
1.500840e-01 	4.057243e-02 
1.503700e-01 	4.023220e-02 
1.506550e-01 	3.989388e-02 
1.509410e-01 	3.955747e-02 
1.512270e-01 	3.922298e-02 
1.515120e-01 	3.889039e-02 
1.517980e-01 	3.855971e-02 
1.520830e-01 	3.823092e-02 
1.523690e-01 	3.790404e-02 
1.526550e-01 	3.757906e-02 
1.529400e-01 	3.725597e-02 
1.532260e-01 	3.693477e-02 
1.535110e-01 	3.661546e-02 
1.537970e-01 	3.629804e-02 
1.540830e-01 	3.598251e-02 
1.543680e-01 	3.566888e-02 
1.546540e-01 	3.535715e-02 
1.549390e-01 	3.504731e-02 
1.552250e-01 	3.473938e-02 
1.555110e-01 	3.443337e-02 
1.557960e-01 	3.412926e-02 
1.560820e-01 	3.382705e-02 
1.563670e-01 	3.352676e-02 
1.566530e-01 	3.322836e-02 
1.569390e-01 	3.293187e-02 
1.572240e-01 	3.263728e-02 
1.575100e-01 	3.234458e-02 
1.577950e-01 	3.205377e-02 
1.580810e-01 	3.176485e-02 
1.583670e-01 	3.147781e-02 
1.586520e-01 	3.119266e-02 
1.589380e-01 	3.090939e-02 
1.592230e-01 	3.062799e-02 
1.595090e-01 	3.034847e-02 
1.597950e-01 	3.007082e-02 
1.600800e-01 	2.979504e-02 
1.603660e-01 	2.952113e-02 
1.606510e-01 	2.924908e-02 
1.609370e-01 	2.897889e-02 
1.612230e-01 	2.871056e-02 
1.615080e-01 	2.844409e-02 
1.617940e-01 	2.817947e-02 
1.620790e-01 	2.791670e-02 
1.623650e-01 	2.765578e-02 
1.626510e-01 	2.739671e-02 
1.629360e-01 	2.713948e-02 
1.632220e-01 	2.688410e-02 
1.635070e-01 	2.663055e-02 
1.637930e-01 	2.637883e-02 
1.640790e-01 	2.612896e-02 
1.643640e-01 	2.588091e-02 
1.646500e-01 	2.563469e-02 
1.649350e-01 	2.539029e-02 
1.652210e-01 	2.514772e-02 
1.655070e-01 	2.490698e-02 
1.657920e-01 	2.466804e-02 
1.660780e-01 	2.443093e-02 
1.663630e-01 	2.419563e-02 
1.666490e-01 	2.396214e-02 
1.669350e-01 	2.373046e-02 
1.672200e-01 	2.350058e-02 
1.675060e-01 	2.327251e-02 
1.677920e-01 	2.304623e-02 
1.680770e-01 	2.282176e-02 
1.683630e-01 	2.259908e-02 
1.686480e-01 	2.237819e-02 
1.689340e-01 	2.215910e-02 
1.692200e-01 	2.194179e-02 
1.695050e-01 	2.172626e-02 
1.697910e-01 	2.151250e-02 
1.700760e-01 	2.130051e-02 
1.703620e-01 	2.109028e-02 
1.706480e-01 	2.088179e-02 
1.709330e-01 	2.067505e-02 
1.712190e-01 	2.047004e-02 
1.715040e-01 	2.026676e-02 
1.717900e-01 	2.006520e-02 
1.720760e-01 	1.986536e-02 
1.723610e-01 	1.966722e-02 
1.726470e-01 	1.947078e-02 
1.729320e-01 	1.927604e-02 
1.732180e-01 	1.908297e-02 
1.735040e-01 	1.889159e-02 
1.737890e-01 	1.870188e-02 
1.740750e-01 	1.851383e-02 
1.743600e-01 	1.832744e-02 
1.746460e-01 	1.814270e-02 
1.749320e-01 	1.795960e-02 
1.752170e-01 	1.777814e-02 
1.755030e-01 	1.759830e-02 
1.757880e-01 	1.742008e-02 
1.760740e-01 	1.724348e-02 
1.763600e-01 	1.706849e-02 
1.766450e-01 	1.689509e-02 
1.769310e-01 	1.672329e-02 
1.772160e-01 	1.655307e-02 
1.775020e-01 	1.638443e-02 
1.777880e-01 	1.621736e-02 
1.780730e-01 	1.605185e-02 
1.783590e-01 	1.588790e-02 
1.786440e-01 	1.572550e-02 
1.789300e-01 	1.556464e-02 
1.792160e-01 	1.540532e-02 
1.795010e-01 	1.524752e-02 
1.797870e-01 	1.509125e-02 
1.800720e-01 	1.493648e-02 
1.803580e-01 	1.478323e-02 
1.806440e-01 	1.463147e-02 
1.809290e-01 	1.448121e-02 
1.812150e-01 	1.433243e-02 
1.815000e-01 	1.418512e-02 
1.817860e-01 	1.403929e-02 
1.820720e-01 	1.389492e-02 
1.823570e-01 	1.375201e-02 
1.826430e-01 	1.361054e-02 
1.829280e-01 	1.347052e-02 
1.832140e-01 	1.333194e-02 
1.835000e-01 	1.319478e-02 
1.837850e-01 	1.305905e-02 
1.840710e-01 	1.292473e-02 
1.843560e-01 	1.279182e-02 
1.846420e-01 	1.266030e-02 
1.849280e-01 	1.253017e-02 
1.852130e-01 	1.240142e-02 
1.854990e-01 	1.227403e-02 
1.857840e-01 	1.214800e-02 
1.860700e-01 	1.202332e-02 
1.863560e-01 	1.189998e-02 
1.866410e-01 	1.177798e-02 
1.869270e-01 	1.165729e-02 
1.872120e-01 	1.153791e-02 
1.874980e-01 	1.141984e-02 
1.877840e-01 	1.130305e-02 
1.880690e-01 	1.118755e-02 
1.883550e-01 	1.107333e-02 
1.886400e-01 	1.096037e-02 
1.889260e-01 	1.084866e-02 
1.892120e-01 	1.073820e-02 
1.894970e-01 	1.062897e-02 
1.897830e-01 	1.052097e-02 
1.900690e-01 	1.041419e-02 
1.903540e-01 	1.030861e-02 
1.906400e-01 	1.020423e-02 
1.909250e-01 	1.010105e-02 
1.912110e-01 	9.999037e-03 
1.914970e-01 	9.898198e-03 
1.917820e-01 	9.798519e-03 
1.920680e-01 	9.699991e-03 
1.923530e-01 	9.602605e-03 
1.926390e-01 	9.506351e-03 
1.929250e-01 	9.411220e-03 
1.932100e-01 	9.317201e-03 
1.934960e-01 	9.224287e-03 
1.937810e-01 	9.132467e-03 
1.940670e-01 	9.041732e-03 
1.943530e-01 	8.952072e-03 
1.946380e-01 	8.863479e-03 
1.949240e-01 	8.775942e-03 
1.952090e-01 	8.689452e-03 
1.954950e-01 	8.603999e-03 
1.957810e-01 	8.519575e-03 
1.960660e-01 	8.436170e-03 
1.963520e-01 	8.353774e-03 
1.966370e-01 	8.272379e-03 
1.969230e-01 	8.191976e-03 
1.972090e-01 	8.112556e-03 
1.974940e-01 	8.034112e-03 
1.977800e-01 	7.956637e-03 
1.980650e-01 	7.880124e-03 
1.983510e-01 	7.804564e-03 
1.986370e-01 	7.729953e-03 
1.989220e-01 	7.656281e-03 
1.992080e-01 	7.583541e-03 
1.994930e-01 	7.511726e-03 
1.997790e-01 	7.440828e-03 
2.000650e-01 	7.370837e-03 
2.003500e-01 	7.301747e-03 
2.006360e-01 	7.233550e-03 
2.009210e-01 	7.166237e-03 
2.012070e-01 	7.099800e-03 
2.014930e-01 	7.034232e-03 
2.017780e-01 	6.969524e-03 
2.020640e-01 	6.905668e-03 
2.023490e-01 	6.842657e-03 
2.026350e-01 	6.780483e-03 
2.029210e-01 	6.719137e-03 
2.032060e-01 	6.658612e-03 
2.034920e-01 	6.598899e-03 
2.037770e-01 	6.539991e-03 
2.040630e-01 	6.481880e-03 
2.043490e-01 	6.424557e-03 
2.046340e-01 	6.368014e-03 
2.049200e-01 	6.312244e-03 
2.052050e-01 	6.257239e-03 
2.054910e-01 	6.202991e-03 
2.057770e-01 	6.149491e-03 
2.060620e-01 	6.096733e-03 
2.063480e-01 	6.044707e-03 
2.066330e-01 	5.993405e-03 
2.069190e-01 	5.942821e-03 
2.072050e-01 	5.892946e-03 
2.074900e-01 	5.843772e-03 
2.077760e-01 	5.795291e-03 
2.080610e-01 	5.747495e-03 
2.083470e-01 	5.700377e-03 
2.086330e-01 	5.653929e-03 
2.089180e-01 	5.608141e-03 
2.092040e-01 	5.563008e-03 
2.094890e-01 	5.518520e-03 
2.097750e-01 	5.474671e-03 
2.100610e-01 	5.431451e-03 
2.103460e-01 	5.388854e-03 
2.106320e-01 	5.346871e-03 
2.109170e-01 	5.305495e-03 
2.112030e-01 	5.264719e-03 
2.114890e-01 	5.224537e-03 
2.117740e-01 	5.184942e-03 
2.120600e-01 	5.145930e-03 
2.123450e-01 	5.107493e-03 
2.126310e-01 	5.069626e-03 
2.129170e-01 	5.032322e-03 
2.132020e-01 	4.995576e-03 
2.134880e-01 	4.959381e-03 
2.137740e-01 	4.923732e-03 
2.140590e-01 	4.888622e-03 
2.143450e-01 	4.854046e-03 
2.146300e-01 	4.820000e-03 
2.149160e-01 	4.786479e-03 
2.152020e-01 	4.753477e-03 
2.154870e-01 	4.720991e-03 
2.157730e-01 	4.689013e-03 
2.160580e-01 	4.657541e-03 
2.163440e-01 	4.626569e-03 
2.166300e-01 	4.596091e-03 
2.169150e-01 	4.566104e-03 
2.172010e-01 	4.536601e-03 
2.174860e-01 	4.507579e-03 
2.177720e-01 	4.479031e-03 
2.180580e-01 	4.450954e-03 
2.183430e-01 	4.423343e-03 
2.186290e-01 	4.396191e-03 
2.189140e-01 	4.369496e-03 
2.192000e-01 	4.343251e-03 
2.194860e-01 	4.317452e-03 
2.197710e-01 	4.292094e-03 
2.200570e-01 	4.267172e-03 
2.203420e-01 	4.242682e-03 
2.206280e-01 	4.218618e-03 
2.209140e-01 	4.194976e-03 
2.211990e-01 	4.171751e-03 
2.214850e-01 	4.148938e-03 
2.217700e-01 	4.126533e-03 
2.220560e-01 	4.104530e-03 
2.223420e-01 	4.082925e-03 
2.226270e-01 	4.061714e-03 
2.229130e-01 	4.040891e-03 
2.231980e-01 	4.020452e-03 
2.234840e-01 	4.000393e-03 
2.237700e-01 	3.980708e-03 
2.240550e-01 	3.961393e-03 
2.243410e-01 	3.942443e-03 
2.246260e-01 	3.923853e-03 
2.249120e-01 	3.905620e-03 
2.251980e-01 	3.887738e-03 
2.254830e-01 	3.870204e-03 
2.257690e-01 	3.853015e-03 
2.260540e-01 	3.836165e-03 
2.263400e-01 	3.819651e-03 
2.266260e-01 	3.803468e-03 
2.269110e-01 	3.787614e-03 
2.271970e-01 	3.772083e-03 
2.274820e-01 	3.756872e-03 
2.277680e-01 	3.741977e-03 
2.280540e-01 	3.727394e-03 
2.283390e-01 	3.713118e-03 
2.286250e-01 	3.699146e-03 
2.289100e-01 	3.685474e-03 
2.291960e-01 	3.672098e-03 
2.294820e-01 	3.659016e-03 
2.297670e-01 	3.646226e-03 
2.300530e-01 	3.633724e-03 
2.303380e-01 	3.621508e-03 
2.306240e-01 	3.609577e-03 
2.309100e-01 	3.597926e-03 
2.311950e-01 	3.586554e-03 
2.314810e-01 	3.575459e-03 
2.317660e-01 	3.564637e-03 
2.320520e-01 	3.554086e-03 
2.323380e-01 	3.543804e-03 
2.326230e-01 	3.533788e-03 
2.329090e-01 	3.524036e-03 
2.331940e-01 	3.514545e-03 
2.334800e-01 	3.505313e-03 
2.337660e-01 	3.496336e-03 
2.340510e-01 	3.487614e-03 
2.343370e-01 	3.479142e-03 
2.346230e-01 	3.470920e-03 
2.349080e-01 	3.462944e-03 
2.351940e-01 	3.455213e-03 
2.354790e-01 	3.447724e-03 
2.357650e-01 	3.440474e-03 
2.360510e-01 	3.433463e-03 
2.363360e-01 	3.426686e-03 
2.366220e-01 	3.420143e-03 
2.369070e-01 	3.413830e-03 
2.371930e-01 	3.407746e-03 
2.374790e-01 	3.401887e-03 
2.377640e-01 	3.396253e-03 
2.380500e-01 	3.390840e-03 
2.383350e-01 	3.385646e-03 
2.386210e-01 	3.380670e-03 
2.389070e-01 	3.375907e-03 
2.391920e-01 	3.371358e-03 
2.394780e-01 	3.367019e-03 
2.397630e-01 	3.362887e-03 
2.400490e-01 	3.358962e-03 
2.403350e-01 	3.355240e-03 
2.406200e-01 	3.351720e-03 
2.409060e-01 	3.348398e-03 
2.411910e-01 	3.345274e-03 
2.414770e-01 	3.342344e-03 
2.417630e-01 	3.339606e-03 
2.420480e-01 	3.337059e-03 
2.423340e-01 	3.334699e-03 
2.426190e-01 	3.332526e-03 
2.429050e-01 	3.330535e-03 
2.431910e-01 	3.328726e-03 
2.434760e-01 	3.327096e-03 
2.437620e-01 	3.325643e-03 
2.440470e-01 	3.324364e-03 
2.443330e-01 	3.323258e-03 
2.446190e-01 	3.322323e-03 
2.449040e-01 	3.321558e-03 
2.451900e-01 	3.320962e-03 
2.454750e-01 	3.320532e-03 
2.457610e-01 	3.320268e-03 
2.460470e-01 	3.320168e-03 
2.463320e-01 	3.320230e-03 
2.466180e-01 	3.320454e-03 
2.469030e-01 	3.320836e-03 
2.471890e-01 	3.321377e-03 
2.474750e-01 	3.322075e-03 
2.477600e-01 	3.322928e-03 
2.480460e-01 	3.323935e-03 
2.483310e-01 	3.325095e-03 
2.486170e-01 	3.326406e-03 
2.489030e-01 	3.327866e-03 
2.491880e-01 	3.329476e-03 
2.494740e-01 	3.331232e-03 
2.497590e-01 	3.333134e-03 
2.500450e-01 	3.335181e-03 
2.503310e-01 	3.337371e-03 
2.506160e-01 	3.339702e-03 
2.509020e-01 	3.342174e-03 
2.511870e-01 	3.344785e-03 
2.514730e-01 	3.347533e-03 
2.517590e-01 	3.350418e-03 
2.520440e-01 	3.353437e-03 
2.523300e-01 	3.356591e-03 
2.526150e-01 	3.359876e-03 
2.529010e-01 	3.363292e-03 
2.531870e-01 	3.366838e-03 
2.534720e-01 	3.370512e-03 
2.537580e-01 	3.374313e-03 
2.540430e-01 	3.378240e-03 
2.543290e-01 	3.382292e-03 
2.546150e-01 	3.386467e-03 
2.549000e-01 	3.390763e-03 
2.551860e-01 	3.395180e-03 
2.554710e-01 	3.399717e-03 
2.557570e-01 	3.404371e-03 
2.560430e-01 	3.409142e-03 
2.563280e-01 	3.414028e-03 
2.566140e-01 	3.419029e-03 
2.568990e-01 	3.424142e-03 
2.571850e-01 	3.429367e-03 
2.574710e-01 	3.434702e-03 
2.577560e-01 	3.440146e-03 
2.580420e-01 	3.445698e-03 
2.583280e-01 	3.451356e-03 
2.586130e-01 	3.457119e-03 
2.588990e-01 	3.462985e-03 
2.591840e-01 	3.468954e-03 
2.594700e-01 	3.475025e-03 
2.597560e-01 	3.481195e-03 
2.600410e-01 	3.487464e-03 
2.603270e-01 	3.493830e-03 
2.606120e-01 	3.500293e-03 
2.608980e-01 	3.506851e-03 
2.611840e-01 	3.513503e-03 
2.614690e-01 	3.520248e-03 
2.617550e-01 	3.527083e-03 
2.620400e-01 	3.534009e-03 
2.623260e-01 	3.541024e-03 
2.626120e-01 	3.548127e-03 
2.628970e-01 	3.555316e-03 
2.631830e-01 	3.562590e-03 
2.634680e-01 	3.569948e-03 
2.637540e-01 	3.577389e-03 
2.640400e-01 	3.584911e-03 
2.643250e-01 	3.592514e-03 
2.646110e-01 	3.600196e-03 
2.648960e-01 	3.607955e-03 
2.651820e-01 	3.615791e-03 
2.654680e-01 	3.623703e-03 
2.657530e-01 	3.631688e-03 
2.660390e-01 	3.639747e-03 
2.663240e-01 	3.647877e-03 
2.666100e-01 	3.656078e-03 
2.668960e-01 	3.664349e-03 
2.671810e-01 	3.672688e-03 
2.674670e-01 	3.681095e-03 
2.677520e-01 	3.689569e-03 
2.680380e-01 	3.698109e-03 
2.683240e-01 	3.706714e-03 
2.686090e-01 	3.715382e-03 
2.688950e-01 	3.724114e-03 
2.691800e-01 	3.732907e-03 
2.694660e-01 	3.741762e-03 
2.697520e-01 	3.750676e-03 
2.700370e-01 	3.759650e-03 
2.703230e-01 	3.768681e-03 
2.706080e-01 	3.777770e-03 
2.708940e-01 	3.786915e-03 
2.711800e-01 	3.796115e-03 
2.714650e-01 	3.805369e-03 
2.717510e-01 	3.814676e-03 
2.720360e-01 	3.824036e-03 
2.723220e-01 	3.833447e-03 
2.726080e-01 	3.842908e-03 
2.728930e-01 	3.852418e-03 
2.731790e-01 	3.861977e-03 
2.734640e-01 	3.871582e-03 
2.737500e-01 	3.881234e-03 
2.740360e-01 	3.890931e-03 
2.743210e-01 	3.900672e-03 
2.746070e-01 	3.910456e-03 
2.748920e-01 	3.920282e-03 
2.751780e-01 	3.930148e-03 
2.754640e-01 	3.940054e-03 
2.757490e-01 	3.949998e-03 
2.760350e-01 	3.959979e-03 
2.763200e-01 	3.969997e-03 
2.766060e-01 	3.980050e-03 
2.768920e-01 	3.990136e-03 
2.771770e-01 	4.000256e-03 
2.774630e-01 	4.010407e-03 
2.777480e-01 	4.020588e-03 
2.780340e-01 	4.030799e-03 
2.783200e-01 	4.041038e-03 
2.786050e-01 	4.051305e-03 
2.788910e-01 	4.061597e-03 
2.791760e-01 	4.071915e-03 
2.794620e-01 	4.082256e-03 
2.797480e-01 	4.092621e-03 
2.800330e-01 	4.103007e-03 
2.803190e-01 	4.113414e-03 
2.806050e-01 	4.123840e-03 
2.808900e-01 	4.134286e-03 
2.811760e-01 	4.144750e-03 
2.814610e-01 	4.155231e-03 
2.817470e-01 	4.165728e-03 
2.820330e-01 	4.176240e-03 
2.823180e-01 	4.186768e-03 
2.826040e-01 	4.197309e-03 
2.828890e-01 	4.207862e-03 
2.831750e-01 	4.218428e-03 
2.834610e-01 	4.229004e-03 
2.837460e-01 	4.239591e-03 
2.840320e-01 	4.250187e-03 
2.843170e-01 	4.260791e-03 
2.846030e-01 	4.271403e-03 
2.848890e-01 	4.282021e-03 
2.851740e-01 	4.292645e-03 
2.854600e-01 	4.303274e-03 
2.857450e-01 	4.313907e-03 
2.860310e-01 	4.324542e-03 
2.863170e-01 	4.335180e-03 
2.866020e-01 	4.345819e-03 
2.868880e-01 	4.356459e-03 
2.871730e-01 	4.367098e-03 
2.874590e-01 	4.377736e-03 
2.877450e-01 	4.388371e-03 
2.880300e-01 	4.399004e-03 
2.883160e-01 	4.409632e-03 
2.886010e-01 	4.420256e-03 
2.888870e-01 	4.430874e-03 
2.891730e-01 	4.441485e-03 
2.894580e-01 	4.452089e-03 
2.897440e-01 	4.462685e-03 
2.900290e-01 	4.473271e-03 
2.903150e-01 	4.483847e-03 
2.906010e-01 	4.494411e-03 
2.908860e-01 	4.504964e-03 
2.911720e-01 	4.515504e-03 
2.914570e-01 	4.526030e-03 
2.917430e-01 	4.536542e-03 
2.920290e-01 	4.547038e-03 
2.923140e-01 	4.557517e-03 
2.926000e-01 	4.567979e-03 
2.928850e-01 	4.578422e-03 
2.931710e-01 	4.588847e-03 
2.934570e-01 	4.599251e-03 
2.937420e-01 	4.609634e-03 
2.940280e-01 	4.619996e-03 
2.943130e-01 	4.630334e-03 
2.945990e-01 	4.640649e-03 
2.948850e-01 	4.650939e-03 
2.951700e-01 	4.661204e-03 
2.954560e-01 	4.671443e-03 
2.957410e-01 	4.681654e-03 
2.960270e-01 	4.691838e-03 
2.963130e-01 	4.701992e-03 
2.965980e-01 	4.712117e-03 
2.968840e-01 	4.722211e-03 
2.971690e-01 	4.732273e-03 
2.974550e-01 	4.742303e-03 
2.977410e-01 	4.752300e-03 
2.980260e-01 	4.762263e-03 
2.983120e-01 	4.772190e-03 
2.985970e-01 	4.782082e-03 
2.988830e-01 	4.791937e-03 
2.991690e-01 	4.801754e-03 
2.994540e-01 	4.811533e-03 
2.997400e-01 	4.821273e-03 
3.000250e-01 	4.830973e-03 
3.003110e-01 	4.840632e-03 
3.005970e-01 	4.850250e-03 
3.008820e-01 	4.859824e-03 
3.011680e-01 	4.869356e-03 
3.014530e-01 	4.878843e-03 
3.017390e-01 	4.888286e-03 
3.020250e-01 	4.897682e-03 
3.023100e-01 	4.907032e-03 
3.025960e-01 	4.916334e-03 
3.028820e-01 	4.925588e-03 
3.031670e-01 	4.934793e-03 
3.034530e-01 	4.943947e-03 
3.037380e-01 	4.953051e-03 
3.040240e-01 	4.962102e-03 
3.043100e-01 	4.971101e-03 
3.045950e-01 	4.980047e-03 
3.048810e-01 	4.988939e-03 
3.051660e-01 	4.997777e-03 
3.054520e-01 	5.006560e-03 
3.057380e-01 	5.015288e-03 
3.060230e-01 	5.023959e-03 
3.063090e-01 	5.032574e-03 
3.065940e-01 	5.041131e-03 
3.068800e-01 	5.049631e-03 
3.071660e-01 	5.058072e-03 
3.074510e-01 	5.066455e-03 
3.077370e-01 	5.074778e-03 
3.080220e-01 	5.083041e-03 
3.083080e-01 	5.091243e-03 
3.085940e-01 	5.099385e-03 
3.088790e-01 	5.107464e-03 
3.091650e-01 	5.115482e-03 
3.094500e-01 	5.123437e-03 
3.097360e-01 	5.131329e-03 
3.100220e-01 	5.139157e-03 
3.103070e-01 	5.146921e-03 
3.105930e-01 	5.154620e-03 
3.108780e-01 	5.162254e-03 
3.111640e-01 	5.169822e-03 
3.114500e-01 	5.177324e-03 
3.117350e-01 	5.184759e-03 
3.120210e-01 	5.192127e-03 
3.123060e-01 	5.199427e-03 
3.125920e-01 	5.206659e-03 
3.128780e-01 	5.213823e-03 
3.131630e-01 	5.220917e-03 
3.134490e-01 	5.227942e-03 
3.137340e-01 	5.234897e-03 
3.140200e-01 	5.241782e-03 
3.143060e-01 	5.248596e-03 
3.145910e-01 	5.255338e-03 
3.148770e-01 	5.262009e-03 
3.151620e-01 	5.268607e-03 
3.154480e-01 	5.275132e-03 
3.157340e-01 	5.281585e-03 
3.160190e-01 	5.287963e-03 
3.163050e-01 	5.294268e-03 
3.165900e-01 	5.300498e-03 
3.168760e-01 	5.306653e-03 
3.171620e-01 	5.312732e-03 
3.174470e-01 	5.318736e-03 
3.177330e-01 	5.324663e-03 
3.180180e-01 	5.330513e-03 
3.183040e-01 	5.336287e-03 
3.185900e-01 	5.341982e-03 
3.188750e-01 	5.347599e-03 
3.191610e-01 	5.353138e-03 
3.194460e-01 	5.358597e-03 
3.197320e-01 	5.363976e-03 
3.200180e-01 	5.369275e-03 
3.203030e-01 	5.374493e-03 
3.205890e-01 	5.379629e-03 
3.208740e-01 	5.384682e-03 
3.211600e-01 	5.389652e-03 
3.214460e-01 	5.394537e-03 
3.217310e-01 	5.399338e-03 
3.220170e-01 	5.404054e-03 
3.223020e-01 	5.408682e-03 
3.225880e-01 	5.413223e-03 
3.228740e-01 	5.417675e-03 
3.231590e-01 	5.422037e-03 
3.234450e-01 	5.426308e-03 
3.237300e-01 	5.430487e-03 
3.240160e-01 	5.434573e-03 
3.243020e-01 	5.438565e-03 
3.245870e-01 	5.442461e-03 
3.248730e-01 	5.446262e-03 
3.251590e-01 	5.449964e-03 
3.254440e-01 	5.453569e-03 
3.257300e-01 	5.457073e-03 
3.260150e-01 	5.460476e-03 
3.263010e-01 	5.463778e-03 
3.265870e-01 	5.466976e-03 
3.268720e-01 	5.470071e-03 
3.271580e-01 	5.473059e-03 
3.274430e-01 	5.475942e-03 
3.277290e-01 	5.478716e-03 
3.280150e-01 	5.481382e-03 
3.283000e-01 	5.483938e-03 
3.285860e-01 	5.486383e-03 
3.288710e-01 	5.488716e-03 
3.291570e-01 	5.490935e-03 
3.294430e-01 	5.493040e-03 
3.297280e-01 	5.495029e-03 
3.300140e-01 	5.496902e-03 
3.302990e-01 	5.498656e-03 
3.305850e-01 	5.500292e-03 
3.308710e-01 	5.501808e-03 
3.311560e-01 	5.503202e-03 
3.314420e-01 	5.504473e-03 
3.317270e-01 	5.505622e-03 
3.320130e-01 	5.506645e-03 
3.322990e-01 	5.507543e-03 
3.325840e-01 	5.508313e-03 
3.328700e-01 	5.508956e-03 
3.331550e-01 	5.509469e-03 
3.334410e-01 	5.509852e-03 
3.337270e-01 	5.510103e-03 
3.340120e-01 	5.510222e-03 
3.342980e-01 	5.510207e-03 
3.345830e-01 	5.510058e-03 
3.348690e-01 	5.509777e-03 
3.351550e-01 	5.509363e-03 
3.354400e-01 	5.508819e-03 
3.357260e-01 	5.508144e-03 
3.360110e-01 	5.507343e-03 
3.362970e-01 	5.506416e-03 
3.365830e-01 	5.505366e-03 
3.368680e-01 	5.504196e-03 
3.371540e-01 	5.502907e-03 
3.374390e-01 	5.501504e-03 
3.377250e-01 	5.499988e-03 
3.380110e-01 	5.498362e-03 
3.382960e-01 	5.496628e-03 
3.385820e-01 	5.494790e-03 
3.388670e-01 	5.492851e-03 
3.391530e-01 	5.490812e-03 
3.394390e-01 	5.488677e-03 
3.397240e-01 	5.486449e-03 
3.400100e-01 	5.484129e-03 
3.402950e-01 	5.481722e-03 
3.405810e-01 	5.479229e-03 
3.408670e-01 	5.476654e-03 
3.411520e-01 	5.473998e-03 
3.414380e-01 	5.471266e-03 
3.417230e-01 	5.468459e-03 
3.420090e-01 	5.465581e-03 
3.422950e-01 	5.462634e-03 
3.425800e-01 	5.459620e-03 
3.428660e-01 	5.456544e-03 
3.431510e-01 	5.453406e-03 
3.434370e-01 	5.450211e-03 
3.437230e-01 	5.446960e-03 
3.440080e-01 	5.443657e-03 
3.442940e-01 	5.440305e-03 
3.445790e-01 	5.436905e-03 
3.448650e-01 	5.433461e-03 
3.451510e-01 	5.429976e-03 
3.454360e-01 	5.426452e-03 
3.457220e-01 	5.422892e-03 
3.460070e-01 	5.419299e-03 
3.462930e-01 	5.415675e-03 
3.465790e-01 	5.412024e-03 
3.468640e-01 	5.408347e-03 
3.471500e-01 	5.404649e-03 
3.474360e-01 	5.400931e-03 
3.477210e-01 	5.397196e-03 
3.480070e-01 	5.393447e-03 
3.482920e-01 	5.389687e-03 
3.485780e-01 	5.385918e-03 
3.488640e-01 	5.382144e-03 
3.491490e-01 	5.378367e-03 
