#q 	 Ifit_avg 
2.999000e-03 	1.000000e+00 
3.284000e-03 	9.984381e-01 
3.570000e-03 	9.968747e-01 
3.856000e-03 	9.953082e-01 
4.141000e-03 	9.937373e-01 
4.427000e-03 	9.921603e-01 
4.712000e-03 	9.905756e-01 
4.998000e-03 	9.889819e-01 
5.284000e-03 	9.873774e-01 
5.569000e-03 	9.857608e-01 
5.855000e-03 	9.841305e-01 
6.140000e-03 	9.824850e-01 
6.426000e-03 	9.808226e-01 
6.712000e-03 	9.791420e-01 
6.997000e-03 	9.774416e-01 
7.283000e-03 	9.757198e-01 
7.568000e-03 	9.739751e-01 
7.854000e-03 	9.722060e-01 
8.140000e-03 	9.704109e-01 
8.425000e-03 	9.685884e-01 
8.711000e-03 	9.667369e-01 
8.996000e-03 	9.648548e-01 
9.282000e-03 	9.629407e-01 
9.568000e-03 	9.609930e-01 
9.853000e-03 	9.590102e-01 
1.013900e-02 	9.569908e-01 
1.042400e-02 	9.549331e-01 
1.071000e-02 	9.528358e-01 
1.099600e-02 	9.506972e-01 
1.128100e-02 	9.485159e-01 
1.156700e-02 	9.462903e-01 
1.185300e-02 	9.440189e-01 
1.213800e-02 	9.417003e-01 
1.242400e-02 	9.393329e-01 
1.270900e-02 	9.369153e-01 
1.299500e-02 	9.344461e-01 
1.328100e-02 	9.319241e-01 
1.356600e-02 	9.293480e-01 
1.385200e-02 	9.267166e-01 
1.413700e-02 	9.240291e-01 
1.442300e-02 	9.212845e-01 
1.470900e-02 	9.184821e-01 
1.499400e-02 	9.156215e-01 
1.528000e-02 	9.127022e-01 
1.556500e-02 	9.097242e-01 
1.585100e-02 	9.066874e-01 
1.613700e-02 	9.035920e-01 
1.642200e-02 	9.004385e-01 
1.670800e-02 	8.972275e-01 
1.699300e-02 	8.939597e-01 
1.727900e-02 	8.906361e-01 
1.756500e-02 	8.872579e-01 
1.785000e-02 	8.838266e-01 
1.813600e-02 	8.803436e-01 
1.842100e-02 	8.768101e-01 
1.870700e-02 	8.732278e-01 
1.899300e-02 	8.695979e-01 
1.927800e-02 	8.659219e-01 
1.956400e-02 	8.622012e-01 
1.984900e-02 	8.584373e-01 
2.013500e-02 	8.546316e-01 
2.042100e-02 	8.507855e-01 
2.070600e-02 	8.469004e-01 
2.099200e-02 	8.429778e-01 
2.127700e-02 	8.390190e-01 
2.156300e-02 	8.350255e-01 
2.184900e-02 	8.309987e-01 
2.213400e-02 	8.269399e-01 
2.242000e-02 	8.228505e-01 
2.270500e-02 	8.187320e-01 
2.299100e-02 	8.145856e-01 
2.327700e-02 	8.104126e-01 
2.356200e-02 	8.062146e-01 
2.384800e-02 	8.019926e-01 
2.413300e-02 	7.977482e-01 
2.441900e-02 	7.934824e-01 
2.470500e-02 	7.891966e-01 
2.499000e-02 	7.848920e-01 
2.527600e-02 	7.805699e-01 
2.556100e-02 	7.762313e-01 
2.584700e-02 	7.718776e-01 
2.613300e-02 	7.675098e-01 
2.641800e-02 	7.631289e-01 
2.670400e-02 	7.587361e-01 
2.698900e-02 	7.543326e-01 
2.727500e-02 	7.499192e-01 
2.756100e-02 	7.454971e-01 
2.784600e-02 	7.410671e-01 
2.813200e-02 	7.366303e-01 
2.841700e-02 	7.321874e-01 
2.870300e-02 	7.277396e-01 
2.898900e-02 	7.232877e-01 
2.927400e-02 	7.188325e-01 
2.956000e-02 	7.143748e-01 
2.984500e-02 	7.099153e-01 
3.013100e-02 	7.054548e-01 
3.041700e-02 	7.009941e-01 
3.070200e-02 	6.965340e-01 
3.098800e-02 	6.920752e-01 
3.127300e-02 	6.876182e-01 
3.155900e-02 	6.831638e-01 
3.184500e-02 	6.787125e-01 
3.213000e-02 	6.742648e-01 
3.241600e-02 	6.698213e-01 
3.270100e-02 	6.653826e-01 
3.298700e-02 	6.609493e-01 
3.327300e-02 	6.565219e-01 
3.355800e-02 	6.521010e-01 
3.384400e-02 	6.476871e-01 
3.413000e-02 	6.432808e-01 
3.441500e-02 	6.388825e-01 
3.470100e-02 	6.344928e-01 
3.498600e-02 	6.301122e-01 
3.527200e-02 	6.257412e-01 
3.555800e-02 	6.213804e-01 
3.584300e-02 	6.170301e-01 
3.612900e-02 	6.126909e-01 
3.641400e-02 	6.083633e-01 
3.670000e-02 	6.040477e-01 
3.698600e-02 	5.997447e-01 
3.727100e-02 	5.954546e-01 
3.755700e-02 	5.911779e-01 
3.784200e-02 	5.869151e-01 
3.812800e-02 	5.826665e-01 
3.841400e-02 	5.784326e-01 
3.869900e-02 	5.742138e-01 
3.898500e-02 	5.700106e-01 
3.927000e-02 	5.658233e-01 
3.955600e-02 	5.616524e-01 
3.984200e-02 	5.574981e-01 
4.012700e-02 	5.533609e-01 
4.041300e-02 	5.492411e-01 
4.069800e-02 	5.451391e-01 
4.098400e-02 	5.410553e-01 
4.127000e-02 	5.369900e-01 
4.155500e-02 	5.329435e-01 
4.184100e-02 	5.289162e-01 
4.212600e-02 	5.249084e-01 
4.241200e-02 	5.209204e-01 
4.269800e-02 	5.169525e-01 
4.298300e-02 	5.130050e-01 
4.326900e-02 	5.090781e-01 
4.355400e-02 	5.051722e-01 
4.384000e-02 	5.012875e-01 
4.412600e-02 	4.974243e-01 
4.441100e-02 	4.935828e-01 
4.469700e-02 	4.897634e-01 
4.498200e-02 	4.859662e-01 
4.526800e-02 	4.821916e-01 
4.555400e-02 	4.784397e-01 
4.583900e-02 	4.747107e-01 
4.612500e-02 	4.710049e-01 
4.641000e-02 	4.673224e-01 
4.669600e-02 	4.636633e-01 
4.698200e-02 	4.600280e-01 
4.726700e-02 	4.564166e-01 
4.755300e-02 	4.528293e-01 
4.783800e-02 	4.492663e-01 
4.812400e-02 	4.457277e-01 
4.841000e-02 	4.422137e-01 
4.869500e-02 	4.387245e-01 
4.898100e-02 	4.352600e-01 
4.926600e-02 	4.318205e-01 
4.955200e-02 	4.284060e-01 
4.983800e-02 	4.250168e-01 
5.012300e-02 	4.216528e-01 
5.040900e-02 	4.183143e-01 
5.069400e-02 	4.150014e-01 
5.098000e-02 	4.117141e-01 
5.126600e-02 	4.084526e-01 
5.155100e-02 	4.052169e-01 
5.183700e-02 	4.020069e-01 
5.212200e-02 	3.988229e-01 
5.240800e-02 	3.956646e-01 
5.269400e-02 	3.925324e-01 
5.297900e-02 	3.894260e-01 
5.326500e-02 	3.863457e-01 
5.355000e-02 	3.832913e-01 
5.383600e-02 	3.802631e-01 
5.412200e-02 	3.772609e-01 
5.440700e-02 	3.742848e-01 
5.469300e-02 	3.713349e-01 
5.497800e-02 	3.684110e-01 
5.526400e-02 	3.655132e-01 
5.555000e-02 	3.626412e-01 
5.583500e-02 	3.597951e-01 
5.612100e-02 	3.569747e-01 
5.640700e-02 	3.541801e-01 
5.669200e-02 	3.514111e-01 
5.697800e-02 	3.486677e-01 
5.726300e-02 	3.459497e-01 
5.754900e-02 	3.432572e-01 
5.783500e-02 	3.405900e-01 
5.812000e-02 	3.379481e-01 
5.840600e-02 	3.353314e-01 
5.869100e-02 	3.327399e-01 
5.897700e-02 	3.301733e-01 
5.926300e-02 	3.276315e-01 
5.954800e-02 	3.251143e-01 
5.983400e-02 	3.226215e-01 
6.011900e-02 	3.201529e-01 
6.040500e-02 	3.177084e-01 
6.069100e-02 	3.152878e-01 
6.097600e-02 	3.128908e-01 
6.126200e-02 	3.105174e-01 
6.154700e-02 	3.081673e-01 
6.183300e-02 	3.058403e-01 
6.211900e-02 	3.035364e-01 
6.240400e-02 	3.012552e-01 
6.269000e-02 	2.989966e-01 
6.297500e-02 	2.967605e-01 
6.326100e-02 	2.945467e-01 
6.354700e-02 	2.923550e-01 
6.383200e-02 	2.901851e-01 
6.411800e-02 	2.880370e-01 
6.440300e-02 	2.859103e-01 
6.468900e-02 	2.838050e-01 
6.497500e-02 	2.817208e-01 
6.526000e-02 	2.796574e-01 
6.554600e-02 	2.776148e-01 
6.583100e-02 	2.755928e-01 
6.611700e-02 	2.735910e-01 
6.640300e-02 	2.716094e-01 
6.668800e-02 	2.696478e-01 
6.697400e-02 	2.677061e-01 
6.725900e-02 	2.657840e-01 
6.754500e-02 	2.638813e-01 
6.783100e-02 	2.619979e-01 
6.811600e-02 	2.601336e-01 
6.840200e-02 	2.582881e-01 
6.868700e-02 	2.564612e-01 
6.897300e-02 	2.546527e-01 
6.925900e-02 	2.528624e-01 
6.954400e-02 	2.510901e-01 
6.983000e-02 	2.493356e-01 
7.011500e-02 	2.475988e-01 
7.040100e-02 	2.458793e-01 
7.068700e-02 	2.441771e-01 
7.097200e-02 	2.424919e-01 
7.125800e-02 	2.408237e-01 
7.154300e-02 	2.391721e-01 
7.182900e-02 	2.375371e-01 
7.211500e-02 	2.359185e-01 
7.240000e-02 	2.343160e-01 
7.268600e-02 	2.327296e-01 
7.297100e-02 	2.311588e-01 
7.325700e-02 	2.296037e-01 
7.354300e-02 	2.280639e-01 
7.382800e-02 	2.265391e-01 
7.411400e-02 	2.250292e-01 
7.439900e-02 	2.235340e-01 
7.468500e-02 	2.220533e-01 
7.497100e-02 	2.205867e-01 
7.525600e-02 	2.191342e-01 
7.554200e-02 	2.176954e-01 
7.582700e-02 	2.162703e-01 
7.611300e-02 	2.148587e-01 
7.639900e-02 	2.134602e-01 
7.668400e-02 	2.120748e-01 
7.697000e-02 	2.107022e-01 
7.725500e-02 	2.093423e-01 
7.754100e-02 	2.079949e-01 
7.782700e-02 	2.066599e-01 
7.811200e-02 	2.053370e-01 
7.839800e-02 	2.040261e-01 
7.868400e-02 	2.027270e-01 
7.896900e-02 	2.014395e-01 
7.925500e-02 	2.001636e-01 
7.954000e-02 	1.988988e-01 
7.982600e-02 	1.976452e-01 
8.011200e-02 	1.964025e-01 
8.039700e-02 	1.951706e-01 
8.068300e-02 	1.939492e-01 
8.096800e-02 	1.927382e-01 
8.125400e-02 	1.915375e-01 
8.154000e-02 	1.903469e-01 
8.182500e-02 	1.891662e-01 
8.211100e-02 	1.879953e-01 
8.239600e-02 	1.868341e-01 
8.268200e-02 	1.856825e-01 
8.296800e-02 	1.845402e-01 
8.325300e-02 	1.834073e-01 
8.353900e-02 	1.822835e-01 
8.382400e-02 	1.811688e-01 
8.411000e-02 	1.800629e-01 
8.439600e-02 	1.789659e-01 
8.468100e-02 	1.778774e-01 
8.496700e-02 	1.767974e-01 
8.525200e-02 	1.757258e-01 
8.553800e-02 	1.746624e-01 
8.582400e-02 	1.736072e-01 
8.610900e-02 	1.725598e-01 
8.639500e-02 	1.715204e-01 
8.668000e-02 	1.704886e-01 
8.696600e-02 	1.694643e-01 
8.725200e-02 	1.684475e-01 
8.753700e-02 	1.674380e-01 
8.782300e-02 	1.664358e-01 
8.810800e-02 	1.654407e-01 
8.839400e-02 	1.644527e-01 
8.868000e-02 	1.634715e-01 
8.896500e-02 	1.624972e-01 
8.925100e-02 	1.615296e-01 
8.953600e-02 	1.605686e-01 
8.982200e-02 	1.596141e-01 
9.010800e-02 	1.586660e-01 
9.039300e-02 	1.577242e-01 
9.067900e-02 	1.567886e-01 
9.096400e-02 	1.558591e-01 
9.125000e-02 	1.549356e-01 
9.153600e-02 	1.540179e-01 
9.182100e-02 	1.531060e-01 
9.210700e-02 	1.521998e-01 
9.239200e-02 	1.512991e-01 
9.267800e-02 	1.504039e-01 
9.296400e-02 	1.495140e-01 
9.324900e-02 	1.486294e-01 
9.353500e-02 	1.477500e-01 
9.382000e-02 	1.468758e-01 
9.410600e-02 	1.460067e-01 
9.439200e-02 	1.451426e-01 
9.467700e-02 	1.442835e-01 
9.496300e-02 	1.434293e-01 
9.524800e-02 	1.425800e-01 
9.553400e-02 	1.417354e-01 
9.582000e-02 	1.408956e-01 
9.610500e-02 	1.400604e-01 
9.639100e-02 	1.392299e-01 
9.667600e-02 	1.384038e-01 
9.696200e-02 	1.375823e-01 
9.724800e-02 	1.367651e-01 
9.753300e-02 	1.359523e-01 
9.781900e-02 	1.351438e-01 
9.810400e-02 	1.343395e-01 
9.839000e-02 	1.335393e-01 
9.867600e-02 	1.327431e-01 
9.896100e-02 	1.319510e-01 
9.924700e-02 	1.311628e-01 
9.953200e-02 	1.303785e-01 
9.981800e-02 	1.295980e-01 
1.001040e-01 	1.288213e-01 
1.003890e-01 	1.280484e-01 
1.006750e-01 	1.272792e-01 
1.009610e-01 	1.265137e-01 
1.012460e-01 	1.257519e-01 
1.015320e-01 	1.249937e-01 
1.018170e-01 	1.242392e-01 
1.021030e-01 	1.234882e-01 
1.023890e-01 	1.227408e-01 
1.026740e-01 	1.219969e-01 
1.029600e-01 	1.212565e-01 
1.032450e-01 	1.205195e-01 
1.035310e-01 	1.197860e-01 
1.038170e-01 	1.190558e-01 
1.041020e-01 	1.183290e-01 
1.043880e-01 	1.176055e-01 
1.046730e-01 	1.168852e-01 
1.049590e-01 	1.161682e-01 
1.052450e-01 	1.154543e-01 
1.055300e-01 	1.147436e-01 
1.058160e-01 	1.140360e-01 
1.061010e-01 	1.133315e-01 
1.063870e-01 	1.126300e-01 
1.066730e-01 	1.119316e-01 
1.069580e-01 	1.112363e-01 
1.072440e-01 	1.105440e-01 
1.075290e-01 	1.098548e-01 
1.078150e-01 	1.091685e-01 
1.081010e-01 	1.084853e-01 
1.083860e-01 	1.078050e-01 
1.086720e-01 	1.071278e-01 
1.089570e-01 	1.064534e-01 
1.092430e-01 	1.057820e-01 
1.095290e-01 	1.051136e-01 
1.098140e-01 	1.044479e-01 
1.101000e-01 	1.037852e-01 
1.103850e-01 	1.031253e-01 
1.106710e-01 	1.024683e-01 
1.109570e-01 	1.018140e-01 
1.112420e-01 	1.011625e-01 
1.115280e-01 	1.005138e-01 
1.118130e-01 	9.986788e-02 
1.120990e-01 	9.922464e-02 
1.123850e-01 	9.858410e-02 
1.126700e-01 	9.794623e-02 
1.129560e-01 	9.731102e-02 
1.132410e-01 	9.667843e-02 
1.135270e-01 	9.604845e-02 
1.138130e-01 	9.542106e-02 
1.140980e-01 	9.479623e-02 
1.143840e-01 	9.417398e-02 
1.146690e-01 	9.355431e-02 
1.149550e-01 	9.293723e-02 
1.152410e-01 	9.232274e-02 
1.155260e-01 	9.171082e-02 
1.158120e-01 	9.110149e-02 
1.160970e-01 	9.049473e-02 
1.163830e-01 	8.989054e-02 
1.166690e-01 	8.928892e-02 
1.169540e-01 	8.868986e-02 
1.172400e-01 	8.809336e-02 
1.175250e-01 	8.749942e-02 
1.178110e-01 	8.690804e-02 
1.180970e-01 	8.631921e-02 
1.183820e-01 	8.573293e-02 
1.186680e-01 	8.514919e-02 
1.189530e-01 	8.456800e-02 
1.192390e-01 	8.398935e-02 
1.195250e-01 	8.341325e-02 
1.198100e-01 	8.283970e-02 
1.200960e-01 	8.226869e-02 
1.203810e-01 	8.170023e-02 
1.206670e-01 	8.113432e-02 
1.209530e-01 	8.057095e-02 
1.212380e-01 	8.001013e-02 
1.215240e-01 	7.945186e-02 
1.218090e-01 	7.889613e-02 
1.220950e-01 	7.834296e-02 
1.223810e-01 	7.779233e-02 
1.226660e-01 	7.724426e-02 
1.229520e-01 	7.669872e-02 
1.232380e-01 	7.615572e-02 
1.235230e-01 	7.561524e-02 
1.238090e-01 	7.507727e-02 
1.240940e-01 	7.454181e-02 
1.243800e-01 	7.400884e-02 
1.246660e-01 	7.347836e-02 
1.249510e-01 	7.295036e-02 
1.252370e-01 	7.242484e-02 
1.255220e-01 	7.190178e-02 
1.258080e-01 	7.138119e-02 
1.260940e-01 	7.086305e-02 
1.263790e-01 	7.034735e-02 
1.266650e-01 	6.983408e-02 
1.269500e-01 	6.932322e-02 
1.272360e-01 	6.881476e-02 
1.275220e-01 	6.830870e-02 
1.278070e-01 	6.780502e-02 
1.280930e-01 	6.730371e-02 
1.283780e-01 	6.680478e-02 
1.286640e-01 	6.630824e-02 
1.289500e-01 	6.581408e-02 
1.292350e-01 	6.532233e-02 
1.295210e-01 	6.483298e-02 
1.298060e-01 	6.434604e-02 
1.300920e-01 	6.386153e-02 
1.303780e-01 	6.337944e-02 
1.306630e-01 	6.289978e-02 
1.309490e-01 	6.242257e-02 
1.312340e-01 	6.194780e-02 
1.315200e-01 	6.147549e-02 
1.318060e-01 	6.100563e-02 
1.320910e-01 	6.053823e-02 
1.323770e-01 	6.007328e-02 
1.326620e-01 	5.961079e-02 
1.329480e-01 	5.915075e-02 
1.332340e-01 	5.869318e-02 
1.335190e-01 	5.823806e-02 
1.338050e-01 	5.778540e-02 
1.340900e-01 	5.733520e-02 
1.343760e-01 	5.688747e-02 
1.346620e-01 	5.644219e-02 
1.349470e-01 	5.599937e-02 
1.352330e-01 	5.555899e-02 
1.355180e-01 	5.512105e-02 
1.358040e-01 	5.468554e-02 
1.360900e-01 	5.425245e-02 
1.363750e-01 	5.382178e-02 
1.366610e-01 	5.339351e-02 
1.369460e-01 	5.296764e-02 
1.372320e-01 	5.254416e-02 
1.375180e-01 	5.212307e-02 
1.378030e-01 	5.170435e-02 
1.380890e-01 	5.128800e-02 
1.383740e-01 	5.087402e-02 
1.386600e-01 	5.046240e-02 
1.389460e-01 	5.005313e-02 
1.392310e-01 	4.964620e-02 
1.395170e-01 	4.924162e-02 
1.398020e-01 	4.883939e-02 
1.400880e-01 	4.843949e-02 
1.403740e-01 	4.804193e-02 
1.406590e-01 	4.764671e-02 
1.409450e-01 	4.725383e-02 
1.412300e-01 	4.686329e-02 
1.415160e-01 	4.647508e-02 
1.418020e-01 	4.608921e-02 
1.420870e-01 	4.570567e-02 
1.423730e-01 	4.532448e-02 
1.426580e-01 	4.494562e-02 
1.429440e-01 	4.456911e-02 
1.432300e-01 	4.419494e-02 
1.435150e-01 	4.382312e-02 
1.438010e-01 	4.345364e-02 
1.440860e-01 	4.308652e-02 
1.443720e-01 	4.272174e-02 
1.446580e-01 	4.235930e-02 
1.449430e-01 	4.199919e-02 
1.452290e-01 	4.164141e-02 
1.455150e-01 	4.128595e-02 
1.458000e-01 	4.093279e-02 
1.460860e-01 	4.058193e-02 
1.463710e-01 	4.023336e-02 
1.466570e-01 	3.988708e-02 
1.469430e-01 	3.954307e-02 
1.472280e-01 	3.920132e-02 
1.475140e-01 	3.886183e-02 
1.477990e-01 	3.852460e-02 
1.480850e-01 	3.818960e-02 
1.483710e-01 	3.785683e-02 
1.486560e-01 	3.752629e-02 
1.489420e-01 	3.719798e-02 
1.492270e-01 	3.687187e-02 
1.495130e-01 	3.654799e-02 
1.497990e-01 	3.622630e-02 
1.500840e-01 	3.590683e-02 
1.503700e-01 	3.558954e-02 
1.506550e-01 	3.527446e-02 
1.509410e-01 	3.496157e-02 
1.512270e-01 	3.465086e-02 
1.515120e-01 	3.434234e-02 
1.517980e-01 	3.403600e-02 
1.520830e-01 	3.373183e-02 
1.523690e-01 	3.342984e-02 
1.526550e-01 	3.313001e-02 
1.529400e-01 	3.283234e-02 
1.532260e-01 	3.253683e-02 
1.535110e-01 	3.224347e-02 
1.537970e-01 	3.195226e-02 
1.540830e-01 	3.166319e-02 
1.543680e-01 	3.137626e-02 
1.546540e-01 	3.109147e-02 
1.549390e-01 	3.080881e-02 
1.552250e-01 	3.052828e-02 
1.555110e-01 	3.024987e-02 
1.557960e-01 	2.997358e-02 
1.560820e-01 	2.969939e-02 
1.563670e-01 	2.942731e-02 
1.566530e-01 	2.915732e-02 
1.569390e-01 	2.888941e-02 
1.572240e-01 	2.862357e-02 
1.575100e-01 	2.835979e-02 
1.577950e-01 	2.809806e-02 
1.580810e-01 	2.783836e-02 
1.583670e-01 	2.758069e-02 
1.586520e-01 	2.732503e-02 
1.589380e-01 	2.707138e-02 
1.592230e-01 	2.681973e-02 
1.595090e-01 	2.657007e-02 
1.597950e-01 	2.632239e-02 
1.600800e-01 	2.607668e-02 
1.603660e-01 	2.583294e-02 
1.606510e-01 	2.559117e-02 
1.609370e-01 	2.535134e-02 
1.612230e-01 	2.511347e-02 
1.615080e-01 	2.487753e-02 
1.617940e-01 	2.464351e-02 
1.620790e-01 	2.441143e-02 
1.623650e-01 	2.418125e-02 
1.626510e-01 	2.395298e-02 
1.629360e-01 	2.372660e-02 
1.632220e-01 	2.350211e-02 
1.635070e-01 	2.327951e-02 
1.637930e-01 	2.305877e-02 
1.640790e-01 	2.283990e-02 
1.643640e-01 	2.262289e-02 
1.646500e-01 	2.240772e-02 
1.649350e-01 	2.219440e-02 
1.652210e-01 	2.198290e-02 
1.655070e-01 	2.177323e-02 
1.657920e-01 	2.156537e-02 
1.660780e-01 	2.135933e-02 
1.663630e-01 	2.115508e-02 
1.666490e-01 	2.095262e-02 
1.669350e-01 	2.075194e-02 
1.672200e-01 	2.055304e-02 
1.675060e-01 	2.035591e-02 
1.677920e-01 	2.016053e-02 
1.680770e-01 	1.996691e-02 
1.683630e-01 	1.977502e-02 
1.686480e-01 	1.958488e-02 
1.689340e-01 	1.939645e-02 
1.692200e-01 	1.920975e-02 
1.695050e-01 	1.902475e-02 
1.697910e-01 	1.884145e-02 
1.700760e-01 	1.865984e-02 
1.703620e-01 	1.847989e-02 
1.706480e-01 	1.830161e-02 
1.709330e-01 	1.812499e-02 
1.712190e-01 	1.795001e-02 
1.715040e-01 	1.777667e-02 
1.717900e-01 	1.760496e-02 
1.720760e-01 	1.743485e-02 
1.723610e-01 	1.726636e-02 
1.726470e-01 	1.709946e-02 
1.729320e-01 	1.693415e-02 
1.732180e-01 	1.677041e-02 
1.735040e-01 	1.660825e-02 
1.737890e-01 	1.644763e-02 
1.740750e-01 	1.628857e-02 
1.743600e-01 	1.613104e-02 
1.746460e-01 	1.597504e-02 
1.749320e-01 	1.582055e-02 
1.752170e-01 	1.566758e-02 
1.755030e-01 	1.551610e-02 
1.757880e-01 	1.536610e-02 
1.760740e-01 	1.521759e-02 
1.763600e-01 	1.507054e-02 
1.766450e-01 	1.492495e-02 
1.769310e-01 	1.478081e-02 
1.772160e-01 	1.463811e-02 
1.775020e-01 	1.449684e-02 
1.777880e-01 	1.435698e-02 
1.780730e-01 	1.421853e-02 
1.783590e-01 	1.408148e-02 
1.786440e-01 	1.394582e-02 
1.789300e-01 	1.381154e-02 
1.792160e-01 	1.367863e-02 
1.795010e-01 	1.354708e-02 
1.797870e-01 	1.341687e-02 
1.800720e-01 	1.328801e-02 
1.803580e-01 	1.316047e-02 
1.806440e-01 	1.303426e-02 
1.809290e-01 	1.290935e-02 
1.812150e-01 	1.278574e-02 
1.815000e-01 	1.266343e-02 
1.817860e-01 	1.254239e-02 
1.820720e-01 	1.242262e-02 
1.823570e-01 	1.230412e-02 
1.826430e-01 	1.218686e-02 
1.829280e-01 	1.207084e-02 
1.832140e-01 	1.195606e-02 
1.835000e-01 	1.184250e-02 
1.837850e-01 	1.173015e-02 
1.840710e-01 	1.161901e-02 
1.843560e-01 	1.150907e-02 
1.846420e-01 	1.140032e-02 
1.849280e-01 	1.129274e-02 
1.852130e-01 	1.118634e-02 
1.854990e-01 	1.108109e-02 
1.857840e-01 	1.097700e-02 
1.860700e-01 	1.087405e-02 
1.863560e-01 	1.077223e-02 
1.866410e-01 	1.067154e-02 
1.869270e-01 	1.057196e-02 
1.872120e-01 	1.047349e-02 
1.874980e-01 	1.037611e-02 
1.877840e-01 	1.027983e-02 
1.880690e-01 	1.018462e-02 
1.883550e-01 	1.009048e-02 
1.886400e-01 	9.997398e-03 
1.889260e-01 	9.905370e-03 
1.892120e-01 	9.814383e-03 
1.894970e-01 	9.724430e-03 
1.897830e-01 	9.635500e-03 
1.900690e-01 	9.547585e-03 
1.903540e-01 	9.460676e-03 
1.906400e-01 	9.374762e-03 
1.909250e-01 	9.289836e-03 
1.912110e-01 	9.205889e-03 
1.914970e-01 	9.122910e-03 
1.917820e-01 	9.040891e-03 
1.920680e-01 	8.959823e-03 
1.923530e-01 	8.879698e-03 
1.926390e-01 	8.800505e-03 
1.929250e-01 	8.722238e-03 
1.932100e-01 	8.644886e-03 
1.934960e-01 	8.568442e-03 
1.937810e-01 	8.492895e-03 
1.940670e-01 	8.418238e-03 
1.943530e-01 	8.344462e-03 
1.946380e-01 	8.271557e-03 
1.949240e-01 	8.199515e-03 
1.952090e-01 	8.128326e-03 
1.954950e-01 	8.057981e-03 
1.957810e-01 	7.988471e-03 
1.960660e-01 	7.919788e-03 
1.963520e-01 	7.851924e-03 
1.966370e-01 	7.784870e-03 
1.969230e-01 	7.718619e-03 
1.972090e-01 	7.653162e-03 
1.974940e-01 	7.588494e-03 
1.977800e-01 	7.524607e-03 
1.980650e-01 	7.461495e-03 
1.983510e-01 	7.399151e-03 
1.986370e-01 	7.337569e-03 
1.989220e-01 	7.276742e-03 
1.992080e-01 	7.216663e-03 
1.994930e-01 	7.157326e-03 
1.997790e-01 	7.098723e-03 
2.000650e-01 	7.040848e-03 
2.003500e-01 	6.983694e-03 
2.006360e-01 	6.927254e-03 
2.009210e-01 	6.871521e-03 
2.012070e-01 	6.816489e-03 
2.014930e-01 	6.762151e-03 
2.017780e-01 	6.708499e-03 
2.020640e-01 	6.655527e-03 
2.023490e-01 	6.603228e-03 
2.026350e-01 	6.551596e-03 
2.029210e-01 	6.500623e-03 
2.032060e-01 	6.450304e-03 
2.034920e-01 	6.400630e-03 
2.037770e-01 	6.351597e-03 
2.040630e-01 	6.303196e-03 
2.043490e-01 	6.255422e-03 
2.046340e-01 	6.208268e-03 
2.049200e-01 	6.161728e-03 
2.052050e-01 	6.115795e-03 
2.054910e-01 	6.070463e-03 
2.057770e-01 	6.025727e-03 
2.060620e-01 	5.981579e-03 
2.063480e-01 	5.938013e-03 
2.066330e-01 	5.895024e-03 
2.069190e-01 	5.852604e-03 
2.072050e-01 	5.810749e-03 
2.074900e-01 	5.769450e-03 
2.077760e-01 	5.728704e-03 
2.080610e-01 	5.688502e-03 
2.083470e-01 	5.648839e-03 
2.086330e-01 	5.609709e-03 
2.089180e-01 	5.571106e-03 
2.092040e-01 	5.533024e-03 
2.094890e-01 	5.495456e-03 
2.097750e-01 	5.458396e-03 
2.100610e-01 	5.421839e-03 
2.103460e-01 	5.385778e-03 
2.106320e-01 	5.350207e-03 
2.109170e-01 	5.315120e-03 
2.112030e-01 	5.280512e-03 
2.114890e-01 	5.246379e-03 
2.117740e-01 	5.212717e-03 
2.120600e-01 	5.179520e-03 
2.123450e-01 	5.146785e-03 
2.126310e-01 	5.114507e-03 
2.129170e-01 	5.082681e-03 
2.132020e-01 	5.051304e-03 
2.134880e-01 	5.020371e-03 
2.137740e-01 	4.989877e-03 
2.140590e-01 	4.959818e-03 
2.143450e-01 	4.930190e-03 
2.146300e-01 	4.900989e-03 
2.149160e-01 	4.872209e-03 
2.152020e-01 	4.843847e-03 
2.154870e-01 	4.815899e-03 
2.157730e-01 	4.788359e-03 
2.160580e-01 	4.761225e-03 
2.163440e-01 	4.734492e-03 
2.166300e-01 	4.708155e-03 
2.169150e-01 	4.682211e-03 
2.172010e-01 	4.656656e-03 
2.174860e-01 	4.631485e-03 
2.177720e-01 	4.606694e-03 
2.180580e-01 	4.582278e-03 
2.183430e-01 	4.558235e-03 
2.186290e-01 	4.534561e-03 
2.189140e-01 	4.511251e-03 
2.192000e-01 	4.488302e-03 
2.194860e-01 	4.465710e-03 
2.197710e-01 	4.443471e-03 
2.200570e-01 	4.421582e-03 
2.203420e-01 	4.400039e-03 
2.206280e-01 	4.378838e-03 
2.209140e-01 	4.357976e-03 
2.211990e-01 	4.337448e-03 
2.214850e-01 	4.317252e-03 
2.217700e-01 	4.297383e-03 
2.220560e-01 	4.277839e-03 
2.223420e-01 	4.258615e-03 
2.226270e-01 	4.239708e-03 
2.229130e-01 	4.221115e-03 
2.231980e-01 	4.202832e-03 
2.234840e-01 	4.184856e-03 
2.237700e-01 	4.167183e-03 
2.240550e-01 	4.149810e-03 
2.243410e-01 	4.132733e-03 
2.246260e-01 	4.115949e-03 
2.249120e-01 	4.099454e-03 
2.251980e-01 	4.083246e-03 
2.254830e-01 	4.067322e-03 
2.257690e-01 	4.051680e-03 
2.260540e-01 	4.036316e-03 
2.263400e-01 	4.021228e-03 
2.266260e-01 	4.006413e-03 
2.269110e-01 	3.991868e-03 
2.271970e-01 	3.977590e-03 
2.274820e-01 	3.963577e-03 
2.277680e-01 	3.949827e-03 
2.280540e-01 	3.936335e-03 
2.283390e-01 	3.923101e-03 
2.286250e-01 	3.910120e-03 
2.289100e-01 	3.897390e-03 
2.291960e-01 	3.884909e-03 
2.294820e-01 	3.872674e-03 
2.297670e-01 	3.860682e-03 
2.300530e-01 	3.848931e-03 
2.303380e-01 	3.837418e-03 
2.306240e-01 	3.826141e-03 
2.309100e-01 	3.815099e-03 
2.311950e-01 	3.804287e-03 
2.314810e-01 	3.793705e-03 
2.317660e-01 	3.783350e-03 
2.320520e-01 	3.773219e-03 
2.323380e-01 	3.763310e-03 
2.326230e-01 	3.753621e-03 
2.329090e-01 	3.744149e-03 
2.331940e-01 	3.734892e-03 
2.334800e-01 	3.725848e-03 
2.337660e-01 	3.717015e-03 
2.340510e-01 	3.708389e-03 
2.343370e-01 	3.699970e-03 
2.346230e-01 	3.691755e-03 
2.349080e-01 	3.683743e-03 
2.351940e-01 	3.675931e-03 
2.354790e-01 	3.668319e-03 
2.357650e-01 	3.660903e-03 
2.360510e-01 	3.653683e-03 
2.363360e-01 	3.646656e-03 
2.366220e-01 	3.639821e-03 
2.369070e-01 	3.633176e-03 
2.371930e-01 	3.626719e-03 
2.374790e-01 	3.620447e-03 
2.377640e-01 	3.614361e-03 
2.380500e-01 	3.608456e-03 
2.383350e-01 	3.602733e-03 
2.386210e-01 	3.597189e-03 
2.389070e-01 	3.591822e-03 
2.391920e-01 	3.586631e-03 
2.394780e-01 	3.581615e-03 
2.397630e-01 	3.576771e-03 
2.400490e-01 	3.572098e-03 
2.403350e-01 	3.567594e-03 
2.406200e-01 	3.563258e-03 
2.409060e-01 	3.559088e-03 
2.411910e-01 	3.555082e-03 
2.414770e-01 	3.551239e-03 
2.417630e-01 	3.547557e-03 
2.420480e-01 	3.544034e-03 
2.423340e-01 	3.540669e-03 
2.426190e-01 	3.537459e-03 
2.429050e-01 	3.534404e-03 
2.431910e-01 	3.531502e-03 
2.434760e-01 	3.528751e-03 
2.437620e-01 	3.526149e-03 
2.440470e-01 	3.523694e-03 
2.443330e-01 	3.521386e-03 
2.446190e-01 	3.519222e-03 
2.449040e-01 	3.517201e-03 
2.451900e-01 	3.515322e-03 
2.454750e-01 	3.513582e-03 
2.457610e-01 	3.511981e-03 
2.460470e-01 	3.510517e-03 
2.463320e-01 	3.509188e-03 
2.466180e-01 	3.507993e-03 
2.469030e-01 	3.506930e-03 
2.471890e-01 	3.505998e-03 
2.474750e-01 	3.505196e-03 
2.477600e-01 	3.504523e-03 
2.480460e-01 	3.503977e-03 
2.483310e-01 	3.503558e-03 
2.486170e-01 	3.503264e-03 
2.489030e-01 	3.503093e-03 
2.491880e-01 	3.503045e-03 
2.494740e-01 	3.503119e-03 
2.497590e-01 	3.503313e-03 
2.500450e-01 	3.503627e-03 
2.503310e-01 	3.504059e-03 
2.506160e-01 	3.504608e-03 
2.509020e-01 	3.505274e-03 
2.511870e-01 	3.506054e-03 
2.514730e-01 	3.506949e-03 
2.517590e-01 	3.507956e-03 
2.520440e-01 	3.509075e-03 
2.523300e-01 	3.510306e-03 
2.526150e-01 	3.511645e-03 
2.529010e-01 	3.513094e-03 
2.531870e-01 	3.514650e-03 
2.534720e-01 	3.516313e-03 
2.537580e-01 	3.518081e-03 
2.540430e-01 	3.519955e-03 
2.543290e-01 	3.521931e-03 
2.546150e-01 	3.524011e-03 
2.549000e-01 	3.526192e-03 
2.551860e-01 	3.528473e-03 
2.554710e-01 	3.530854e-03 
2.557570e-01 	3.533334e-03 
2.560430e-01 	3.535911e-03 
2.563280e-01 	3.538584e-03 
2.566140e-01 	3.541353e-03 
2.568990e-01 	3.544216e-03 
2.571850e-01 	3.547172e-03 
2.574710e-01 	3.550220e-03 
2.577560e-01 	3.553360e-03 
2.580420e-01 	3.556590e-03 
2.583280e-01 	3.559909e-03 
2.586130e-01 	3.563316e-03 
2.588990e-01 	3.566811e-03 
2.591840e-01 	3.570391e-03 
2.594700e-01 	3.574056e-03 
2.597560e-01 	3.577806e-03 
2.600410e-01 	3.581638e-03 
2.603270e-01 	3.585552e-03 
2.606120e-01 	3.589547e-03 
2.608980e-01 	3.593622e-03 
2.611840e-01 	3.597776e-03 
2.614690e-01 	3.602009e-03 
2.617550e-01 	3.606318e-03 
2.620400e-01 	3.610704e-03 
2.623260e-01 	3.615165e-03 
2.626120e-01 	3.619701e-03 
2.628970e-01 	3.624310e-03 
2.631830e-01 	3.628991e-03 
2.634680e-01 	3.633744e-03 
2.637540e-01 	3.638567e-03 
2.640400e-01 	3.643460e-03 
2.643250e-01 	3.648422e-03 
2.646110e-01 	3.653452e-03 
2.648960e-01 	3.658548e-03 
2.651820e-01 	3.663710e-03 
2.654680e-01 	3.668937e-03 
2.657530e-01 	3.674228e-03 
2.660390e-01 	3.679582e-03 
2.663240e-01 	3.684998e-03 
2.666100e-01 	3.690475e-03 
2.668960e-01 	3.696014e-03 
2.671810e-01 	3.701612e-03 
2.674670e-01 	3.707269e-03 
2.677520e-01 	3.712985e-03 
2.680380e-01 	3.718759e-03 
2.683240e-01 	3.724590e-03 
2.686090e-01 	3.730478e-03 
2.688950e-01 	3.736422e-03 
2.691800e-01 	3.742420e-03 
2.694660e-01 	3.748473e-03 
2.697520e-01 	3.754579e-03 
2.700370e-01 	3.760739e-03 
2.703230e-01 	3.766951e-03 
2.706080e-01 	3.773214e-03 
2.708940e-01 	3.779528e-03 
2.711800e-01 	3.785893e-03 
2.714650e-01 	3.792307e-03 
2.717510e-01 	3.798769e-03 
2.720360e-01 	3.805280e-03 
2.723220e-01 	3.811838e-03 
2.726080e-01 	3.818442e-03 
2.728930e-01 	3.825093e-03 
2.731790e-01 	3.831788e-03 
2.734640e-01 	3.838527e-03 
2.737500e-01 	3.845309e-03 
2.740360e-01 	3.852134e-03 
2.743210e-01 	3.859000e-03 
2.746070e-01 	3.865907e-03 
2.748920e-01 	3.872853e-03 
2.751780e-01 	3.879839e-03 
2.754640e-01 	3.886862e-03 
2.757490e-01 	3.893922e-03 
2.760350e-01 	3.901018e-03 
2.763200e-01 	3.908149e-03 
2.766060e-01 	3.915314e-03 
2.768920e-01 	3.922513e-03 
2.771770e-01 	3.929745e-03 
2.774630e-01 	3.937008e-03 
2.777480e-01 	3.944302e-03 
2.780340e-01 	3.951626e-03 
2.783200e-01 	3.958979e-03 
2.786050e-01 	3.966360e-03 
2.788910e-01 	3.973769e-03 
2.791760e-01 	3.981205e-03 
2.794620e-01 	3.988667e-03 
2.797480e-01 	3.996154e-03 
2.800330e-01 	4.003665e-03 
2.803190e-01 	4.011201e-03 
2.806050e-01 	4.018759e-03 
2.808900e-01 	4.026339e-03 
2.811760e-01 	4.033941e-03 
2.814610e-01 	4.041564e-03 
2.817470e-01 	4.049207e-03 
2.820330e-01 	4.056870e-03 
2.823180e-01 	4.064552e-03 
2.826040e-01 	4.072252e-03 
2.828890e-01 	4.079970e-03 
2.831750e-01 	4.087704e-03 
2.834610e-01 	4.095454e-03 
2.837460e-01 	4.103219e-03 
2.840320e-01 	4.110999e-03 
2.843170e-01 	4.118793e-03 
2.846030e-01 	4.126600e-03 
2.848890e-01 	4.134419e-03 
2.851740e-01 	4.142249e-03 
2.854600e-01 	4.150090e-03 
2.857450e-01 	4.157942e-03 
2.860310e-01 	4.165803e-03 
2.863170e-01 	4.173672e-03 
2.866020e-01 	4.181549e-03 
2.868880e-01 	4.189433e-03 
2.871730e-01 	4.197323e-03 
2.874590e-01 	4.205220e-03 
2.877450e-01 	4.213121e-03 
2.880300e-01 	4.221026e-03 
2.883160e-01 	4.228935e-03 
2.886010e-01 	4.236846e-03 
2.888870e-01 	4.244759e-03 
2.891730e-01 	4.252674e-03 
2.894580e-01 	4.260590e-03 
2.897440e-01 	4.268505e-03 
2.900290e-01 	4.276419e-03 
2.903150e-01 	4.284331e-03 
2.906010e-01 	4.292241e-03 
2.908860e-01 	4.300147e-03 
2.911720e-01 	4.308049e-03 
2.914570e-01 	4.315947e-03 
2.917430e-01 	4.323838e-03 
2.920290e-01 	4.331723e-03 
2.923140e-01 	4.339601e-03 
2.926000e-01 	4.347471e-03 
2.928850e-01 	4.355331e-03 
2.931710e-01 	4.363182e-03 
2.934570e-01 	4.371023e-03 
2.937420e-01 	4.378852e-03 
2.940280e-01 	4.386670e-03 
2.943130e-01 	4.394474e-03 
2.945990e-01 	4.402265e-03 
2.948850e-01 	4.410041e-03 
2.951700e-01 	4.417802e-03 
2.954560e-01 	4.425548e-03 
2.957410e-01 	4.433276e-03 
2.960270e-01 	4.440987e-03 
2.963130e-01 	4.448679e-03 
2.965980e-01 	4.456352e-03 
2.968840e-01 	4.464005e-03 
2.971690e-01 	4.471637e-03 
2.974550e-01 	4.479247e-03 
2.977410e-01 	4.486835e-03 
2.980260e-01 	4.494400e-03 
2.983120e-01 	4.501941e-03 
2.985970e-01 	4.509457e-03 
2.988830e-01 	4.516947e-03 
2.991690e-01 	4.524412e-03 
2.994540e-01 	4.531849e-03 
2.997400e-01 	4.539258e-03 
3.000250e-01 	4.546639e-03 
3.003110e-01 	4.553991e-03 
3.005970e-01 	4.561313e-03 
3.008820e-01 	4.568604e-03 
3.011680e-01 	4.575863e-03 
3.014530e-01 	4.583091e-03 
3.017390e-01 	4.590285e-03 
3.020250e-01 	4.597446e-03 
3.023100e-01 	4.604572e-03 
3.025960e-01 	4.611663e-03 
3.028820e-01 	4.618717e-03 
3.031670e-01 	4.625735e-03 
3.034530e-01 	4.632715e-03 
3.037380e-01 	4.639656e-03 
3.040240e-01 	4.646558e-03 
3.043100e-01 	4.653420e-03 
3.045950e-01 	4.660241e-03 
3.048810e-01 	4.667020e-03 
3.051660e-01 	4.673756e-03 
3.054520e-01 	4.680450e-03 
3.057380e-01 	4.687099e-03 
3.060230e-01 	4.693704e-03 
3.063090e-01 	4.700264e-03 
3.065940e-01 	4.706778e-03 
3.068800e-01 	4.713245e-03 
3.071660e-01 	4.719664e-03 
3.074510e-01 	4.726035e-03 
3.077370e-01 	4.732357e-03 
3.080220e-01 	4.738630e-03 
3.083080e-01 	4.744852e-03 
3.085940e-01 	4.751023e-03 
3.088790e-01 	4.757143e-03 
3.091650e-01 	4.763210e-03 
3.094500e-01 	4.769224e-03 
3.097360e-01 	4.775184e-03 
3.100220e-01 	4.781090e-03 
3.103070e-01 	4.786941e-03 
3.105930e-01 	4.792736e-03 
3.108780e-01 	4.798475e-03 
3.111640e-01 	4.804157e-03 
3.114500e-01 	4.809781e-03 
3.117350e-01 	4.815348e-03 
3.120210e-01 	4.820856e-03 
3.123060e-01 	4.826305e-03 
3.125920e-01 	4.831694e-03 
3.128780e-01 	4.837023e-03 
3.131630e-01 	4.842291e-03 
3.134490e-01 	4.847499e-03 
3.137340e-01 	4.852644e-03 
3.140200e-01 	4.857728e-03 
3.143060e-01 	4.862749e-03 
3.145910e-01 	4.867706e-03 
3.148770e-01 	4.872600e-03 
3.151620e-01 	4.877430e-03 
3.154480e-01 	4.882195e-03 
3.157340e-01 	4.886895e-03 
3.160190e-01 	4.891529e-03 
3.163050e-01 	4.896097e-03 
3.165900e-01 	4.900599e-03 
3.168760e-01 	4.905034e-03 
3.171620e-01 	4.909402e-03 
3.174470e-01 	4.913702e-03 
3.177330e-01 	4.917934e-03 
3.180180e-01 	4.922097e-03 
3.183040e-01 	4.926191e-03 
3.185900e-01 	4.930216e-03 
3.188750e-01 	4.934170e-03 
3.191610e-01 	4.938055e-03 
3.194460e-01 	4.941869e-03 
3.197320e-01 	4.945612e-03 
3.200180e-01 	4.949283e-03 
3.203030e-01 	4.952883e-03 
3.205890e-01 	4.956410e-03 
3.208740e-01 	4.959865e-03 
3.211600e-01 	4.963246e-03 
3.214460e-01 	4.966554e-03 
3.217310e-01 	4.969788e-03 
3.220170e-01 	4.972948e-03 
3.223020e-01 	4.976032e-03 
3.225880e-01 	4.979041e-03 
3.228740e-01 	4.981972e-03 
3.231590e-01 	4.984827e-03 
3.234450e-01 	4.987603e-03 
3.237300e-01 	4.990301e-03 
3.240160e-01 	4.992919e-03 
3.243020e-01 	4.995457e-03 
3.245870e-01 	4.997914e-03 
3.248730e-01 	5.000289e-03 
3.251590e-01 	5.002581e-03 
3.254440e-01 	5.004789e-03 
3.257300e-01 	5.006912e-03 
3.260150e-01 	5.008951e-03 
3.263010e-01 	5.010902e-03 
3.265870e-01 	5.012767e-03 
3.268720e-01 	5.014543e-03 
3.271580e-01 	5.016230e-03 
3.274430e-01 	5.017827e-03 
3.277290e-01 	5.019333e-03 
3.280150e-01 	5.020747e-03 
3.283000e-01 	5.022069e-03 
3.285860e-01 	5.023296e-03 
3.288710e-01 	5.024428e-03 
3.291570e-01 	5.025465e-03 
3.294430e-01 	5.026404e-03 
3.297280e-01 	5.027246e-03 
3.300140e-01 	5.027989e-03 
3.302990e-01 	5.028633e-03 
3.305850e-01 	5.029175e-03 
3.308710e-01 	5.029616e-03 
3.311560e-01 	5.029954e-03 
3.314420e-01 	5.030188e-03 
3.317270e-01 	5.030318e-03 
3.320130e-01 	5.030341e-03 
3.322990e-01 	5.030258e-03 
3.325840e-01 	5.030067e-03 
3.328700e-01 	5.029768e-03 
3.331550e-01 	5.029358e-03 
3.334410e-01 	5.028838e-03 
3.337270e-01 	5.028206e-03 
3.340120e-01 	5.027462e-03 
3.342980e-01 	5.026603e-03 
3.345830e-01 	5.025630e-03 
3.348690e-01 	5.024542e-03 
3.351550e-01 	5.023338e-03 
3.354400e-01 	5.022016e-03 
3.357260e-01 	5.020578e-03 
3.360110e-01 	5.019023e-03 
3.362970e-01 	5.017352e-03 
3.365830e-01 	5.015567e-03 
3.368680e-01 	5.013668e-03 
3.371540e-01 	5.011658e-03 
3.374390e-01 	5.009537e-03 
3.377250e-01 	5.007307e-03 
3.380110e-01 	5.004971e-03 
3.382960e-01 	5.002531e-03 
3.385820e-01 	4.999990e-03 
3.388670e-01 	4.997349e-03 
3.391530e-01 	4.994611e-03 
3.394390e-01 	4.991779e-03 
3.397240e-01 	4.988856e-03 
3.400100e-01 	4.985843e-03 
3.402950e-01 	4.982744e-03 
3.405810e-01 	4.979562e-03 
3.408670e-01 	4.976298e-03 
3.411520e-01 	4.972956e-03 
3.414380e-01 	4.969539e-03 
3.417230e-01 	4.966048e-03 
3.420090e-01 	4.962488e-03 
3.422950e-01 	4.958860e-03 
3.425800e-01 	4.955166e-03 
3.428660e-01 	4.951411e-03 
3.431510e-01 	4.947597e-03 
3.434370e-01 	4.943725e-03 
3.437230e-01 	4.939800e-03 
3.440080e-01 	4.935823e-03 
3.442940e-01 	4.931797e-03 
3.445790e-01 	4.927725e-03 
3.448650e-01 	4.923610e-03 
3.451510e-01 	4.919454e-03 
3.454360e-01 	4.915260e-03 
3.457220e-01 	4.911031e-03 
3.460070e-01 	4.906770e-03 
3.462930e-01 	4.902478e-03 
3.465790e-01 	4.898159e-03 
3.468640e-01 	4.893816e-03 
3.471500e-01 	4.889451e-03 
3.474360e-01 	4.885066e-03 
3.477210e-01 	4.880665e-03 
3.480070e-01 	4.876251e-03 
3.482920e-01 	4.871825e-03 
3.485780e-01 	4.867391e-03 
3.488640e-01 	4.862952e-03 
3.491490e-01 	4.858509e-03 
