#q 	 Ifit_avg 
9.448000e-03 	1.000000e+00 
1.088100e-02 	9.860187e-01 
1.231400e-02 	9.719144e-01 
1.374700e-02 	9.575632e-01 
1.518000e-02 	9.428410e-01 
1.661300e-02 	9.276239e-01 
1.804600e-02 	9.117878e-01 
1.947800e-02 	8.952205e-01 
2.091100e-02 	8.777751e-01 
2.234400e-02 	8.593518e-01 
2.377700e-02 	8.399345e-01 
2.521000e-02 	8.196210e-01 
2.664300e-02 	7.985542e-01 
2.807600e-02 	7.768880e-01 
2.950900e-02 	7.547776e-01 
3.094200e-02 	7.323783e-01 
3.237500e-02 	7.098448e-01 
3.380800e-02 	6.873262e-01 
3.524100e-02 	6.649468e-01 
3.667400e-02 	6.427959e-01 
3.810600e-02 	6.209538e-01 
3.953900e-02 	5.994424e-01 
4.097200e-02 	5.783237e-01 
4.240500e-02 	5.576414e-01 
4.383800e-02 	5.374376e-01 
4.527100e-02 	5.177523e-01 
4.670400e-02 	4.986200e-01 
4.813700e-02 	4.800665e-01 
4.957000e-02 	4.621105e-01 
5.100300e-02 	4.447653e-01 
5.243600e-02 	4.280411e-01 
5.386800e-02 	4.119570e-01 
5.530100e-02 	3.964977e-01 
5.673400e-02 	3.816797e-01 
5.816700e-02 	3.675051e-01 
5.960000e-02 	3.539706e-01 
6.103300e-02 	3.410679e-01 
6.246600e-02 	3.287824e-01 
6.389900e-02 	3.170961e-01 
6.533200e-02 	3.059863e-01 
6.676500e-02 	2.954291e-01 
6.819800e-02 	2.853986e-01 
6.963100e-02 	2.758692e-01 
7.106300e-02 	2.668215e-01 
7.249600e-02 	2.582181e-01 
7.392900e-02 	2.500407e-01 
7.536200e-02 	2.422647e-01 
7.679500e-02 	2.348650e-01 
7.822800e-02 	2.278165e-01 
7.966100e-02 	2.210945e-01 
8.109400e-02 	2.146757e-01 
8.252700e-02 	2.085370e-01 
8.396000e-02 	2.026590e-01 
8.539300e-02 	1.970228e-01 
8.682500e-02 	1.916148e-01 
8.825800e-02 	1.864124e-01 
8.969100e-02 	1.814046e-01 
9.112400e-02 	1.765780e-01 
9.255700e-02 	1.719203e-01 
9.399000e-02 	1.674197e-01 
9.542300e-02 	1.630659e-01 
9.685600e-02 	1.588503e-01 
9.828900e-02 	1.547645e-01 
9.972200e-02 	1.508017e-01 
1.011550e-01 	1.469568e-01 
1.025880e-01 	1.432243e-01 
1.040200e-01 	1.396017e-01 
1.054530e-01 	1.360807e-01 
1.068860e-01 	1.326602e-01 
1.083190e-01 	1.293364e-01 
1.097520e-01 	1.261060e-01 
1.111850e-01 	1.229663e-01 
1.126180e-01 	1.199149e-01 
1.140510e-01 	1.169492e-01 
1.154840e-01 	1.140668e-01 
1.169170e-01 	1.112654e-01 
1.183500e-01 	1.085435e-01 
1.197830e-01 	1.058990e-01 
1.212150e-01 	1.033309e-01 
1.226480e-01 	1.008335e-01 
1.240810e-01 	9.840662e-02 
1.255140e-01 	9.604802e-02 
1.269470e-01 	9.375544e-02 
1.283800e-01 	9.152665e-02 
1.298130e-01 	8.935948e-02 
1.312460e-01 	8.725192e-02 
1.326790e-01 	8.520198e-02 
1.341120e-01 	8.320766e-02 
1.355450e-01 	8.126699e-02 
1.369780e-01 	7.937805e-02 
1.384100e-01 	7.754032e-02 
1.398430e-01 	7.574952e-02 
1.412760e-01 	7.400522e-02 
1.427090e-01 	7.230596e-02 
1.441420e-01 	7.065043e-02 
1.455750e-01 	6.903727e-02 
1.470080e-01 	6.746516e-02 
1.484410e-01 	6.593285e-02 
1.498740e-01 	6.443922e-02 
1.513070e-01 	6.298324e-02 
1.527400e-01 	6.156365e-02 
1.541730e-01 	6.017930e-02 
1.556050e-01 	5.883031e-02 
1.570380e-01 	5.751397e-02 
1.584710e-01 	5.623030e-02 
1.599040e-01 	5.497810e-02 
1.613370e-01 	5.375608e-02 
1.627700e-01 	5.256328e-02 
1.642030e-01 	5.139890e-02 
1.656360e-01 	5.026198e-02 
1.670690e-01 	4.915126e-02 
1.685020e-01 	4.806531e-02 
1.699350e-01 	4.700280e-02 
1.713670e-01 	4.596320e-02 
1.728000e-01 	4.494371e-02 
1.742330e-01 	4.394380e-02 
1.756660e-01 	4.296230e-02 
1.770990e-01 	4.199808e-02 
1.785320e-01 	4.104989e-02 
1.799650e-01 	4.011624e-02 
1.813980e-01 	3.919560e-02 
1.828310e-01 	3.828659e-02 
1.842640e-01 	3.738814e-02 
1.856970e-01 	3.649933e-02 
1.871300e-01 	3.561926e-02 
1.885620e-01 	3.474757e-02 
1.899950e-01 	3.388207e-02 
1.914280e-01 	3.302251e-02 
1.928610e-01 	3.216810e-02 
1.942940e-01 	3.131839e-02 
1.957270e-01 	3.047310e-02 
1.971600e-01 	2.963205e-02 
1.985930e-01 	2.879513e-02 
2.000260e-01 	2.796223e-02 
2.014590e-01 	2.713320e-02 
2.028920e-01 	2.630817e-02 
2.043250e-01 	2.548748e-02 
2.057570e-01 	2.467218e-02 
2.071900e-01 	2.386173e-02 
2.086230e-01 	2.305733e-02 
2.100560e-01 	2.225964e-02 
2.114890e-01 	2.146929e-02 
2.129220e-01 	2.068698e-02 
2.143550e-01 	1.991353e-02 
2.157880e-01 	1.914992e-02 
2.172210e-01 	1.839706e-02 
2.186540e-01 	1.765584e-02 
2.200870e-01 	1.692714e-02 
2.215190e-01 	1.621233e-02 
2.229520e-01 	1.551131e-02 
2.243850e-01 	1.482539e-02 
2.258180e-01 	1.415545e-02 
2.272510e-01 	1.350227e-02 
2.286840e-01 	1.286647e-02 
2.301170e-01 	1.224862e-02 
2.315500e-01 	1.164929e-02 
2.329830e-01 	1.106905e-02 
2.344160e-01 	1.050843e-02 
2.358490e-01 	9.967924e-03 
2.372820e-01 	9.447923e-03 
2.387140e-01 	8.948962e-03 
2.401470e-01 	8.470342e-03 
2.415800e-01 	8.012392e-03 
2.430130e-01 	7.575090e-03 
2.444460e-01 	7.158409e-03 
2.458790e-01 	6.762328e-03 
2.473120e-01 	6.386822e-03 
2.487450e-01 	6.031837e-03 
2.501780e-01 	5.697128e-03 
2.516110e-01 	5.382259e-03 
2.530440e-01 	5.086775e-03 
2.544770e-01 	4.810224e-03 
2.559090e-01 	4.552326e-03 
2.573420e-01 	4.312267e-03 
2.587750e-01 	4.089781e-03 
2.602080e-01 	3.884413e-03 
2.616410e-01 	3.695715e-03 
2.630740e-01 	3.523214e-03 
2.645070e-01 	3.366369e-03 
2.659400e-01 	3.224619e-03 
2.673730e-01 	3.097403e-03 
2.688060e-01 	2.984161e-03 
2.702390e-01 	2.884331e-03 
2.716720e-01 	2.797352e-03 
2.731040e-01 	2.722712e-03 
2.745370e-01 	2.659784e-03 
2.759700e-01 	2.608147e-03 
2.774030e-01 	2.567339e-03 
2.788360e-01 	2.536898e-03 
2.802690e-01 	2.516364e-03 
2.817020e-01 	2.505275e-03 
2.831350e-01 	2.503170e-03 
2.845680e-01 	2.509589e-03 
2.860010e-01 	2.524078e-03 
2.874340e-01 	2.546201e-03 
2.888660e-01 	2.575545e-03 
2.902990e-01 	2.611785e-03 
2.917320e-01 	2.654551e-03 
2.931650e-01 	2.703504e-03 
2.945980e-01 	2.758316e-03 
2.960310e-01 	2.818666e-03 
2.974640e-01 	2.884243e-03 
2.988970e-01 	2.954741e-03 
3.003300e-01 	3.029860e-03 
3.017630e-01 	3.109312e-03 
3.031960e-01 	3.192829e-03 
3.046290e-01 	3.280158e-03 
3.060610e-01 	3.370992e-03 
3.074940e-01 	3.465218e-03 
3.089270e-01 	3.562552e-03 
3.103600e-01 	3.662791e-03 
3.117930e-01 	3.765747e-03 
3.132260e-01 	3.871233e-03 
3.146590e-01 	3.979060e-03 
3.160920e-01 	4.089047e-03 
3.175250e-01 	4.201021e-03 
3.189580e-01 	4.314814e-03 
3.203910e-01 	4.430263e-03 
3.218240e-01 	4.547211e-03 
3.232560e-01 	4.665438e-03 
3.246890e-01 	4.784984e-03 
3.261220e-01 	4.905644e-03 
3.275550e-01 	5.027306e-03 
3.289880e-01 	5.149857e-03 
3.304210e-01 	5.273185e-03 
3.318540e-01 	5.397179e-03 
3.332870e-01 	5.521731e-03 
3.347200e-01 	5.646736e-03 
3.361530e-01 	5.772089e-03 
3.375860e-01 	5.897692e-03 
3.390180e-01 	6.023379e-03 
3.404510e-01 	6.149253e-03 
3.418840e-01 	6.275155e-03 
3.433170e-01 	6.401019e-03 
3.447500e-01 	6.526775e-03 
3.461830e-01 	6.652350e-03 
3.476160e-01 	6.777665e-03 
3.490490e-01 	6.902644e-03 
3.504820e-01 	7.027213e-03 
3.519150e-01 	7.151311e-03 
3.533480e-01 	7.274876e-03 
3.547810e-01 	7.397852e-03 
3.562130e-01 	7.520102e-03 
3.576460e-01 	7.641744e-03 
3.590790e-01 	7.762643e-03 
3.605120e-01 	7.882745e-03 
3.619450e-01 	8.001998e-03 
3.633780e-01 	8.120343e-03 
3.648110e-01 	8.237712e-03 
3.662440e-01 	8.354032e-03 
3.676770e-01 	8.469231e-03 
3.691100e-01 	8.583241e-03 
3.705430e-01 	8.696009e-03 
3.719760e-01 	8.807490e-03 
3.734080e-01 	8.917562e-03 
3.748410e-01 	9.026328e-03 
3.762740e-01 	9.133643e-03 
3.777070e-01 	9.239419e-03 
3.791400e-01 	9.343572e-03 
3.805730e-01 	9.446016e-03 
3.820060e-01 	9.546670e-03 
3.834390e-01 	9.645463e-03 
3.848720e-01 	9.742321e-03 
3.863050e-01 	9.837172e-03 
3.877380e-01 	9.929942e-03 
3.891710e-01 	1.002055e-02 
3.906030e-01 	1.010887e-02 
3.920360e-01 	1.019493e-02 
3.934690e-01 	1.027860e-02 
3.949020e-01 	1.035978e-02 
3.963350e-01 	1.043838e-02 
3.977680e-01 	1.051432e-02 
3.992010e-01 	1.058750e-02 
4.006340e-01 	1.065786e-02 
4.020670e-01 	1.072533e-02 
4.035000e-01 	1.078986e-02 
4.049330e-01 	1.085140e-02 
4.063650e-01 	1.090982e-02 
4.077980e-01 	1.096515e-02 
4.092310e-01 	1.101729e-02 
4.106640e-01 	1.106617e-02 
4.120970e-01 	1.111174e-02 
4.135300e-01 	1.115398e-02 
4.149630e-01 	1.119285e-02 
4.163960e-01 	1.122831e-02 
4.178290e-01 	1.126036e-02 
4.192620e-01 	1.128897e-02 
4.206950e-01 	1.131413e-02 
4.221280e-01 	1.133586e-02 
4.235600e-01 	1.135413e-02 
4.249930e-01 	1.136898e-02 
4.264260e-01 	1.138040e-02 
4.278590e-01 	1.138841e-02 
4.292920e-01 	1.139302e-02 
4.307250e-01 	1.139427e-02 
4.321580e-01 	1.139222e-02 
4.335910e-01 	1.138691e-02 
4.350240e-01 	1.137839e-02 
4.364570e-01 	1.136671e-02 
4.378900e-01 	1.135192e-02 
4.393230e-01 	1.133408e-02 
4.407550e-01 	1.131327e-02 
4.421880e-01 	1.128952e-02 
4.436210e-01 	1.126293e-02 
4.450540e-01 	1.123358e-02 
4.464870e-01 	1.120153e-02 
4.479200e-01 	1.116688e-02 
4.493530e-01 	1.112970e-02 
4.507860e-01 	1.109007e-02 
4.522190e-01 	1.104808e-02 
4.536520e-01 	1.100382e-02 
4.550850e-01 	1.095737e-02 
4.565180e-01 	1.090882e-02 
4.579500e-01 	1.085830e-02 
4.593830e-01 	1.080580e-02 
4.608160e-01 	1.075147e-02 
4.622490e-01 	1.069539e-02 
4.636820e-01 	1.063766e-02 
4.651150e-01 	1.057836e-02 
4.665480e-01 	1.051757e-02 
4.679810e-01 	1.045537e-02 
4.694140e-01 	1.039184e-02 
4.708470e-01 	1.032707e-02 
4.722800e-01 	1.026113e-02 
4.737120e-01 	1.019414e-02 
4.751450e-01 	1.012609e-02 
4.765780e-01 	1.005710e-02 
4.780110e-01 	9.987244e-03 
4.794440e-01 	9.916602e-03 
4.808770e-01 	9.845247e-03 
4.823100e-01 	9.773257e-03 
4.837430e-01 	9.700708e-03 
4.851760e-01 	9.627678e-03 
4.866090e-01 	9.554245e-03 
4.880420e-01 	9.480490e-03 
4.894750e-01 	9.406473e-03 
4.909070e-01 	9.332278e-03 
4.923400e-01 	9.257832e-03 
4.937730e-01 	9.183215e-03 
4.952060e-01 	9.108455e-03 
4.966390e-01 	9.033583e-03 
4.980720e-01 	8.958627e-03 
4.995050e-01 	8.883615e-03 
