#q 	 Ifit_avg 
9.448000e-03 	1.000000e+00 
1.088100e-02 	9.856193e-01 
1.231400e-02 	9.711127e-01 
1.374700e-02 	9.563531e-01 
1.518000e-02 	9.412138e-01 
1.661300e-02 	9.255675e-01 
1.804600e-02 	9.092875e-01 
1.947800e-02 	8.922588e-01 
2.091100e-02 	8.743308e-01 
2.234400e-02 	8.554069e-01 
2.377700e-02 	8.354867e-01 
2.521000e-02 	8.146802e-01 
2.664300e-02 	7.931373e-01 
2.807600e-02 	7.710188e-01 
2.950900e-02 	7.484870e-01 
3.094200e-02 	7.257041e-01 
3.237500e-02 	7.028316e-01 
3.380800e-02 	6.800218e-01 
3.524100e-02 	6.573962e-01 
3.667400e-02 	6.350401e-01 
3.810600e-02 	6.130313e-01 
3.953900e-02 	5.913914e-01 
4.097200e-02 	5.701828e-01 
4.240500e-02 	5.494497e-01 
4.383800e-02 	5.292340e-01 
4.527100e-02 	5.095747e-01 
4.670400e-02 	4.905033e-01 
4.813700e-02 	4.720427e-01 
4.957000e-02 	4.542077e-01 
5.100300e-02 	4.370091e-01 
5.243600e-02 	4.204545e-01 
5.386800e-02 	4.045609e-01 
5.530100e-02 	3.893109e-01 
5.673400e-02 	3.747182e-01 
5.816700e-02 	3.607812e-01 
5.960000e-02 	3.474923e-01 
6.103300e-02 	3.348388e-01 
6.246600e-02 	3.228018e-01 
6.389900e-02 	3.113595e-01 
6.533200e-02 	3.004864e-01 
6.676500e-02 	2.901561e-01 
6.819800e-02 	2.803413e-01 
6.963100e-02 	2.710153e-01 
7.106300e-02 	2.621578e-01 
7.249600e-02 	2.537310e-01 
7.392900e-02 	2.457156e-01 
7.536200e-02 	2.380861e-01 
7.679500e-02 	2.308170e-01 
7.822800e-02 	2.238829e-01 
7.966100e-02 	2.172593e-01 
8.109400e-02 	2.109240e-01 
8.252700e-02 	2.048550e-01 
8.396000e-02 	1.990343e-01 
8.539300e-02 	1.934446e-01 
8.682500e-02 	1.880736e-01 
8.825800e-02 	1.829003e-01 
8.969100e-02 	1.779151e-01 
9.112400e-02 	1.731058e-01 
9.255700e-02 	1.684615e-01 
9.399000e-02 	1.639715e-01 
9.542300e-02 	1.596271e-01 
9.685600e-02 	1.554211e-01 
9.828900e-02 	1.513462e-01 
9.972200e-02 	1.473972e-01 
1.011550e-01 	1.435698e-01 
1.025880e-01 	1.398596e-01 
1.040200e-01 	1.362648e-01 
1.054530e-01 	1.327772e-01 
1.068860e-01 	1.293961e-01 
1.083190e-01 	1.261178e-01 
1.097520e-01 	1.229389e-01 
1.111850e-01 	1.198568e-01 
1.126180e-01 	1.168690e-01 
1.140510e-01 	1.139728e-01 
1.154840e-01 	1.111652e-01 
1.169170e-01 	1.084438e-01 
1.183500e-01 	1.058065e-01 
1.197830e-01 	1.032504e-01 
1.212150e-01 	1.007740e-01 
1.226480e-01 	9.837106e-02 
1.240810e-01 	9.604070e-02 
1.255140e-01 	9.378007e-02 
1.269470e-01 	9.158639e-02 
1.283800e-01 	8.945691e-02 
1.298130e-01 	8.738894e-02 
1.312460e-01 	8.538004e-02 
1.326790e-01 	8.342782e-02 
1.341120e-01 	8.152990e-02 
1.355450e-01 	7.968390e-02 
1.369780e-01 	7.788766e-02 
1.384100e-01 	7.614047e-02 
1.398430e-01 	7.443803e-02 
1.412760e-01 	7.277972e-02 
1.427090e-01 	7.116392e-02 
1.441420e-01 	6.958931e-02 
1.455750e-01 	6.805454e-02 
1.470080e-01 	6.655836e-02 
1.484410e-01 	6.509954e-02 
1.498740e-01 	6.367703e-02 
1.513070e-01 	6.228985e-02 
1.527400e-01 	6.093681e-02 
1.541730e-01 	5.961676e-02 
1.556050e-01 	5.832983e-02 
1.570380e-01 	5.707349e-02 
1.584710e-01 	5.584783e-02 
1.599040e-01 	5.465165e-02 
1.613370e-01 	5.348359e-02 
1.627700e-01 	5.234266e-02 
1.642030e-01 	5.122799e-02 
1.656360e-01 	5.013857e-02 
1.670690e-01 	4.907310e-02 
1.685020e-01 	4.803017e-02 
1.699350e-01 	4.700840e-02 
1.713670e-01 	4.600713e-02 
1.728000e-01 	4.502346e-02 
1.742330e-01 	4.405667e-02 
1.756660e-01 	4.310550e-02 
1.770990e-01 	4.216876e-02 
1.785320e-01 	4.124515e-02 
1.799650e-01 	4.033311e-02 
1.813980e-01 	3.943105e-02 
1.828310e-01 	3.853760e-02 
1.842640e-01 	3.765168e-02 
1.856970e-01 	3.677237e-02 
1.871300e-01 	3.589882e-02 
1.885620e-01 	3.503073e-02 
1.899950e-01 	3.416600e-02 
1.914280e-01 	3.330443e-02 
1.928610e-01 	3.244530e-02 
1.942940e-01 	3.158832e-02 
1.957270e-01 	3.073342e-02 
1.971600e-01 	2.988065e-02 
1.985930e-01 	2.903012e-02 
2.000260e-01 	2.818192e-02 
2.014590e-01 	2.733612e-02 
2.028920e-01 	2.649303e-02 
2.043250e-01 	2.565320e-02 
2.057570e-01 	2.481795e-02 
2.071900e-01 	2.398695e-02 
2.086230e-01 	2.316165e-02 
2.100560e-01 	2.234292e-02 
2.114890e-01 	2.153161e-02 
2.129220e-01 	2.072862e-02 
2.143550e-01 	1.993497e-02 
2.157880e-01 	1.915181e-02 
2.172210e-01 	1.838022e-02 
2.186540e-01 	1.762121e-02 
2.200870e-01 	1.687575e-02 
2.215190e-01 	1.614532e-02 
2.229520e-01 	1.542986e-02 
2.243850e-01 	1.473079e-02 
2.258180e-01 	1.404907e-02 
2.272510e-01 	1.338550e-02 
2.286840e-01 	1.274071e-02 
2.301170e-01 	1.211525e-02 
2.315500e-01 	1.150963e-02 
2.329830e-01 	1.092440e-02 
2.344160e-01 	1.036005e-02 
2.358490e-01 	9.817021e-03 
2.372820e-01 	9.295675e-03 
2.387140e-01 	8.796486e-03 
2.401470e-01 	8.318674e-03 
2.415800e-01 	7.862485e-03 
2.430130e-01 	7.427808e-03 
2.444460e-01 	7.014535e-03 
2.458790e-01 	6.622556e-03 
2.473120e-01 	6.251760e-03 
2.487450e-01 	5.902011e-03 
2.501780e-01 	5.572992e-03 
2.516110e-01 	5.264208e-03 
2.530440e-01 	4.975148e-03 
2.544770e-01 	4.705306e-03 
2.559090e-01 	4.454339e-03 
2.573420e-01 	4.221390e-03 
2.587750e-01 	4.006129e-03 
2.602080e-01 	3.808047e-03 
2.616410e-01 	3.626642e-03 
2.630740e-01 	3.461408e-03 
2.645070e-01 	3.311785e-03 
2.659400e-01 	3.177203e-03 
2.673730e-01 	3.057087e-03 
2.688060e-01 	2.950865e-03 
2.702390e-01 	2.857962e-03 
2.716720e-01 	2.777806e-03 
2.731040e-01 	2.709868e-03 
2.745370e-01 	2.653520e-03 
2.759700e-01 	2.608329e-03 
2.774030e-01 	2.573824e-03 
2.788360e-01 	2.549547e-03 
2.802690e-01 	2.535039e-03 
2.817020e-01 	2.529843e-03 
2.831350e-01 	2.533502e-03 
2.845680e-01 	2.545561e-03 
2.860010e-01 	2.565573e-03 
2.874340e-01 	2.593110e-03 
2.888660e-01 	2.627757e-03 
2.902990e-01 	2.669195e-03 
2.917320e-01 	2.717047e-03 
2.931650e-01 	2.770972e-03 
2.945980e-01 	2.830640e-03 
2.960310e-01 	2.895732e-03 
2.974640e-01 	2.965946e-03 
2.988970e-01 	3.040983e-03 
3.003300e-01 	3.120554e-03 
3.017630e-01 	3.204378e-03 
3.031960e-01 	3.292191e-03 
3.046290e-01 	3.383740e-03 
3.060610e-01 	3.478710e-03 
3.074940e-01 	3.576997e-03 
3.089270e-01 	3.678315e-03 
3.103600e-01 	3.782462e-03 
3.117930e-01 	3.889257e-03 
3.132260e-01 	3.998522e-03 
3.146590e-01 	4.110076e-03 
3.160920e-01 	4.223745e-03 
3.175250e-01 	4.339366e-03 
3.189580e-01 	4.456776e-03 
3.203910e-01 	4.575814e-03 
3.218240e-01 	4.696329e-03 
3.232560e-01 	4.818103e-03 
3.246890e-01 	4.941183e-03 
3.261220e-01 	5.065370e-03 
3.275550e-01 	5.190556e-03 
3.289880e-01 	5.316638e-03 
3.304210e-01 	5.443513e-03 
3.318540e-01 	5.571078e-03 
3.332870e-01 	5.699234e-03 
3.347200e-01 	5.827882e-03 
3.361530e-01 	5.956924e-03 
3.375860e-01 	6.086265e-03 
3.390180e-01 	6.215736e-03 
3.404510e-01 	6.345446e-03 
3.418840e-01 	6.475237e-03 
3.433170e-01 	6.605046e-03 
3.447500e-01 	6.734812e-03 
3.461830e-01 	6.864465e-03 
3.476160e-01 	6.993929e-03 
3.490490e-01 	7.123127e-03 
3.504820e-01 	7.251981e-03 
3.519150e-01 	7.380421e-03 
3.533480e-01 	7.508380e-03 
3.547810e-01 	7.635796e-03 
3.562130e-01 	7.762521e-03 
3.576460e-01 	7.888671e-03 
3.590790e-01 	8.014100e-03 
3.605120e-01 	8.138744e-03 
3.619450e-01 	8.262536e-03 
3.633780e-01 	8.385405e-03 
3.648110e-01 	8.507267e-03 
3.662440e-01 	8.628029e-03 
3.676770e-01 	8.747599e-03 
3.691100e-01 	8.865888e-03 
3.705430e-01 	8.982821e-03 
3.719760e-01 	9.098332e-03 
3.734080e-01 	9.212276e-03 
3.748410e-01 	9.324744e-03 
3.762740e-01 	9.435564e-03 
3.777070e-01 	9.544625e-03 
3.791400e-01 	9.651815e-03 
3.805730e-01 	9.757025e-03 
3.820060e-01 	9.860153e-03 
3.834390e-01 	9.961108e-03 
3.848720e-01 	1.005980e-02 
3.863050e-01 	1.015614e-02 
3.877380e-01 	1.025003e-02 
3.891710e-01 	1.034138e-02 
3.906030e-01 	1.043004e-02 
3.920360e-01 	1.051603e-02 
3.934690e-01 	1.059922e-02 
3.949020e-01 	1.067949e-02 
3.963350e-01 	1.075675e-02 
3.977680e-01 	1.083091e-02 
3.992010e-01 	1.090188e-02 
4.006340e-01 	1.096960e-02 
4.020670e-01 	1.103401e-02 
4.035000e-01 	1.109507e-02 
4.049330e-01 	1.115271e-02 
4.063650e-01 	1.120686e-02 
4.077980e-01 	1.125752e-02 
4.092310e-01 	1.130460e-02 
4.106640e-01 	1.134807e-02 
4.120970e-01 	1.138790e-02 
4.135300e-01 	1.142408e-02 
4.149630e-01 	1.145659e-02 
4.163960e-01 	1.148544e-02 
4.178290e-01 	1.151061e-02 
4.192620e-01 	1.153212e-02 
4.206950e-01 	1.154998e-02 
4.221280e-01 	1.156422e-02 
4.235600e-01 	1.157485e-02 
4.249930e-01 	1.158192e-02 
4.264260e-01 	1.158545e-02 
4.278590e-01 	1.158548e-02 
4.292920e-01 	1.158204e-02 
4.307250e-01 	1.157519e-02 
4.321580e-01 	1.156502e-02 
4.335910e-01 	1.155157e-02 
4.350240e-01 	1.153492e-02 
4.364570e-01 	1.151513e-02 
4.378900e-01 	1.149227e-02 
4.393230e-01 	1.146641e-02 
4.407550e-01 	1.143763e-02 
4.421880e-01 	1.140599e-02 
4.436210e-01 	1.137159e-02 
4.450540e-01 	1.133452e-02 
4.464870e-01 	1.129486e-02 
4.479200e-01 	1.125269e-02 
4.493530e-01 	1.120809e-02 
4.507860e-01 	1.116117e-02 
4.522190e-01 	1.111200e-02 
4.536520e-01 	1.106068e-02 
4.550850e-01 	1.100730e-02 
4.565180e-01 	1.095195e-02 
4.579500e-01 	1.089475e-02 
4.593830e-01 	1.083571e-02 
4.608160e-01 	1.077497e-02 
4.622490e-01 	1.071262e-02 
4.636820e-01 	1.064875e-02 
4.651150e-01 	1.058345e-02 
4.665480e-01 	1.051679e-02 
4.679810e-01 	1.044888e-02 
4.694140e-01 	1.037977e-02 
4.708470e-01 	1.030956e-02 
4.722800e-01 	1.023832e-02 
4.737120e-01 	1.016618e-02 
4.751450e-01 	1.009313e-02 
4.765780e-01 	1.001929e-02 
4.780110e-01 	9.944731e-03 
4.794440e-01 	9.869548e-03 
4.808770e-01 	9.793821e-03 
4.823100e-01 	9.717635e-03 
4.837430e-01 	9.641075e-03 
4.851760e-01 	9.564224e-03 
4.866090e-01 	9.487171e-03 
4.880420e-01 	9.409996e-03 
4.894750e-01 	9.332753e-03 
4.909070e-01 	9.255508e-03 
4.923400e-01 	9.178157e-03 
4.937730e-01 	9.100759e-03 
4.952060e-01 	9.023317e-03 
4.966390e-01 	8.945837e-03 
4.980720e-01 	8.868321e-03 
4.995050e-01 	8.790774e-03 
