#q 	 Ifit_avg 
2.999000e-03 	1.000000e+00 
3.284000e-03 	9.988153e-01 
3.570000e-03 	9.976296e-01 
3.856000e-03 	9.964417e-01 
4.141000e-03 	9.952506e-01 
4.427000e-03 	9.940552e-01 
4.712000e-03 	9.928544e-01 
4.998000e-03 	9.916471e-01 
5.284000e-03 	9.904322e-01 
5.569000e-03 	9.892086e-01 
5.855000e-03 	9.879753e-01 
6.140000e-03 	9.867312e-01 
6.426000e-03 	9.854751e-01 
6.712000e-03 	9.842059e-01 
6.997000e-03 	9.829227e-01 
7.283000e-03 	9.816242e-01 
7.568000e-03 	9.803095e-01 
7.854000e-03 	9.789774e-01 
8.140000e-03 	9.776268e-01 
8.425000e-03 	9.762566e-01 
8.711000e-03 	9.748658e-01 
8.996000e-03 	9.734533e-01 
9.282000e-03 	9.720179e-01 
9.568000e-03 	9.705586e-01 
9.853000e-03 	9.690743e-01 
1.013900e-02 	9.675639e-01 
1.042400e-02 	9.660263e-01 
1.071000e-02 	9.644604e-01 
1.099600e-02 	9.628652e-01 
1.128100e-02 	9.612395e-01 
1.156700e-02 	9.595823e-01 
1.185300e-02 	9.578925e-01 
1.213800e-02 	9.561689e-01 
1.242400e-02 	9.544105e-01 
1.270900e-02 	9.526163e-01 
1.299500e-02 	9.507850e-01 
1.328100e-02 	9.489157e-01 
1.356600e-02 	9.470072e-01 
1.385200e-02 	9.450584e-01 
1.413700e-02 	9.430684e-01 
1.442300e-02 	9.410359e-01 
1.470900e-02 	9.389601e-01 
1.499400e-02 	9.368397e-01 
1.528000e-02 	9.346739e-01 
1.556500e-02 	9.324618e-01 
1.585100e-02 	9.302023e-01 
1.613700e-02 	9.278947e-01 
1.642200e-02 	9.255386e-01 
1.670800e-02 	9.231337e-01 
1.699300e-02 	9.206797e-01 
1.727900e-02 	9.181768e-01 
1.756500e-02 	9.156257e-01 
1.785000e-02 	9.130273e-01 
1.813600e-02 	9.103823e-01 
1.842100e-02 	9.076914e-01 
1.870700e-02 	9.049557e-01 
1.899300e-02 	9.021758e-01 
1.927800e-02 	8.993526e-01 
1.956400e-02 	8.964870e-01 
1.984900e-02 	8.935798e-01 
2.013500e-02 	8.906319e-01 
2.042100e-02 	8.876440e-01 
2.070600e-02 	8.846171e-01 
2.099200e-02 	8.815520e-01 
2.127700e-02 	8.784494e-01 
2.156300e-02 	8.753104e-01 
2.184900e-02 	8.721356e-01 
2.213400e-02 	8.689260e-01 
2.242000e-02 	8.656824e-01 
2.270500e-02 	8.624055e-01 
2.299100e-02 	8.590964e-01 
2.327700e-02 	8.557557e-01 
2.356200e-02 	8.523844e-01 
2.384800e-02 	8.489833e-01 
2.413300e-02 	8.455532e-01 
2.441900e-02 	8.420950e-01 
2.470500e-02 	8.386094e-01 
2.499000e-02 	8.350974e-01 
2.527600e-02 	8.315598e-01 
2.556100e-02 	8.279974e-01 
2.584700e-02 	8.244110e-01 
2.613300e-02 	8.208014e-01 
2.641800e-02 	8.171696e-01 
2.670400e-02 	8.135162e-01 
2.698900e-02 	8.098422e-01 
2.727500e-02 	8.061483e-01 
2.756100e-02 	8.024354e-01 
2.784600e-02 	7.987042e-01 
2.813200e-02 	7.949555e-01 
2.841700e-02 	7.911901e-01 
2.870300e-02 	7.874088e-01 
2.898900e-02 	7.836123e-01 
2.927400e-02 	7.798014e-01 
2.956000e-02 	7.759765e-01 
2.984500e-02 	7.721385e-01 
3.013100e-02 	7.682879e-01 
3.041700e-02 	7.644254e-01 
3.070200e-02 	7.605516e-01 
3.098800e-02 	7.566671e-01 
3.127300e-02 	7.527723e-01 
3.155900e-02 	7.488677e-01 
3.184500e-02 	7.449536e-01 
3.213000e-02 	7.410304e-01 
3.241600e-02 	7.370986e-01 
3.270100e-02 	7.331584e-01 
3.298700e-02 	7.292103e-01 
3.327300e-02 	7.252547e-01 
3.355800e-02 	7.212919e-01 
3.384400e-02 	7.173223e-01 
3.413000e-02 	7.133464e-01 
3.441500e-02 	7.093644e-01 
3.470100e-02 	7.053768e-01 
3.498600e-02 	7.013840e-01 
3.527200e-02 	6.973862e-01 
3.555800e-02 	6.933839e-01 
3.584300e-02 	6.893774e-01 
3.612900e-02 	6.853672e-01 
3.641400e-02 	6.813536e-01 
3.670000e-02 	6.773369e-01 
3.698600e-02 	6.733176e-01 
3.727100e-02 	6.692959e-01 
3.755700e-02 	6.652724e-01 
3.784200e-02 	6.612473e-01 
3.812800e-02 	6.572210e-01 
3.841400e-02 	6.531940e-01 
3.869900e-02 	6.491664e-01 
3.898500e-02 	6.451388e-01 
3.927000e-02 	6.411115e-01 
3.955600e-02 	6.370848e-01 
3.984200e-02 	6.330592e-01 
4.012700e-02 	6.290349e-01 
4.041300e-02 	6.250123e-01 
4.069800e-02 	6.209917e-01 
4.098400e-02 	6.169737e-01 
4.127000e-02 	6.129584e-01 
4.155500e-02 	6.089462e-01 
4.184100e-02 	6.049376e-01 
4.212600e-02 	6.009328e-01 
4.241200e-02 	5.969321e-01 
4.269800e-02 	5.929359e-01 
4.298300e-02 	5.889445e-01 
4.326900e-02 	5.849582e-01 
4.355400e-02 	5.809774e-01 
4.384000e-02 	5.770023e-01 
4.412600e-02 	5.730333e-01 
4.441100e-02 	5.690708e-01 
4.469700e-02 	5.651150e-01 
4.498200e-02 	5.611662e-01 
4.526800e-02 	5.572249e-01 
4.555400e-02 	5.532911e-01 
4.583900e-02 	5.493654e-01 
4.612500e-02 	5.454479e-01 
4.641000e-02 	5.415390e-01 
4.669600e-02 	5.376389e-01 
4.698200e-02 	5.337480e-01 
4.726700e-02 	5.298666e-01 
4.755300e-02 	5.259949e-01 
4.783800e-02 	5.221334e-01 
4.812400e-02 	5.182821e-01 
4.841000e-02 	5.144416e-01 
4.869500e-02 	5.106120e-01 
4.898100e-02 	5.067937e-01 
4.926600e-02 	5.029869e-01 
4.955200e-02 	4.991920e-01 
4.983800e-02 	4.954092e-01 
5.012300e-02 	4.916388e-01 
5.040900e-02 	4.878812e-01 
5.069400e-02 	4.841366e-01 
5.098000e-02 	4.804054e-01 
5.126600e-02 	4.766877e-01 
5.155100e-02 	4.729840e-01 
5.183700e-02 	4.692943e-01 
5.212200e-02 	4.656192e-01 
5.240800e-02 	4.619587e-01 
5.269400e-02 	4.583132e-01 
5.297900e-02 	4.546830e-01 
5.326500e-02 	4.510683e-01 
5.355000e-02 	4.474694e-01 
5.383600e-02 	4.438866e-01 
5.412200e-02 	4.403201e-01 
5.440700e-02 	4.367703e-01 
5.469300e-02 	4.332374e-01 
5.497800e-02 	4.297215e-01 
5.526400e-02 	4.262229e-01 
5.555000e-02 	4.227417e-01 
5.583500e-02 	4.192782e-01 
5.612100e-02 	4.158324e-01 
5.640700e-02 	4.124047e-01 
5.669200e-02 	4.089951e-01 
5.697800e-02 	4.056040e-01 
5.726300e-02 	4.022314e-01 
5.754900e-02 	3.988775e-01 
5.783500e-02 	3.955426e-01 
5.812000e-02 	3.922268e-01 
5.840600e-02 	3.889304e-01 
5.869100e-02 	3.856534e-01 
5.897700e-02 	3.823959e-01 
5.926300e-02 	3.791581e-01 
5.954800e-02 	3.759398e-01 
5.983400e-02 	3.727412e-01 
6.011900e-02 	3.695623e-01 
6.040500e-02 	3.664031e-01 
6.069100e-02 	3.632636e-01 
6.097600e-02 	3.601440e-01 
6.126200e-02 	3.570442e-01 
6.154700e-02 	3.539643e-01 
6.183300e-02 	3.509043e-01 
6.211900e-02 	3.478643e-01 
6.240400e-02 	3.448442e-01 
6.269000e-02 	3.418442e-01 
6.297500e-02 	3.388643e-01 
6.326100e-02 	3.359044e-01 
6.354700e-02 	3.329647e-01 
6.383200e-02 	3.300452e-01 
6.411800e-02 	3.271458e-01 
6.440300e-02 	3.242667e-01 
6.468900e-02 	3.214078e-01 
6.497500e-02 	3.185691e-01 
6.526000e-02 	3.157507e-01 
6.554600e-02 	3.129526e-01 
6.583100e-02 	3.101749e-01 
6.611700e-02 	3.074175e-01 
6.640300e-02 	3.046805e-01 
6.668800e-02 	3.019639e-01 
6.697400e-02 	2.992677e-01 
6.725900e-02 	2.965920e-01 
6.754500e-02 	2.939367e-01 
6.783100e-02 	2.913019e-01 
6.811600e-02 	2.886875e-01 
6.840200e-02 	2.860935e-01 
6.868700e-02 	2.835199e-01 
6.897300e-02 	2.809667e-01 
6.925900e-02 	2.784339e-01 
6.954400e-02 	2.759214e-01 
6.983000e-02 	2.734292e-01 
7.011500e-02 	2.709574e-01 
7.040100e-02 	2.685059e-01 
7.068700e-02 	2.660746e-01 
7.097200e-02 	2.636637e-01 
7.125800e-02 	2.612730e-01 
7.154300e-02 	2.589026e-01 
7.182900e-02 	2.565524e-01 
7.211500e-02 	2.542224e-01 
7.240000e-02 	2.519126e-01 
7.268600e-02 	2.496230e-01 
7.297100e-02 	2.473534e-01 
7.325700e-02 	2.451038e-01 
7.354300e-02 	2.428739e-01 
7.382800e-02 	2.406638e-01 
7.411400e-02 	2.384732e-01 
7.439900e-02 	2.363022e-01 
7.468500e-02 	2.341506e-01 
7.497100e-02 	2.320182e-01 
7.525600e-02 	2.299050e-01 
7.554200e-02 	2.278109e-01 
7.582700e-02 	2.257357e-01 
7.611300e-02 	2.236795e-01 
7.639900e-02 	2.216419e-01 
7.668400e-02 	2.196231e-01 
7.697000e-02 	2.176228e-01 
7.725500e-02 	2.156409e-01 
7.754100e-02 	2.136774e-01 
7.782700e-02 	2.117321e-01 
7.811200e-02 	2.098050e-01 
7.839800e-02 	2.078959e-01 
7.868400e-02 	2.060047e-01 
7.896900e-02 	2.041314e-01 
7.925500e-02 	2.022758e-01 
7.954000e-02 	2.004378e-01 
7.982600e-02 	1.986173e-01 
8.011200e-02 	1.968141e-01 
8.039700e-02 	1.950283e-01 
8.068300e-02 	1.932596e-01 
8.096800e-02 	1.915080e-01 
8.125400e-02 	1.897733e-01 
8.154000e-02 	1.880555e-01 
8.182500e-02 	1.863544e-01 
8.211100e-02 	1.846699e-01 
8.239600e-02 	1.830020e-01 
8.268200e-02 	1.813504e-01 
8.296800e-02 	1.797152e-01 
8.325300e-02 	1.780961e-01 
8.353900e-02 	1.764931e-01 
8.382400e-02 	1.749061e-01 
8.411000e-02 	1.733350e-01 
8.439600e-02 	1.717797e-01 
8.468100e-02 	1.702400e-01 
8.496700e-02 	1.687158e-01 
8.525200e-02 	1.672071e-01 
8.553800e-02 	1.657138e-01 
8.582400e-02 	1.642356e-01 
8.610900e-02 	1.627726e-01 
8.639500e-02 	1.613246e-01 
8.668000e-02 	1.598914e-01 
8.696600e-02 	1.584730e-01 
8.725200e-02 	1.570691e-01 
8.753700e-02 	1.556797e-01 
8.782300e-02 	1.543046e-01 
8.810800e-02 	1.529437e-01 
8.839400e-02 	1.515968e-01 
8.868000e-02 	1.502637e-01 
8.896500e-02 	1.489445e-01 
8.925100e-02 	1.476388e-01 
8.953600e-02 	1.463466e-01 
8.982200e-02 	1.450677e-01 
9.010800e-02 	1.438021e-01 
9.039300e-02 	1.425495e-01 
9.067900e-02 	1.413098e-01 
9.096400e-02 	1.400829e-01 
9.125000e-02 	1.388686e-01 
9.153600e-02 	1.376669e-01 
9.182100e-02 	1.364775e-01 
9.210700e-02 	1.353003e-01 
9.239200e-02 	1.341353e-01 
9.267800e-02 	1.329821e-01 
9.296400e-02 	1.318408e-01 
9.324900e-02 	1.307112e-01 
9.353500e-02 	1.295932e-01 
9.382000e-02 	1.284866e-01 
9.410600e-02 	1.273914e-01 
9.439200e-02 	1.263074e-01 
9.467700e-02 	1.252345e-01 
9.496300e-02 	1.241726e-01 
9.524800e-02 	1.231216e-01 
9.553400e-02 	1.220813e-01 
9.582000e-02 	1.210517e-01 
9.610500e-02 	1.200326e-01 
9.639100e-02 	1.190239e-01 
9.667600e-02 	1.180255e-01 
9.696200e-02 	1.170372e-01 
9.724800e-02 	1.160590e-01 
9.753300e-02 	1.150907e-01 
9.781900e-02 	1.141323e-01 
9.810400e-02 	1.131835e-01 
9.839000e-02 	1.122443e-01 
9.867600e-02 	1.113146e-01 
9.896100e-02 	1.103942e-01 
9.924700e-02 	1.094830e-01 
9.953200e-02 	1.085810e-01 
9.981800e-02 	1.076879e-01 
1.001040e-01 	1.068037e-01 
1.003890e-01 	1.059284e-01 
1.006750e-01 	1.050617e-01 
1.009610e-01 	1.042035e-01 
1.012460e-01 	1.033539e-01 
1.015320e-01 	1.025127e-01 
1.018170e-01 	1.016797e-01 
1.021030e-01 	1.008549e-01 
1.023890e-01 	1.000383e-01 
1.026740e-01 	9.922958e-02 
1.029600e-01 	9.842880e-02 
1.032450e-01 	9.763580e-02 
1.035310e-01 	9.685050e-02 
1.038170e-01 	9.607280e-02 
1.041020e-01 	9.530259e-02 
1.043880e-01 	9.453978e-02 
1.046730e-01 	9.378427e-02 
1.049590e-01 	9.303596e-02 
1.052450e-01 	9.229475e-02 
1.055300e-01 	9.156054e-02 
1.058160e-01 	9.083323e-02 
1.061010e-01 	9.011274e-02 
1.063870e-01 	8.939899e-02 
1.066730e-01 	8.869191e-02 
1.069580e-01 	8.799142e-02 
1.072440e-01 	8.729743e-02 
1.075290e-01 	8.660987e-02 
1.078150e-01 	8.592866e-02 
1.081010e-01 	8.525373e-02 
1.083860e-01 	8.458499e-02 
1.086720e-01 	8.392238e-02 
1.089570e-01 	8.326579e-02 
1.092430e-01 	8.261517e-02 
1.095290e-01 	8.197043e-02 
1.098140e-01 	8.133149e-02 
1.101000e-01 	8.069827e-02 
1.103850e-01 	8.007070e-02 
1.106710e-01 	7.944869e-02 
1.109570e-01 	7.883216e-02 
1.112420e-01 	7.822105e-02 
1.115280e-01 	7.761525e-02 
1.118130e-01 	7.701471e-02 
1.120990e-01 	7.641933e-02 
1.123850e-01 	7.582904e-02 
1.126700e-01 	7.524377e-02 
1.129560e-01 	7.466342e-02 
1.132410e-01 	7.408792e-02 
1.135270e-01 	7.351720e-02 
1.138130e-01 	7.295116e-02 
1.140980e-01 	7.238975e-02 
1.143840e-01 	7.183291e-02 
1.146690e-01 	7.128061e-02 
1.149550e-01 	7.073278e-02 
1.152410e-01 	7.018940e-02 
1.155260e-01 	6.965041e-02 
1.158120e-01 	6.911577e-02 
1.160970e-01 	6.858543e-02 
1.163830e-01 	6.805935e-02 
1.166690e-01 	6.753748e-02 
1.169540e-01 	6.701978e-02 
1.172400e-01 	6.650621e-02 
1.175250e-01 	6.599670e-02 
1.178110e-01 	6.549123e-02 
1.180970e-01 	6.498975e-02 
1.183820e-01 	6.449220e-02 
1.186680e-01 	6.399855e-02 
1.189530e-01 	6.350876e-02 
1.192390e-01 	6.302279e-02 
1.195250e-01 	6.254059e-02 
1.198100e-01 	6.206214e-02 
1.200960e-01 	6.158739e-02 
1.203810e-01 	6.111631e-02 
1.206670e-01 	6.064885e-02 
1.209530e-01 	6.018498e-02 
1.212380e-01 	5.972466e-02 
1.215240e-01 	5.926785e-02 
1.218090e-01 	5.881451e-02 
1.220950e-01 	5.836461e-02 
1.223810e-01 	5.791811e-02 
1.226660e-01 	5.747496e-02 
1.229520e-01 	5.703513e-02 
1.232380e-01 	5.659858e-02 
1.235230e-01 	5.616526e-02 
1.238090e-01 	5.573514e-02 
1.240940e-01 	5.530818e-02 
1.243800e-01 	5.488434e-02 
1.246660e-01 	5.446358e-02 
1.249510e-01 	5.404586e-02 
1.252370e-01 	5.363114e-02 
1.255220e-01 	5.321939e-02 
1.258080e-01 	5.281056e-02 
1.260940e-01 	5.240462e-02 
1.263790e-01 	5.200152e-02 
1.266650e-01 	5.160123e-02 
1.269500e-01 	5.120371e-02 
1.272360e-01 	5.080892e-02 
1.275220e-01 	5.041682e-02 
1.278070e-01 	5.002738e-02 
1.280930e-01 	4.964056e-02 
1.283780e-01 	4.925636e-02 
1.286640e-01 	4.887477e-02 
1.289500e-01 	4.849578e-02 
1.292350e-01 	4.811937e-02 
1.295210e-01 	4.774552e-02 
1.298060e-01 	4.737424e-02 
1.300920e-01 	4.700551e-02 
1.303780e-01 	4.663931e-02 
1.306630e-01 	4.627563e-02 
1.309490e-01 	4.591447e-02 
1.312340e-01 	4.555581e-02 
1.315200e-01 	4.519963e-02 
1.318060e-01 	4.484593e-02 
1.320910e-01 	4.449468e-02 
1.323770e-01 	4.414588e-02 
1.326620e-01 	4.379950e-02 
1.329480e-01 	4.345554e-02 
1.332340e-01 	4.311397e-02 
1.335190e-01 	4.277478e-02 
1.338050e-01 	4.243795e-02 
1.340900e-01 	4.210347e-02 
1.343760e-01 	4.177133e-02 
1.346620e-01 	4.144150e-02 
1.349470e-01 	4.111397e-02 
1.352330e-01 	4.078873e-02 
1.355180e-01 	4.046575e-02 
1.358040e-01 	4.014503e-02 
1.360900e-01 	3.982654e-02 
1.363750e-01 	3.951027e-02 
1.366610e-01 	3.919619e-02 
1.369460e-01 	3.888431e-02 
1.372320e-01 	3.857458e-02 
1.375180e-01 	3.826701e-02 
1.378030e-01 	3.796158e-02 
1.380890e-01 	3.765826e-02 
1.383740e-01 	3.735704e-02 
1.386600e-01 	3.705790e-02 
1.389460e-01 	3.676084e-02 
1.392310e-01 	3.646583e-02 
1.395170e-01 	3.617286e-02 
1.398020e-01 	3.588192e-02 
1.400880e-01 	3.559299e-02 
1.403740e-01 	3.530607e-02 
1.406590e-01 	3.502112e-02 
1.409450e-01 	3.473815e-02 
1.412300e-01 	3.445713e-02 
1.415160e-01 	3.417805e-02 
1.418020e-01 	3.390090e-02 
1.420870e-01 	3.362568e-02 
1.423730e-01 	3.335238e-02 
1.426580e-01 	3.308100e-02 
1.429440e-01 	3.281153e-02 
1.432300e-01 	3.254398e-02 
1.435150e-01 	3.227833e-02 
1.438010e-01 	3.201458e-02 
1.440860e-01 	3.175273e-02 
1.443720e-01 	3.149278e-02 
1.446580e-01 	3.123471e-02 
1.449430e-01 	3.097851e-02 
1.452290e-01 	3.072418e-02 
1.455150e-01 	3.047171e-02 
1.458000e-01 	3.022109e-02 
1.460860e-01 	2.997231e-02 
1.463710e-01 	2.972537e-02 
1.466570e-01 	2.948024e-02 
1.469430e-01 	2.923693e-02 
1.472280e-01 	2.899542e-02 
1.475140e-01 	2.875571e-02 
1.477990e-01 	2.851778e-02 
1.480850e-01 	2.828164e-02 
1.483710e-01 	2.804726e-02 
1.486560e-01 	2.781465e-02 
1.489420e-01 	2.758379e-02 
1.492270e-01 	2.735467e-02 
1.495130e-01 	2.712729e-02 
1.497990e-01 	2.690164e-02 
1.500840e-01 	2.667771e-02 
1.503700e-01 	2.645548e-02 
1.506550e-01 	2.623496e-02 
1.509410e-01 	2.601614e-02 
1.512270e-01 	2.579899e-02 
1.515120e-01 	2.558353e-02 
1.517980e-01 	2.536973e-02 
1.520830e-01 	2.515760e-02 
1.523690e-01 	2.494711e-02 
1.526550e-01 	2.473827e-02 
1.529400e-01 	2.453106e-02 
1.532260e-01 	2.432548e-02 
1.535110e-01 	2.412151e-02 
1.537970e-01 	2.391916e-02 
1.540830e-01 	2.371840e-02 
1.543680e-01 	2.351924e-02 
1.546540e-01 	2.332167e-02 
1.549390e-01 	2.312569e-02 
1.552250e-01 	2.293127e-02 
1.555110e-01 	2.273842e-02 
1.557960e-01 	2.254714e-02 
1.560820e-01 	2.235740e-02 
1.563670e-01 	2.216921e-02 
1.566530e-01 	2.198256e-02 
1.569390e-01 	2.179743e-02 
1.572240e-01 	2.161383e-02 
1.575100e-01 	2.143174e-02 
1.577950e-01 	2.125115e-02 
1.580810e-01 	2.107206e-02 
1.583670e-01 	2.089446e-02 
1.586520e-01 	2.071833e-02 
1.589380e-01 	2.054367e-02 
1.592230e-01 	2.037047e-02 
1.595090e-01 	2.019873e-02 
1.597950e-01 	2.002843e-02 
1.600800e-01 	1.985957e-02 
1.603660e-01 	1.969214e-02 
1.606510e-01 	1.952613e-02 
1.609370e-01 	1.936153e-02 
1.612230e-01 	1.919834e-02 
1.615080e-01 	1.903654e-02 
1.617940e-01 	1.887613e-02 
1.620790e-01 	1.871710e-02 
1.623650e-01 	1.855945e-02 
1.626510e-01 	1.840315e-02 
1.629360e-01 	1.824822e-02 
1.632220e-01 	1.809463e-02 
1.635070e-01 	1.794238e-02 
1.637930e-01 	1.779146e-02 
1.640790e-01 	1.764187e-02 
1.643640e-01 	1.749359e-02 
1.646500e-01 	1.734662e-02 
1.649350e-01 	1.720095e-02 
1.652210e-01 	1.705657e-02 
1.655070e-01 	1.691347e-02 
1.657920e-01 	1.677165e-02 
1.660780e-01 	1.663109e-02 
1.663630e-01 	1.649179e-02 
1.666490e-01 	1.635375e-02 
1.669350e-01 	1.621694e-02 
1.672200e-01 	1.608137e-02 
1.675060e-01 	1.594703e-02 
1.677920e-01 	1.581390e-02 
1.680770e-01 	1.568198e-02 
1.683630e-01 	1.555126e-02 
1.686480e-01 	1.542174e-02 
1.689340e-01 	1.529341e-02 
1.692200e-01 	1.516625e-02 
1.695050e-01 	1.504026e-02 
1.697910e-01 	1.491543e-02 
1.700760e-01 	1.479175e-02 
1.703620e-01 	1.466921e-02 
1.706480e-01 	1.454781e-02 
1.709330e-01 	1.442753e-02 
1.712190e-01 	1.430837e-02 
1.715040e-01 	1.419032e-02 
1.717900e-01 	1.407337e-02 
1.720760e-01 	1.395752e-02 
1.723610e-01 	1.384275e-02 
1.726470e-01 	1.372906e-02 
1.729320e-01 	1.361644e-02 
1.732180e-01 	1.350488e-02 
1.735040e-01 	1.339437e-02 
1.737890e-01 	1.328491e-02 
1.740750e-01 	1.317649e-02 
1.743600e-01 	1.306910e-02 
1.746460e-01 	1.296273e-02 
1.749320e-01 	1.285737e-02 
1.752170e-01 	1.275302e-02 
1.755030e-01 	1.264966e-02 
1.757880e-01 	1.254730e-02 
1.760740e-01 	1.244591e-02 
1.763600e-01 	1.234550e-02 
1.766450e-01 	1.224606e-02 
1.769310e-01 	1.214757e-02 
1.772160e-01 	1.205003e-02 
1.775020e-01 	1.195343e-02 
1.777880e-01 	1.185777e-02 
1.780730e-01 	1.176303e-02 
1.783590e-01 	1.166921e-02 
1.786440e-01 	1.157630e-02 
1.789300e-01 	1.148428e-02 
1.792160e-01 	1.139316e-02 
1.795010e-01 	1.130293e-02 
1.797870e-01 	1.121357e-02 
1.800720e-01 	1.112509e-02 
1.803580e-01 	1.103746e-02 
1.806440e-01 	1.095068e-02 
1.809290e-01 	1.086475e-02 
1.812150e-01 	1.077966e-02 
1.815000e-01 	1.069540e-02 
1.817860e-01 	1.061195e-02 
1.820720e-01 	1.052932e-02 
1.823570e-01 	1.044750e-02 
1.826430e-01 	1.036647e-02 
1.829280e-01 	1.028623e-02 
1.832140e-01 	1.020677e-02 
1.835000e-01 	1.012809e-02 
1.837850e-01 	1.005018e-02 
1.840710e-01 	9.973036e-03 
1.843560e-01 	9.896651e-03 
1.846420e-01 	9.821020e-03 
1.849280e-01 	9.746134e-03 
1.852130e-01 	9.671989e-03 
1.854990e-01 	9.598578e-03 
1.857840e-01 	9.525895e-03 
1.860700e-01 	9.453933e-03 
1.863560e-01 	9.382687e-03 
1.866410e-01 	9.312150e-03 
1.869270e-01 	9.242317e-03 
1.872120e-01 	9.173180e-03 
1.874980e-01 	9.104734e-03 
1.877840e-01 	9.036972e-03 
1.880690e-01 	8.969888e-03 
1.883550e-01 	8.903477e-03 
1.886400e-01 	8.837731e-03 
1.889260e-01 	8.772645e-03 
1.892120e-01 	8.708212e-03 
1.894970e-01 	8.644426e-03 
1.897830e-01 	8.581282e-03 
1.900690e-01 	8.518771e-03 
1.903540e-01 	8.456890e-03 
1.906400e-01 	8.395631e-03 
1.909250e-01 	8.334988e-03 
1.912110e-01 	8.274954e-03 
1.914970e-01 	8.215525e-03 
1.917820e-01 	8.156693e-03 
1.920680e-01 	8.098452e-03 
1.923530e-01 	8.040796e-03 
1.926390e-01 	7.983718e-03 
1.929250e-01 	7.927214e-03 
1.932100e-01 	7.871275e-03 
1.934960e-01 	7.815897e-03 
1.937810e-01 	7.761073e-03 
1.940670e-01 	7.706796e-03 
1.943530e-01 	7.653061e-03 
1.946380e-01 	7.599861e-03 
1.949240e-01 	7.547190e-03 
1.952090e-01 	7.495042e-03 
1.954950e-01 	7.443410e-03 
1.957810e-01 	7.392289e-03 
1.960660e-01 	7.341673e-03 
1.963520e-01 	7.291556e-03 
1.966370e-01 	7.241934e-03 
1.969230e-01 	7.192801e-03 
1.972090e-01 	7.144151e-03 
1.974940e-01 	7.095982e-03 
1.977800e-01 	7.048289e-03 
1.980650e-01 	7.001070e-03 
1.983510e-01 	6.954320e-03 
1.986370e-01 	6.908036e-03 
1.989220e-01 	6.862215e-03 
1.992080e-01 	6.816852e-03 
1.994930e-01 	6.771945e-03 
1.997790e-01 	6.727488e-03 
2.000650e-01 	6.683478e-03 
2.003500e-01 	6.639912e-03 
2.006360e-01 	6.596786e-03 
2.009210e-01 	6.554095e-03 
2.012070e-01 	6.511836e-03 
2.014930e-01 	6.470006e-03 
2.017780e-01 	6.428599e-03 
2.020640e-01 	6.387614e-03 
2.023490e-01 	6.347044e-03 
2.026350e-01 	6.306888e-03 
2.029210e-01 	6.267141e-03 
2.032060e-01 	6.227800e-03 
2.034920e-01 	6.188859e-03 
2.037770e-01 	6.150316e-03 
2.040630e-01 	6.112167e-03 
2.043490e-01 	6.074408e-03 
2.046340e-01 	6.037036e-03 
2.049200e-01 	6.000045e-03 
2.052050e-01 	5.963433e-03 
2.054910e-01 	5.927196e-03 
2.057770e-01 	5.891330e-03 
2.060620e-01 	5.855831e-03 
2.063480e-01 	5.820696e-03 
2.066330e-01 	5.785920e-03 
2.069190e-01 	5.751500e-03 
2.072050e-01 	5.717432e-03 
2.074900e-01 	5.683713e-03 
2.077760e-01 	5.650338e-03 
2.080610e-01 	5.617305e-03 
2.083470e-01 	5.584608e-03 
2.086330e-01 	5.552245e-03 
2.089180e-01 	5.520212e-03 
2.092040e-01 	5.488505e-03 
2.094890e-01 	5.457119e-03 
2.097750e-01 	5.426052e-03 
2.100610e-01 	5.395299e-03 
2.103460e-01 	5.364857e-03 
2.106320e-01 	5.334722e-03 
2.109170e-01 	5.304889e-03 
2.112030e-01 	5.275357e-03 
2.114890e-01 	5.246124e-03 
2.117740e-01 	5.217188e-03 
2.120600e-01 	5.188546e-03 
2.123450e-01 	5.160197e-03 
2.126310e-01 	5.132139e-03 
2.129170e-01 	5.104369e-03 
2.132020e-01 	5.076887e-03 
2.134880e-01 	5.049689e-03 
2.137740e-01 	5.022774e-03 
2.140590e-01 	4.996140e-03 
2.143450e-01 	4.969785e-03 
2.146300e-01 	4.943706e-03 
2.149160e-01 	4.917903e-03 
2.152020e-01 	4.892371e-03 
2.154870e-01 	4.867111e-03 
2.157730e-01 	4.842118e-03 
2.160580e-01 	4.817392e-03 
2.163440e-01 	4.792930e-03 
2.166300e-01 	4.768731e-03 
2.169150e-01 	4.744791e-03 
2.172010e-01 	4.721110e-03 
2.174860e-01 	4.697684e-03 
2.177720e-01 	4.674512e-03 
2.180580e-01 	4.651593e-03 
2.183430e-01 	4.628922e-03 
2.186290e-01 	4.606500e-03 
2.189140e-01 	4.584323e-03 
2.192000e-01 	4.562391e-03 
2.194860e-01 	4.540700e-03 
2.197710e-01 	4.519248e-03 
2.200570e-01 	4.498035e-03 
2.203420e-01 	4.477058e-03 
2.206280e-01 	4.456314e-03 
2.209140e-01 	4.435803e-03 
2.211990e-01 	4.415521e-03 
2.214850e-01 	4.395467e-03 
2.217700e-01 	4.375639e-03 
2.220560e-01 	4.356034e-03 
2.223420e-01 	4.336652e-03 
2.226270e-01 	4.317489e-03 
2.229130e-01 	4.298544e-03 
2.231980e-01 	4.279815e-03 
2.234840e-01 	4.261300e-03 
2.237700e-01 	4.242996e-03 
2.240550e-01 	4.224902e-03 
2.243410e-01 	4.207015e-03 
2.246260e-01 	4.189335e-03 
2.249120e-01 	4.171858e-03 
2.251980e-01 	4.154583e-03 
2.254830e-01 	4.137510e-03 
2.257690e-01 	4.120637e-03 
2.260540e-01 	4.103963e-03 
2.263400e-01 	4.087486e-03 
2.266260e-01 	4.071206e-03 
2.269110e-01 	4.055121e-03 
2.271970e-01 	4.039229e-03 
2.274820e-01 	4.023530e-03 
2.277680e-01 	4.008022e-03 
2.280540e-01 	3.992704e-03 
2.283390e-01 	3.977574e-03 
2.286250e-01 	3.962632e-03 
2.289100e-01 	3.947876e-03 
2.291960e-01 	3.933306e-03 
2.294820e-01 	3.918918e-03 
2.297670e-01 	3.904714e-03 
2.300530e-01 	3.890690e-03 
2.303380e-01 	3.876847e-03 
2.306240e-01 	3.863182e-03 
2.309100e-01 	3.849695e-03 
2.311950e-01 	3.836385e-03 
2.314810e-01 	3.823250e-03 
2.317660e-01 	3.810288e-03 
2.320520e-01 	3.797500e-03 
2.323380e-01 	3.784884e-03 
2.326230e-01 	3.772438e-03 
2.329090e-01 	3.760161e-03 
2.331940e-01 	3.748052e-03 
2.334800e-01 	3.736110e-03 
2.337660e-01 	3.724334e-03 
2.340510e-01 	3.712723e-03 
2.343370e-01 	3.701275e-03 
2.346230e-01 	3.689989e-03 
2.349080e-01 	3.678865e-03 
2.351940e-01 	3.667902e-03 
2.354790e-01 	3.657098e-03 
2.357650e-01 	3.646454e-03 
2.360510e-01 	3.635967e-03 
2.363360e-01 	3.625636e-03 
2.366220e-01 	3.615462e-03 
2.369070e-01 	3.605442e-03 
2.371930e-01 	3.595577e-03 
2.374790e-01 	3.585864e-03 
2.377640e-01 	3.576304e-03 
2.380500e-01 	3.566894e-03 
2.383350e-01 	3.557635e-03 
2.386210e-01 	3.548524e-03 
2.389070e-01 	3.539562e-03 
2.391920e-01 	3.530747e-03 
2.394780e-01 	3.522079e-03 
2.397630e-01 	3.513556e-03 
2.400490e-01 	3.505177e-03 
2.403350e-01 	3.496942e-03 
2.406200e-01 	3.488849e-03 
2.409060e-01 	3.480898e-03 
2.411910e-01 	3.473088e-03 
2.414770e-01 	3.465417e-03 
2.417630e-01 	3.457885e-03 
2.420480e-01 	3.450491e-03 
2.423340e-01 	3.443234e-03 
2.426190e-01 	3.436113e-03 
2.429050e-01 	3.429126e-03 
2.431910e-01 	3.422273e-03 
2.434760e-01 	3.415554e-03 
2.437620e-01 	3.408966e-03 
2.440470e-01 	3.402510e-03 
2.443330e-01 	3.396183e-03 
2.446190e-01 	3.389986e-03 
2.449040e-01 	3.383918e-03 
2.451900e-01 	3.377977e-03 
2.454750e-01 	3.372162e-03 
2.457610e-01 	3.366473e-03 
2.460470e-01 	3.360910e-03 
2.463320e-01 	3.355470e-03 
2.466180e-01 	3.350153e-03 
2.469030e-01 	3.344959e-03 
2.471890e-01 	3.339886e-03 
2.474750e-01 	3.334934e-03 
2.477600e-01 	3.330102e-03 
2.480460e-01 	3.325390e-03 
2.483310e-01 	3.320797e-03 
2.486170e-01 	3.316323e-03 
2.489030e-01 	3.311966e-03 
2.491880e-01 	3.307726e-03 
2.494740e-01 	3.303602e-03 
2.497590e-01 	3.299594e-03 
2.500450e-01 	3.295702e-03 
2.503310e-01 	3.291924e-03 
2.506160e-01 	3.288259e-03 
2.509020e-01 	3.284708e-03 
2.511870e-01 	3.281269e-03 
2.514730e-01 	3.277942e-03 
2.517590e-01 	3.274726e-03 
2.520440e-01 	3.271621e-03 
2.523300e-01 	3.268625e-03 
2.526150e-01 	3.265739e-03 
2.529010e-01 	3.262961e-03 
2.531870e-01 	3.260291e-03 
2.534720e-01 	3.257729e-03 
2.537580e-01 	3.255272e-03 
2.540430e-01 	3.252920e-03 
2.543290e-01 	3.250674e-03 
2.546150e-01 	3.248531e-03 
2.549000e-01 	3.246492e-03 
2.551860e-01 	3.244555e-03 
2.554710e-01 	3.242720e-03 
2.557570e-01 	3.240987e-03 
2.560430e-01 	3.239353e-03 
2.563280e-01 	3.237819e-03 
2.566140e-01 	3.236384e-03 
2.568990e-01 	3.235047e-03 
2.571850e-01 	3.233807e-03 
2.574710e-01 	3.232664e-03 
2.577560e-01 	3.231616e-03 
2.580420e-01 	3.230664e-03 
2.583280e-01 	3.229806e-03 
2.586130e-01 	3.229042e-03 
2.588990e-01 	3.228371e-03 
2.591840e-01 	3.227791e-03 
2.594700e-01 	3.227304e-03 
2.597560e-01 	3.226907e-03 
2.600410e-01 	3.226600e-03 
2.603270e-01 	3.226382e-03 
2.606120e-01 	3.226253e-03 
2.608980e-01 	3.226212e-03 
2.611840e-01 	3.226259e-03 
2.614690e-01 	3.226392e-03 
2.617550e-01 	3.226611e-03 
2.620400e-01 	3.226915e-03 
2.623260e-01 	3.227303e-03 
2.626120e-01 	3.227776e-03 
2.628970e-01 	3.228332e-03 
2.631830e-01 	3.228970e-03 
2.634680e-01 	3.229690e-03 
2.637540e-01 	3.230490e-03 
2.640400e-01 	3.231372e-03 
2.643250e-01 	3.232333e-03 
2.646110e-01 	3.233373e-03 
2.648960e-01 	3.234491e-03 
2.651820e-01 	3.235687e-03 
2.654680e-01 	3.236960e-03 
2.657530e-01 	3.238309e-03 
2.660390e-01 	3.239734e-03 
2.663240e-01 	3.241234e-03 
2.666100e-01 	3.242808e-03 
2.668960e-01 	3.244455e-03 
2.671810e-01 	3.246176e-03 
2.674670e-01 	3.247969e-03 
2.677520e-01 	3.249834e-03 
2.680380e-01 	3.251770e-03 
2.683240e-01 	3.253776e-03 
2.686090e-01 	3.255852e-03 
2.688950e-01 	3.257998e-03 
2.691800e-01 	3.260212e-03 
2.694660e-01 	3.262494e-03 
2.697520e-01 	3.264844e-03 
2.700370e-01 	3.267260e-03 
2.703230e-01 	3.269742e-03 
2.706080e-01 	3.272290e-03 
2.708940e-01 	3.274903e-03 
2.711800e-01 	3.277580e-03 
2.714650e-01 	3.280320e-03 
2.717510e-01 	3.283123e-03 
2.720360e-01 	3.285989e-03 
2.723220e-01 	3.288916e-03 
2.726080e-01 	3.291904e-03 
2.728930e-01 	3.294953e-03 
2.731790e-01 	3.298060e-03 
2.734640e-01 	3.301227e-03 
2.737500e-01 	3.304452e-03 
2.740360e-01 	3.307734e-03 
2.743210e-01 	3.311073e-03 
2.746070e-01 	3.314468e-03 
2.748920e-01 	3.317918e-03 
2.751780e-01 	3.321422e-03 
2.754640e-01 	3.324980e-03 
2.757490e-01 	3.328590e-03 
2.760350e-01 	3.332253e-03 
2.763200e-01 	3.335967e-03 
2.766060e-01 	3.339732e-03 
2.768920e-01 	3.343546e-03 
2.771770e-01 	3.347410e-03 
2.774630e-01 	3.351322e-03 
2.777480e-01 	3.355282e-03 
2.780340e-01 	3.359288e-03 
2.783200e-01 	3.363341e-03 
2.786050e-01 	3.367439e-03 
2.788910e-01 	3.371582e-03 
2.791760e-01 	3.375768e-03 
2.794620e-01 	3.379998e-03 
2.797480e-01 	3.384271e-03 
2.800330e-01 	3.388585e-03 
2.803190e-01 	3.392940e-03 
2.806050e-01 	3.397336e-03 
2.808900e-01 	3.401771e-03 
2.811760e-01 	3.406245e-03 
2.814610e-01 	3.410758e-03 
2.817470e-01 	3.415308e-03 
2.820330e-01 	3.419896e-03 
2.823180e-01 	3.424520e-03 
2.826040e-01 	3.429179e-03 
2.828890e-01 	3.433874e-03 
2.831750e-01 	3.438603e-03 
2.834610e-01 	3.443365e-03 
2.837460e-01 	3.448161e-03 
2.840320e-01 	3.452989e-03 
2.843170e-01 	3.457849e-03 
2.846030e-01 	3.462740e-03 
2.848890e-01 	3.467661e-03 
2.851740e-01 	3.472612e-03 
2.854600e-01 	3.477592e-03 
2.857450e-01 	3.482600e-03 
2.860310e-01 	3.487636e-03 
2.863170e-01 	3.492699e-03 
2.866020e-01 	3.497788e-03 
2.868880e-01 	3.502903e-03 
2.871730e-01 	3.508043e-03 
2.874590e-01 	3.513206e-03 
2.877450e-01 	3.518393e-03 
2.880300e-01 	3.523603e-03 
2.883160e-01 	3.528836e-03 
2.886010e-01 	3.534089e-03 
2.888870e-01 	3.539363e-03 
2.891730e-01 	3.544658e-03 
2.894580e-01 	3.549971e-03 
2.897440e-01 	3.555303e-03 
2.900290e-01 	3.560653e-03 
2.903150e-01 	3.566021e-03 
2.906010e-01 	3.571404e-03 
2.908860e-01 	3.576803e-03 
2.911720e-01 	3.582217e-03 
2.914570e-01 	3.587645e-03 
2.917430e-01 	3.593086e-03 
2.920290e-01 	3.598540e-03 
2.923140e-01 	3.604006e-03 
2.926000e-01 	3.609483e-03 
2.928850e-01 	3.614971e-03 
2.931710e-01 	3.620468e-03 
2.934570e-01 	3.625974e-03 
2.937420e-01 	3.631488e-03 
2.940280e-01 	3.637010e-03 
2.943130e-01 	3.642538e-03 
2.945990e-01 	3.648072e-03 
2.948850e-01 	3.653612e-03 
2.951700e-01 	3.659155e-03 
2.954560e-01 	3.664703e-03 
2.957410e-01 	3.670253e-03 
2.960270e-01 	3.675806e-03 
2.963130e-01 	3.681360e-03 
2.965980e-01 	3.686915e-03 
2.968840e-01 	3.692470e-03 
2.971690e-01 	3.698024e-03 
2.974550e-01 	3.703576e-03 
2.977410e-01 	3.709127e-03 
2.980260e-01 	3.714674e-03 
2.983120e-01 	3.720217e-03 
2.985970e-01 	3.725756e-03 
2.988830e-01 	3.731290e-03 
2.991690e-01 	3.736818e-03 
2.994540e-01 	3.742339e-03 
2.997400e-01 	3.747853e-03 
3.000250e-01 	3.753359e-03 
3.003110e-01 	3.758857e-03 
3.005970e-01 	3.764345e-03 
3.008820e-01 	3.769824e-03 
3.011680e-01 	3.775291e-03 
3.014530e-01 	3.780747e-03 
3.017390e-01 	3.786191e-03 
3.020250e-01 	3.791623e-03 
3.023100e-01 	3.797040e-03 
3.025960e-01 	3.802444e-03 
3.028820e-01 	3.807832e-03 
3.031670e-01 	3.813205e-03 
3.034530e-01 	3.818561e-03 
3.037380e-01 	3.823901e-03 
3.040240e-01 	3.829222e-03 
3.043100e-01 	3.834525e-03 
3.045950e-01 	3.839809e-03 
3.048810e-01 	3.845073e-03 
3.051660e-01 	3.850316e-03 
3.054520e-01 	3.855538e-03 
3.057380e-01 	3.860738e-03 
3.060230e-01 	3.865915e-03 
3.063090e-01 	3.871068e-03 
3.065940e-01 	3.876198e-03 
3.068800e-01 	3.881302e-03 
3.071660e-01 	3.886381e-03 
3.074510e-01 	3.891434e-03 
3.077370e-01 	3.896459e-03 
3.080220e-01 	3.901457e-03 
3.083080e-01 	3.906427e-03 
3.085940e-01 	3.911368e-03 
3.088790e-01 	3.916280e-03 
3.091650e-01 	3.921162e-03 
3.094500e-01 	3.926013e-03 
3.097360e-01 	3.930834e-03 
3.100220e-01 	3.935623e-03 
3.103070e-01 	3.940380e-03 
3.105930e-01 	3.945105e-03 
3.108780e-01 	3.949797e-03 
3.111640e-01 	3.954455e-03 
3.114500e-01 	3.959079e-03 
3.117350e-01 	3.963668e-03 
3.120210e-01 	3.968223e-03 
3.123060e-01 	3.972742e-03 
3.125920e-01 	3.977226e-03 
3.128780e-01 	3.981674e-03 
3.131630e-01 	3.986085e-03 
3.134490e-01 	3.990459e-03 
3.137340e-01 	3.994796e-03 
3.140200e-01 	3.999095e-03 
3.143060e-01 	4.003355e-03 
3.145910e-01 	4.007577e-03 
3.148770e-01 	4.011760e-03 
3.151620e-01 	4.015904e-03 
3.154480e-01 	4.020007e-03 
3.157340e-01 	4.024070e-03 
3.160190e-01 	4.028093e-03 
3.163050e-01 	4.032074e-03 
3.165900e-01 	4.036014e-03 
3.168760e-01 	4.039911e-03 
3.171620e-01 	4.043767e-03 
3.174470e-01 	4.047579e-03 
3.177330e-01 	4.051348e-03 
3.180180e-01 	4.055074e-03 
3.183040e-01 	4.058755e-03 
3.185900e-01 	4.062392e-03 
3.188750e-01 	4.065985e-03 
3.191610e-01 	4.069532e-03 
3.194460e-01 	4.073033e-03 
3.197320e-01 	4.076488e-03 
3.200180e-01 	4.079896e-03 
3.203030e-01 	4.083258e-03 
3.205890e-01 	4.086572e-03 
3.208740e-01 	4.089838e-03 
3.211600e-01 	4.093056e-03 
3.214460e-01 	4.096226e-03 
3.217310e-01 	4.099346e-03 
3.220170e-01 	4.102416e-03 
3.223020e-01 	4.105437e-03 
3.225880e-01 	4.108406e-03 
3.228740e-01 	4.111323e-03 
3.231590e-01 	4.114187e-03 
3.234450e-01 	4.116999e-03 
3.237300e-01 	4.119756e-03 
3.240160e-01 	4.122459e-03 
3.243020e-01 	4.125106e-03 
3.245870e-01 	4.127697e-03 
3.248730e-01 	4.130231e-03 
3.251590e-01 	4.132707e-03 
3.254440e-01 	4.135124e-03 
3.257300e-01 	4.137482e-03 
3.260150e-01 	4.139779e-03 
3.263010e-01 	4.142016e-03 
3.265870e-01 	4.144190e-03 
3.268720e-01 	4.146301e-03 
3.271580e-01 	4.148349e-03 
3.274430e-01 	4.150333e-03 
3.277290e-01 	4.152252e-03 
3.280150e-01 	4.154104e-03 
3.283000e-01 	4.155890e-03 
3.285860e-01 	4.157608e-03 
3.288710e-01 	4.159257e-03 
3.291570e-01 	4.160838e-03 
3.294430e-01 	4.162348e-03 
3.297280e-01 	4.163788e-03 
3.300140e-01 	4.165156e-03 
3.302990e-01 	4.166451e-03 
3.305850e-01 	4.167673e-03 
3.308710e-01 	4.168821e-03 
3.311560e-01 	4.169894e-03 
3.314420e-01 	4.170892e-03 
3.317270e-01 	4.171813e-03 
3.320130e-01 	4.172656e-03 
3.322990e-01 	4.173421e-03 
3.325840e-01 	4.174108e-03 
3.328700e-01 	4.174714e-03 
3.331550e-01 	4.175240e-03 
3.334410e-01 	4.175685e-03 
3.337270e-01 	4.176047e-03 
3.340120e-01 	4.176326e-03 
3.342980e-01 	4.176522e-03 
3.345830e-01 	4.176633e-03 
3.348690e-01 	4.176659e-03 
3.351550e-01 	4.176599e-03 
3.354400e-01 	4.176452e-03 
3.357260e-01 	4.176220e-03 
3.360110e-01 	4.175902e-03 
3.362970e-01 	4.175500e-03 
3.365830e-01 	4.175016e-03 
3.368680e-01 	4.174450e-03 
3.371540e-01 	4.173805e-03 
3.374390e-01 	4.173081e-03 
3.377250e-01 	4.172282e-03 
3.380110e-01 	4.171409e-03 
3.382960e-01 	4.170463e-03 
3.385820e-01 	4.169447e-03 
3.388670e-01 	4.168362e-03 
3.391530e-01 	4.167210e-03 
3.394390e-01 	4.165993e-03 
3.397240e-01 	4.164713e-03 
3.400100e-01 	4.163371e-03 
3.402950e-01 	4.161971e-03 
3.405810e-01 	4.160512e-03 
3.408670e-01 	4.158998e-03 
3.411520e-01 	4.157430e-03 
3.414380e-01 	4.155810e-03 
3.417230e-01 	4.154139e-03 
3.420090e-01 	4.152421e-03 
3.422950e-01 	4.150655e-03 
3.425800e-01 	4.148845e-03 
3.428660e-01 	4.146993e-03 
3.431510e-01 	4.145099e-03 
3.434370e-01 	4.143166e-03 
3.437230e-01 	4.141196e-03 
3.440080e-01 	4.139191e-03 
3.442940e-01 	4.137152e-03 
3.445790e-01 	4.135082e-03 
3.448650e-01 	4.132981e-03 
3.451510e-01 	4.130853e-03 
3.454360e-01 	4.128698e-03 
3.457220e-01 	4.126519e-03 
3.460070e-01 	4.124318e-03 
3.462930e-01 	4.122096e-03 
3.465790e-01 	4.119856e-03 
3.468640e-01 	4.117598e-03 
3.471500e-01 	4.115326e-03 
3.474360e-01 	4.113040e-03 
3.477210e-01 	4.110744e-03 
3.480070e-01 	4.108437e-03 
3.482920e-01 	4.106123e-03 
3.485780e-01 	4.103804e-03 
3.488640e-01 	4.101480e-03 
3.491490e-01 	4.099155e-03 
