#q 	 Ifit_avg 
7.391000e-03 	1.000000e+00 
7.657000e-03 	9.989806e-01 
7.922000e-03 	9.979610e-01 
8.188000e-03 	9.969409e-01 
8.453000e-03 	9.959199e-01 
8.719000e-03 	9.948979e-01 
8.984000e-03 	9.938745e-01 
9.250000e-03 	9.928495e-01 
9.515000e-03 	9.918225e-01 
9.781000e-03 	9.907934e-01 
1.004600e-02 	9.897618e-01 
1.031200e-02 	9.887272e-01 
1.057800e-02 	9.876900e-01 
1.084300e-02 	9.866494e-01 
1.110900e-02 	9.856049e-01 
1.137400e-02 	9.845569e-01 
1.164000e-02 	9.835044e-01 
1.190500e-02 	9.824478e-01 
1.217100e-02 	9.813861e-01 
1.243600e-02 	9.803198e-01 
1.270200e-02 	9.792479e-01 
1.296800e-02 	9.781708e-01 
1.323300e-02 	9.770875e-01 
1.349900e-02 	9.759985e-01 
1.376400e-02 	9.749031e-01 
1.403000e-02 	9.738006e-01 
1.429500e-02 	9.726916e-01 
1.456100e-02 	9.715750e-01 
1.482600e-02 	9.704513e-01 
1.509200e-02 	9.693194e-01 
1.535700e-02 	9.681799e-01 
1.562300e-02 	9.670317e-01 
1.588800e-02 	9.658752e-01 
1.615400e-02 	9.647094e-01 
1.642000e-02 	9.635349e-01 
1.668500e-02 	9.623505e-01 
1.695100e-02 	9.611568e-01 
1.721600e-02 	9.599531e-01 
1.748200e-02 	9.587387e-01 
1.774700e-02 	9.575142e-01 
1.801300e-02 	9.562783e-01 
1.827800e-02 	9.550318e-01 
1.854400e-02 	9.537735e-01 
1.881000e-02 	9.525039e-01 
1.907500e-02 	9.512219e-01 
1.934100e-02 	9.499281e-01 
1.960600e-02 	9.486213e-01 
1.987200e-02 	9.473023e-01 
2.013700e-02 	9.459701e-01 
2.040300e-02 	9.446241e-01 
2.066800e-02 	9.432650e-01 
2.093400e-02 	9.418915e-01 
2.119900e-02 	9.405042e-01 
2.146500e-02 	9.391021e-01 
2.173000e-02 	9.376857e-01 
2.199600e-02 	9.362537e-01 
2.226200e-02 	9.348071e-01 
2.252700e-02 	9.333443e-01 
2.279300e-02 	9.318664e-01 
2.305800e-02 	9.303724e-01 
2.332400e-02 	9.288616e-01 
2.358900e-02 	9.273349e-01 
2.385500e-02 	9.257910e-01 
2.412000e-02 	9.242308e-01 
2.438600e-02 	9.226530e-01 
2.465200e-02 	9.210586e-01 
2.491700e-02 	9.194463e-01 
2.518300e-02 	9.178172e-01 
2.544800e-02 	9.161700e-01 
2.571400e-02 	9.145057e-01 
2.597900e-02 	9.128238e-01 
2.624500e-02 	9.111237e-01 
2.651000e-02 	9.094065e-01 
2.677600e-02 	9.076711e-01 
2.704100e-02 	9.059187e-01 
2.730700e-02 	9.041481e-01 
2.757200e-02 	9.023607e-01 
2.783800e-02 	9.005553e-01 
2.810400e-02 	8.987334e-01 
2.836900e-02 	8.968938e-01 
2.863500e-02 	8.950380e-01 
2.890000e-02 	8.931653e-01 
2.916600e-02 	8.912754e-01 
2.943100e-02 	8.893698e-01 
2.969700e-02 	8.874473e-01 
2.996200e-02 	8.855095e-01 
3.022800e-02 	8.835553e-01 
3.049400e-02 	8.815863e-01 
3.075900e-02 	8.796012e-01 
3.102500e-02 	8.776018e-01 
3.129000e-02 	8.755867e-01 
3.155600e-02 	8.735579e-01 
3.182100e-02 	8.715146e-01 
3.208700e-02 	8.694565e-01 
3.235200e-02 	8.673854e-01 
3.261800e-02 	8.652998e-01 
3.288300e-02 	8.632017e-01 
3.314900e-02 	8.610898e-01 
3.341500e-02 	8.589658e-01 
3.368000e-02 	8.568284e-01 
3.394600e-02 	8.546795e-01 
3.421100e-02 	8.525178e-01 
3.447700e-02 	8.503450e-01 
3.474200e-02 	8.481599e-01 
3.500800e-02 	8.459644e-01 
3.527300e-02 	8.437577e-01 
3.553900e-02 	8.415395e-01 
3.580400e-02 	8.393116e-01 
3.607000e-02 	8.370726e-01 
3.633500e-02 	8.348244e-01 
3.660100e-02 	8.325655e-01 
3.686700e-02 	8.302980e-01 
3.713200e-02 	8.280204e-01 
3.739800e-02 	8.257346e-01 
3.766300e-02 	8.234392e-01 
3.792900e-02 	8.211361e-01 
3.819400e-02 	8.188247e-01 
3.846000e-02 	8.165044e-01 
3.872500e-02 	8.141772e-01 
3.899100e-02 	8.118415e-01 
3.925600e-02 	8.094993e-01 
3.952200e-02 	8.071492e-01 
3.978800e-02 	8.047931e-01 
4.005300e-02 	8.024295e-01 
4.031900e-02 	8.000603e-01 
4.058400e-02 	7.976840e-01 
4.085000e-02 	7.953026e-01 
4.111500e-02 	7.929155e-01 
4.138100e-02 	7.905219e-01 
4.164600e-02 	7.881239e-01 
4.191200e-02 	7.857198e-01 
4.217800e-02 	7.833118e-01 
4.244300e-02 	7.808980e-01 
4.270900e-02 	7.784807e-01 
4.297400e-02 	7.760581e-01 
4.324000e-02 	7.736322e-01 
4.350500e-02 	7.712015e-01 
4.377100e-02 	7.687679e-01 
4.403600e-02 	7.663307e-01 
4.430200e-02 	7.638893e-01 
4.456700e-02 	7.614455e-01 
4.483300e-02 	7.589977e-01 
4.509900e-02 	7.565478e-01 
4.536400e-02 	7.540944e-01 
4.563000e-02 	7.516392e-01 
4.589500e-02 	7.491806e-01 
4.616100e-02 	7.467207e-01 
4.642600e-02 	7.442578e-01 
4.669200e-02 	7.417937e-01 
4.695700e-02 	7.393279e-01 
4.722300e-02 	7.368595e-01 
4.748800e-02 	7.343904e-01 
4.775400e-02 	7.319190e-01 
4.801900e-02 	7.294473e-01 
4.828500e-02 	7.269734e-01 
4.855100e-02 	7.244995e-01 
4.881600e-02 	7.220237e-01 
4.908200e-02 	7.195480e-01 
4.934700e-02 	7.170708e-01 
4.961300e-02 	7.145939e-01 
4.987800e-02 	7.121167e-01 
5.014400e-02 	7.096382e-01 
5.040900e-02 	7.071605e-01 
5.067500e-02 	7.046818e-01 
5.094000e-02 	7.022042e-01 
5.120600e-02 	6.997257e-01 
5.147200e-02 	6.972485e-01 
5.173700e-02 	6.947707e-01 
5.200300e-02 	6.922944e-01 
5.226800e-02 	6.898177e-01 
5.253400e-02 	6.873426e-01 
5.279900e-02 	6.848674e-01 
5.306500e-02 	6.823940e-01 
5.333000e-02 	6.799217e-01 
5.359600e-02 	6.774495e-01 
5.386100e-02 	6.749794e-01 
5.412700e-02 	6.725098e-01 
5.439300e-02 	6.700424e-01 
5.465800e-02 	6.675757e-01 
5.492400e-02 	6.651115e-01 
5.518900e-02 	6.626481e-01 
5.545500e-02 	6.601873e-01 
5.572000e-02 	6.577276e-01 
5.598600e-02 	6.552707e-01 
5.625100e-02 	6.528159e-01 
5.651700e-02 	6.503622e-01 
5.678300e-02 	6.479118e-01 
5.704800e-02 	6.454627e-01 
5.731400e-02 	6.430169e-01 
5.757900e-02 	6.405727e-01 
5.784500e-02 	6.381320e-01 
5.811000e-02 	6.356930e-01 
5.837600e-02 	6.332577e-01 
5.864100e-02 	6.308243e-01 
5.890700e-02 	6.283947e-01 
5.917200e-02 	6.259681e-01 
5.943800e-02 	6.235436e-01 
5.970300e-02 	6.211232e-01 
5.996900e-02 	6.187051e-01 
6.023500e-02 	6.162912e-01 
6.050000e-02 	6.138798e-01 
6.076600e-02 	6.114727e-01 
6.103100e-02 	6.090682e-01 
6.129700e-02 	6.066683e-01 
6.156200e-02 	6.042711e-01 
6.182800e-02 	6.018786e-01 
6.209300e-02 	5.994898e-01 
6.235900e-02 	5.971041e-01 
6.262500e-02 	5.947233e-01 
6.289000e-02 	5.923456e-01 
6.315600e-02 	5.899729e-01 
6.342100e-02 	5.876035e-01 
6.368700e-02 	5.852392e-01 
6.395200e-02 	5.828784e-01 
6.421800e-02 	5.805228e-01 
6.448300e-02 	5.781707e-01 
6.474900e-02 	5.758240e-01 
6.501400e-02 	5.734819e-01 
6.528000e-02 	5.711435e-01 
6.554600e-02 	5.688108e-01 
6.581100e-02 	5.664818e-01 
6.607700e-02 	5.641586e-01 
6.634200e-02 	5.618394e-01 
6.660800e-02 	5.595261e-01 
6.687300e-02 	5.572169e-01 
6.713900e-02 	5.549136e-01 
6.740400e-02 	5.526146e-01 
6.767000e-02 	5.503216e-01 
6.793600e-02 	5.480330e-01 
6.820100e-02 	5.457506e-01 
6.846600e-02 	5.434736e-01 
6.873200e-02 	5.412010e-01 
6.899800e-02 	5.389348e-01 
6.926300e-02 	5.366733e-01 
6.952900e-02 	5.344181e-01 
6.979400e-02 	5.321678e-01 
7.006000e-02 	5.299240e-01 
7.032500e-02 	5.276850e-01 
7.059100e-02 	5.254527e-01 
7.085700e-02 	5.232254e-01 
7.112200e-02 	5.210048e-01 
7.138800e-02 	5.187902e-01 
7.165300e-02 	5.165807e-01 
7.191900e-02 	5.143781e-01 
7.218400e-02 	5.121808e-01 
7.245000e-02 	5.099904e-01 
7.271500e-02 	5.078053e-01 
7.298100e-02 	5.056273e-01 
7.324600e-02 	5.034547e-01 
7.351200e-02 	5.012893e-01 
7.377700e-02 	4.991294e-01 
7.404300e-02 	4.969767e-01 
7.430800e-02 	4.948304e-01 
7.457400e-02 	4.926898e-01 
7.484000e-02 	4.905566e-01 
7.510500e-02 	4.884291e-01 
7.537100e-02 	4.863090e-01 
7.563600e-02 	4.841948e-01 
7.590200e-02 	4.820881e-01 
7.616700e-02 	4.799874e-01 
7.643300e-02 	4.778941e-01 
7.669900e-02 	4.758069e-01 
7.696400e-02 	4.737273e-01 
7.723000e-02 	4.716545e-01 
7.749500e-02 	4.695879e-01 
7.776100e-02 	4.675289e-01 
7.802600e-02 	4.654761e-01 
7.829200e-02 	4.634311e-01 
7.855700e-02 	4.613923e-01 
7.882300e-02 	4.593613e-01 
7.908800e-02 	4.573367e-01 
7.935400e-02 	4.553199e-01 
7.962000e-02 	4.533095e-01 
7.988500e-02 	4.513070e-01 
8.015100e-02 	4.493118e-01 
8.041600e-02 	4.473230e-01 
8.068200e-02 	4.453422e-01 
8.094700e-02 	4.433680e-01 
8.121300e-02 	4.414018e-01 
8.147800e-02 	4.394422e-01 
8.174400e-02 	4.374907e-01 
8.200900e-02 	4.355458e-01 
8.227500e-02 	4.336089e-01 
8.254100e-02 	4.316787e-01 
8.280600e-02 	4.297566e-01 
8.307200e-02 	4.278419e-01 
8.333700e-02 	4.259338e-01 
8.360300e-02 	4.240340e-01 
8.386800e-02 	4.221408e-01 
8.413400e-02 	4.202558e-01 
8.439900e-02 	4.183776e-01 
8.466500e-02 	4.165076e-01 
8.493000e-02 	4.146443e-01 
8.519600e-02 	4.127893e-01 
8.546200e-02 	4.109411e-01 
8.572700e-02 	4.091012e-01 
8.599300e-02 	4.072681e-01 
8.625800e-02 	4.054433e-01 
8.652400e-02 	4.036260e-01 
8.678900e-02 	4.018157e-01 
8.705500e-02 	4.000136e-01 
8.732000e-02 	3.982184e-01 
8.758600e-02 	3.964314e-01 
8.785100e-02 	3.946514e-01 
8.811700e-02 	3.928795e-01 
8.838300e-02 	3.911146e-01 
8.864800e-02 	3.893579e-01 
8.891400e-02 	3.876081e-01 
8.917900e-02 	3.858665e-01 
8.944500e-02 	3.841325e-01 
8.971000e-02 	3.824054e-01 
8.997600e-02 	3.806864e-01 
9.024100e-02 	3.789744e-01 
9.050700e-02 	3.772705e-01 
9.077200e-02 	3.755736e-01 
9.103800e-02 	3.738848e-01 
9.130400e-02 	3.722029e-01 
9.156900e-02 	3.705292e-01 
9.183500e-02 	3.688624e-01 
9.210000e-02 	3.672037e-01 
9.236600e-02 	3.655526e-01 
9.263100e-02 	3.639083e-01 
9.289700e-02 	3.622722e-01 
9.316200e-02 	3.606430e-01 
9.342800e-02 	3.590219e-01 
9.369300e-02 	3.574077e-01 
9.395900e-02 	3.558016e-01 
9.422500e-02 	3.542023e-01 
9.449000e-02 	3.526111e-01 
9.475600e-02 	3.510267e-01 
9.502100e-02 	3.494504e-01 
9.528700e-02 	3.478814e-01 
9.555200e-02 	3.463192e-01 
9.581800e-02 	3.447650e-01 
9.608300e-02 	3.432175e-01 
9.634900e-02 	3.416780e-01 
9.661400e-02 	3.401453e-01 
9.688000e-02 	3.386204e-01 
9.714500e-02 	3.371022e-01 
9.741100e-02 	3.355919e-01 
9.767700e-02 	3.340884e-01 
9.794200e-02 	3.325926e-01 
9.820800e-02 	3.311041e-01 
9.847300e-02 	3.296222e-01 
9.873900e-02 	3.281482e-01 
9.900400e-02 	3.266807e-01 
9.927000e-02 	3.252211e-01 
9.953500e-02 	3.237680e-01 
9.980100e-02 	3.223226e-01 
1.000660e-01 	3.208866e-01 
1.003320e-01 	3.194527e-01 
1.005980e-01 	3.180260e-01 
1.008630e-01 	3.166118e-01 
1.011290e-01 	3.151992e-01 
1.013940e-01 	3.137990e-01 
1.016600e-01 	3.124005e-01 
1.019250e-01 	3.110143e-01 
1.021910e-01 	3.096298e-01 
1.024560e-01 	3.082575e-01 
1.027220e-01 	3.068869e-01 
1.029870e-01 	3.055284e-01 
1.032530e-01 	3.041716e-01 
1.035190e-01 	3.028217e-01 
1.037840e-01 	3.014837e-01 
1.040500e-01 	3.001475e-01 
1.043150e-01 	2.988232e-01 
1.045810e-01 	2.975006e-01 
1.048460e-01 	2.961897e-01 
1.051120e-01 	2.948806e-01 
1.053770e-01 	2.935832e-01 
1.056430e-01 	2.922876e-01 
1.059080e-01 	2.910035e-01 
1.061740e-01 	2.897213e-01 
1.064400e-01 	2.884457e-01 
1.067050e-01 	2.871815e-01 
1.069710e-01 	2.859191e-01 
1.072360e-01 	2.846680e-01 
1.075020e-01 	2.834188e-01 
1.077670e-01 	2.821807e-01 
1.080330e-01 	2.809444e-01 
1.082980e-01 	2.797192e-01 
1.085640e-01 	2.784958e-01 
1.088290e-01 	2.772834e-01 
1.090950e-01 	2.760727e-01 
1.093610e-01 	2.748684e-01 
1.096260e-01 	2.736750e-01 
1.098920e-01 	2.724833e-01 
1.101570e-01 	2.713024e-01 
1.104230e-01 	2.701232e-01 
1.106880e-01 	2.689547e-01 
1.109540e-01 	2.677879e-01 
1.112190e-01 	2.666317e-01 
1.114850e-01 	2.654773e-01 
1.117500e-01 	2.643333e-01 
1.120160e-01 	2.631911e-01 
1.122820e-01 	2.620550e-01 
1.125470e-01 	2.609292e-01 
1.128130e-01 	2.598052e-01 
1.130780e-01 	2.586913e-01 
1.133440e-01 	2.575793e-01 
1.136090e-01 	2.564774e-01 
1.138750e-01 	2.553772e-01 
1.141400e-01 	2.542871e-01 
1.144060e-01 	2.531988e-01 
1.146710e-01 	2.521204e-01 
1.149370e-01 	2.510438e-01 
1.152030e-01 	2.499730e-01 
1.154680e-01 	2.489120e-01 
1.157340e-01 	2.478527e-01 
1.159990e-01 	2.468031e-01 
1.162650e-01 	2.457552e-01 
1.165300e-01 	2.447170e-01 
1.167960e-01 	2.436804e-01 
1.170610e-01 	2.426533e-01 
1.173270e-01 	2.416279e-01 
1.175920e-01 	2.406119e-01 
1.178580e-01 	2.395976e-01 
1.181240e-01 	2.385888e-01 
1.183890e-01 	2.375893e-01 
1.189200e-01 	2.356026e-01 
1.191860e-01 	2.346155e-01 
1.194510e-01 	2.336375e-01 
1.197170e-01 	2.326611e-01 
1.199820e-01 	2.316937e-01 
1.202480e-01 	2.307280e-01 
1.205130e-01 	2.297711e-01 
1.207790e-01 	2.288159e-01 
1.210450e-01 	2.278659e-01 
1.213100e-01 	2.269246e-01 
1.215760e-01 	2.259850e-01 
1.218410e-01 	2.250540e-01 
1.221070e-01 	2.241246e-01 
1.223720e-01 	2.232039e-01 
1.226380e-01 	2.222847e-01 
1.229030e-01 	2.213740e-01 
1.231690e-01 	2.204649e-01 
1.234340e-01 	2.195642e-01 
1.237000e-01 	2.186651e-01 
1.239660e-01 	2.177709e-01 
1.242310e-01 	2.168851e-01 
1.244970e-01 	2.160007e-01 
1.247620e-01 	2.151246e-01 
1.250280e-01 	2.142501e-01 
1.252930e-01 	2.133836e-01 
1.255590e-01 	2.125186e-01 
1.258240e-01 	2.116617e-01 
1.260900e-01 	2.108063e-01 
1.263550e-01 	2.099588e-01 
1.266210e-01 	2.091128e-01 
1.268870e-01 	2.082715e-01 
1.271520e-01 	2.074379e-01 
1.274180e-01 	2.066058e-01 
1.276830e-01 	2.057815e-01 
1.279490e-01 	2.049586e-01 
1.282140e-01 	2.041433e-01 
1.284800e-01 	2.033295e-01 
1.287450e-01 	2.025232e-01 
1.290110e-01 	2.017183e-01 
1.292760e-01 	2.009209e-01 
1.295420e-01 	2.001250e-01 
1.298080e-01 	1.993334e-01 
1.300730e-01 	1.985492e-01 
1.303390e-01 	1.977664e-01 
1.306040e-01 	1.969908e-01 
1.308700e-01 	1.962166e-01 
1.311350e-01 	1.954496e-01 
1.314010e-01 	1.946840e-01 
1.316660e-01 	1.939255e-01 
1.319320e-01 	1.931683e-01 
1.321970e-01 	1.924181e-01 
1.324630e-01 	1.916693e-01 
1.327290e-01 	1.909246e-01 
1.329940e-01 	1.901869e-01 
1.332600e-01 	1.894504e-01 
1.335250e-01 	1.887208e-01 
1.337910e-01 	1.879924e-01 
1.340560e-01 	1.872708e-01 
1.343220e-01 	1.865505e-01 
1.345870e-01 	1.858368e-01 
1.348530e-01 	1.851244e-01 
1.351180e-01 	1.844186e-01 
1.353840e-01 	1.837141e-01 
1.356500e-01 	1.830134e-01 
1.359150e-01 	1.823192e-01 
1.361810e-01 	1.816262e-01 
1.364460e-01 	1.809397e-01 
1.367120e-01 	1.802543e-01 
1.369770e-01 	1.795754e-01 
1.372430e-01 	1.788976e-01 
1.375080e-01 	1.782261e-01 
1.377740e-01 	1.775558e-01 
1.380390e-01 	1.768917e-01 
1.383050e-01 	1.762288e-01 
1.385710e-01 	1.755696e-01 
1.388360e-01 	1.749165e-01 
1.391020e-01 	1.742645e-01 
1.393670e-01 	1.736186e-01 
1.396330e-01 	1.729738e-01 
1.398980e-01 	1.723350e-01 
1.401640e-01 	1.716973e-01 
1.404290e-01 	1.710655e-01 
1.406950e-01 	1.704349e-01 
1.409600e-01 	1.698101e-01 
1.412260e-01 	1.691864e-01 
1.414920e-01 	1.685661e-01 
1.417570e-01 	1.679516e-01 
1.420230e-01 	1.673381e-01 
1.422880e-01 	1.667303e-01 
1.425540e-01 	1.661236e-01 
1.428190e-01 	1.655225e-01 
1.430850e-01 	1.649224e-01 
1.433500e-01 	1.643279e-01 
1.436160e-01 	1.637344e-01 
1.438810e-01 	1.631463e-01 
1.441470e-01 	1.625593e-01 
1.444130e-01 	1.619755e-01 
1.446780e-01 	1.613971e-01 
1.449440e-01 	1.608196e-01 
1.452090e-01 	1.602475e-01 
1.454750e-01 	1.596764e-01 
1.457400e-01 	1.591105e-01 
1.460060e-01 	1.585455e-01 
1.462710e-01 	1.579858e-01 
1.465370e-01 	1.574270e-01 
1.468020e-01 	1.568734e-01 
1.470680e-01 	1.563207e-01 
1.473340e-01 	1.557711e-01 
1.475990e-01 	1.552265e-01 
1.478650e-01 	1.546829e-01 
1.481300e-01 	1.541442e-01 
1.483960e-01 	1.536065e-01 
1.486610e-01 	1.530738e-01 
1.489270e-01 	1.525420e-01 
1.491920e-01 	1.520151e-01 
1.494580e-01 	1.514891e-01 
1.497230e-01 	1.509679e-01 
1.499890e-01 	1.504477e-01 
1.502550e-01 	1.499303e-01 
1.505200e-01 	1.494176e-01 
1.507860e-01 	1.489059e-01 
1.510510e-01 	1.483988e-01 
1.513170e-01 	1.478926e-01 
1.515820e-01 	1.473911e-01 
1.518480e-01 	1.468904e-01 
1.521130e-01 	1.463943e-01 
1.523790e-01 	1.458990e-01 
1.526440e-01 	1.454083e-01 
1.529100e-01 	1.449184e-01 
1.531760e-01 	1.444311e-01 
1.534410e-01 	1.439483e-01 
1.537070e-01 	1.434663e-01 
1.539720e-01 	1.429887e-01 
1.542380e-01 	1.425118e-01 
1.545030e-01 	1.420393e-01 
1.547690e-01 	1.415676e-01 
1.550340e-01 	1.411002e-01 
1.553000e-01 	1.406336e-01 
1.555650e-01 	1.401712e-01 
1.558310e-01 	1.397096e-01 
1.560970e-01 	1.392505e-01 
1.563620e-01 	1.387955e-01 
1.566280e-01 	1.383413e-01 
1.568930e-01 	1.378912e-01 
1.571590e-01 	1.374419e-01 
1.574240e-01 	1.369966e-01 
1.576900e-01 	1.365521e-01 
1.579550e-01 	1.361116e-01 
1.582210e-01 	1.356718e-01 
1.584860e-01 	1.352360e-01 
1.587520e-01 	1.348009e-01 
1.590180e-01 	1.343682e-01 
1.592830e-01 	1.339394e-01 
1.595490e-01 	1.335113e-01 
1.598140e-01 	1.330870e-01 
1.600800e-01 	1.326635e-01 
1.603450e-01 	1.322437e-01 
1.606110e-01 	1.318247e-01 
1.608760e-01 	1.314095e-01 
1.611420e-01 	1.309949e-01 
1.614070e-01 	1.305840e-01 
1.616730e-01 	1.301739e-01 
1.619390e-01 	1.297659e-01 
1.622040e-01 	1.293616e-01 
1.624700e-01 	1.289579e-01 
1.627350e-01 	1.285578e-01 
1.630010e-01 	1.281584e-01 
1.632660e-01 	1.277626e-01 
1.635320e-01 	1.273674e-01 
1.637970e-01 	1.269757e-01 
1.640630e-01 	1.265847e-01 
1.643280e-01 	1.261971e-01 
1.645940e-01 	1.258102e-01 
1.648600e-01 	1.254252e-01 
1.651250e-01 	1.250437e-01 
1.653910e-01 	1.246628e-01 
1.656560e-01 	1.242853e-01 
1.659220e-01 	1.239083e-01 
1.661870e-01 	1.235348e-01 
1.664530e-01 	1.231617e-01 
1.667180e-01 	1.227920e-01 
1.669840e-01 	1.224229e-01 
1.672500e-01 	1.220557e-01 
1.675150e-01 	1.216918e-01 
1.677810e-01 	1.213284e-01 
1.680460e-01 	1.209683e-01 
1.683120e-01 	1.206087e-01 
1.685770e-01 	1.202523e-01 
1.688430e-01 	1.198964e-01 
1.691080e-01 	1.195437e-01 
1.693740e-01 	1.191916e-01 
1.696390e-01 	1.188426e-01 
1.699050e-01 	1.184941e-01 
1.701710e-01 	1.181474e-01 
1.704360e-01 	1.178039e-01 
1.707020e-01 	1.174608e-01 
1.709670e-01 	1.171208e-01 
1.712330e-01 	1.167813e-01 
1.714980e-01 	1.164448e-01 
1.717640e-01 	1.161088e-01 
1.720290e-01 	1.157758e-01 
1.722950e-01 	1.154432e-01 
1.725600e-01 	1.151137e-01 
1.728260e-01 	1.147846e-01 
1.730920e-01 	1.144572e-01 
1.733570e-01 	1.141328e-01 
1.736230e-01 	1.138087e-01 
1.738880e-01 	1.134876e-01 
1.741540e-01 	1.131670e-01 
1.744190e-01 	1.128491e-01 
1.746850e-01 	1.125318e-01 
1.749500e-01 	1.122172e-01 
1.752160e-01 	1.119031e-01 
1.754810e-01 	1.115917e-01 
1.757470e-01 	1.112808e-01 
1.760130e-01 	1.109715e-01 
1.762780e-01 	1.106650e-01 
1.765440e-01 	1.103588e-01 
1.768090e-01 	1.100553e-01 
1.770750e-01 	1.097523e-01 
1.773400e-01 	1.094519e-01 
1.776060e-01 	1.091520e-01 
1.778710e-01 	1.088546e-01 
1.781370e-01 	1.085577e-01 
1.784020e-01 	1.082634e-01 
1.786680e-01 	1.079694e-01 
1.789340e-01 	1.076769e-01 
1.791990e-01 	1.073870e-01 
1.794650e-01 	1.070975e-01 
1.797300e-01 	1.068105e-01 
1.799960e-01 	1.065238e-01 
1.802610e-01 	1.062397e-01 
1.805270e-01 	1.059559e-01 
1.807920e-01 	1.056745e-01 
1.810580e-01 	1.053936e-01 
1.813230e-01 	1.051151e-01 
1.815890e-01 	1.048369e-01 
1.818550e-01 	1.045601e-01 
1.821200e-01 	1.042857e-01 
1.823860e-01 	1.040117e-01 
1.826510e-01 	1.037400e-01 
1.829170e-01 	1.034686e-01 
1.831820e-01 	1.031997e-01 
1.834480e-01 	1.029310e-01 
1.837130e-01 	1.026647e-01 
1.839790e-01 	1.023986e-01 
1.842440e-01 	1.021349e-01 
1.845100e-01 	1.018715e-01 
1.847760e-01 	1.016094e-01 
1.850410e-01 	1.013496e-01 
1.853070e-01 	1.010900e-01 
1.855720e-01 	1.008327e-01 
1.858380e-01 	1.005757e-01 
1.861030e-01 	1.003209e-01 
1.863690e-01 	1.000665e-01 
1.866340e-01 	9.981418e-02 
1.869000e-01 	9.956219e-02 
1.871650e-01 	9.931237e-02 
1.874310e-01 	9.906285e-02 
1.876970e-01 	9.881455e-02 
1.879620e-01 	9.856841e-02 
1.882280e-01 	9.832254e-02 
1.884930e-01 	9.807880e-02 
1.887590e-01 	9.783535e-02 
1.890240e-01 	9.759399e-02 
1.892900e-01 	9.735292e-02 
1.895550e-01 	9.711393e-02 
1.898210e-01 	9.687522e-02 
1.900860e-01 	9.663857e-02 
1.903520e-01 	9.640219e-02 
1.906180e-01 	9.616696e-02 
1.908830e-01 	9.593377e-02 
1.911490e-01 	9.570083e-02 
1.914140e-01 	9.546990e-02 
1.916800e-01 	9.523923e-02 
1.919450e-01 	9.501054e-02 
1.922110e-01 	9.478209e-02 
1.924760e-01 	9.455561e-02 
1.927420e-01 	9.432936e-02 
1.930070e-01 	9.410505e-02 
1.932730e-01 	9.388098e-02 
1.935390e-01 	9.365798e-02 
1.938040e-01 	9.343688e-02 
1.940700e-01 	9.321600e-02 
1.943350e-01 	9.299701e-02 
1.946010e-01 	9.277823e-02 
1.948660e-01 	9.256131e-02 
1.951320e-01 	9.234459e-02 
1.953970e-01 	9.212971e-02 
1.956630e-01 	9.191504e-02 
1.959280e-01 	9.170217e-02 
1.961940e-01 	9.148951e-02 
1.964600e-01 	9.127784e-02 
1.967250e-01 	9.106796e-02 
1.969910e-01 	9.085826e-02 
1.972560e-01 	9.065033e-02 
1.975220e-01 	9.044258e-02 
1.977870e-01 	9.023657e-02 
1.980530e-01 	9.003074e-02 
1.983180e-01 	8.982664e-02 
1.985840e-01 	8.962270e-02 
1.988490e-01 	8.942047e-02 
1.991150e-01 	8.921841e-02 
1.993810e-01 	8.901727e-02 
1.996460e-01 	8.881781e-02 
1.999120e-01 	8.861851e-02 
2.001770e-01 	8.842087e-02 
2.004430e-01 	8.822338e-02 
2.007080e-01 	8.802753e-02 
2.009740e-01 	8.783183e-02 
2.012390e-01 	8.763776e-02 
2.015050e-01 	8.744384e-02 
2.017700e-01 	8.725153e-02 
2.020360e-01 	8.705938e-02 
2.023020e-01 	8.686810e-02 
2.025670e-01 	8.667840e-02 
2.028330e-01 	8.648886e-02 
2.030980e-01 	8.630089e-02 
2.033640e-01 	8.611306e-02 
2.036290e-01 	8.592680e-02 
2.038950e-01 	8.574068e-02 
2.041600e-01 	8.555611e-02 
2.044260e-01 	8.537168e-02 
2.046910e-01 	8.518878e-02 
2.049570e-01 	8.500602e-02 
2.052230e-01 	8.482409e-02 
2.054880e-01 	8.464367e-02 
2.057540e-01 	8.446339e-02 
2.060190e-01 	8.428460e-02 
2.062850e-01 	8.410595e-02 
2.065500e-01 	8.392877e-02 
2.068160e-01 	8.375173e-02 
2.070810e-01 	8.357614e-02 
2.073470e-01 	8.340069e-02 
2.076120e-01 	8.322669e-02 
2.078780e-01 	8.305281e-02 
2.081440e-01 	8.287972e-02 
2.084090e-01 	8.270805e-02 
2.086750e-01 	8.253651e-02 
2.089400e-01 	8.236637e-02 
2.092060e-01 	8.219635e-02 
2.094710e-01 	8.202773e-02 
2.097370e-01 	8.185922e-02 
2.100020e-01 	8.169209e-02 
2.102680e-01 	8.152506e-02 
2.105330e-01 	8.135940e-02 
2.107990e-01 	8.119385e-02 
2.110650e-01 	8.102903e-02 
2.113300e-01 	8.086554e-02 
2.115960e-01 	8.070215e-02 
2.118610e-01 	8.054009e-02 
2.121270e-01 	8.037812e-02 
2.123920e-01 	8.021747e-02 
2.126580e-01 	8.005690e-02 
2.129230e-01 	7.989764e-02 
2.131890e-01 	7.973846e-02 
2.134540e-01 	7.958056e-02 
2.137200e-01 	7.942275e-02 
2.139860e-01 	7.926562e-02 
2.142510e-01 	7.910975e-02 
2.145170e-01 	7.895397e-02 
2.147820e-01 	7.879943e-02 
2.150480e-01 	7.864496e-02 
2.153130e-01 	7.849174e-02 
2.155790e-01 	7.833858e-02 
2.158440e-01 	7.818665e-02 
2.161100e-01 	7.803478e-02 
2.163750e-01 	7.788413e-02 
2.166410e-01 	7.773354e-02 
2.169070e-01 	7.758358e-02 
2.171720e-01 	7.743481e-02 
2.174380e-01 	7.728610e-02 
2.177030e-01 	7.713856e-02 
2.179690e-01 	7.699108e-02 
2.182340e-01 	7.684476e-02 
2.185000e-01 	7.669849e-02 
2.187650e-01 	7.655337e-02 
2.190310e-01 	7.640830e-02 
2.192960e-01 	7.626436e-02 
2.195620e-01 	7.612047e-02 
2.198280e-01 	7.597717e-02 
2.200930e-01 	7.583499e-02 
2.203590e-01 	7.569285e-02 
2.206240e-01 	7.555182e-02 
2.208900e-01 	7.541083e-02 
2.211550e-01 	7.527094e-02 
2.214210e-01 	7.513109e-02 
2.216860e-01 	7.499232e-02 
2.219520e-01 	7.485360e-02 
2.222170e-01 	7.471595e-02 
2.224830e-01 	7.457834e-02 
2.227490e-01 	7.444128e-02 
2.230140e-01 	7.430529e-02 
2.232800e-01 	7.416933e-02 
2.235450e-01 	7.403443e-02 
2.238110e-01 	7.389956e-02 
2.240760e-01 	7.376574e-02 
2.243420e-01 	7.363195e-02 
2.246070e-01 	7.349920e-02 
2.248730e-01 	7.336648e-02 
2.251380e-01 	7.323479e-02 
2.254040e-01 	7.310312e-02 
2.256700e-01 	7.297198e-02 
2.259350e-01 	7.284185e-02 
2.262010e-01 	7.271174e-02 
2.264660e-01 	7.258264e-02 
2.267320e-01 	7.245355e-02 
2.269970e-01 	7.232546e-02 
2.272630e-01 	7.219739e-02 
2.275280e-01 	7.207030e-02 
2.277940e-01 	7.194323e-02 
2.280590e-01 	7.181713e-02 
2.283250e-01 	7.169104e-02 
2.285910e-01 	7.156545e-02 
2.288560e-01 	7.144082e-02 
2.291220e-01 	7.131620e-02 
2.293870e-01 	7.119253e-02 
2.296530e-01 	7.106888e-02 
2.299180e-01 	7.094617e-02 
2.301840e-01 	7.082347e-02 
2.304490e-01 	7.070170e-02 
2.307150e-01 	7.057994e-02 
2.309800e-01 	7.045911e-02 
2.312460e-01 	7.033829e-02 
2.315120e-01 	7.021793e-02 
2.317770e-01 	7.009848e-02 
2.320430e-01 	6.997904e-02 
2.323080e-01 	6.986051e-02 
2.325740e-01 	6.974197e-02 
2.328390e-01 	6.962433e-02 
2.331050e-01 	6.950670e-02 
2.333700e-01 	6.938995e-02 
2.336360e-01 	6.927320e-02 
2.339010e-01 	6.915732e-02 
2.341670e-01 	6.904145e-02 
2.344330e-01 	6.892601e-02 
2.346980e-01 	6.881143e-02 
2.349640e-01 	6.869686e-02 
2.352290e-01 	6.858313e-02 
2.354950e-01 	6.846940e-02 
2.357600e-01 	6.835652e-02 
2.360260e-01 	6.824363e-02 
2.362910e-01 	6.813158e-02 
2.365570e-01 	6.801952e-02 
2.368220e-01 	6.790829e-02 
2.370880e-01 	6.779705e-02 
2.373540e-01 	6.768621e-02 
2.376190e-01 	6.757620e-02 
2.378850e-01 	6.746617e-02 
2.381500e-01 	6.735694e-02 
2.384160e-01 	6.724770e-02 
2.386810e-01 	6.713927e-02 
2.389470e-01 	6.703081e-02 
2.392120e-01 	6.692314e-02 
2.394780e-01 	6.681546e-02 
2.397430e-01 	6.670856e-02 
2.400090e-01 	6.660163e-02 
2.402750e-01 	6.649509e-02 
2.405400e-01 	6.638931e-02 
2.408060e-01 	6.628351e-02 
2.410710e-01 	6.617848e-02 
2.413370e-01 	6.607341e-02 
2.416020e-01 	6.596910e-02 
2.418680e-01 	6.586476e-02 
2.421330e-01 	6.576117e-02 
2.423990e-01 	6.565755e-02 
2.426640e-01 	6.555467e-02 
2.429300e-01 	6.545175e-02 
2.431960e-01 	6.534919e-02 
2.434610e-01 	6.524736e-02 
2.437270e-01 	6.514549e-02 
2.439920e-01 	6.504435e-02 
2.442580e-01 	6.494318e-02 
2.445230e-01 	6.484272e-02 
2.447890e-01 	6.474223e-02 
2.450540e-01 	6.464245e-02 
2.453200e-01 	6.454263e-02 
2.455850e-01 	6.444352e-02 
2.458510e-01 	6.434437e-02 
2.461170e-01 	6.424556e-02 
2.463820e-01 	6.414745e-02 
2.466480e-01 	6.404930e-02 
2.469130e-01 	6.395184e-02 
2.471790e-01 	6.385434e-02 
2.474440e-01 	6.375753e-02 
2.477100e-01 	6.366069e-02 
2.479750e-01 	6.356452e-02 
2.482410e-01 	6.346832e-02 
2.485060e-01 	6.337279e-02 
2.487720e-01 	6.327723e-02 
2.490380e-01 	6.318198e-02 
2.493030e-01 	6.308740e-02 
2.495690e-01 	6.299278e-02 
2.498340e-01 	6.289883e-02 
2.501000e-01 	6.280483e-02 
2.503650e-01 	6.271149e-02 
2.506310e-01 	6.261811e-02 
2.508960e-01 	6.252539e-02 
2.511620e-01 	6.243262e-02 
2.514270e-01 	6.234050e-02 
2.516930e-01 	6.224834e-02 
2.519590e-01 	6.215648e-02 
2.522240e-01 	6.206526e-02 
2.524900e-01 	6.197400e-02 
2.527550e-01 	6.188337e-02 
2.530210e-01 	6.179270e-02 
2.532860e-01 	6.170266e-02 
2.535520e-01 	6.161257e-02 
2.538170e-01 	6.152311e-02 
2.540830e-01 	6.143360e-02 
2.543480e-01 	6.134471e-02 
2.546140e-01 	6.125577e-02 
2.548800e-01 	6.116712e-02 
2.551450e-01 	6.107909e-02 
2.554110e-01 	6.099100e-02 
2.556760e-01 	6.090352e-02 
2.559420e-01 	6.081599e-02 
2.562070e-01 	6.072907e-02 
2.564730e-01 	6.064210e-02 
2.567380e-01 	6.055572e-02 
2.570040e-01 	6.046929e-02 
2.572690e-01 	6.038346e-02 
2.575350e-01 	6.029757e-02 
2.578010e-01 	6.021196e-02 
2.580660e-01 	6.012692e-02 
2.583320e-01 	6.004184e-02 
2.585970e-01 	5.995734e-02 
2.588630e-01 	5.987278e-02 
2.591280e-01 	5.978879e-02 
2.593940e-01 	5.970476e-02 
2.596590e-01 	5.962129e-02 
2.599250e-01 	5.953777e-02 
2.601900e-01 	5.945481e-02 
2.604560e-01 	5.937179e-02 
2.607220e-01 	5.928903e-02 
2.609870e-01 	5.920683e-02 
2.612530e-01 	5.912457e-02 
2.615180e-01 	5.904286e-02 
2.617840e-01 	5.896109e-02 
2.620490e-01 	5.887987e-02 
2.623150e-01 	5.879859e-02 
2.625800e-01 	5.871786e-02 
2.628460e-01 	5.863706e-02 
2.631110e-01 	5.855681e-02 
2.633770e-01 	5.847649e-02 
2.636430e-01 	5.839640e-02 
2.639080e-01 	5.831686e-02 
2.641740e-01 	5.823724e-02 
2.644390e-01 	5.815816e-02 
2.647050e-01 	5.807901e-02 
2.649700e-01 	5.800039e-02 
2.652360e-01 	5.792171e-02 
2.655010e-01 	5.784354e-02 
2.657670e-01 	5.776531e-02 
2.660320e-01 	5.768760e-02 
2.662980e-01 	5.760982e-02 
2.665640e-01 	5.753227e-02 
2.668290e-01 	5.745523e-02 
2.670950e-01 	5.737812e-02 
2.673600e-01 	5.730153e-02 
2.676260e-01 	5.722487e-02 
2.678910e-01 	5.714871e-02 
2.681570e-01 	5.707249e-02 
2.684220e-01 	5.699677e-02 
2.686880e-01 	5.692098e-02 
2.689530e-01 	5.684570e-02 
2.692190e-01 	5.677034e-02 
2.694850e-01 	5.669520e-02 
2.697500e-01 	5.662056e-02 
2.700160e-01 	5.654585e-02 
2.702810e-01 	5.647164e-02 
2.705470e-01 	5.639735e-02 
2.708120e-01 	5.632355e-02 
2.710780e-01 	5.624969e-02 
2.713430e-01 	5.617631e-02 
2.716090e-01 	5.610287e-02 
2.718740e-01 	5.602990e-02 
2.721400e-01 	5.595687e-02 
2.724060e-01 	5.588405e-02 
2.726710e-01 	5.581170e-02 
2.729370e-01 	5.573928e-02 
2.732020e-01 	5.566734e-02 
2.734680e-01 	5.559533e-02 
2.737330e-01 	5.552379e-02 
2.739990e-01 	5.545218e-02 
2.742640e-01 	5.538104e-02 
2.745300e-01 	5.530983e-02 
2.747950e-01 	5.523909e-02 
2.750610e-01 	5.516827e-02 
2.753270e-01 	5.509766e-02 
2.755920e-01 	5.502750e-02 
2.758580e-01 	5.495727e-02 
2.761230e-01 	5.488750e-02 
2.763890e-01 	5.481767e-02 
2.766540e-01 	5.474828e-02 
2.769200e-01 	5.467882e-02 
2.771850e-01 	5.460982e-02 
2.774510e-01 	5.454074e-02 
2.777160e-01 	5.447211e-02 
2.779820e-01 	5.440341e-02 
2.782480e-01 	5.433490e-02 
2.785130e-01 	5.426683e-02 
2.787790e-01 	5.419869e-02 
2.790440e-01 	5.413099e-02 
2.793100e-01 	5.406322e-02 
2.795750e-01 	5.399588e-02 
2.798410e-01 	5.392848e-02 
2.801060e-01 	5.386151e-02 
2.803720e-01 	5.379446e-02 
2.806370e-01 	5.372785e-02 
2.809030e-01 	5.366116e-02 
2.811690e-01 	5.359466e-02 
2.814340e-01 	5.352858e-02 
2.817000e-01 	5.346243e-02 
2.819650e-01 	5.339670e-02 
2.822310e-01 	5.333089e-02 
2.824960e-01 	5.326551e-02 
2.827620e-01 	5.320005e-02 
2.830270e-01 	5.313502e-02 
2.832930e-01 	5.306990e-02 
2.835580e-01 	5.300520e-02 
2.838240e-01 	5.294043e-02 
2.840900e-01 	5.287582e-02 
2.843550e-01 	5.281163e-02 
2.846210e-01 	5.274736e-02 
2.848860e-01 	5.268349e-02 
2.851520e-01 	5.261956e-02 
2.854170e-01 	5.255603e-02 
2.856830e-01 	5.249242e-02 
2.859480e-01 	5.242922e-02 
2.862140e-01 	5.236594e-02 
2.864790e-01 	5.230307e-02 
2.867450e-01 	5.224012e-02 
2.870110e-01 	5.217733e-02 
2.872760e-01 	5.211494e-02 
2.875420e-01 	5.205248e-02 
2.878070e-01 	5.199041e-02 
2.880730e-01 	5.192826e-02 
2.883380e-01 	5.186651e-02 
2.886040e-01 	5.180469e-02 
2.888690e-01 	5.174325e-02 
2.891350e-01 	5.168174e-02 
2.894000e-01 	5.162062e-02 
2.896660e-01 	5.155942e-02 
2.899320e-01 	5.149838e-02 
2.901970e-01 	5.143772e-02 
2.904630e-01 	5.137699e-02 
2.907280e-01 	5.131663e-02 
2.909940e-01 	5.125621e-02 
2.912590e-01 	5.119616e-02 
2.915250e-01 	5.113604e-02 
2.917900e-01 	5.107630e-02 
2.920560e-01 	5.101648e-02 
2.923210e-01 	5.095703e-02 
2.925870e-01 	5.089751e-02 
2.928530e-01 	5.083814e-02 
2.931180e-01 	5.077914e-02 
2.933840e-01 	5.072006e-02 
2.936490e-01 	5.066135e-02 
2.939150e-01 	5.060257e-02 
2.941800e-01 	5.054415e-02 
2.944460e-01 	5.048565e-02 
2.947110e-01 	5.042752e-02 
2.949770e-01 	5.036932e-02 
2.952420e-01 	5.031147e-02 
2.955080e-01 	5.025355e-02 
2.957740e-01 	5.019577e-02 
2.960390e-01 	5.013835e-02 
2.963050e-01 	5.008086e-02 
2.965700e-01 	5.002372e-02 
2.968360e-01 	4.996650e-02 
2.971010e-01 	4.990964e-02 
2.973670e-01 	4.985270e-02 
2.976320e-01 	4.979611e-02 
2.978980e-01 	4.973945e-02 
2.981630e-01 	4.968314e-02 
2.984290e-01 	4.962675e-02 
2.986950e-01 	4.957050e-02 
2.989600e-01 	4.951459e-02 
2.992260e-01 	4.945861e-02 
2.994910e-01 	4.940297e-02 
2.997570e-01 	4.934726e-02 
3.000220e-01 	4.929189e-02 
3.002880e-01 	4.923644e-02 
3.005530e-01 	4.918133e-02 
3.008190e-01 	4.912615e-02 
3.010840e-01 	4.907130e-02 
3.013500e-01 	4.901638e-02 
3.016160e-01 	4.896158e-02 
3.018810e-01 	4.890712e-02 
3.021470e-01 	4.885259e-02 
3.024120e-01 	4.879838e-02 
3.026780e-01 	4.874410e-02 
3.029430e-01 	4.869014e-02 
3.032090e-01 	4.863611e-02 
3.034740e-01 	4.858241e-02 
3.037400e-01 	4.852863e-02 
3.040050e-01 	4.847517e-02 
3.042710e-01 	4.842163e-02 
3.045370e-01 	4.836822e-02 
3.048020e-01 	4.831513e-02 
3.050680e-01 	4.826196e-02 
3.053330e-01 	4.820912e-02 
3.055990e-01 	4.815619e-02 
3.058640e-01 	4.810358e-02 
3.061300e-01 	4.805090e-02 
3.063950e-01 	4.799853e-02 
3.066610e-01 	4.794608e-02 
3.069260e-01 	4.789395e-02 
3.071920e-01 	4.784174e-02 
3.074580e-01 	4.778964e-02 
3.077230e-01 	4.773786e-02 
3.079890e-01 	4.768600e-02 
3.082540e-01 	4.763445e-02 
3.085200e-01 	4.758282e-02 
3.087850e-01 	4.753150e-02 
3.090510e-01 	4.748010e-02 
3.093160e-01 	4.742901e-02 
3.095820e-01 	4.737784e-02 
3.098470e-01 	4.732698e-02 
3.101130e-01 	4.727604e-02 
3.103790e-01 	4.722521e-02 
3.106440e-01 	4.717468e-02 
3.109100e-01 	4.712407e-02 
3.111750e-01 	4.707377e-02 
3.114410e-01 	4.702339e-02 
3.117060e-01 	4.697331e-02 
3.119720e-01 	4.692314e-02 
3.122370e-01 	4.687328e-02 
3.125030e-01 	4.682334e-02 
3.127680e-01 	4.677369e-02 
3.130340e-01 	4.672397e-02 
3.133000e-01 	4.667435e-02 
3.135650e-01 	4.662502e-02 
3.138310e-01 	4.657562e-02 
3.140960e-01 	4.652651e-02 
3.143620e-01 	4.647732e-02 
3.146270e-01 	4.642842e-02 
3.148930e-01 	4.637944e-02 
3.151580e-01 	4.633075e-02 
3.154240e-01 	4.628198e-02 
3.156890e-01 	4.623349e-02 
3.159550e-01 	4.618493e-02 
3.162210e-01 	4.613647e-02 
3.164860e-01 	4.608830e-02 
3.167520e-01 	4.604004e-02 
3.170170e-01 	4.599207e-02 
3.172830e-01 	4.594402e-02 
3.175480e-01 	4.589624e-02 
3.178140e-01 	4.584839e-02 
3.180790e-01 	4.580082e-02 
3.183450e-01 	4.575317e-02 
3.186100e-01 	4.570579e-02 
3.188760e-01 	4.565834e-02 
3.191420e-01 	4.561098e-02 
3.194070e-01 	4.556390e-02 
3.196730e-01 	4.551674e-02 
3.199380e-01 	4.546986e-02 
3.202040e-01 	4.542289e-02 
3.204690e-01 	4.537620e-02 
3.207350e-01 	4.532942e-02 
3.210000e-01 	4.528292e-02 
3.212660e-01 	4.523633e-02 
3.215310e-01 	4.519002e-02 
3.217970e-01 	4.514362e-02 
3.220630e-01 	4.509732e-02 
3.223280e-01 	4.505128e-02 
3.225940e-01 	4.500517e-02 
3.228590e-01 	4.495932e-02 
3.231250e-01 	4.491339e-02 
3.233900e-01 	4.486772e-02 
3.236560e-01 	4.482197e-02 
3.239210e-01 	4.477649e-02 
3.241870e-01 	4.473092e-02 
3.244520e-01 	4.468561e-02 
3.247180e-01 	4.464023e-02 
3.249840e-01 	4.459493e-02 
3.252490e-01 	4.454989e-02 
3.255150e-01 	4.450477e-02 
3.257800e-01 	4.445990e-02 
3.260460e-01 	4.441496e-02 
3.263110e-01 	4.437026e-02 
3.265770e-01 	4.432549e-02 
3.268420e-01 	4.428097e-02 
3.271080e-01 	4.423637e-02 
3.273730e-01 	4.419202e-02 
3.276390e-01 	4.414759e-02 
3.279050e-01 	4.410324e-02 
3.281700e-01 	4.405914e-02 
3.284360e-01 	4.401496e-02 
3.287010e-01 	4.397103e-02 
3.289670e-01 	4.392701e-02 
3.292320e-01 	4.388324e-02 
3.294980e-01 	4.383939e-02 
3.297630e-01 	4.379578e-02 
3.300290e-01 	4.375209e-02 
3.302940e-01 	4.370864e-02 
3.305600e-01 	4.366511e-02 
3.308260e-01 	4.362166e-02 
3.310910e-01 	4.357846e-02 
3.313570e-01 	4.353516e-02 
3.316220e-01 	4.349211e-02 
3.318880e-01 	4.344898e-02 
3.321530e-01 	4.340609e-02 
3.324190e-01 	4.336311e-02 
3.326840e-01 	4.332037e-02 
3.329500e-01 	4.327755e-02 
3.332150e-01 	4.323496e-02 
3.334810e-01 	4.319229e-02 
3.337470e-01 	4.314970e-02 
3.340120e-01 	4.310734e-02 
3.342780e-01 	4.306490e-02 
3.345430e-01 	4.302270e-02 
3.348090e-01 	4.298041e-02 
3.350740e-01 	4.293835e-02 
3.353400e-01 	4.289621e-02 
3.356050e-01 	4.285430e-02 
3.358710e-01 	4.281230e-02 
3.361360e-01 	4.277054e-02 
3.364020e-01 	4.272869e-02 
3.366680e-01 	4.268692e-02 
3.369330e-01 	4.264537e-02 
3.371990e-01 	4.260374e-02 
3.374640e-01 	4.256234e-02 
3.377300e-01 	4.252086e-02 
3.379950e-01 	4.247960e-02 
3.382610e-01 	4.243826e-02 
3.385260e-01 	4.239714e-02 
3.387920e-01 	4.235594e-02 
3.390570e-01 	4.231496e-02 
3.393230e-01 	4.227390e-02 
3.395890e-01 	4.223291e-02 
3.398540e-01 	4.219215e-02 
3.401200e-01 	4.215130e-02 
3.403850e-01 	4.211067e-02 
3.406510e-01 	4.206996e-02 
3.409160e-01 	4.202947e-02 
3.411820e-01 	4.198890e-02 
3.414470e-01 	4.194854e-02 
3.417130e-01 	4.190811e-02 
3.419790e-01 	4.186774e-02 
3.422440e-01 	4.182759e-02 
3.425100e-01 	4.178735e-02 
3.427750e-01 	4.174734e-02 
3.430410e-01 	4.170724e-02 
3.433060e-01 	4.166735e-02 
3.435720e-01 	4.162739e-02 
3.438370e-01 	4.158764e-02 
3.441030e-01 	4.154780e-02 
3.443680e-01 	4.150818e-02 
3.446340e-01 	4.146848e-02 
3.449000e-01 	4.142884e-02 
3.451650e-01 	4.138941e-02 
3.454310e-01 	4.134990e-02 
3.456960e-01 	4.131061e-02 
3.459620e-01 	4.127123e-02 
3.462270e-01 	4.123206e-02 
3.464930e-01 	4.119280e-02 
3.467580e-01 	4.115376e-02 
3.470240e-01 	4.111463e-02 
3.472890e-01 	4.107571e-02 
3.475550e-01 	4.103670e-02 
3.478210e-01 	4.099776e-02 
3.480860e-01 	4.095903e-02 
3.483520e-01 	4.092021e-02 
3.486170e-01 	4.088159e-02 
3.488830e-01 	4.084289e-02 
3.491480e-01 	4.080440e-02 
3.494140e-01 	4.076582e-02 
3.496790e-01 	4.072745e-02 
3.499450e-01 	4.068899e-02 
3.502100e-01 	4.065073e-02 
3.504760e-01 	4.061239e-02 
3.507420e-01 	4.057411e-02 
3.510070e-01 	4.053603e-02 
3.512730e-01 	4.049786e-02 
3.515380e-01 	4.045990e-02 
3.518040e-01 	4.042184e-02 
3.520690e-01 	4.038399e-02 
3.523350e-01 	4.034605e-02 
3.526000e-01 	4.030832e-02 
3.528660e-01 	4.027049e-02 
3.531310e-01 	4.023286e-02 
3.533970e-01 	4.019515e-02 
3.536630e-01 	4.015749e-02 
3.539280e-01 	4.012003e-02 
3.541940e-01 	4.008248e-02 
3.544590e-01 	4.004513e-02 
3.547250e-01 	4.000769e-02 
3.549900e-01 	3.997045e-02 
3.552560e-01 	3.993312e-02 
3.555210e-01 	3.989598e-02 
3.557870e-01 	3.985876e-02 
3.560520e-01 	3.982173e-02 
3.563180e-01 	3.978462e-02 
3.565840e-01 	3.974755e-02 
3.568490e-01 	3.971068e-02 
3.571150e-01 	3.967373e-02 
3.573800e-01 	3.963696e-02 
3.576460e-01 	3.960011e-02 
3.579110e-01 	3.956345e-02 
3.581770e-01 	3.952670e-02 
3.584420e-01 	3.949014e-02 
3.587080e-01 	3.945349e-02 
3.589730e-01 	3.941704e-02 
3.592390e-01 	3.938049e-02 
3.595050e-01 	3.934400e-02 
3.597700e-01 	3.930770e-02 
3.600360e-01 	3.927131e-02 
3.603010e-01 	3.923511e-02 
3.605670e-01 	3.919882e-02 
3.608320e-01 	3.916272e-02 
3.610980e-01 	3.912653e-02 
3.613630e-01 	3.909052e-02 
3.616290e-01 	3.905444e-02 
3.618940e-01 	3.901853e-02 
3.621600e-01 	3.898254e-02 
3.624260e-01 	3.894660e-02 
3.626910e-01 	3.891085e-02 
3.629570e-01 	3.887501e-02 
3.632220e-01 	3.883935e-02 
3.634880e-01 	3.880360e-02 
3.637530e-01 	3.876804e-02 
3.640190e-01 	3.873240e-02 
3.642840e-01 	3.869693e-02 
3.645500e-01 	3.866138e-02 
3.648150e-01 	3.862602e-02 
3.650810e-01 	3.859056e-02 
3.653470e-01 	3.855516e-02 
3.656120e-01 	3.851993e-02 
3.658780e-01 	3.848462e-02 
3.661430e-01 	3.844949e-02 
3.664090e-01 	3.841428e-02 
3.666740e-01 	3.837924e-02 
3.669400e-01 	3.834412e-02 
3.672050e-01 	3.830918e-02 
3.674710e-01 	3.827416e-02 
3.677360e-01 	3.823931e-02 
3.680020e-01 	3.820437e-02 
3.682680e-01 	3.816949e-02 
3.685330e-01 	3.813478e-02 
3.687990e-01 	3.809998e-02 
3.690640e-01 	3.806536e-02 
3.693300e-01 	3.803066e-02 
3.695950e-01 	3.799613e-02 
3.698610e-01 	3.796152e-02 
3.701260e-01 	3.792708e-02 
3.703920e-01 	3.789256e-02 
3.706570e-01 	3.785822e-02 
3.709230e-01 	3.782378e-02 
3.711890e-01 	3.778940e-02 
3.714540e-01 	3.775519e-02 
3.717200e-01 	3.772089e-02 
3.719850e-01 	3.768676e-02 
3.722510e-01 	3.765256e-02 
3.725160e-01 	3.761852e-02 
3.727820e-01 	3.758440e-02 
3.730470e-01 	3.755045e-02 
3.733130e-01 	3.751642e-02 
3.735780e-01 	3.748255e-02 
3.738440e-01 	3.744861e-02 
3.741100e-01 	3.741470e-02 
3.743750e-01 	3.738097e-02 
3.746410e-01 	3.734715e-02 
3.749060e-01 	3.731350e-02 
3.751720e-01 	3.727977e-02 
3.754370e-01 	3.724620e-02 
3.757030e-01 	3.721255e-02 
3.759680e-01 	3.717907e-02 
3.762340e-01 	3.714551e-02 
3.764990e-01 	3.711211e-02 
3.767650e-01 	3.707863e-02 
3.770310e-01 	3.704519e-02 
3.772960e-01 	3.701191e-02 
3.775620e-01 	3.697855e-02 
3.778270e-01 	3.694536e-02 
3.780930e-01 	3.691208e-02 
3.783580e-01 	3.687897e-02 
3.786240e-01 	3.684577e-02 
3.788890e-01 	3.681274e-02 
3.791550e-01 	3.677963e-02 
3.794200e-01 	3.674667e-02 
3.796860e-01 	3.671364e-02 
3.799520e-01 	3.668064e-02 
3.802170e-01 	3.664781e-02 
3.804830e-01 	3.661489e-02 
3.807480e-01 	3.658213e-02 
3.810140e-01 	3.654929e-02 
3.812790e-01 	3.651661e-02 
3.815450e-01 	3.648385e-02 
3.818100e-01 	3.645125e-02 
3.820760e-01 	3.641856e-02 
3.823410e-01 	3.638604e-02 
3.826070e-01 	3.635343e-02 
3.828730e-01 	3.632086e-02 
3.831380e-01 	3.628845e-02 
3.834040e-01 	3.625595e-02 
3.836690e-01 	3.622362e-02 
3.839350e-01 	3.619120e-02 
3.842000e-01 	3.615894e-02 
3.844660e-01 	3.612659e-02 
3.847310e-01 	3.609441e-02 
3.849970e-01 	3.606214e-02 
3.852620e-01 	3.603003e-02 
3.855280e-01 	3.599784e-02 
3.857940e-01 	3.596569e-02 
3.860590e-01 	3.593369e-02 
3.863250e-01 	3.590161e-02 
3.865900e-01 	3.586969e-02 
3.868560e-01 	3.583769e-02 
3.871210e-01 	3.580584e-02 
3.873870e-01 	3.577391e-02 
3.876520e-01 	3.574214e-02 
3.879180e-01 	3.571028e-02 
3.881830e-01 	3.567858e-02 
3.884490e-01 	3.564680e-02 
3.887150e-01 	3.561506e-02 
3.889800e-01 	3.558347e-02 
3.892460e-01 	3.555181e-02 
3.895110e-01 	3.552029e-02 
3.897770e-01 	3.548870e-02 
3.900420e-01 	3.545726e-02 
3.903080e-01 	3.542574e-02 
3.905730e-01 	3.539437e-02 
3.908390e-01 	3.536292e-02 
3.911040e-01 	3.533163e-02 
3.913700e-01 	3.530025e-02 
3.916360e-01 	3.526891e-02 
3.919010e-01 	3.523773e-02 
3.921670e-01 	3.520646e-02 
3.924320e-01 	3.517535e-02 
3.926980e-01 	3.514416e-02 
3.929630e-01 	3.511312e-02 
3.932290e-01 	3.508200e-02 
3.934940e-01 	3.505103e-02 
3.937600e-01 	3.501998e-02 
3.940250e-01 	3.498908e-02 
3.942910e-01 	3.495810e-02 
3.945570e-01 	3.492716e-02 
3.948220e-01 	3.489637e-02 
3.950880e-01 	3.486549e-02 
3.953530e-01 	3.483477e-02 
3.956190e-01 	3.480397e-02 
3.958840e-01 	3.477332e-02 
3.961500e-01 	3.474259e-02 
3.964150e-01 	3.471200e-02 
3.966810e-01 	3.468134e-02 
3.969460e-01 	3.465083e-02 
3.972120e-01 	3.462023e-02 
3.974780e-01 	3.458968e-02 
3.977430e-01 	3.455927e-02 
3.980090e-01 	3.452878e-02 
3.982740e-01 	3.449843e-02 
3.985400e-01 	3.446801e-02 
3.988050e-01 	3.443774e-02 
3.990710e-01 	3.440739e-02 
3.993360e-01 	3.437718e-02 
3.996020e-01 	3.434689e-02 
3.998670e-01 	3.431675e-02 
4.001330e-01 	3.428654e-02 
4.003990e-01 	3.425635e-02 
4.006640e-01 	3.422631e-02 
4.009300e-01 	3.419620e-02 
4.011950e-01 	3.416623e-02 
4.014610e-01 	3.413617e-02 
4.017260e-01 	3.410627e-02 
4.019920e-01 	3.407629e-02 
4.022570e-01 	3.404645e-02 
4.025230e-01 	3.401653e-02 
4.027880e-01 	3.398676e-02 
4.030540e-01 	3.395691e-02 
4.033200e-01 	3.392709e-02 
4.035850e-01 	3.389741e-02 
4.038510e-01 	3.386766e-02 
4.041160e-01 	3.383805e-02 
4.043820e-01 	3.380837e-02 
4.046470e-01 	3.377882e-02 
4.049130e-01 	3.374920e-02 
4.051780e-01 	3.371973e-02 
4.054440e-01 	3.369017e-02 
4.057090e-01 	3.366076e-02 
4.059750e-01 	3.363127e-02 
4.062410e-01 	3.360181e-02 
4.065060e-01 	3.357249e-02 
4.067720e-01 	3.354310e-02 
4.070370e-01 	3.351385e-02 
4.073030e-01 	3.348452e-02 
4.075680e-01 	3.345533e-02 
4.078340e-01 	3.342607e-02 
4.080990e-01 	3.339695e-02 
4.083650e-01 	3.336775e-02 
4.086300e-01 	3.333869e-02 
4.088960e-01 	3.330955e-02 
4.091620e-01 	3.328045e-02 
4.094270e-01 	3.325149e-02 
4.096930e-01 	3.322245e-02 
4.099580e-01 	3.319355e-02 
4.102240e-01 	3.316457e-02 
4.104890e-01 	3.313574e-02 
4.107550e-01 	3.310682e-02 
4.110200e-01 	3.307805e-02 
4.112860e-01 	3.304920e-02 
4.115510e-01 	3.302049e-02 
4.118170e-01 	3.299171e-02 
4.120830e-01 	3.296295e-02 
4.123480e-01 	3.293434e-02 
4.126140e-01 	3.290565e-02 
4.128790e-01 	3.287709e-02 
4.131450e-01 	3.284847e-02 
4.134100e-01 	3.281998e-02 
4.136760e-01 	3.279141e-02 
4.139410e-01 	3.276298e-02 
4.142070e-01 	3.273448e-02 
4.144720e-01 	3.270612e-02 
4.147380e-01 	3.267768e-02 
4.150040e-01 	3.264927e-02 
4.152690e-01 	3.262100e-02 
4.155350e-01 	3.259265e-02 
4.158000e-01 	3.256444e-02 
4.160660e-01 	3.253615e-02 
4.163310e-01 	3.250800e-02 
4.165970e-01 	3.247978e-02 
4.168620e-01 	3.245169e-02 
4.171280e-01 	3.242353e-02 
4.173930e-01 	3.239551e-02 
4.176590e-01 	3.236741e-02 
4.179250e-01 	3.233934e-02 
4.181900e-01 	3.231141e-02 
4.184560e-01 	3.228340e-02 
4.187210e-01 	3.225553e-02 
4.189870e-01 	3.222758e-02 
4.192520e-01 	3.219977e-02 
4.195180e-01 	3.217189e-02 
4.197830e-01 	3.214414e-02 
4.200490e-01 	3.211631e-02 
4.203140e-01 	3.208862e-02 
4.205800e-01 	3.206086e-02 
4.208460e-01 	3.203313e-02 
4.211110e-01 	3.200553e-02 
4.213770e-01 	3.197786e-02 
4.216420e-01 	3.195032e-02 
4.219080e-01 	3.192271e-02 
4.221730e-01 	3.189523e-02 
4.224390e-01 	3.186768e-02 
4.227040e-01 	3.184027e-02 
4.229700e-01 	3.181278e-02 
4.232350e-01 	3.178542e-02 
4.235010e-01 	3.175799e-02 
4.237670e-01 	3.173059e-02 
4.240320e-01 	3.170333e-02 
4.242980e-01 	3.167599e-02 
4.245630e-01 	3.164878e-02 
4.248290e-01 	3.162150e-02 
4.250940e-01 	3.159436e-02 
4.253600e-01 	3.156714e-02 
4.256250e-01 	3.154005e-02 
4.258910e-01 	3.151289e-02 
4.261560e-01 	3.148587e-02 
4.264220e-01 	3.145877e-02 
4.266880e-01 	3.143170e-02 
4.269530e-01 	3.140476e-02 
4.272190e-01 	3.137775e-02 
4.274840e-01 	3.135087e-02 
4.277500e-01 	3.132392e-02 
4.280150e-01 	3.129710e-02 
4.282810e-01 	3.127021e-02 
4.285460e-01 	3.124345e-02 
4.288120e-01 	3.121662e-02 
4.290770e-01 	3.118992e-02 
4.293430e-01 	3.116314e-02 
4.296090e-01 	3.113640e-02 
4.298740e-01 	3.110979e-02 
4.301400e-01 	3.108310e-02 
4.304050e-01 	3.105655e-02 
4.306710e-01 	3.102992e-02 
4.309360e-01 	3.100343e-02 
4.312020e-01 	3.097686e-02 
4.314670e-01 	3.095043e-02 
4.317330e-01 	3.092392e-02 
4.319980e-01 	3.089754e-02 
4.322640e-01 	3.087109e-02 
4.325300e-01 	3.084467e-02 
4.327950e-01 	3.081838e-02 
4.330610e-01 	3.079202e-02 
4.333260e-01 	3.076579e-02 
4.335920e-01 	3.073948e-02 
4.338570e-01 	3.071331e-02 
4.341230e-01 	3.068706e-02 
4.343880e-01 	3.066095e-02 
4.346540e-01 	3.063476e-02 
4.349190e-01 	3.060870e-02 
4.351850e-01 	3.058257e-02 
4.354510e-01 	3.055648e-02 
4.357160e-01 	3.053050e-02 
4.359820e-01 	3.050446e-02 
4.362470e-01 	3.047855e-02 
4.365130e-01 	3.045256e-02 
4.367780e-01 	3.042671e-02 
4.370440e-01 	3.040078e-02 
4.373090e-01 	3.037498e-02 
4.375750e-01 	3.034911e-02 
4.378400e-01 	3.032337e-02 
4.381060e-01 	3.029756e-02 
4.383720e-01 	3.027178e-02 
4.386370e-01 	3.024612e-02 
4.389030e-01 	3.022040e-02 
4.391680e-01 	3.019480e-02 
4.394340e-01 	3.016913e-02 
4.396990e-01 	3.014359e-02 
4.399650e-01 	3.011798e-02 
4.402300e-01 	3.009249e-02 
4.404960e-01 	3.006694e-02 
4.407610e-01 	3.004151e-02 
4.410270e-01 	3.001602e-02 
4.412930e-01 	2.999055e-02 
4.415580e-01 	2.996521e-02 
4.418240e-01 	2.993980e-02 
4.420890e-01 	2.991452e-02 
4.423550e-01 	2.988916e-02 
4.426200e-01 	2.986394e-02 
4.428860e-01 	2.983864e-02 
4.431510e-01 	2.981347e-02 
4.434170e-01 	2.978823e-02 
4.436820e-01 	2.976312e-02 
4.439480e-01 	2.973793e-02 
4.442140e-01 	2.971278e-02 
4.444790e-01 	2.968775e-02 
4.447450e-01 	2.966265e-02 
4.450100e-01 	2.963768e-02 
4.452760e-01 	2.961264e-02 
4.455410e-01 	2.958772e-02 
4.458070e-01 	2.956273e-02 
4.460720e-01 	2.953787e-02 
4.463380e-01 	2.951294e-02 
4.466030e-01 	2.948814e-02 
4.468690e-01 	2.946326e-02 
4.471350e-01 	2.943842e-02 
4.474000e-01 	2.941370e-02 
4.476660e-01 	2.938891e-02 
4.479310e-01 	2.936424e-02 
4.481970e-01 	2.933951e-02 
4.484620e-01 	2.931489e-02 
4.487280e-01 	2.929022e-02 
4.489930e-01 	2.926566e-02 
4.492590e-01 	2.924104e-02 
4.495240e-01 	2.921654e-02 
4.497900e-01 	2.919197e-02 
4.500560e-01 	2.916743e-02 
4.503210e-01 	2.914301e-02 
4.505870e-01 	2.911853e-02 
4.508520e-01 	2.909416e-02 
4.511180e-01 	2.906973e-02 
4.513830e-01 	2.904542e-02 
4.516490e-01 	2.902105e-02 
4.519140e-01 	2.899679e-02 
4.521800e-01 	2.897247e-02 
4.524450e-01 	2.894827e-02 
4.527110e-01 	2.892401e-02 
4.529770e-01 	2.889977e-02 
4.532420e-01 	2.887565e-02 
4.535080e-01 	2.885147e-02 
4.537730e-01 	2.882740e-02 
4.540390e-01 	2.880327e-02 
4.543040e-01 	2.877926e-02 
4.545700e-01 	2.875518e-02 
4.548350e-01 	2.873122e-02 
4.551010e-01 	2.870720e-02 
4.553660e-01 	2.868330e-02 
4.556320e-01 	2.865933e-02 
4.558980e-01 	2.863539e-02 
4.561630e-01 	2.861156e-02 
4.564290e-01 	2.858767e-02 
4.566940e-01 	2.856390e-02 
4.569600e-01 	2.854007e-02 
4.572250e-01 	2.851635e-02 
4.574910e-01 	2.849257e-02 
4.577560e-01 	2.846890e-02 
4.580220e-01 	2.844517e-02 
4.582870e-01 	2.842156e-02 
4.585530e-01 	2.839788e-02 
4.588190e-01 	2.837424e-02 
4.590840e-01 	2.835070e-02 
4.593500e-01 	2.832711e-02 
4.596150e-01 	2.830363e-02 
4.598810e-01 	2.828009e-02 
4.601460e-01 	2.825666e-02 
4.604120e-01 	2.823317e-02 
4.606770e-01 	2.820980e-02 
4.609430e-01 	2.818636e-02 
4.612080e-01 	2.816304e-02 
4.614740e-01 	2.813966e-02 
4.617400e-01 	2.811630e-02 
4.620050e-01 	2.809306e-02 
4.622710e-01 	2.806976e-02 
4.625360e-01 	2.804657e-02 
4.628020e-01 	2.802333e-02 
4.630670e-01 	2.800019e-02 
4.633330e-01 	2.797700e-02 
4.635980e-01 	2.795392e-02 
4.638640e-01 	2.793078e-02 
4.641290e-01 	2.790776e-02 
4.643950e-01 	2.788467e-02 
4.646610e-01 	2.786162e-02 
4.649260e-01 	2.783867e-02 
4.651920e-01 	2.781567e-02 
4.654570e-01 	2.779278e-02 
4.657230e-01 	2.776983e-02 
4.659880e-01 	2.774700e-02 
4.662540e-01 	2.772411e-02 
4.665190e-01 	2.770133e-02 
4.667850e-01 	2.767850e-02 
4.670500e-01 	2.765577e-02 
4.673160e-01 	2.763299e-02 
4.675820e-01 	2.761024e-02 
4.678470e-01 	2.758760e-02 
4.681130e-01 	2.756491e-02 
4.683780e-01 	2.754233e-02 
4.686440e-01 	2.751969e-02 
4.689090e-01 	2.749716e-02 
4.691750e-01 	2.747458e-02 
4.694400e-01 	2.745212e-02 
4.697060e-01 	2.742959e-02 
4.699710e-01 	2.740718e-02 
4.702370e-01 	2.738472e-02 
4.705030e-01 	2.736228e-02 
4.707680e-01 	2.733996e-02 
4.710340e-01 	2.731758e-02 
4.712990e-01 	2.729532e-02 
4.715650e-01 	2.727300e-02 
4.718300e-01 	2.725079e-02 
4.720960e-01 	2.722853e-02 
4.723610e-01 	2.720639e-02 
4.726270e-01 	2.718419e-02 
4.728920e-01 	2.716210e-02 
4.731580e-01 	2.713996e-02 
4.734240e-01 	2.711785e-02 
4.736890e-01 	2.709586e-02 
4.739550e-01 	2.707381e-02 
4.742200e-01 	2.705187e-02 
4.744860e-01 	2.702989e-02 
4.747510e-01 	2.700801e-02 
4.750170e-01 	2.698609e-02 
4.752820e-01 	2.696428e-02 
4.755480e-01 	2.694241e-02 
4.758130e-01 	2.692067e-02 
4.760790e-01 	2.689886e-02 
4.763450e-01 	2.687710e-02 
4.766100e-01 	2.685544e-02 
4.768760e-01 	2.683373e-02 
4.771410e-01 	2.681214e-02 
4.774070e-01 	2.679050e-02 
4.776720e-01 	2.676897e-02 
4.779380e-01 	2.674739e-02 
4.782030e-01 	2.672592e-02 
4.784690e-01 	2.670441e-02 
4.787340e-01 	2.668301e-02 
4.790000e-01 	2.666156e-02 
4.792660e-01 	2.664014e-02 
4.795310e-01 	2.661883e-02 
4.797970e-01 	2.659747e-02 
4.800620e-01 	2.657623e-02 
4.803280e-01 	2.655494e-02 
4.805930e-01 	2.653376e-02 
4.808590e-01 	2.651253e-02 
4.811240e-01 	2.649141e-02 
4.813900e-01 	2.647024e-02 
4.816550e-01 	2.644918e-02 
4.819210e-01 	2.642808e-02 
4.821870e-01 	2.640700e-02 
4.824520e-01 	2.638604e-02 
4.827180e-01 	2.636502e-02 
4.829830e-01 	2.634411e-02 
4.832490e-01 	2.632316e-02 
4.835140e-01 	2.630231e-02 
4.837800e-01 	2.628141e-02 
4.840450e-01 	2.626062e-02 
4.843110e-01 	2.623977e-02 
4.845760e-01 	2.621903e-02 
4.848420e-01 	2.619824e-02 
4.851080e-01 	2.617748e-02 
4.853730e-01 	2.615682e-02 
4.856390e-01 	2.613611e-02 
4.859040e-01 	2.611550e-02 
4.861700e-01 	2.609484e-02 
4.864350e-01 	2.607427e-02 
4.867010e-01 	2.605366e-02 
4.869660e-01 	2.603314e-02 
4.872320e-01 	2.601258e-02 
4.874970e-01 	2.599210e-02 
4.877630e-01 	2.597158e-02 
4.880290e-01 	2.595107e-02 
4.882940e-01 	2.593067e-02 
4.885600e-01 	2.591020e-02 
4.888250e-01 	2.588984e-02 
4.890910e-01 	2.586941e-02 
4.893560e-01 	2.584908e-02 
4.896220e-01 	2.582869e-02 
4.898870e-01 	2.580840e-02 
4.901530e-01 	2.578804e-02 
4.904180e-01 	2.576778e-02 
4.906840e-01 	2.574746e-02 
4.909500e-01 	2.572716e-02 
4.912150e-01 	2.570695e-02 
4.914810e-01 	2.568667e-02 
4.917460e-01 	2.566649e-02 
4.920120e-01 	2.564624e-02 
4.922770e-01 	2.562608e-02 
4.925430e-01 	2.560586e-02 
4.928080e-01 	2.558573e-02 
4.930740e-01 	2.556553e-02 
4.933390e-01 	2.554543e-02 
4.936050e-01 	2.552525e-02 
4.938710e-01 	2.550509e-02 
4.941360e-01 	2.548501e-02 
4.944020e-01 	2.546486e-02 
4.946670e-01 	2.544480e-02 
4.949330e-01 	2.542468e-02 
4.951980e-01 	2.540463e-02 
4.954640e-01 	2.538452e-02 
4.957290e-01 	2.536449e-02 
4.959950e-01 	2.534439e-02 
4.962600e-01 	2.532438e-02 
4.965260e-01 	2.530429e-02 
4.967920e-01 	2.528421e-02 
4.970570e-01 	2.526421e-02 
4.973230e-01 	2.524413e-02 
4.975880e-01 	2.522414e-02 
4.978540e-01 	2.520407e-02 
4.981190e-01 	2.518408e-02 
4.983850e-01 	2.516402e-02 
4.986500e-01 	2.514404e-02 
4.989160e-01 	2.512398e-02 
4.991810e-01 	2.510399e-02 
4.994470e-01 	2.508393e-02 
4.997130e-01 	2.506387e-02 
4.999780e-01 	2.504389e-02 
