#q 	 Ifit_avg 
2.000000e-02 	1.000000e+00 
2.100000e-02 	9.935062e-01 
2.200000e-02 	9.870037e-01 
2.300000e-02 	9.804835e-01 
2.400000e-02 	9.739366e-01 
2.500000e-02 	9.673538e-01 
2.600000e-02 	9.607262e-01 
2.700000e-02 	9.540446e-01 
2.800000e-02 	9.473000e-01 
2.900000e-02 	9.404834e-01 
3.000000e-02 	9.335856e-01 
3.100000e-02 	9.265977e-01 
3.200000e-02 	9.195106e-01 
3.300000e-02 	9.123151e-01 
3.400000e-02 	9.050023e-01 
3.500000e-02 	8.975635e-01 
3.600000e-02 	8.899901e-01 
3.700000e-02 	8.822751e-01 
3.800000e-02 	8.744129e-01 
3.900000e-02 	8.664006e-01 
4.000000e-02 	8.582380e-01 
4.100000e-02 	8.499287e-01 
4.200000e-02 	8.414786e-01 
4.300000e-02 	8.328963e-01 
4.400000e-02 	8.241918e-01 
4.500000e-02 	8.153758e-01 
4.600000e-02 	8.064595e-01 
4.700000e-02 	7.974536e-01 
4.800000e-02 	7.883692e-01 
4.900000e-02 	7.792170e-01 
5.000000e-02 	7.700075e-01 
5.100000e-02 	7.607512e-01 
5.200000e-02 	7.514580e-01 
5.300000e-02 	7.421375e-01 
5.400000e-02 	7.327990e-01 
5.500000e-02 	7.234510e-01 
5.600000e-02 	7.141017e-01 
5.700000e-02 	7.047585e-01 
5.800000e-02 	6.954283e-01 
5.900000e-02 	6.861174e-01 
6.000000e-02 	6.768315e-01 
6.100000e-02 	6.675756e-01 
6.200000e-02 	6.583547e-01 
6.300000e-02 	6.491731e-01 
6.400000e-02 	6.400344e-01 
6.500000e-02 	6.309422e-01 
6.600000e-02 	6.218998e-01 
6.700000e-02 	6.129104e-01 
6.800000e-02 	6.039770e-01 
6.900000e-02 	5.951021e-01 
7.000000e-02 	5.862884e-01 
7.100000e-02 	5.775386e-01 
7.200000e-02 	5.688549e-01 
7.300000e-02 	5.602397e-01 
7.400000e-02 	5.516953e-01 
7.500000e-02 	5.432237e-01 
7.600000e-02 	5.348268e-01 
7.700000e-02 	5.265065e-01 
7.800000e-02 	5.182646e-01 
7.900000e-02 	5.101028e-01 
8.000000e-02 	5.020226e-01 
8.100000e-02 	4.940255e-01 
8.200000e-02 	4.861129e-01 
8.300000e-02 	4.782862e-01 
8.400000e-02 	4.705466e-01 
8.500000e-02 	4.628954e-01 
8.600000e-02 	4.553337e-01 
8.700000e-02 	4.478625e-01 
8.800000e-02 	4.404829e-01 
8.900000e-02 	4.331956e-01 
9.000000e-02 	4.260015e-01 
9.100000e-02 	4.189015e-01 
9.200000e-02 	4.118963e-01 
9.300000e-02 	4.049863e-01 
9.400000e-02 	3.981718e-01 
9.500000e-02 	3.914533e-01 
9.600000e-02 	3.848310e-01 
9.700000e-02 	3.783053e-01 
9.800000e-02 	3.718763e-01 
9.900000e-02 	3.655439e-01 
1.000000e-01 	3.593076e-01 
1.010000e-01 	3.531675e-01 
1.020000e-01 	3.471231e-01 
1.030000e-01 	3.411743e-01 
1.040000e-01 	3.353208e-01 
1.050000e-01 	3.295622e-01 
1.060000e-01 	3.238976e-01 
1.070000e-01 	3.183264e-01 
1.080000e-01 	3.128477e-01 
1.090000e-01 	3.074609e-01 
1.100000e-01 	3.021652e-01 
1.110000e-01 	2.969600e-01 
1.120000e-01 	2.918444e-01 
1.130000e-01 	2.868175e-01 
1.140000e-01 	2.818784e-01 
1.150000e-01 	2.770262e-01 
1.160000e-01 	2.722601e-01 
1.170000e-01 	2.675793e-01 
1.180000e-01 	2.629825e-01 
1.190000e-01 	2.584688e-01 
1.200000e-01 	2.540370e-01 
1.210000e-01 	2.496862e-01 
1.220000e-01 	2.454155e-01 
1.230000e-01 	2.412239e-01 
1.240000e-01 	2.371106e-01 
1.250000e-01 	2.330746e-01 
1.260000e-01 	2.291149e-01 
1.270000e-01 	2.252300e-01 
1.280000e-01 	2.214190e-01 
1.290000e-01 	2.176807e-01 
1.300000e-01 	2.140140e-01 
1.310000e-01 	2.104181e-01 
1.320000e-01 	2.068917e-01 
1.330000e-01 	2.034341e-01 
1.340000e-01 	2.000440e-01 
1.350000e-01 	1.967205e-01 
1.360000e-01 	1.934625e-01 
1.370000e-01 	1.902688e-01 
1.380000e-01 	1.871384e-01 
1.390000e-01 	1.840704e-01 
1.400000e-01 	1.810636e-01 
1.410000e-01 	1.781171e-01 
1.420000e-01 	1.752299e-01 
1.430000e-01 	1.724009e-01 
1.440000e-01 	1.696291e-01 
1.450000e-01 	1.669135e-01 
1.460000e-01 	1.642532e-01 
1.470000e-01 	1.616472e-01 
1.480000e-01 	1.590947e-01 
1.490000e-01 	1.565945e-01 
1.500000e-01 	1.541459e-01 
1.510000e-01 	1.517477e-01 
1.520000e-01 	1.493991e-01 
1.530000e-01 	1.470991e-01 
1.540000e-01 	1.448466e-01 
1.550000e-01 	1.426408e-01 
1.560000e-01 	1.404809e-01 
1.570000e-01 	1.383661e-01 
1.580000e-01 	1.362956e-01 
1.590000e-01 	1.342685e-01 
1.600000e-01 	1.322841e-01 
1.610000e-01 	1.303414e-01 
1.620000e-01 	1.284395e-01 
1.630000e-01 	1.265776e-01 
1.640000e-01 	1.247548e-01 
1.650000e-01 	1.229705e-01 
1.660000e-01 	1.212237e-01 
1.670000e-01 	1.195138e-01 
1.680000e-01 	1.178401e-01 
1.690000e-01 	1.162017e-01 
1.700000e-01 	1.145981e-01 
1.710000e-01 	1.130283e-01 
1.720000e-01 	1.114917e-01 
1.730000e-01 	1.099875e-01 
1.740000e-01 	1.085149e-01 
1.750000e-01 	1.070734e-01 
1.760000e-01 	1.056623e-01 
1.770000e-01 	1.042810e-01 
1.780000e-01 	1.029289e-01 
1.790000e-01 	1.016055e-01 
1.800000e-01 	1.003100e-01 
1.810000e-01 	9.904203e-02 
1.820000e-01 	9.780084e-02 
1.830000e-01 	9.658588e-02 
1.840000e-01 	9.539654e-02 
1.850000e-01 	9.423222e-02 
1.860000e-01 	9.309233e-02 
1.870000e-01 	9.197623e-02 
1.880000e-01 	9.088335e-02 
1.890000e-01 	8.981319e-02 
1.900000e-01 	8.876523e-02 
1.910000e-01 	8.773899e-02 
1.920000e-01 	8.673397e-02 
1.930000e-01 	8.574967e-02 
1.940000e-01 	8.478564e-02 
1.950000e-01 	8.384149e-02 
1.960000e-01 	8.291681e-02 
1.970000e-01 	8.201121e-02 
1.980000e-01 	8.112428e-02 
1.990000e-01 	8.025561e-02 
2.000000e-01 	7.940476e-02 
2.010000e-01 	7.857129e-02 
2.020000e-01 	7.775476e-02 
2.030000e-01 	7.695473e-02 
2.040000e-01 	7.617078e-02 
2.050000e-01 	7.540248e-02 
2.060000e-01 	7.464942e-02 
2.070000e-01 	7.391120e-02 
2.080000e-01 	7.318742e-02 
2.090000e-01 	7.247776e-02 
2.100000e-01 	7.178194e-02 
2.110000e-01 	7.109968e-02 
2.120000e-01 	7.043071e-02 
2.130000e-01 	6.977477e-02 
2.140000e-01 	6.913158e-02 
2.150000e-01 	6.850087e-02 
2.160000e-01 	6.788239e-02 
2.170000e-01 	6.727583e-02 
2.180000e-01 	6.668091e-02 
2.190000e-01 	6.609734e-02 
2.200000e-01 	6.552484e-02 
2.210000e-01 	6.496312e-02 
2.220000e-01 	6.441192e-02 
2.230000e-01 	6.387095e-02 
2.240000e-01 	6.333996e-02 
2.250000e-01 	6.281866e-02 
2.260000e-01 	6.230679e-02 
2.270000e-01 	6.180410e-02 
2.280000e-01 	6.131037e-02 
2.290000e-01 	6.082537e-02 
2.300000e-01 	6.034894e-02 
2.310000e-01 	5.988090e-02 
2.320000e-01 	5.942111e-02 
2.330000e-01 	5.896938e-02 
2.340000e-01 	5.852554e-02 
2.350000e-01 	5.808941e-02 
2.360000e-01 	5.766083e-02 
2.370000e-01 	5.723964e-02 
2.380000e-01 	5.682567e-02 
2.390000e-01 	5.641878e-02 
2.400000e-01 	5.601879e-02 
2.410000e-01 	5.562554e-02 
2.420000e-01 	5.523886e-02 
2.430000e-01 	5.485861e-02 
2.440000e-01 	5.448461e-02 
2.450000e-01 	5.411671e-02 
2.460000e-01 	5.375474e-02 
2.470000e-01 	5.339853e-02 
2.480000e-01 	5.304794e-02 
2.490000e-01 	5.270279e-02 
2.500000e-01 	5.236297e-02 
2.510000e-01 	5.202837e-02 
2.520000e-01 	5.169887e-02 
2.530000e-01 	5.137439e-02 
2.540000e-01 	5.105484e-02 
2.550000e-01 	5.074012e-02 
2.560000e-01 	5.043013e-02 
2.570000e-01 	5.012479e-02 
2.580000e-01 	4.982400e-02 
2.590000e-01 	4.952767e-02 
2.600000e-01 	4.923569e-02 
2.610000e-01 	4.894799e-02 
2.620000e-01 	4.866447e-02 
2.630000e-01 	4.838502e-02 
2.640000e-01 	4.810956e-02 
2.650000e-01 	4.783800e-02 
2.660000e-01 	4.757024e-02 
2.670000e-01 	4.730619e-02 
2.680000e-01 	4.704574e-02 
2.690000e-01 	4.678882e-02 
2.700000e-01 	4.653533e-02 
2.710000e-01 	4.628520e-02 
2.720000e-01 	4.603835e-02 
2.730000e-01 	4.579472e-02 
2.740000e-01 	4.555426e-02 
2.750000e-01 	4.531690e-02 
2.760000e-01 	4.508261e-02 
2.770000e-01 	4.485131e-02 
2.780000e-01 	4.462295e-02 
2.790000e-01 	4.439748e-02 
2.800000e-01 	4.417485e-02 
2.810000e-01 	4.395498e-02 
2.820000e-01 	4.373784e-02 
2.830000e-01 	4.352335e-02 
2.840000e-01 	4.331147e-02 
2.850000e-01 	4.310215e-02 
2.860000e-01 	4.289532e-02 
2.870000e-01 	4.269093e-02 
2.880000e-01 	4.248894e-02 
2.890000e-01 	4.228928e-02 
2.900000e-01 	4.209192e-02 
2.910000e-01 	4.189681e-02 
2.920000e-01 	4.170392e-02 
2.930000e-01 	4.151321e-02 
2.940000e-01 	4.132462e-02 
2.950000e-01 	4.113813e-02 
2.960000e-01 	4.095369e-02 
2.970000e-01 	4.077127e-02 
2.980000e-01 	4.059083e-02 
2.990000e-01 	4.041233e-02 
3.000000e-01 	4.023575e-02 
3.010000e-01 	4.006105e-02 
3.020000e-01 	3.988820e-02 
3.030000e-01 	3.971716e-02 
3.040000e-01 	3.954789e-02 
3.050000e-01 	3.938038e-02 
3.060000e-01 	3.921458e-02 
3.070000e-01 	3.905046e-02 
3.080000e-01 	3.888798e-02 
3.090000e-01 	3.872712e-02 
3.100000e-01 	3.856785e-02 
3.110000e-01 	3.841014e-02 
3.120000e-01 	3.825398e-02 
3.130000e-01 	3.809934e-02 
3.140000e-01 	3.794619e-02 
3.150000e-01 	3.779452e-02 
3.160000e-01 	3.764431e-02 
3.170000e-01 	3.749552e-02 
3.180000e-01 	3.734815e-02 
3.190000e-01 	3.720216e-02 
3.200000e-01 	3.705754e-02 
3.210000e-01 	3.691427e-02 
3.220000e-01 	3.677233e-02 
3.230000e-01 	3.663169e-02 
3.240000e-01 	3.649233e-02 
3.250000e-01 	3.635424e-02 
3.260000e-01 	3.621739e-02 
3.270000e-01 	3.608176e-02 
3.280000e-01 	3.594734e-02 
3.290000e-01 	3.581410e-02 
3.300000e-01 	3.568202e-02 
3.310000e-01 	3.555109e-02 
3.320000e-01 	3.542129e-02 
3.330000e-01 	3.529259e-02 
3.340000e-01 	3.516499e-02 
3.350000e-01 	3.503847e-02 
3.360000e-01 	3.491302e-02 
3.370000e-01 	3.478863e-02 
3.380000e-01 	3.466528e-02 
3.390000e-01 	3.454296e-02 
3.400000e-01 	3.442166e-02 
3.410000e-01 	3.430136e-02 
3.420000e-01 	3.418206e-02 
3.430000e-01 	3.406374e-02 
3.440000e-01 	3.394638e-02 
3.450000e-01 	3.382998e-02 
3.460000e-01 	3.371452e-02 
3.470000e-01 	3.359999e-02 
3.480000e-01 	3.348637e-02 
3.490000e-01 	3.337365e-02 
3.500000e-01 	3.326181e-02 
3.510000e-01 	3.315084e-02 
3.520000e-01 	3.304072e-02 
3.530000e-01 	3.293145e-02 
3.540000e-01 	3.282299e-02 
3.550000e-01 	3.271535e-02 
3.560000e-01 	3.260852e-02 
3.570000e-01 	3.250247e-02 
3.580000e-01 	3.239720e-02 
3.590000e-01 	3.229270e-02 
3.600000e-01 	3.218897e-02 
3.610000e-01 	3.208598e-02 
3.620000e-01 	3.198375e-02 
3.630000e-01 	3.188224e-02 
3.640000e-01 	3.178146e-02 
3.650000e-01 	3.168140e-02 
3.660000e-01 	3.158204e-02 
3.670000e-01 	3.148338e-02 
3.680000e-01 	3.138540e-02 
3.690000e-01 	3.128810e-02 
3.700000e-01 	3.119146e-02 
3.710000e-01 	3.109547e-02 
3.720000e-01 	3.100012e-02 
3.730000e-01 	3.090541e-02 
3.740000e-01 	3.081131e-02 
3.750000e-01 	3.071783e-02 
3.760000e-01 	3.062494e-02 
3.770000e-01 	3.053265e-02 
3.780000e-01 	3.044094e-02 
3.790000e-01 	3.034980e-02 
3.800000e-01 	3.025923e-02 
3.810000e-01 	3.016921e-02 
3.820000e-01 	3.007975e-02 
3.830000e-01 	2.999083e-02 
3.840000e-01 	2.990244e-02 
3.850000e-01 	2.981457e-02 
3.860000e-01 	2.972722e-02 
3.870000e-01 	2.964039e-02 
3.880000e-01 	2.955405e-02 
3.890000e-01 	2.946822e-02 
3.900000e-01 	2.938287e-02 
3.910000e-01 	2.929802e-02 
3.920000e-01 	2.921364e-02 
3.930000e-01 	2.912973e-02 
3.940000e-01 	2.904629e-02 
3.950000e-01 	2.896331e-02 
3.960000e-01 	2.888078e-02 
3.970000e-01 	2.879870e-02 
3.980000e-01 	2.871707e-02 
3.990000e-01 	2.863586e-02 
4.000000e-01 	2.855509e-02 
4.010000e-01 	2.847473e-02 
4.020000e-01 	2.839479e-02 
4.030000e-01 	2.831527e-02 
4.040000e-01 	2.823615e-02 
4.050000e-01 	2.815742e-02 
4.060000e-01 	2.807910e-02 
4.070000e-01 	2.800116e-02 
4.080000e-01 	2.792362e-02 
4.090000e-01 	2.784646e-02 
4.100000e-01 	2.776967e-02 
4.110000e-01 	2.769326e-02 
4.120000e-01 	2.761723e-02 
4.130000e-01 	2.754157e-02 
4.140000e-01 	2.746627e-02 
4.150000e-01 	2.739133e-02 
4.160000e-01 	2.731676e-02 
4.170000e-01 	2.724254e-02 
4.180000e-01 	2.716868e-02 
4.190000e-01 	2.709517e-02 
4.200000e-01 	2.702201e-02 
4.210000e-01 	2.694919e-02 
4.220000e-01 	2.687671e-02 
4.230000e-01 	2.680457e-02 
4.240000e-01 	2.673277e-02 
4.250000e-01 	2.666130e-02 
4.260000e-01 	2.659016e-02 
4.270000e-01 	2.651936e-02 
4.280000e-01 	2.644888e-02 
4.290000e-01 	2.637872e-02 
4.300000e-01 	2.630889e-02 
4.310000e-01 	2.623938e-02 
4.320000e-01 	2.617019e-02 
4.330000e-01 	2.610132e-02 
4.340000e-01 	2.603276e-02 
4.350000e-01 	2.596452e-02 
4.360000e-01 	2.589660e-02 
4.370000e-01 	2.582899e-02 
4.380000e-01 	2.576169e-02 
4.390000e-01 	2.569470e-02 
4.400000e-01 	2.562801e-02 
4.410000e-01 	2.556164e-02 
4.420000e-01 	2.549556e-02 
4.430000e-01 	2.542979e-02 
4.440000e-01 	2.536433e-02 
4.450000e-01 	2.529915e-02 
4.460000e-01 	2.523428e-02 
4.470000e-01 	2.516970e-02 
4.480000e-01 	2.510541e-02 
4.490000e-01 	2.504141e-02 
4.500000e-01 	2.497769e-02 
4.510000e-01 	2.491427e-02 
4.520000e-01 	2.485113e-02 
4.530000e-01 	2.478826e-02 
4.540000e-01 	2.472568e-02 
4.550000e-01 	2.466337e-02 
4.560000e-01 	2.460134e-02 
4.570000e-01 	2.453958e-02 
4.580000e-01 	2.447809e-02 
4.590000e-01 	2.441686e-02 
4.600000e-01 	2.435590e-02 
4.610000e-01 	2.429521e-02 
4.620000e-01 	2.423479e-02 
4.630000e-01 	2.417463e-02 
4.640000e-01 	2.411473e-02 
4.650000e-01 	2.405511e-02 
4.660000e-01 	2.399575e-02 
4.670000e-01 	2.393666e-02 
4.680000e-01 	2.387784e-02 
4.690000e-01 	2.381929e-02 
4.700000e-01 	2.376102e-02 
4.710000e-01 	2.370303e-02 
4.720000e-01 	2.364532e-02 
4.730000e-01 	2.358790e-02 
4.740000e-01 	2.353076e-02 
4.750000e-01 	2.347390e-02 
4.760000e-01 	2.341734e-02 
4.770000e-01 	2.336106e-02 
4.780000e-01 	2.330509e-02 
4.790000e-01 	2.324940e-02 
4.800000e-01 	2.319401e-02 
4.810000e-01 	2.313890e-02 
4.820000e-01 	2.308407e-02 
4.830000e-01 	2.302950e-02 
4.840000e-01 	2.297519e-02 
4.850000e-01 	2.292111e-02 
4.860000e-01 	2.286725e-02 
4.870000e-01 	2.281360e-02 
4.880000e-01 	2.276013e-02 
4.890000e-01 	2.270683e-02 
4.900000e-01 	2.265368e-02 
4.910000e-01 	2.260067e-02 
4.920000e-01 	2.254778e-02 
4.930000e-01 	2.249499e-02 
4.940000e-01 	2.244228e-02 
4.950000e-01 	2.238964e-02 
4.960000e-01 	2.233706e-02 
4.970000e-01 	2.228451e-02 
4.980000e-01 	2.223198e-02 
4.990000e-01 	2.217944e-02 
