#q 	 Ifit_avg 
1.072700e-02 	1.000000e+00 
1.095500e-02 	9.983334e-01 
1.118300e-02 	9.966658e-01 
1.141200e-02 	9.949976e-01 
1.164000e-02 	9.933287e-01 
1.186900e-02 	9.916587e-01 
1.209700e-02 	9.899873e-01 
1.232500e-02 	9.883150e-01 
1.255400e-02 	9.866401e-01 
1.278200e-02 	9.849631e-01 
1.301000e-02 	9.832835e-01 
1.323900e-02 	9.816013e-01 
1.346700e-02 	9.799160e-01 
1.369500e-02 	9.782282e-01 
1.392400e-02 	9.765361e-01 
1.415200e-02 	9.748402e-01 
1.438100e-02 	9.731401e-01 
1.460900e-02 	9.714357e-01 
1.483800e-02 	9.697266e-01 
1.506600e-02 	9.680134e-01 
1.529400e-02 	9.662941e-01 
1.552300e-02 	9.645694e-01 
1.575100e-02 	9.628390e-01 
1.597900e-02 	9.611025e-01 
1.620800e-02 	9.593605e-01 
1.643600e-02 	9.576111e-01 
1.666400e-02 	9.558548e-01 
1.689300e-02 	9.540914e-01 
1.712100e-02 	9.523206e-01 
1.735000e-02 	9.505422e-01 
1.757800e-02 	9.487565e-01 
1.780600e-02 	9.469618e-01 
1.803500e-02 	9.451586e-01 
1.826300e-02 	9.433466e-01 
1.849200e-02 	9.415256e-01 
1.872000e-02 	9.396952e-01 
1.894800e-02 	9.378560e-01 
1.917700e-02 	9.360061e-01 
1.940500e-02 	9.341461e-01 
1.963400e-02 	9.322756e-01 
1.986200e-02 	9.303944e-01 
2.009000e-02 	9.285022e-01 
2.031900e-02 	9.265995e-01 
2.054700e-02 	9.246845e-01 
2.077500e-02 	9.227577e-01 
2.100400e-02 	9.208187e-01 
2.123200e-02 	9.188674e-01 
2.146100e-02 	9.169035e-01 
2.168900e-02 	9.149275e-01 
2.191700e-02 	9.129375e-01 
2.214600e-02 	9.109340e-01 
2.237400e-02 	9.089168e-01 
2.260300e-02 	9.068856e-01 
2.283100e-02 	9.048402e-01 
2.305900e-02 	9.027813e-01 
2.328800e-02 	9.007067e-01 
2.351600e-02 	8.986172e-01 
2.374400e-02 	8.965126e-01 
2.397300e-02 	8.943927e-01 
2.420100e-02 	8.922572e-01 
2.443000e-02 	8.901070e-01 
2.465800e-02 	8.879401e-01 
2.488600e-02 	8.857572e-01 
2.511500e-02 	8.835583e-01 
2.534300e-02 	8.813432e-01 
2.557200e-02 	8.791120e-01 
2.580000e-02 	8.768655e-01 
2.602800e-02 	8.746018e-01 
2.625700e-02 	8.723218e-01 
2.648500e-02 	8.700256e-01 
2.671300e-02 	8.677133e-01 
2.694200e-02 	8.653850e-01 
2.717000e-02 	8.630417e-01 
2.739800e-02 	8.606816e-01 
2.762700e-02 	8.583057e-01 
2.785500e-02 	8.559144e-01 
2.808400e-02 	8.535077e-01 
2.831200e-02 	8.510859e-01 
2.854000e-02 	8.486502e-01 
2.876900e-02 	8.461989e-01 
2.899700e-02 	8.437331e-01 
2.922600e-02 	8.412531e-01 
2.945400e-02 	8.387592e-01 
2.968200e-02 	8.362519e-01 
2.991100e-02 	8.337323e-01 
3.013900e-02 	8.311987e-01 
3.036700e-02 	8.286524e-01 
3.059600e-02 	8.260937e-01 
3.082400e-02 	8.235231e-01 
3.105300e-02 	8.209407e-01 
3.128100e-02 	8.183480e-01 
3.150900e-02 	8.157432e-01 
3.173800e-02 	8.131277e-01 
3.196600e-02 	8.105018e-01 
3.219500e-02 	8.078658e-01 
3.242300e-02 	8.052201e-01 
3.265100e-02 	8.025662e-01 
3.288000e-02 	7.999020e-01 
3.310800e-02 	7.972291e-01 
3.333700e-02 	7.945477e-01 
3.356500e-02 	7.918583e-01 
3.379300e-02 	7.891610e-01 
3.402200e-02 	7.864575e-01 
3.425000e-02 	7.837457e-01 
3.447800e-02 	7.810271e-01 
3.470700e-02 	7.783020e-01 
3.493500e-02 	7.755707e-01 
3.516400e-02 	7.728335e-01 
3.539200e-02 	7.700920e-01 
3.562000e-02 	7.673440e-01 
3.584900e-02 	7.645911e-01 
3.607700e-02 	7.618335e-01 
3.630600e-02 	7.590716e-01 
3.653400e-02 	7.563057e-01 
3.676200e-02 	7.535371e-01 
3.699100e-02 	7.507639e-01 
3.721900e-02 	7.479875e-01 
3.744700e-02 	7.452082e-01 
3.767600e-02 	7.424262e-01 
3.790400e-02 	7.396419e-01 
3.813300e-02 	7.368567e-01 
3.836100e-02 	7.340684e-01 
3.858900e-02 	7.312786e-01 
3.881800e-02 	7.284874e-01 
3.904600e-02 	7.256951e-01 
3.927400e-02 	7.229032e-01 
3.950300e-02 	7.201095e-01 
3.973100e-02 	7.173155e-01 
3.996000e-02 	7.145213e-01 
4.018800e-02 	7.117273e-01 
4.041600e-02 	7.089336e-01 
4.064500e-02 	7.061416e-01 
4.087300e-02 	7.033492e-01 
4.110200e-02 	7.005577e-01 
4.133000e-02 	6.977673e-01 
4.155800e-02 	6.949784e-01 
4.178700e-02 	6.921909e-01 
4.201500e-02 	6.894065e-01 
4.224300e-02 	6.866228e-01 
4.247200e-02 	6.838411e-01 
4.270000e-02 	6.810618e-01 
4.292900e-02 	6.782849e-01 
4.315700e-02 	6.755105e-01 
4.338500e-02 	6.727402e-01 
4.361400e-02 	6.699715e-01 
4.384200e-02 	6.672060e-01 
4.407100e-02 	6.644437e-01 
4.429900e-02 	6.616849e-01 
4.452700e-02 	6.589296e-01 
4.475600e-02 	6.561792e-01 
4.498400e-02 	6.534314e-01 
4.521200e-02 	6.506875e-01 
4.544100e-02 	6.479477e-01 
4.566900e-02 	6.452120e-01 
4.589800e-02 	6.424807e-01 
4.612600e-02 	6.397550e-01 
4.635400e-02 	6.370327e-01 
4.658300e-02 	6.343150e-01 
4.681100e-02 	6.316022e-01 
4.704000e-02 	6.288943e-01 
4.726800e-02 	6.261914e-01 
4.749600e-02 	6.234948e-01 
4.772500e-02 	6.208022e-01 
4.795300e-02 	6.181150e-01 
4.818100e-02 	6.154331e-01 
4.841000e-02 	6.127568e-01 
4.863800e-02 	6.100860e-01 
4.886700e-02 	6.074221e-01 
4.909500e-02 	6.047627e-01 
4.932300e-02 	6.021093e-01 
4.955200e-02 	5.994618e-01 
4.978000e-02 	5.968204e-01 
5.000900e-02 	5.941851e-01 
5.023700e-02 	5.915571e-01 
5.046500e-02 	5.889343e-01 
5.069400e-02 	5.863179e-01 
5.092200e-02 	5.837079e-01 
5.115000e-02 	5.811044e-01 
5.137900e-02 	5.785076e-01 
5.160700e-02 	5.759185e-01 
5.183600e-02 	5.733351e-01 
5.206400e-02 	5.707584e-01 
5.229200e-02 	5.681887e-01 
5.252100e-02 	5.656259e-01 
5.274900e-02 	5.630702e-01 
5.297700e-02 	5.605227e-01 
5.320600e-02 	5.579811e-01 
5.343400e-02 	5.554469e-01 
5.366300e-02 	5.529199e-01 
5.389100e-02 	5.504002e-01 
5.411900e-02 	5.478880e-01 
5.434800e-02 	5.453844e-01 
5.457600e-02 	5.428872e-01 
5.480500e-02 	5.403977e-01 
5.503300e-02 	5.379157e-01 
5.526100e-02 	5.354415e-01 
5.549000e-02 	5.329751e-01 
5.571800e-02 	5.305175e-01 
5.594600e-02 	5.280667e-01 
5.617500e-02 	5.256239e-01 
5.640300e-02 	5.231890e-01 
5.663200e-02 	5.207621e-01 
5.686000e-02 	5.183433e-01 
5.708800e-02 	5.159337e-01 
5.731700e-02 	5.135312e-01 
5.754500e-02 	5.111370e-01 
5.777400e-02 	5.087509e-01 
5.800200e-02 	5.063732e-01 
5.823000e-02 	5.040039e-01 
5.845900e-02 	5.016439e-01 
5.868700e-02 	4.992913e-01 
5.891500e-02 	4.969472e-01 
5.914400e-02 	4.946116e-01 
5.937200e-02 	4.922845e-01 
5.960100e-02 	4.899660e-01 
5.982900e-02 	4.876570e-01 
6.005700e-02 	4.853557e-01 
6.028600e-02 	4.830631e-01 
6.051400e-02 	4.807792e-01 
6.074300e-02 	4.785041e-01 
6.097100e-02 	4.762377e-01 
6.119900e-02 	4.739811e-01 
6.142800e-02 	4.717323e-01 
6.165600e-02 	4.694924e-01 
6.188400e-02 	4.672614e-01 
6.211300e-02 	4.650393e-01 
6.234100e-02 	4.628261e-01 
6.257000e-02 	4.606228e-01 
6.279800e-02 	4.584275e-01 
6.302600e-02 	4.562412e-01 
6.325500e-02 	4.540639e-01 
6.348300e-02 	4.518957e-01 
6.371100e-02 	4.497374e-01 
6.394000e-02 	4.475873e-01 
6.416800e-02 	4.454462e-01 
6.439700e-02 	4.433143e-01 
6.462500e-02 	4.411915e-01 
6.485300e-02 	4.390778e-01 
6.508200e-02 	4.369742e-01 
6.531000e-02 	4.348789e-01 
6.553800e-02 	4.327928e-01 
6.576700e-02 	4.307158e-01 
6.599500e-02 	4.286481e-01 
6.622400e-02 	4.265895e-01 
6.645200e-02 	4.245411e-01 
6.668000e-02 	4.225010e-01 
6.690900e-02 	4.204702e-01 
6.713700e-02 	4.184485e-01 
6.736600e-02 	4.164362e-01 
6.759400e-02 	4.144330e-01 
6.782200e-02 	4.124400e-01 
6.805100e-02 	4.104554e-01 
6.827900e-02 	4.084801e-01 
6.850700e-02 	4.065140e-01 
6.873600e-02 	4.045572e-01 
6.896400e-02 	4.026097e-01 
6.919300e-02 	4.006724e-01 
6.942100e-02 	3.987435e-01 
6.964900e-02 	3.968238e-01 
6.987800e-02 	3.949134e-01 
7.010600e-02 	3.930123e-01 
7.033500e-02 	3.911205e-01 
7.056300e-02 	3.892387e-01 
7.079100e-02 	3.873654e-01 
7.102000e-02 	3.855013e-01 
7.124800e-02 	3.836464e-01 
7.147600e-02 	3.818008e-01 
7.170500e-02 	3.799644e-01 
7.193300e-02 	3.781380e-01 
7.216200e-02 	3.763200e-01 
7.239000e-02 	3.745112e-01 
7.261800e-02 	3.727117e-01 
7.284700e-02 	3.709214e-01 
7.307500e-02 	3.691402e-01 
7.330400e-02 	3.673690e-01 
7.353200e-02 	3.656062e-01 
7.376000e-02 	3.638525e-01 
7.398900e-02 	3.621080e-01 
7.421700e-02 	3.603725e-01 
7.444500e-02 	3.586462e-01 
7.467400e-02 	3.569296e-01 
7.490200e-02 	3.552213e-01 
7.513100e-02 	3.535221e-01 
7.535900e-02 	3.518318e-01 
7.558700e-02 	3.501506e-01 
7.581600e-02 	3.484783e-01 
7.604400e-02 	3.468157e-01 
7.627300e-02 	3.451614e-01 
7.650100e-02 	3.435159e-01 
7.672900e-02 	3.418794e-01 
7.695800e-02 	3.402517e-01 
7.718600e-02 	3.386330e-01 
7.741400e-02 	3.370238e-01 
7.764300e-02 	3.354227e-01 
7.787100e-02 	3.338305e-01 
7.810000e-02 	3.322470e-01 
7.832800e-02 	3.306723e-01 
7.855600e-02 	3.291062e-01 
7.878500e-02 	3.275496e-01 
7.901300e-02 	3.260009e-01 
7.924200e-02 	3.244608e-01 
7.947000e-02 	3.229293e-01 
7.969800e-02 	3.214064e-01 
7.992700e-02 	3.198920e-01 
8.015500e-02 	3.183867e-01 
8.038300e-02 	3.168893e-01 
8.061200e-02 	3.154003e-01 
8.084000e-02 	3.139197e-01 
8.106900e-02 	3.124475e-01 
8.129700e-02 	3.109836e-01 
8.152500e-02 	3.095288e-01 
8.175400e-02 	3.080815e-01 
8.198200e-02 	3.066426e-01 
8.221100e-02 	3.052119e-01 
8.243900e-02 	3.037894e-01 
8.266700e-02 	3.023751e-01 
8.289600e-02 	3.009695e-01 
8.312400e-02 	2.995715e-01 
8.335200e-02 	2.981815e-01 
8.358100e-02 	2.967996e-01 
8.380900e-02 	2.954256e-01 
8.403800e-02 	2.940597e-01 
8.426600e-02 	2.927022e-01 
8.449400e-02 	2.913520e-01 
8.472300e-02 	2.900096e-01 
8.495100e-02 	2.886751e-01 
8.518000e-02 	2.873483e-01 
8.540800e-02 	2.860293e-01 
8.563600e-02 	2.847185e-01 
8.586500e-02 	2.834148e-01 
8.609300e-02 	2.821187e-01 
8.632100e-02 	2.808302e-01 
8.655000e-02 	2.795493e-01 
8.677800e-02 	2.782764e-01 
8.700700e-02 	2.770104e-01 
8.723500e-02 	2.757519e-01 
8.746300e-02 	2.745007e-01 
8.769200e-02 	2.732569e-01 
8.792000e-02 	2.720205e-01 
8.814800e-02 	2.707918e-01 
8.837700e-02 	2.695699e-01 
8.860500e-02 	2.683552e-01 
8.883400e-02 	2.671477e-01 
8.906200e-02 	2.659473e-01 
8.929000e-02 	2.647540e-01 
8.951900e-02 	2.635683e-01 
8.974700e-02 	2.623892e-01 
8.997500e-02 	2.612170e-01 
9.020400e-02 	2.600518e-01 
9.043200e-02 	2.588935e-01 
9.066100e-02 	2.577421e-01 
9.088900e-02 	2.565980e-01 
9.111700e-02 	2.554603e-01 
9.134600e-02 	2.543292e-01 
9.157400e-02 	2.532050e-01 
9.180300e-02 	2.520873e-01 
9.203100e-02 	2.509764e-01 
9.225900e-02 	2.498725e-01 
9.248800e-02 	2.487747e-01 
9.271600e-02 	2.476834e-01 
9.294400e-02 	2.465986e-01 
9.317300e-02 	2.455203e-01 
9.340100e-02 	2.444484e-01 
9.363000e-02 	2.433834e-01 
9.385800e-02 	2.423242e-01 
9.408600e-02 	2.412714e-01 
9.431500e-02 	2.402248e-01 
9.454300e-02 	2.391846e-01 
9.477200e-02 	2.381505e-01 
9.500000e-02 	2.371230e-01 
9.522800e-02 	2.361013e-01 
9.545700e-02 	2.350856e-01 
9.568500e-02 	2.340760e-01 
9.591300e-02 	2.330724e-01 
9.614200e-02 	2.320749e-01 
9.637000e-02 	2.310837e-01 
9.659900e-02 	2.300979e-01 
9.682700e-02 	2.291181e-01 
9.705500e-02 	2.281440e-01 
9.728400e-02 	2.271758e-01 
9.751200e-02 	2.262134e-01 
9.774100e-02 	2.252571e-01 
9.796900e-02 	2.243060e-01 
9.819700e-02 	2.233606e-01 
9.842600e-02 	2.224209e-01 
9.865400e-02 	2.214867e-01 
9.888200e-02 	2.205581e-01 
9.911100e-02 	2.196354e-01 
9.933900e-02 	2.187178e-01 
9.956800e-02 	2.178057e-01 
9.979600e-02 	2.168990e-01 
1.000240e-01 	2.159993e-01 
1.002530e-01 	2.151011e-01 
1.004810e-01 	2.142121e-01 
1.007100e-01 	2.133246e-01 
1.009380e-01 	2.124461e-01 
1.011660e-01 	2.115730e-01 
1.013950e-01 	2.107012e-01 
1.016230e-01 	2.098384e-01 
1.018510e-01 	2.089807e-01 
1.020800e-01 	2.081243e-01 
1.023080e-01 	2.072768e-01 
1.025370e-01 	2.064306e-01 
1.027650e-01 	2.055931e-01 
1.029930e-01 	2.047605e-01 
1.032220e-01 	2.039293e-01 
1.034500e-01 	2.031065e-01 
1.036790e-01 	2.022850e-01 
1.039070e-01 	2.014720e-01 
1.041350e-01 	2.006637e-01 
1.043640e-01 	1.998566e-01 
1.045920e-01 	1.990578e-01 
1.048200e-01 	1.982637e-01 
1.050490e-01 	1.974707e-01 
1.052770e-01 	1.966859e-01 
1.055060e-01 	1.959023e-01 
1.057340e-01 	1.951267e-01 
1.059620e-01 	1.943556e-01 
1.061910e-01 	1.935856e-01 
1.064190e-01 	1.928235e-01 
1.066470e-01 	1.920659e-01 
1.068760e-01 	1.913094e-01 
1.071040e-01 	1.905606e-01 
1.073330e-01 	1.898129e-01 
1.075610e-01 	1.890729e-01 
1.077890e-01 	1.883371e-01 
1.080180e-01 	1.876025e-01 
1.082460e-01 	1.868754e-01 
1.084750e-01 	1.861493e-01 
1.087030e-01 	1.854306e-01 
1.089310e-01 	1.847161e-01 
1.091600e-01 	1.840026e-01 
1.093880e-01 	1.832964e-01 
1.096160e-01 	1.825943e-01 
1.098450e-01 	1.818932e-01 
1.100730e-01 	1.811992e-01 
1.103020e-01 	1.805061e-01 
1.105300e-01 	1.798201e-01 
1.107580e-01 	1.791380e-01 
1.109870e-01 	1.784569e-01 
1.112150e-01 	1.777826e-01 
1.114440e-01 	1.771092e-01 
1.116720e-01 	1.764427e-01 
1.119000e-01 	1.757799e-01 
1.121290e-01 	1.751180e-01 
1.123570e-01 	1.744628e-01 
1.125850e-01 	1.738113e-01 
1.128140e-01 	1.731606e-01 
1.130420e-01 	1.725165e-01 
1.132710e-01 	1.718733e-01 
1.134990e-01 	1.712365e-01 
1.137270e-01 	1.706033e-01 
1.139560e-01 	1.699710e-01 
1.141840e-01 	1.693450e-01 
1.144130e-01 	1.687198e-01 
1.146410e-01 	1.681009e-01 
1.148690e-01 	1.674855e-01 
1.150980e-01 	1.668709e-01 
1.153260e-01 	1.662624e-01 
1.155540e-01 	1.656574e-01 
1.157830e-01 	1.650531e-01 
1.160110e-01 	1.644549e-01 
1.162400e-01 	1.638574e-01 
1.164680e-01 	1.632659e-01 
1.166960e-01 	1.626777e-01 
1.169250e-01 	1.620903e-01 
1.171530e-01 	1.615086e-01 
1.173810e-01 	1.609303e-01 
1.176100e-01 	1.603526e-01 
1.178380e-01 	1.597807e-01 
1.180670e-01 	1.592094e-01 
1.182950e-01 	1.586439e-01 
1.185230e-01 	1.580814e-01 
1.187520e-01 	1.575196e-01 
1.189800e-01 	1.569634e-01 
1.192090e-01 	1.564078e-01 
1.194370e-01 	1.558576e-01 
1.196650e-01 	1.553105e-01 
1.198940e-01 	1.547640e-01 
1.201220e-01 	1.542229e-01 
1.203500e-01 	1.536848e-01 
1.205790e-01 	1.531472e-01 
1.208070e-01 	1.526150e-01 
1.210360e-01 	1.520833e-01 
1.212640e-01 	1.515569e-01 
1.214920e-01 	1.510334e-01 
1.217210e-01 	1.505104e-01 
1.219490e-01 	1.499925e-01 
1.221780e-01 	1.494753e-01 
1.224060e-01 	1.489631e-01 
1.226340e-01 	1.484536e-01 
1.228630e-01 	1.479448e-01 
1.230910e-01 	1.474409e-01 
1.233190e-01 	1.469397e-01 
1.235480e-01 	1.464391e-01 
1.237760e-01 	1.459434e-01 
1.240050e-01 	1.454481e-01 
1.242330e-01 	1.449578e-01 
1.244610e-01 	1.444700e-01 
1.246900e-01 	1.439828e-01 
1.249180e-01 	1.435002e-01 
1.251470e-01 	1.430182e-01 
1.253750e-01 	1.425409e-01 
1.256030e-01 	1.420661e-01 
1.258320e-01 	1.415917e-01 
1.260600e-01 	1.411220e-01 
1.262880e-01 	1.406547e-01 
1.265170e-01 	1.401879e-01 
1.267450e-01 	1.397256e-01 
1.269740e-01 	1.392637e-01 
1.272020e-01 	1.388063e-01 
1.274300e-01 	1.383513e-01 
1.276590e-01 	1.378966e-01 
1.278870e-01 	1.374464e-01 
1.281160e-01 	1.369965e-01 
1.283440e-01 	1.365510e-01 
1.285720e-01 	1.361078e-01 
1.288010e-01 	1.356650e-01 
1.290290e-01 	1.352264e-01 
1.292570e-01 	1.347901e-01 
1.294860e-01 	1.343542e-01 
1.297140e-01 	1.339225e-01 
1.299430e-01 	1.334912e-01 
1.301710e-01 	1.330640e-01 
1.303990e-01 	1.326390e-01 
1.306280e-01 	1.322143e-01 
1.308560e-01 	1.317938e-01 
1.310840e-01 	1.313754e-01 
1.313130e-01 	1.309573e-01 
1.315410e-01 	1.305433e-01 
1.317700e-01 	1.301295e-01 
1.319980e-01 	1.297198e-01 
1.322260e-01 	1.293121e-01 
1.324550e-01 	1.289047e-01 
1.326830e-01 	1.285013e-01 
1.329120e-01 	1.280981e-01 
1.331400e-01 	1.276988e-01 
1.333680e-01 	1.273015e-01 
1.335970e-01 	1.269045e-01 
1.338250e-01 	1.265113e-01 
1.340530e-01 	1.261201e-01 
1.342820e-01 	1.257291e-01 
1.345100e-01 	1.253419e-01 
1.347390e-01 	1.249549e-01 
1.349670e-01 	1.245715e-01 
1.351950e-01 	1.241901e-01 
1.354240e-01 	1.238089e-01 
1.356520e-01 	1.234313e-01 
1.358810e-01 	1.230540e-01 
1.361090e-01 	1.226802e-01 
1.363370e-01 	1.223082e-01 
1.365660e-01 	1.219365e-01 
1.367940e-01 	1.215683e-01 
1.370220e-01 	1.212018e-01 
1.372510e-01 	1.208356e-01 
1.374790e-01 	1.204729e-01 
1.377080e-01 	1.201103e-01 
1.379360e-01 	1.197511e-01 
1.381640e-01 	1.193937e-01 
1.383930e-01 	1.190365e-01 
1.386210e-01 	1.186827e-01 
1.388500e-01 	1.183290e-01 
1.390780e-01 	1.179787e-01 
1.393060e-01 	1.176300e-01 
1.395350e-01 	1.172816e-01 
1.397630e-01 	1.169364e-01 
1.399910e-01 	1.165930e-01 
1.402200e-01 	1.162497e-01 
1.404480e-01 	1.159096e-01 
1.406770e-01 	1.155697e-01 
1.409050e-01 	1.152330e-01 
1.411330e-01 	1.148979e-01 
1.413620e-01 	1.145630e-01 
1.415900e-01 	1.142313e-01 
1.418180e-01 	1.139011e-01 
1.420470e-01 	1.135711e-01 
1.422750e-01 	1.132442e-01 
1.425040e-01 	1.129174e-01 
1.427320e-01 	1.125936e-01 
1.429600e-01 	1.122715e-01 
1.431890e-01 	1.119494e-01 
1.434170e-01 	1.116303e-01 
1.436460e-01 	1.113114e-01 
1.438740e-01 	1.109954e-01 
1.441020e-01 	1.106809e-01 
1.443310e-01 	1.103665e-01 
1.445590e-01 	1.100550e-01 
1.447870e-01 	1.097450e-01 
1.450160e-01 	1.094352e-01 
1.452440e-01 	1.091281e-01 
1.454730e-01 	1.088212e-01 
1.457010e-01 	1.085171e-01 
1.459290e-01 	1.082144e-01 
1.461580e-01 	1.079119e-01 
1.463860e-01 	1.076121e-01 
1.466150e-01 	1.073125e-01 
1.468430e-01 	1.070155e-01 
1.470710e-01 	1.067200e-01 
1.473000e-01 	1.064246e-01 
1.475280e-01 	1.061319e-01 
1.477560e-01 	1.058406e-01 
1.479850e-01 	1.055494e-01 
1.482130e-01 	1.052608e-01 
1.484420e-01 	1.049724e-01 
1.486700e-01 	1.046866e-01 
1.488980e-01 	1.044021e-01 
1.491270e-01 	1.041177e-01 
1.493550e-01 	1.038359e-01 
1.495840e-01 	1.035542e-01 
1.498120e-01 	1.032751e-01 
1.500400e-01 	1.029972e-01 
1.502690e-01 	1.027195e-01 
1.504970e-01 	1.024443e-01 
1.507250e-01 	1.021704e-01 
1.509540e-01 	1.018965e-01 
1.511820e-01 	1.016251e-01 
1.514110e-01 	1.013539e-01 
1.516390e-01 	1.010850e-01 
1.518670e-01 	1.008174e-01 
1.520960e-01 	1.005499e-01 
1.523240e-01 	1.002848e-01 
1.525530e-01 	1.000197e-01 
1.527810e-01 	9.975706e-02 
1.530090e-01 	9.949559e-02 
1.532380e-01 	9.923419e-02 
1.534660e-01 	9.897513e-02 
1.536940e-01 	9.871725e-02 
1.539230e-01 	9.845943e-02 
1.541510e-01 	9.820390e-02 
1.543800e-01 	9.794843e-02 
1.546080e-01 	9.769522e-02 
1.548360e-01 	9.744317e-02 
1.550650e-01 	9.719116e-02 
1.552930e-01 	9.694139e-02 
1.555210e-01 	9.669275e-02 
1.557500e-01 	9.644416e-02 
1.559780e-01 	9.619777e-02 
1.562070e-01 	9.595144e-02 
1.564350e-01 	9.570729e-02 
1.566630e-01 	9.546425e-02 
1.568920e-01 	9.522124e-02 
1.571200e-01 	9.498040e-02 
1.573490e-01 	9.473959e-02 
1.575770e-01 	9.450093e-02 
1.578050e-01 	9.426334e-02 
1.580340e-01 	9.402578e-02 
1.582620e-01 	9.379033e-02 
1.584900e-01 	9.355594e-02 
1.587190e-01 	9.332158e-02 
1.589470e-01 	9.308930e-02 
1.591760e-01 	9.285705e-02 
1.594040e-01 	9.262685e-02 
1.596320e-01 	9.239768e-02 
1.598610e-01 	9.216854e-02 
1.600890e-01 	9.194143e-02 
1.603180e-01 	9.171434e-02 
1.605460e-01 	9.148925e-02 
1.607740e-01 	9.126516e-02 
1.610030e-01 	9.104109e-02 
1.612310e-01 	9.081900e-02 
1.614590e-01 	9.059790e-02 
1.616880e-01 	9.037682e-02 
1.619160e-01 	9.015768e-02 
1.621450e-01 	8.993856e-02 
1.623730e-01 	8.972136e-02 
1.626010e-01 	8.950513e-02 
1.628300e-01 	8.928892e-02 
1.630580e-01 	8.907460e-02 
1.632870e-01 	8.886030e-02 
1.635150e-01 	8.864788e-02 
1.637430e-01 	8.843639e-02 
1.639720e-01 	8.822492e-02 
1.642000e-01 	8.801530e-02 
1.644280e-01 	8.780661e-02 
1.646570e-01 	8.759792e-02 
1.648850e-01 	8.739106e-02 
1.651140e-01 	8.718420e-02 
1.653420e-01 	8.697916e-02 
1.655700e-01 	8.677501e-02 
1.657990e-01 	8.657087e-02 
1.660270e-01 	8.636850e-02 
1.662550e-01 	8.616702e-02 
1.664840e-01 	8.596554e-02 
1.667120e-01 	8.576582e-02 
1.669410e-01 	8.556608e-02 
1.671690e-01 	8.536808e-02 
1.673970e-01 	8.517094e-02 
1.676260e-01 	8.497379e-02 
1.678540e-01 	8.477834e-02 
1.680830e-01 	8.458288e-02 
1.683110e-01 	8.438912e-02 
1.685390e-01 	8.419618e-02 
1.687680e-01 	8.400323e-02 
1.689960e-01 	8.381195e-02 
1.692240e-01 	8.362148e-02 
1.694530e-01 	8.343100e-02 
1.696810e-01 	8.324215e-02 
1.699100e-01 	8.305329e-02 
1.701380e-01 	8.286605e-02 
1.703660e-01 	8.267960e-02 
1.705950e-01 	8.249313e-02 
1.708230e-01 	8.230825e-02 
1.710520e-01 	8.212335e-02 
1.712800e-01 	8.194004e-02 
1.715080e-01 	8.175749e-02 
1.717370e-01 	8.157492e-02 
1.719650e-01 	8.139390e-02 
1.721930e-01 	8.121364e-02 
1.724220e-01 	8.103335e-02 
1.726500e-01 	8.085460e-02 
1.728790e-01 	8.067581e-02 
1.731070e-01 	8.049854e-02 
1.733350e-01 	8.032201e-02 
1.735640e-01 	8.014544e-02 
1.737920e-01 	7.997038e-02 
1.740210e-01 	7.979528e-02 
1.742490e-01 	7.962167e-02 
1.744770e-01 	7.944878e-02 
1.747060e-01 	7.927586e-02 
1.749340e-01 	7.910441e-02 
1.751620e-01 	7.893367e-02 
1.753910e-01 	7.876290e-02 
1.756190e-01 	7.859359e-02 
1.758480e-01 	7.842424e-02 
1.760760e-01 	7.825633e-02 
1.763040e-01 	7.808912e-02 
1.765330e-01 	7.792188e-02 
1.767610e-01 	7.775607e-02 
1.769900e-01 	7.759022e-02 
1.772180e-01 	7.742579e-02 
1.774460e-01 	7.726204e-02 
1.776750e-01 	7.709826e-02 
1.779030e-01 	7.693588e-02 
1.781310e-01 	7.677417e-02 
1.783600e-01 	7.661243e-02 
1.785880e-01 	7.645206e-02 
1.788170e-01 	7.629166e-02 
1.790450e-01 	7.613262e-02 
1.792730e-01 	7.597423e-02 
1.795020e-01 	7.581581e-02 
1.797300e-01 	7.565873e-02 
1.799580e-01 	7.550230e-02 
1.801870e-01 	7.534583e-02 
1.804150e-01 	7.519068e-02 
1.806440e-01 	7.503549e-02 
1.808720e-01 	7.488161e-02 
1.811000e-01 	7.472836e-02 
1.813290e-01 	7.457506e-02 
1.815570e-01 	7.442306e-02 
1.817860e-01 	7.427101e-02 
1.820140e-01 	7.412024e-02 
1.822420e-01 	7.397007e-02 
1.824710e-01 	7.381986e-02 
1.826990e-01 	7.367090e-02 
1.829270e-01 	7.352254e-02 
1.831560e-01 	7.337413e-02 
1.833840e-01 	7.322696e-02 
1.836130e-01 	7.307973e-02 
1.838410e-01 	7.293373e-02 
1.840690e-01 	7.278830e-02 
1.842980e-01 	7.264282e-02 
1.845260e-01 	7.249855e-02 
1.847550e-01 	7.235421e-02 
1.849830e-01 	7.221107e-02 
1.852110e-01 	7.206849e-02 
1.854400e-01 	7.192584e-02 
1.856680e-01 	7.178438e-02 
1.858960e-01 	7.164346e-02 
1.861250e-01 	7.150248e-02 
1.863530e-01 	7.136266e-02 
1.865820e-01 	7.122277e-02 
1.868100e-01 	7.108404e-02 
1.870380e-01 	7.094584e-02 
1.872670e-01 	7.080757e-02 
1.874950e-01 	7.067045e-02 
1.877240e-01 	7.053325e-02 
1.879520e-01 	7.039718e-02 
1.881800e-01 	7.026164e-02 
1.884090e-01 	7.012603e-02 
1.886370e-01 	6.999154e-02 
1.888650e-01 	6.985757e-02 
1.890940e-01 	6.972353e-02 
1.893220e-01 	6.959059e-02 
1.895510e-01 	6.945759e-02 
1.897790e-01 	6.932568e-02 
1.900070e-01 	6.919428e-02 
1.902360e-01 	6.906281e-02 
1.904640e-01 	6.893242e-02 
1.906920e-01 	6.880254e-02 
1.909210e-01 	6.867259e-02 
1.911490e-01 	6.854371e-02 
1.913780e-01 	6.841476e-02 
1.916060e-01 	6.828688e-02 
1.918340e-01 	6.815948e-02 
1.920630e-01 	6.803202e-02 
1.922910e-01 	6.790560e-02 
1.925200e-01 	6.777912e-02 
1.927480e-01 	6.765367e-02 
1.929760e-01 	6.752871e-02 
1.932050e-01 	6.740367e-02 
1.934330e-01 	6.727967e-02 
1.936610e-01 	6.715613e-02 
1.938900e-01 	6.703254e-02 
1.941180e-01 	6.690995e-02 
1.943470e-01 	6.678729e-02 
1.945750e-01 	6.666564e-02 
1.948030e-01 	6.654445e-02 
1.950320e-01 	6.642319e-02 
1.952600e-01 	6.630292e-02 
1.954890e-01 	6.618257e-02 
1.957170e-01 	6.606321e-02 
1.959450e-01 	6.594430e-02 
1.961740e-01 	6.582531e-02 
1.964020e-01 	6.570729e-02 
1.966300e-01 	6.558971e-02 
1.968590e-01 	6.547206e-02 
1.970870e-01 	6.535536e-02 
1.973160e-01 	6.523859e-02 
1.975440e-01 	6.512276e-02 
1.977720e-01 	6.500736e-02 
1.980010e-01 	6.489189e-02 
1.982290e-01 	6.477734e-02 
1.984580e-01 	6.466273e-02 
1.986860e-01 	6.454903e-02 
1.989140e-01 	6.443576e-02 
1.991430e-01 	6.432241e-02 
1.993710e-01 	6.420998e-02 
1.995990e-01 	6.409795e-02 
1.998280e-01 	6.398585e-02 
2.000560e-01 	6.387466e-02 
2.002850e-01 	6.376338e-02 
2.005130e-01 	6.365300e-02 
2.007410e-01 	6.354303e-02 
2.009700e-01 	6.343298e-02 
2.011980e-01 	6.332381e-02 
2.014270e-01 	6.321456e-02 
2.016550e-01 	6.310619e-02 
2.018830e-01 	6.299822e-02 
2.021120e-01 	6.289017e-02 
2.023400e-01 	6.278299e-02 
2.025680e-01 	6.267619e-02 
2.027970e-01 	6.256932e-02 
2.030250e-01 	6.246330e-02 
2.032540e-01 	6.235720e-02 
2.034820e-01 	6.225195e-02 
2.037100e-01 	6.214708e-02 
2.039390e-01 	6.204212e-02 
2.041670e-01 	6.193801e-02 
2.043950e-01 	6.183427e-02 
2.046240e-01 	6.173045e-02 
2.048520e-01 	6.162745e-02 
2.050810e-01 	6.152438e-02 
2.053090e-01 	6.142212e-02 
2.055370e-01 	6.132023e-02 
2.057660e-01 	6.121826e-02 
2.059940e-01 	6.111709e-02 
2.062230e-01 	6.101585e-02 
2.064510e-01 	6.091540e-02 
2.066790e-01 	6.081531e-02 
2.069080e-01 	6.071515e-02 
2.071360e-01 	6.061577e-02 
2.073640e-01 	6.051675e-02 
2.075930e-01 	6.041764e-02 
2.078210e-01 	6.031932e-02 
2.080500e-01 	6.022092e-02 
2.082780e-01 	6.012330e-02 
2.085060e-01 	6.002602e-02 
2.087350e-01 	5.992866e-02 
2.089630e-01 	5.983207e-02 
2.091920e-01 	5.973540e-02 
2.094200e-01 	5.963950e-02 
2.096480e-01 	5.954393e-02 
2.098770e-01 	5.944828e-02 
2.101050e-01 	5.935338e-02 
2.103330e-01 	5.925881e-02 
2.105620e-01 	5.916417e-02 
2.107900e-01 	5.907026e-02 
2.110190e-01 	5.897628e-02 
2.112470e-01 	5.888303e-02 
2.114750e-01 	5.879010e-02 
2.117040e-01 	5.869710e-02 
2.119320e-01 	5.860482e-02 
2.121610e-01 	5.851246e-02 
2.123890e-01 	5.842082e-02 
2.126170e-01 	5.832950e-02 
2.128460e-01 	5.823810e-02 
2.130740e-01 	5.814741e-02 
2.133020e-01 	5.805704e-02 
2.135310e-01 	5.796659e-02 
2.137590e-01 	5.787684e-02 
2.139880e-01 	5.778701e-02 
2.142160e-01 	5.769789e-02 
2.144440e-01 	5.760907e-02 
2.146730e-01 	5.752017e-02 
2.149010e-01 	5.743197e-02 
2.151290e-01 	5.734407e-02 
2.153580e-01 	5.725609e-02 
2.155860e-01 	5.716880e-02 
2.158150e-01 	5.708142e-02 
2.160430e-01 	5.699473e-02 
2.162710e-01 	5.690834e-02 
2.165000e-01 	5.682186e-02 
2.167280e-01 	5.673606e-02 
2.169570e-01 	5.665018e-02 
2.171850e-01 	5.656496e-02 
2.174130e-01 	5.648004e-02 
2.176420e-01 	5.639504e-02 
2.178700e-01 	5.631070e-02 
2.180980e-01 	5.622664e-02 
2.183270e-01 	5.614251e-02 
2.185550e-01 	5.605903e-02 
2.187840e-01 	5.597547e-02 
2.190120e-01 	5.589255e-02 
2.192400e-01 	5.580992e-02 
2.194690e-01 	5.572721e-02 
2.196970e-01 	5.564514e-02 
2.199260e-01 	5.556299e-02 
2.201540e-01 	5.548148e-02 
2.203820e-01 	5.540024e-02 
2.206110e-01 	5.531892e-02 
2.208390e-01 	5.523823e-02 
2.210670e-01 	5.515781e-02 
2.212960e-01 	5.507731e-02 
2.215240e-01 	5.499743e-02 
2.217530e-01 	5.491747e-02 
2.219810e-01 	5.483813e-02 
2.222090e-01 	5.475905e-02 
2.224380e-01 	5.467989e-02 
2.226660e-01 	5.460134e-02 
2.228950e-01 	5.452271e-02 
2.231230e-01 	5.444469e-02 
2.233510e-01 	5.436692e-02 
2.235800e-01 	5.428908e-02 
2.238080e-01 	5.421183e-02 
2.240360e-01 	5.413483e-02 
2.242650e-01 	5.405776e-02 
2.244930e-01 	5.398127e-02 
2.247220e-01 	5.390470e-02 
2.249500e-01 	5.382872e-02 
2.251780e-01 	5.375299e-02 
2.254070e-01 	5.367717e-02 
2.256350e-01 	5.360193e-02 
2.258640e-01 	5.352662e-02 
2.260920e-01 	5.345187e-02 
2.263200e-01 	5.337737e-02 
2.265490e-01 	5.330279e-02 
2.267770e-01 	5.322877e-02 
2.270050e-01 	5.315499e-02 
2.272340e-01 	5.308113e-02 
2.274620e-01 	5.300784e-02 
2.276910e-01 	5.293446e-02 
2.279190e-01 	5.286163e-02 
2.281470e-01 	5.278904e-02 
2.283760e-01 	5.271637e-02 
2.286040e-01 	5.264425e-02 
2.288320e-01 	5.257236e-02 
2.290610e-01 	5.250040e-02 
2.292890e-01 	5.242897e-02 
2.295180e-01 	5.235747e-02 
2.297460e-01 	5.228650e-02 
2.299740e-01 	5.221577e-02 
2.302030e-01 	5.214495e-02 
2.304310e-01 	5.207467e-02 
2.306600e-01 	5.200431e-02 
2.308880e-01 	5.193448e-02 
2.311160e-01 	5.186487e-02 
2.313450e-01 	5.179519e-02 
2.315730e-01 	5.172603e-02 
2.318010e-01 	5.165709e-02 
2.320300e-01 	5.158807e-02 
2.322580e-01 	5.151957e-02 
2.324870e-01 	5.145099e-02 
2.327150e-01 	5.138293e-02 
2.329430e-01 	5.131508e-02 
2.331720e-01 	5.124716e-02 
2.334000e-01 	5.117974e-02 
2.336290e-01 	5.111225e-02 
2.338570e-01 	5.104526e-02 
2.340850e-01 	5.097849e-02 
2.343140e-01 	5.091164e-02 
2.345420e-01 	5.084528e-02 
2.347700e-01 	5.077914e-02 
2.349990e-01 	5.071292e-02 
2.352270e-01 	5.064720e-02 
2.354560e-01 	5.058139e-02 
2.356840e-01 	5.051608e-02 
2.359120e-01 	5.045097e-02 
2.361410e-01 	5.038579e-02 
2.363690e-01 	5.032109e-02 
2.365980e-01 	5.025631e-02 
2.368260e-01 	5.019202e-02 
2.370540e-01 	5.012792e-02 
2.372830e-01 	5.006375e-02 
2.375110e-01 	5.000005e-02 
2.377390e-01 	4.993656e-02 
2.379680e-01 	4.987298e-02 
2.381960e-01 	4.980988e-02 
2.384250e-01 	4.974670e-02 
2.386530e-01 	4.968398e-02 
2.388810e-01 	4.962147e-02 
2.391100e-01 	4.955887e-02 
2.393380e-01 	4.949673e-02 
2.395660e-01 	4.943479e-02 
2.397950e-01 	4.937276e-02 
2.400230e-01 	4.931120e-02 
2.402520e-01 	4.924956e-02 
2.404800e-01 	4.918837e-02 
2.407080e-01 	4.912737e-02 
2.409370e-01 	4.906628e-02 
2.411650e-01 	4.900565e-02 
2.413940e-01 	4.894494e-02 
2.416220e-01 	4.888467e-02 
2.418500e-01 	4.882459e-02 
2.420790e-01 	4.876443e-02 
2.423070e-01 	4.870471e-02 
2.425350e-01 	4.864516e-02 
2.427640e-01 	4.858554e-02 
2.429920e-01 	4.852635e-02 
2.432210e-01 	4.846709e-02 
2.434490e-01 	4.840825e-02 
2.436770e-01 	4.834959e-02 
2.439060e-01 	4.829085e-02 
2.441340e-01 	4.823254e-02 
2.443630e-01 	4.817415e-02 
2.445910e-01 	4.811618e-02 
2.448190e-01 	4.805838e-02 
2.450480e-01 	4.800050e-02 
2.452760e-01 	4.794305e-02 
2.455040e-01 	4.788576e-02 
2.457330e-01 	4.782839e-02 
2.459610e-01 	4.777144e-02 
2.461900e-01 	4.771440e-02 
2.464180e-01 	4.765779e-02 
2.466460e-01 	4.760133e-02 
2.468750e-01 	4.754480e-02 
2.471030e-01 	4.748868e-02 
2.473320e-01 	4.743247e-02 
2.475600e-01 	4.737668e-02 
2.477880e-01 	4.732104e-02 
2.480170e-01 	4.726533e-02 
2.482450e-01 	4.721001e-02 
2.484730e-01 	4.715486e-02 
2.487020e-01 	4.709963e-02 
2.489300e-01 	4.704480e-02 
2.491590e-01 	4.698988e-02 
2.493870e-01 	4.693537e-02 
2.496150e-01 	4.688101e-02 
2.498440e-01 	4.682657e-02 
2.500720e-01 	4.677252e-02 
2.503010e-01 	4.671839e-02 
2.505290e-01 	4.666466e-02 
2.507570e-01 	4.661107e-02 
2.509860e-01 	4.655741e-02 
2.512140e-01 	4.650413e-02 
2.514420e-01 	4.645100e-02 
2.516710e-01 	4.639779e-02 
2.518990e-01 	4.634497e-02 
2.521280e-01 	4.629206e-02 
2.523560e-01 	4.623953e-02 
2.525840e-01 	4.618715e-02 
2.528130e-01 	4.613469e-02 
2.530410e-01 	4.608261e-02 
2.532690e-01 	4.603067e-02 
2.534980e-01 	4.597865e-02 
2.537260e-01 	4.592701e-02 
2.539550e-01 	4.587528e-02 
2.541830e-01 	4.582392e-02 
2.544110e-01 	4.577270e-02 
2.546400e-01 	4.572141e-02 
2.548680e-01 	4.567048e-02 
2.550970e-01 	4.561946e-02 
2.553250e-01 	4.556881e-02 
2.555530e-01 	4.551830e-02 
2.557820e-01 	4.546771e-02 
2.560100e-01 	4.541748e-02 
2.562380e-01 	4.536738e-02 
2.564670e-01 	4.531721e-02 
2.566950e-01 	4.526738e-02 
2.569240e-01 	4.521748e-02 
2.571520e-01 	4.516793e-02 
2.573800e-01 	4.511851e-02 
2.576090e-01 	4.506902e-02 
2.578370e-01 	4.501987e-02 
2.580660e-01 	4.497064e-02 
2.582940e-01 	4.492175e-02 
2.585220e-01 	4.487300e-02 
2.587510e-01 	4.482416e-02 
2.589790e-01 	4.477567e-02 
2.592070e-01 	4.472731e-02 
2.594360e-01 	4.467886e-02 
2.596640e-01 	4.463076e-02 
2.598930e-01 	4.458257e-02 
2.601210e-01 	4.453472e-02 
2.603490e-01 	4.448700e-02 
2.605780e-01 	4.443920e-02 
2.608060e-01 	4.439172e-02 
2.610350e-01 	4.434417e-02 
2.612630e-01 	4.429695e-02 
2.614910e-01 	4.424985e-02 
2.617200e-01 	4.420267e-02 
2.619480e-01 	4.415582e-02 
2.621760e-01 	4.410909e-02 
2.624050e-01 	4.406228e-02 
2.626330e-01 	4.401579e-02 
2.628620e-01 	4.396922e-02 
2.630900e-01 	4.392298e-02 
2.633180e-01 	4.387685e-02 
2.635470e-01 	4.383064e-02 
2.637750e-01 	4.378475e-02 
2.640030e-01 	4.373898e-02 
2.642320e-01 	4.369313e-02 
2.644600e-01 	4.364759e-02 
2.646890e-01 	4.360197e-02 
2.649170e-01 	4.355667e-02 
2.651450e-01 	4.351148e-02 
2.653740e-01 	4.346622e-02 
2.656020e-01 	4.342126e-02 
2.658310e-01 	4.337622e-02 
2.660590e-01 	4.333150e-02 
2.662870e-01 	4.328688e-02 
2.665160e-01 	4.324219e-02 
2.667440e-01 	4.319780e-02 
2.669720e-01 	4.315353e-02 
2.672010e-01 	4.310917e-02 
2.674290e-01 	4.306512e-02 
2.676580e-01 	4.302098e-02 
2.678860e-01 	4.297715e-02 
2.681140e-01 	4.293343e-02 
2.683430e-01 	4.288963e-02 
2.685710e-01 	4.284613e-02 
2.688000e-01 	4.280254e-02 
2.690280e-01 	4.275926e-02 
2.692560e-01 	4.271608e-02 
2.694850e-01 	4.267282e-02 
2.697130e-01 	4.262985e-02 
2.699410e-01 	4.258700e-02 
2.701700e-01 	4.254406e-02 
2.703980e-01 	4.250141e-02 
2.706270e-01 	4.245868e-02 
2.708550e-01 	4.241624e-02 
2.710830e-01 	4.237391e-02 
2.713120e-01 	4.233149e-02 
2.715400e-01 	4.228937e-02 
2.717690e-01 	4.224716e-02 
2.719970e-01 	4.220524e-02 
2.722250e-01 	4.216342e-02 
2.724540e-01 	4.212151e-02 
2.726820e-01 	4.207990e-02 
2.729100e-01 	4.203838e-02 
2.731390e-01 	4.199678e-02 
2.733670e-01 	4.195546e-02 
2.735960e-01 	4.191406e-02 
2.738240e-01 	4.187294e-02 
2.740520e-01 	4.183191e-02 
2.742810e-01 	4.179081e-02 
2.745090e-01 	4.174998e-02 
2.747370e-01 	4.170925e-02 
2.749660e-01 	4.166844e-02 
2.751940e-01 	4.162790e-02 
2.754230e-01 	4.158728e-02 
2.756510e-01 	4.154693e-02 
2.758790e-01 	4.150668e-02 
2.761080e-01 	4.146635e-02 
2.763360e-01 	4.142629e-02 
2.765650e-01 	4.138614e-02 
2.767930e-01 	4.134627e-02 
2.770210e-01 	4.130649e-02 
2.772500e-01 	4.126663e-02 
2.774780e-01 	4.122703e-02 
2.777060e-01 	4.118753e-02 
2.779350e-01 	4.114794e-02 
2.781630e-01 	4.110862e-02 
2.783920e-01 	4.106922e-02 
2.786200e-01 	4.103008e-02 
2.788480e-01 	4.099104e-02 
2.790770e-01 	4.095191e-02 
2.793050e-01 	4.091304e-02 
2.795340e-01 	4.087409e-02 
2.797620e-01 	4.083540e-02 
2.799900e-01 	4.079679e-02 
2.802190e-01 	4.075811e-02 
2.804470e-01 	4.071968e-02 
2.806750e-01 	4.068134e-02 
2.809040e-01 	4.064292e-02 
2.811320e-01 	4.060476e-02 
2.813610e-01 	4.056651e-02 
2.815890e-01 	4.052851e-02 
2.818170e-01 	4.049061e-02 
2.820460e-01 	4.045262e-02 
2.822740e-01 	4.041488e-02 
2.825030e-01 	4.037706e-02 
2.827310e-01 	4.033949e-02 
2.829590e-01 	4.030200e-02 
2.831880e-01 	4.026444e-02 
2.834160e-01 	4.022712e-02 
2.836440e-01 	4.018988e-02 
2.838730e-01 	4.015256e-02 
2.841010e-01 	4.011549e-02 
2.843300e-01 	4.007834e-02 
2.845580e-01 	4.004143e-02 
2.847860e-01 	4.000461e-02 
2.850150e-01 	3.996770e-02 
2.852430e-01 	3.993104e-02 
2.854720e-01 	3.989429e-02 
2.857000e-01 	3.985779e-02 
2.859280e-01 	3.982137e-02 
2.861570e-01 	3.978486e-02 
2.863850e-01 	3.974860e-02 
2.866130e-01 	3.971241e-02 
2.868420e-01 	3.967615e-02 
2.870700e-01 	3.964012e-02 
2.872990e-01 	3.960401e-02 
2.875270e-01 	3.956814e-02 
2.877550e-01 	3.953235e-02 
2.879840e-01 	3.949647e-02 
2.882120e-01 	3.946083e-02 
2.884400e-01 	3.942527e-02 
2.886690e-01 	3.938962e-02 
2.888970e-01 	3.935421e-02 
2.891260e-01 	3.931872e-02 
2.893540e-01 	3.928346e-02 
2.895820e-01 	3.924827e-02 
2.898110e-01 	3.921301e-02 
2.900390e-01 	3.917797e-02 
2.902680e-01 	3.914286e-02 
2.904960e-01 	3.910797e-02 
2.907240e-01 	3.907315e-02 
2.909530e-01 	3.903826e-02 
2.911810e-01 	3.900359e-02 
2.914090e-01 	3.896899e-02 
2.916380e-01 	3.893432e-02 
2.918660e-01 	3.889987e-02 
2.920950e-01 	3.886534e-02 
2.923230e-01 	3.883103e-02 
2.925510e-01 	3.879680e-02 
2.927800e-01 	3.876248e-02 
2.930080e-01 	3.872839e-02 
2.932370e-01 	3.869422e-02 
2.934650e-01 	3.866026e-02 
2.936930e-01 	3.862638e-02 
2.939220e-01 	3.859242e-02 
2.941500e-01 	3.855868e-02 
2.943780e-01 	3.852500e-02 
2.946070e-01 	3.849125e-02 
2.948350e-01 	3.845771e-02 
2.950640e-01 	3.842410e-02 
2.952920e-01 	3.839070e-02 
2.955200e-01 	3.835736e-02 
2.957490e-01 	3.832395e-02 
2.959770e-01 	3.829076e-02 
2.962060e-01 	3.825748e-02 
2.964340e-01 	3.822442e-02 
2.966620e-01 	3.819142e-02 
2.968910e-01 	3.815835e-02 
2.971190e-01 	3.812548e-02 
2.973470e-01 	3.809268e-02 
2.975760e-01 	3.805981e-02 
2.978040e-01 	3.802714e-02 
2.980330e-01 	3.799439e-02 
2.982610e-01 	3.796186e-02 
2.984890e-01 	3.792938e-02 
2.987180e-01 	3.789683e-02 
2.989460e-01 	3.786449e-02 
2.991740e-01 	3.783220e-02 
2.994030e-01 	3.779984e-02 
2.996310e-01 	3.776769e-02 
2.998600e-01 	3.773546e-02 
3.000880e-01 	3.770343e-02 
3.003160e-01 	3.767146e-02 
3.005450e-01 	3.763942e-02 
3.007730e-01 	3.760758e-02 
3.010020e-01 	3.757566e-02 
3.012300e-01 	3.754394e-02 
3.014580e-01 	3.751228e-02 
3.016870e-01 	3.748055e-02 
3.019150e-01 	3.744901e-02 
3.021430e-01 	3.741754e-02 
3.023720e-01 	3.738599e-02 
3.026000e-01 	3.735464e-02 
3.028290e-01 	3.732321e-02 
3.030570e-01 	3.729197e-02 
3.032850e-01 	3.726080e-02 
3.035140e-01 	3.722955e-02 
3.037420e-01 	3.719849e-02 
3.039710e-01 	3.716736e-02 
3.041990e-01 	3.713642e-02 
3.044270e-01 	3.710553e-02 
3.046560e-01 	3.707458e-02 
3.048840e-01 	3.704381e-02 
3.051120e-01 	3.701310e-02 
3.053410e-01 	3.698232e-02 
3.055690e-01 	3.695172e-02 
3.057980e-01 	3.692105e-02 
3.060260e-01 	3.689057e-02 
3.062540e-01 	3.686015e-02 
3.064830e-01 	3.682965e-02 
3.067110e-01 	3.679934e-02 
3.069400e-01 	3.676895e-02 
3.071680e-01 	3.673875e-02 
3.073960e-01 	3.670860e-02 
3.076250e-01 	3.667838e-02 
3.078530e-01 	3.664834e-02 
3.080810e-01 	3.661836e-02 
3.083100e-01 	3.658830e-02 
3.085380e-01 	3.655842e-02 
3.087670e-01 	3.652847e-02 
3.089950e-01 	3.649871e-02 
3.092230e-01 	3.646899e-02 
3.094520e-01 	3.643920e-02 
3.096800e-01 	3.640960e-02 
3.099090e-01 	3.637991e-02 
3.101370e-01 	3.635041e-02 
3.103650e-01 	3.632096e-02 
3.105940e-01 	3.629143e-02 
3.108220e-01 	3.626208e-02 
3.110500e-01 	3.623279e-02 
3.112790e-01 	3.620341e-02 
3.115070e-01 	3.617422e-02 
3.117360e-01 	3.614495e-02 
3.119640e-01 	3.611586e-02 
3.121920e-01 	3.608682e-02 
3.124210e-01 	3.605770e-02 
3.126490e-01 	3.602876e-02 
3.128770e-01 	3.599987e-02 
3.131060e-01 	3.597090e-02 
3.133340e-01 	3.594211e-02 
3.135630e-01 	3.591324e-02 
3.137910e-01 	3.588454e-02 
3.140190e-01 	3.585590e-02 
3.142480e-01 	3.582718e-02 
3.144760e-01 	3.579863e-02 
3.147050e-01 	3.577000e-02 
3.149330e-01 	3.574155e-02 
3.151610e-01 	3.571315e-02 
3.153900e-01 	3.568467e-02 
3.156180e-01 	3.565636e-02 
3.158460e-01 	3.562810e-02 
3.160750e-01 	3.559976e-02 
3.163030e-01 	3.557159e-02 
3.165320e-01 	3.554335e-02 
3.167600e-01 	3.551527e-02 
3.169880e-01 	3.548725e-02 
3.172170e-01 	3.545914e-02 
3.174450e-01 	3.543121e-02 
3.176740e-01 	3.540319e-02 
3.179020e-01 	3.537535e-02 
3.181300e-01 	3.534755e-02 
3.183590e-01 	3.531967e-02 
3.185870e-01 	3.529196e-02 
3.188150e-01 	3.526430e-02 
3.190440e-01 	3.523656e-02 
3.192720e-01 	3.520898e-02 
3.195010e-01 	3.518133e-02 
3.197290e-01 	3.515384e-02 
3.199570e-01 	3.512640e-02 
3.201860e-01 	3.509888e-02 
3.204140e-01 	3.507152e-02 
3.206430e-01 	3.504409e-02 
3.208710e-01 	3.501682e-02 
3.210990e-01 	3.498959e-02 
3.213280e-01 	3.496229e-02 
3.215560e-01 	3.493515e-02 
3.217840e-01 	3.490805e-02 
3.220130e-01 	3.488088e-02 
3.222410e-01 	3.485386e-02 
3.224700e-01 	3.482677e-02 
3.226980e-01 	3.479984e-02 
3.229260e-01 	3.477295e-02 
3.231550e-01 	3.474599e-02 
3.233830e-01 	3.471918e-02 
3.236110e-01 	3.469242e-02 
3.238400e-01 	3.466558e-02 
3.240680e-01 	3.463889e-02 
3.242970e-01 	3.461214e-02 
3.245250e-01 	3.458553e-02 
3.247530e-01 	3.455897e-02 
3.249820e-01 	3.453233e-02 
3.252100e-01 	3.450585e-02 
3.254390e-01 	3.447929e-02 
3.256670e-01 	3.445289e-02 
3.258950e-01 	3.442652e-02 
3.261240e-01 	3.440008e-02 
3.263520e-01 	3.437380e-02 
3.265800e-01 	3.434755e-02 
3.268090e-01 	3.432122e-02 
3.270370e-01 	3.429505e-02 
3.272660e-01 	3.426880e-02 
3.274940e-01 	3.424271e-02 
3.277220e-01 	3.421665e-02 
3.279510e-01 	3.419052e-02 
3.281790e-01 	3.416454e-02 
3.284080e-01 	3.413848e-02 
3.286360e-01 	3.411257e-02 
3.288640e-01 	3.408670e-02 
3.290930e-01 	3.406075e-02 
3.293210e-01 	3.403496e-02 
3.295490e-01 	3.400920e-02 
3.297780e-01 	3.398336e-02 
3.300060e-01 	3.395767e-02 
3.302350e-01 	3.393191e-02 
3.304630e-01 	3.390629e-02 
3.306910e-01 	3.388071e-02 
3.309200e-01 	3.385505e-02 
3.311480e-01 	3.382955e-02 
3.313770e-01 	3.380396e-02 
3.316050e-01 	3.377852e-02 
3.318330e-01 	3.375312e-02 
3.320620e-01 	3.372764e-02 
3.322900e-01 	3.370230e-02 
3.325180e-01 	3.367700e-02 
3.327470e-01 	3.365163e-02 
3.329750e-01 	3.362640e-02 
3.332040e-01 	3.360109e-02 
3.334320e-01 	3.357593e-02 
3.336600e-01 	3.355080e-02 
3.338890e-01 	3.352559e-02 
3.341170e-01 	3.350053e-02 
3.343460e-01 	3.347539e-02 
3.345740e-01 	3.345040e-02 
3.348020e-01 	3.342544e-02 
3.350310e-01 	3.340040e-02 
3.352590e-01 	3.337550e-02 
3.354870e-01 	3.335064e-02 
3.357160e-01 	3.332570e-02 
3.359440e-01 	3.330090e-02 
3.361730e-01 	3.327603e-02 
3.364010e-01 	3.325129e-02 
3.366290e-01 	3.322659e-02 
3.368580e-01 	3.320182e-02 
3.370860e-01 	3.317718e-02 
3.373140e-01 	3.315257e-02 
3.375430e-01 	3.312789e-02 
3.377710e-01 	3.310335e-02 
3.380000e-01 	3.307873e-02 
3.382280e-01 	3.305425e-02 
3.384560e-01 	3.302980e-02 
3.386850e-01 	3.300528e-02 
3.389130e-01 	3.298089e-02 
3.391420e-01 	3.295643e-02 
3.393700e-01 	3.293211e-02 
3.395980e-01 	3.290781e-02 
3.398270e-01 	3.288345e-02 
3.400550e-01 	3.285921e-02 
3.402830e-01 	3.283501e-02 
3.405120e-01 	3.281073e-02 
3.407400e-01 	3.278659e-02 
3.409690e-01 	3.276237e-02 
3.411970e-01 	3.273829e-02 
3.414250e-01 	3.271424e-02 
3.416540e-01 	3.269011e-02 
3.418820e-01 	3.266612e-02 
3.421110e-01 	3.264205e-02 
3.423390e-01 	3.261812e-02 
3.425670e-01 	3.259422e-02 
3.427960e-01 	3.257024e-02 
3.430240e-01 	3.254639e-02 
3.432520e-01 	3.252257e-02 
3.434810e-01 	3.249868e-02 
3.437090e-01 	3.247492e-02 
3.439380e-01 	3.245109e-02 
3.441660e-01 	3.242739e-02 
3.443940e-01 	3.240371e-02 
3.446230e-01 	3.237996e-02 
3.448510e-01 	3.235635e-02 
3.450800e-01 	3.233266e-02 
3.453080e-01 	3.230909e-02 
3.455360e-01 	3.228556e-02 
3.457650e-01 	3.226195e-02 
3.459930e-01 	3.223848e-02 
3.462210e-01 	3.221503e-02 
3.464500e-01 	3.219150e-02 
3.466780e-01 	3.216811e-02 
3.469070e-01 	3.214464e-02 
3.471350e-01 	3.212129e-02 
3.473630e-01 	3.209798e-02 
3.475920e-01 	3.207459e-02 
3.478200e-01 	3.205133e-02 
3.480480e-01 	3.202810e-02 
3.482770e-01 	3.200479e-02 
3.485050e-01 	3.198160e-02 
3.487340e-01 	3.195835e-02 
3.489620e-01 	3.193522e-02 
3.491900e-01 	3.191211e-02 
3.494190e-01 	3.188894e-02 
3.496470e-01 	3.186588e-02 
3.498760e-01 	3.184276e-02 
3.501040e-01 	3.181976e-02 
3.503320e-01 	3.179678e-02 
3.505610e-01 	3.177373e-02 
3.507890e-01 	3.175080e-02 
3.510170e-01 	3.172790e-02 
3.512460e-01 	3.170493e-02 
3.514740e-01 	3.168208e-02 
3.517030e-01 	3.165915e-02 
3.519310e-01 	3.163635e-02 
3.521590e-01 	3.161357e-02 
3.523880e-01 	3.159072e-02 
3.526160e-01 	3.156799e-02 
3.528450e-01 	3.154519e-02 
3.530730e-01 	3.152251e-02 
3.533010e-01 	3.149985e-02 
3.535300e-01 	3.147712e-02 
3.537580e-01 	3.145451e-02 
3.539860e-01 	3.143193e-02 
3.542150e-01 	3.140927e-02 
3.544430e-01 	3.138673e-02 
3.546720e-01 	3.136412e-02 
3.549000e-01 	3.134163e-02 
3.551280e-01 	3.131916e-02 
3.553570e-01 	3.129662e-02 
3.555850e-01 	3.127420e-02 
3.558140e-01 	3.125170e-02 
3.560420e-01 	3.122933e-02 
3.562700e-01 	3.120698e-02 
3.564990e-01 	3.118456e-02 
3.567270e-01 	3.116225e-02 
3.569550e-01 	3.113997e-02 
3.571840e-01 	3.111761e-02 
3.574120e-01 	3.109538e-02 
3.576410e-01 	3.107307e-02 
3.578690e-01 	3.105088e-02 
3.580970e-01 	3.102871e-02 
3.583260e-01 	3.100647e-02 
3.585540e-01 	3.098434e-02 
3.587830e-01 	3.096215e-02 
3.590110e-01 	3.094007e-02 
3.592390e-01 	3.091801e-02 
3.594680e-01 	3.089588e-02 
3.596960e-01 	3.087387e-02 
3.599240e-01 	3.085188e-02 
3.601530e-01 	3.082981e-02 
3.603810e-01 	3.080786e-02 
3.606100e-01 	3.078584e-02 
3.608380e-01 	3.076394e-02 
3.610660e-01 	3.074206e-02 
3.612950e-01 	3.072010e-02 
3.615230e-01 	3.069826e-02 
3.617510e-01 	3.067644e-02 
3.619800e-01 	3.065455e-02 
3.622080e-01 	3.063277e-02 
3.624370e-01 	3.061092e-02 
3.626650e-01 	3.058918e-02 
3.628930e-01 	3.056747e-02 
3.631220e-01 	3.054568e-02 
3.633500e-01 	3.052401e-02 
3.635790e-01 	3.050226e-02 
3.638070e-01 	3.048063e-02 
3.640350e-01 	3.045902e-02 
3.642640e-01 	3.043733e-02 
3.644920e-01 	3.041576e-02 
3.647200e-01 	3.039421e-02 
3.649490e-01 	3.037259e-02 
3.651770e-01 	3.035108e-02 
3.654060e-01 	3.032949e-02 
3.656340e-01 	3.030802e-02 
3.658620e-01 	3.028657e-02 
3.660910e-01 	3.026504e-02 
3.663190e-01 	3.024363e-02 
3.665480e-01 	3.022214e-02 
3.667760e-01 	3.020077e-02 
3.670040e-01 	3.017941e-02 
3.672330e-01 	3.015798e-02 
3.674610e-01 	3.013667e-02 
3.676890e-01 	3.011537e-02 
3.679180e-01 	3.009400e-02 
3.681460e-01 	3.007274e-02 
3.683750e-01 	3.005140e-02 
3.686030e-01 	3.003018e-02 
3.688310e-01 	3.000898e-02 
3.690600e-01 	2.998770e-02 
3.692880e-01 	2.996654e-02 
3.695170e-01 	2.994530e-02 
3.697450e-01 	2.992417e-02 
3.699730e-01 	2.990306e-02 
3.702020e-01 	2.988187e-02 
3.704300e-01 	2.986080e-02 
3.706580e-01 	2.983974e-02 
3.708870e-01 	2.981861e-02 
3.711150e-01 	2.979759e-02 
3.713440e-01 	2.977649e-02 
3.715720e-01 	2.975551e-02 
3.718000e-01 	2.973454e-02 
3.720290e-01 	2.971350e-02 
3.722570e-01 	2.969257e-02 
3.724850e-01 	2.967166e-02 
3.727140e-01 	2.965067e-02 
3.729420e-01 	2.962979e-02 
3.731710e-01 	2.960884e-02 
3.733990e-01 	2.958799e-02 
3.736270e-01 	2.956717e-02 
3.738560e-01 	2.954627e-02 
3.740840e-01 	2.952548e-02 
3.743130e-01 	2.950461e-02 
3.745410e-01 	2.948385e-02 
3.747690e-01 	2.946311e-02 
3.749980e-01 	2.944230e-02 
3.752260e-01 	2.942159e-02 
3.754540e-01 	2.940090e-02 
3.756830e-01 	2.938013e-02 
3.759110e-01 	2.935948e-02 
3.761400e-01 	2.933875e-02 
3.763680e-01 	2.931812e-02 
3.765960e-01 	2.929751e-02 
3.768250e-01 	2.927683e-02 
3.770530e-01 	2.925626e-02 
3.772820e-01 	2.923561e-02 
3.775100e-01 	2.921507e-02 
3.777380e-01 	2.919454e-02 
3.779670e-01 	2.917394e-02 
3.781950e-01 	2.915345e-02 
3.784230e-01 	2.913297e-02 
3.786520e-01 	2.911242e-02 
3.788800e-01 	2.909197e-02 
3.791090e-01 	2.907145e-02 
3.793370e-01 	2.905104e-02 
3.795650e-01 	2.903064e-02 
3.797940e-01 	2.901016e-02 
3.800220e-01 	2.898980e-02 
3.802510e-01 	2.896935e-02 
3.804790e-01 	2.894902e-02 
3.807070e-01 	2.892870e-02 
3.809360e-01 	2.890830e-02 
3.811640e-01 	2.888801e-02 
3.813920e-01 	2.886774e-02 
3.816210e-01 	2.884739e-02 
3.818490e-01 	2.882714e-02 
3.820780e-01 	2.880682e-02 
3.823060e-01 	2.878661e-02 
3.825340e-01 	2.876641e-02 
3.827630e-01 	2.874614e-02 
3.829910e-01 	2.872597e-02 
3.832200e-01 	2.870572e-02 
3.834480e-01 	2.868558e-02 
3.836760e-01 	2.866546e-02 
3.839050e-01 	2.864526e-02 
3.841330e-01 	2.862516e-02 
3.843610e-01 	2.860508e-02 
3.845900e-01 	2.858493e-02 
3.848180e-01 	2.856488e-02 
3.850470e-01 	2.854475e-02 
3.852750e-01 	2.852473e-02 
3.855030e-01 	2.850472e-02 
3.857320e-01 	2.848464e-02 
3.859600e-01 	2.846466e-02 
3.861880e-01 	2.844469e-02 
3.864170e-01 	2.842466e-02 
3.866450e-01 	2.840472e-02 
3.868740e-01 	2.838471e-02 
3.871020e-01 	2.836480e-02 
3.873300e-01 	2.834491e-02 
3.875590e-01 	2.832494e-02 
3.877870e-01 	2.830507e-02 
3.880160e-01 	2.828514e-02 
3.882440e-01 	2.826530e-02 
3.884720e-01 	2.824547e-02 
3.887010e-01 	2.822558e-02 
3.889290e-01 	2.820578e-02 
3.891570e-01 	2.818600e-02 
3.893860e-01 	2.816614e-02 
3.896140e-01 	2.814639e-02 
3.898430e-01 	2.812656e-02 
3.900710e-01 	2.810683e-02 
3.902990e-01 	2.808712e-02 
3.905280e-01 	2.806734e-02 
3.907560e-01 	2.804765e-02 
3.909850e-01 	2.802789e-02 
3.912130e-01 	2.800823e-02 
3.914410e-01 	2.798859e-02 
3.916700e-01 	2.796887e-02 
3.918980e-01 	2.794925e-02 
3.921260e-01 	2.792965e-02 
3.923550e-01 	2.790997e-02 
3.925830e-01 	2.789039e-02 
3.928120e-01 	2.787074e-02 
3.930400e-01 	2.785119e-02 
3.932680e-01 	2.783165e-02 
3.934970e-01 	2.781204e-02 
3.937250e-01 	2.779253e-02 
3.939540e-01 	2.777295e-02 
3.941820e-01 	2.775346e-02 
3.944100e-01 	2.773399e-02 
3.946390e-01 	2.771444e-02 
3.948670e-01 	2.769500e-02 
3.950950e-01 	2.767557e-02 
3.953240e-01 	2.765606e-02 
3.955520e-01 	2.763665e-02 
3.957810e-01 	2.761717e-02 
3.960090e-01 	2.759779e-02 
3.962370e-01 	2.757843e-02 
3.964660e-01 	2.755899e-02 
3.966940e-01 	2.753964e-02 
3.969220e-01 	2.752031e-02 
3.971510e-01 	2.750091e-02 
3.973790e-01 	2.748161e-02 
3.976080e-01 	2.746223e-02 
3.978360e-01 	2.744296e-02 
3.980640e-01 	2.742369e-02 
3.982930e-01 	2.740435e-02 
3.985210e-01 	2.738512e-02 
3.987500e-01 	2.736580e-02 
3.989780e-01 	2.734659e-02 
3.992060e-01 	2.732739e-02 
3.994350e-01 	2.730811e-02 
3.996630e-01 	2.728894e-02 
3.998910e-01 	2.726977e-02 
4.001200e-01 	2.725054e-02 
4.003480e-01 	2.723140e-02 
4.005770e-01 	2.721219e-02 
4.008050e-01 	2.719308e-02 
4.010330e-01 	2.717397e-02 
4.012620e-01 	2.715480e-02 
4.014900e-01 	2.713573e-02 
4.017190e-01 	2.711658e-02 
4.019470e-01 	2.709753e-02 
4.021750e-01 	2.707849e-02 
4.024040e-01 	2.705938e-02 
4.026320e-01 	2.704036e-02 
4.028600e-01 	2.702136e-02 
4.030890e-01 	2.700229e-02 
4.033170e-01 	2.698331e-02 
4.035460e-01 	2.696426e-02 
4.037740e-01 	2.694531e-02 
4.040020e-01 	2.692637e-02 
4.042310e-01 	2.690736e-02 
4.044590e-01 	2.688844e-02 
4.046880e-01 	2.686946e-02 
4.049160e-01 	2.685057e-02 
4.051440e-01 	2.683169e-02 
4.053730e-01 	2.681274e-02 
4.056010e-01 	2.679388e-02 
4.058290e-01 	2.677504e-02 
4.060580e-01 	2.675613e-02 
4.062860e-01 	2.673731e-02 
4.065150e-01 	2.671843e-02 
4.067430e-01 	2.669963e-02 
4.069710e-01 	2.668085e-02 
4.072000e-01 	2.666200e-02 
4.074280e-01 	2.664325e-02 
4.076570e-01 	2.662442e-02 
4.078850e-01 	2.660569e-02 
4.081130e-01 	2.658697e-02 
4.083420e-01 	2.656818e-02 
4.085700e-01 	2.654949e-02 
4.087980e-01 	2.653080e-02 
4.090270e-01 	2.651205e-02 
4.092550e-01 	2.649340e-02 
4.094840e-01 	2.647467e-02 
4.097120e-01 	2.645603e-02 
4.099400e-01 	2.643741e-02 
4.101690e-01 	2.641872e-02 
4.103970e-01 	2.640013e-02 
4.106250e-01 	2.638154e-02 
4.108540e-01 	2.636289e-02 
4.110820e-01 	2.634433e-02 
4.113110e-01 	2.632570e-02 
4.115390e-01 	2.630716e-02 
4.117670e-01 	2.628864e-02 
4.119960e-01 	2.627005e-02 
4.122240e-01 	2.625155e-02 
4.124530e-01 	2.623298e-02 
4.126810e-01 	2.621450e-02 
4.129090e-01 	2.619604e-02 
4.131380e-01 	2.617751e-02 
4.133660e-01 	2.615907e-02 
4.135940e-01 	2.614064e-02 
4.138230e-01 	2.612215e-02 
4.140510e-01 	2.610374e-02 
4.142800e-01 	2.608527e-02 
4.145080e-01 	2.606689e-02 
4.147360e-01 	2.604852e-02 
4.149650e-01 	2.603009e-02 
4.151930e-01 	2.601175e-02 
4.154220e-01 	2.599334e-02 
4.156500e-01 	2.597502e-02 
4.158780e-01 	2.595671e-02 
4.161070e-01 	2.593833e-02 
4.163350e-01 	2.592005e-02 
4.165630e-01 	2.590178e-02 
4.167920e-01 	2.588344e-02 
4.170200e-01 	2.586519e-02 
4.172490e-01 	2.584688e-02 
4.174770e-01 	2.582865e-02 
4.177050e-01 	2.581044e-02 
4.179340e-01 	2.579216e-02 
4.181620e-01 	2.577397e-02 
4.183910e-01 	2.575572e-02 
4.186190e-01 	2.573755e-02 
4.188470e-01 	2.571940e-02 
4.190760e-01 	2.570118e-02 
4.193040e-01 	2.568305e-02 
4.195320e-01 	2.566493e-02 
4.197610e-01 	2.564675e-02 
4.199890e-01 	2.562865e-02 
4.202180e-01 	2.561049e-02 
4.204460e-01 	2.559242e-02 
4.206740e-01 	2.557436e-02 
4.209030e-01 	2.555623e-02 
4.211310e-01 	2.553820e-02 
4.213590e-01 	2.552017e-02 
4.215880e-01 	2.550208e-02 
4.218160e-01 	2.548408e-02 
4.220450e-01 	2.546601e-02 
4.222730e-01 	2.544803e-02 
4.225010e-01 	2.543006e-02 
4.227300e-01 	2.541203e-02 
4.229580e-01 	2.539408e-02 
4.231870e-01 	2.537607e-02 
4.234150e-01 	2.535815e-02 
4.236430e-01 	2.534024e-02 
4.238720e-01 	2.532227e-02 
4.241000e-01 	2.530438e-02 
4.243280e-01 	2.528650e-02 
4.245570e-01 	2.526856e-02 
4.247850e-01 	2.525071e-02 
4.250140e-01 	2.523279e-02 
4.252420e-01 	2.521496e-02 
4.254700e-01 	2.519714e-02 
4.256990e-01 	2.517925e-02 
4.259270e-01 	2.516146e-02 
4.261560e-01 	2.514359e-02 
4.263840e-01 	2.512582e-02 
4.266120e-01 	2.510806e-02 
4.268410e-01 	2.509023e-02 
4.270690e-01 	2.507249e-02 
4.272970e-01 	2.505476e-02 
4.275260e-01 	2.503697e-02 
4.277540e-01 	2.501926e-02 
4.279830e-01 	2.500149e-02 
4.282110e-01 	2.498381e-02 
4.284390e-01 	2.496614e-02 
4.286680e-01 	2.494840e-02 
4.288960e-01 	2.493075e-02 
4.291250e-01 	2.491303e-02 
4.293530e-01 	2.489541e-02 
4.295810e-01 	2.487779e-02 
4.298100e-01 	2.486011e-02 
4.300380e-01 	2.484252e-02 
4.302660e-01 	2.482494e-02 
4.304950e-01 	2.480729e-02 
4.307230e-01 	2.478973e-02 
4.309520e-01 	2.477211e-02 
4.311800e-01 	2.475458e-02 
4.314080e-01 	2.473705e-02 
4.316370e-01 	2.471946e-02 
4.318650e-01 	2.470196e-02 
4.320940e-01 	2.468440e-02 
4.323220e-01 	2.466692e-02 
4.325500e-01 	2.464945e-02 
4.327790e-01 	2.463192e-02 
4.330070e-01 	2.461448e-02 
4.332350e-01 	2.459705e-02 
4.334640e-01 	2.457955e-02 
4.336920e-01 	2.456214e-02 
4.339210e-01 	2.454467e-02 
4.341490e-01 	2.452728e-02 
4.343770e-01 	2.450991e-02 
4.346060e-01 	2.449247e-02 
4.348340e-01 	2.447512e-02 
4.350620e-01 	2.445779e-02 
4.352910e-01 	2.444039e-02 
4.355190e-01 	2.442307e-02 
4.357480e-01 	2.440569e-02 
4.359760e-01 	2.438840e-02 
4.362040e-01 	2.437113e-02 
4.364330e-01 	2.435379e-02 
4.366610e-01 	2.433653e-02 
4.368900e-01 	2.431922e-02 
4.371180e-01 	2.430199e-02 
4.373460e-01 	2.428477e-02 
4.375750e-01 	2.426749e-02 
4.378030e-01 	2.425030e-02 
4.380310e-01 	2.423312e-02 
4.382600e-01 	2.421588e-02 
4.384880e-01 	2.419872e-02 
4.387170e-01 	2.418151e-02 
4.389450e-01 	2.416438e-02 
4.391730e-01 	2.414726e-02 
4.394020e-01 	2.413008e-02 
4.396300e-01 	2.411299e-02 
4.398590e-01 	2.409584e-02 
4.400870e-01 	2.407877e-02 
4.403150e-01 	2.406172e-02 
4.405440e-01 	2.404460e-02 
4.407720e-01 	2.402757e-02 
4.410000e-01 	2.401056e-02 
4.412290e-01 	2.399348e-02 
4.414570e-01 	2.397649e-02 
4.416860e-01 	2.395944e-02 
4.419140e-01 	2.394248e-02 
4.421420e-01 	2.392553e-02 
4.423710e-01 	2.390852e-02 
4.425990e-01 	2.389159e-02 
4.428280e-01 	2.387461e-02 
4.430560e-01 	2.385771e-02 
4.432840e-01 	2.384083e-02 
4.435130e-01 	2.382388e-02 
4.437410e-01 	2.380702e-02 
4.439690e-01 	2.379018e-02 
4.441980e-01 	2.377327e-02 
4.444260e-01 	2.375645e-02 
4.446550e-01 	2.373957e-02 
4.448830e-01 	2.372277e-02 
4.451110e-01 	2.370599e-02 
4.453400e-01 	2.368915e-02 
4.455680e-01 	2.367239e-02 
4.457960e-01 	2.365565e-02 
4.460250e-01 	2.363885e-02 
4.462530e-01 	2.362213e-02 
4.464820e-01 	2.360535e-02 
4.467100e-01 	2.358865e-02 
4.469380e-01 	2.357197e-02 
4.471670e-01 	2.355522e-02 
4.473950e-01 	2.353856e-02 
4.476240e-01 	2.352184e-02 
4.478520e-01 	2.350520e-02 
4.480800e-01 	2.348858e-02 
4.483090e-01 	2.347189e-02 
4.485370e-01 	2.345528e-02 
4.487650e-01 	2.343869e-02 
4.489940e-01 	2.342203e-02 
4.492220e-01 	2.340545e-02 
4.494510e-01 	2.338881e-02 
4.496790e-01 	2.337226e-02 
4.499070e-01 	2.335571e-02 
4.501360e-01 	2.333910e-02 
4.503640e-01 	2.332257e-02 
4.505930e-01 	2.330598e-02 
4.508210e-01 	2.328947e-02 
4.510490e-01 	2.327296e-02 
4.512780e-01 	2.325639e-02 
4.515060e-01 	2.323990e-02 
4.517340e-01 	2.322342e-02 
4.519630e-01 	2.320688e-02 
4.521910e-01 	2.319041e-02 
4.524200e-01 	2.317388e-02 
4.526480e-01 	2.315742e-02 
4.528760e-01 	2.314098e-02 
4.531050e-01 	2.312446e-02 
4.533330e-01 	2.310803e-02 
4.535620e-01 	2.309152e-02 
4.537900e-01 	2.307510e-02 
4.540180e-01 	2.305868e-02 
4.542470e-01 	2.304219e-02 
4.544750e-01 	2.302578e-02 
4.547030e-01 	2.300938e-02 
4.549320e-01 	2.299291e-02 
4.551600e-01 	2.297651e-02 
4.553890e-01 	2.296004e-02 
4.556170e-01 	2.294365e-02 
4.558450e-01 	2.292727e-02 
4.560740e-01 	2.291081e-02 
4.563020e-01 	2.289443e-02 
4.565310e-01 	2.287798e-02 
4.567590e-01 	2.286161e-02 
4.569870e-01 	2.284524e-02 
4.572160e-01 	2.282879e-02 
4.574440e-01 	2.281242e-02 
4.576720e-01 	2.279606e-02 
4.579010e-01 	2.277962e-02 
4.581290e-01 	2.276325e-02 
4.583580e-01 	2.274682e-02 
4.585860e-01 	2.273045e-02 
4.588140e-01 	2.271409e-02 
4.590430e-01 	2.269766e-02 
4.592710e-01 	2.268129e-02 
4.594990e-01 	2.266493e-02 
4.597280e-01 	2.264849e-02 
4.599560e-01 	2.263213e-02 
4.601850e-01 	2.261569e-02 
