#q 	 Ifit_avg 
3.198000e-03 	1.000000e+00 
3.574000e-03 	9.988078e-01 
3.950000e-03 	9.976145e-01 
4.326000e-03 	9.964188e-01 
4.702000e-03 	9.952197e-01 
5.079000e-03 	9.940126e-01 
5.455000e-03 	9.928027e-01 
5.831000e-03 	9.915858e-01 
6.207000e-03 	9.903607e-01 
6.583000e-03 	9.891260e-01 
6.959000e-03 	9.878807e-01 
7.336000e-03 	9.866201e-01 
7.712000e-03 	9.853499e-01 
8.088000e-03 	9.840654e-01 
8.464000e-03 	9.827654e-01 
8.840000e-03 	9.814489e-01 
9.217000e-03 	9.801110e-01 
9.593000e-03 	9.787575e-01 
9.969000e-03 	9.773839e-01 
1.034500e-02 	9.759889e-01 
1.072100e-02 	9.745714e-01 
1.109700e-02 	9.731301e-01 
1.147400e-02 	9.716598e-01 
1.185000e-02 	9.701673e-01 
1.222600e-02 	9.686475e-01 
1.260200e-02 	9.670991e-01 
1.297800e-02 	9.655210e-01 
1.335500e-02 	9.639077e-01 
1.373100e-02 	9.622665e-01 
1.410700e-02 	9.605921e-01 
1.448300e-02 	9.588831e-01 
1.485900e-02 	9.571385e-01 
1.523600e-02 	9.553522e-01 
1.561200e-02 	9.535325e-01 
1.598800e-02 	9.516737e-01 
1.636400e-02 	9.497745e-01 
1.674000e-02 	9.478339e-01 
1.711600e-02 	9.458507e-01 
1.749300e-02 	9.438184e-01 
1.786900e-02 	9.417469e-01 
1.824500e-02 	9.396298e-01 
1.862100e-02 	9.374664e-01 
1.899700e-02 	9.352559e-01 
1.937400e-02 	9.329915e-01 
1.975000e-02 	9.306847e-01 
2.012600e-02 	9.283292e-01 
2.050200e-02 	9.259247e-01 
2.087800e-02 	9.234710e-01 
2.125400e-02 	9.209681e-01 
2.163100e-02 	9.184093e-01 
2.200700e-02 	9.158084e-01 
2.238300e-02 	9.131591e-01 
2.275900e-02 	9.104620e-01 
2.313500e-02 	9.077175e-01 
2.351200e-02 	9.049190e-01 
2.388800e-02 	9.020821e-01 
2.426400e-02 	8.992004e-01 
2.464000e-02 	8.962748e-01 
2.501600e-02 	8.933062e-01 
2.539200e-02 	8.902955e-01 
2.576900e-02 	8.872357e-01 
2.614500e-02 	8.841439e-01 
2.652100e-02 	8.810131e-01 
2.689700e-02 	8.778444e-01 
2.727300e-02 	8.746386e-01 
2.764900e-02 	8.713969e-01 
2.802600e-02 	8.681114e-01 
2.840200e-02 	8.648007e-01 
2.877800e-02 	8.614570e-01 
2.915400e-02 	8.580813e-01 
2.953000e-02 	8.546747e-01 
2.990700e-02 	8.512289e-01 
3.028300e-02 	8.477632e-01 
3.065900e-02 	8.442695e-01 
3.103500e-02 	8.407488e-01 
3.141100e-02 	8.372019e-01 
3.178700e-02 	8.336299e-01 
3.216400e-02 	8.300241e-01 
3.254000e-02 	8.264046e-01 
3.291600e-02 	8.227627e-01 
3.329200e-02 	8.190994e-01 
3.366800e-02 	8.154155e-01 
3.404400e-02 	8.117119e-01 
3.442100e-02 	8.079797e-01 
3.479700e-02 	8.042393e-01 
3.517300e-02 	8.004819e-01 
3.554900e-02 	7.967082e-01 
3.592500e-02 	7.929189e-01 
3.630200e-02 	7.891048e-01 
3.667800e-02 	7.852869e-01 
3.705400e-02 	7.814558e-01 
3.743000e-02 	7.776123e-01 
3.780600e-02 	7.737570e-01 
3.818200e-02 	7.698906e-01 
3.855900e-02 	7.660035e-01 
3.893500e-02 	7.621170e-01 
3.931100e-02 	7.582214e-01 
3.968700e-02 	7.543175e-01 
4.006300e-02 	7.504057e-01 
4.043900e-02 	7.464866e-01 
4.081600e-02 	7.425504e-01 
4.119200e-02 	7.386184e-01 
4.156800e-02 	7.346808e-01 
4.194400e-02 	7.307381e-01 
4.232000e-02 	7.267908e-01 
4.269600e-02 	7.228395e-01 
4.307300e-02 	7.188742e-01 
4.344900e-02 	7.149162e-01 
4.382500e-02 	7.109556e-01 
4.420100e-02 	7.069928e-01 
4.457700e-02 	7.030282e-01 
4.495300e-02 	6.990622e-01 
4.533000e-02 	6.950847e-01 
4.570600e-02 	6.911173e-01 
4.608200e-02 	6.871498e-01 
4.645800e-02 	6.831827e-01 
4.683400e-02 	6.792162e-01 
4.721000e-02 	6.752510e-01 
4.758700e-02 	6.712767e-01 
4.796300e-02 	6.673148e-01 
4.833900e-02 	6.633552e-01 
4.871500e-02 	6.593983e-01 
4.909100e-02 	6.554444e-01 
4.946700e-02 	6.514939e-01 
4.984300e-02 	6.475472e-01 
5.022000e-02 	6.435942e-01 
5.059600e-02 	6.396562e-01 
5.097200e-02 	6.357230e-01 
5.134800e-02 	6.317949e-01 
5.172400e-02 	6.278725e-01 
5.210000e-02 	6.239558e-01 
5.247700e-02 	6.200350e-01 
5.285300e-02 	6.161312e-01 
5.322900e-02 	6.122342e-01 
5.360500e-02 	6.083445e-01 
5.398100e-02 	6.044623e-01 
5.435700e-02 	6.005880e-01 
5.473400e-02 	5.967115e-01 
5.511000e-02 	5.928538e-01 
5.548600e-02 	5.890048e-01 
5.586200e-02 	5.851648e-01 
5.623800e-02 	5.813342e-01 
5.661400e-02 	5.775132e-01 
5.699000e-02 	5.737021e-01 
5.736700e-02 	5.698911e-01 
5.774300e-02 	5.661007e-01 
5.811900e-02 	5.623211e-01 
5.849500e-02 	5.585526e-01 
5.887100e-02 	5.547953e-01 
5.924700e-02 	5.510495e-01 
5.962300e-02 	5.473155e-01 
6.000000e-02 	5.435836e-01 
6.037600e-02 	5.398739e-01 
6.075200e-02 	5.361768e-01 
6.112800e-02 	5.324924e-01 
6.150400e-02 	5.288210e-01 
6.188000e-02 	5.251628e-01 
6.225700e-02 	5.215085e-01 
6.263300e-02 	5.178775e-01 
6.300900e-02 	5.142605e-01 
6.338500e-02 	5.106576e-01 
6.376100e-02 	5.070690e-01 
6.413700e-02 	5.034949e-01 
6.451300e-02 	4.999356e-01 
6.488900e-02 	4.963913e-01 
6.526600e-02 	4.928527e-01 
6.564200e-02 	4.893390e-01 
6.601800e-02 	4.858408e-01 
6.639400e-02 	4.823583e-01 
6.677000e-02 	4.788917e-01 
6.714600e-02 	4.754412e-01 
6.752200e-02 	4.720069e-01 
6.789900e-02 	4.685800e-01 
6.827500e-02 	4.651787e-01 
6.865100e-02 	4.617941e-01 
6.902700e-02 	4.584264e-01 
6.940300e-02 	4.550757e-01 
6.977900e-02 	4.517423e-01 
7.015500e-02 	4.484262e-01 
7.053200e-02 	4.451189e-01 
7.090800e-02 	4.418380e-01 
7.128400e-02 	4.385748e-01 
7.166000e-02 	4.353295e-01 
7.203600e-02 	4.321020e-01 
7.241200e-02 	4.288926e-01 
7.278800e-02 	4.257013e-01 
7.316400e-02 	4.225282e-01 
7.354100e-02 	4.193650e-01 
7.391700e-02 	4.162287e-01 
7.429300e-02 	4.131108e-01 
7.466900e-02 	4.100116e-01 
7.504500e-02 	4.069310e-01 
7.542100e-02 	4.038693e-01 
7.579700e-02 	4.008264e-01 
7.617300e-02 	3.978024e-01 
7.655000e-02 	3.947894e-01 
7.692600e-02 	3.918034e-01 
7.730200e-02 	3.888364e-01 
7.767800e-02 	3.858883e-01 
7.805400e-02 	3.829593e-01 
7.843000e-02 	3.800492e-01 
7.880600e-02 	3.771583e-01 
7.918200e-02 	3.742863e-01 
7.955900e-02 	3.714260e-01 
7.993500e-02 	3.685923e-01 
8.031100e-02 	3.657777e-01 
8.068700e-02 	3.629823e-01 
8.106300e-02 	3.602060e-01 
8.143900e-02 	3.574489e-01 
8.181500e-02 	3.547110e-01 
8.219100e-02 	3.519923e-01 
8.256700e-02 	3.492927e-01 
8.294400e-02 	3.466052e-01 
8.332000e-02 	3.439438e-01 
8.369600e-02 	3.413014e-01 
8.407200e-02 	3.386781e-01 
8.444800e-02 	3.360736e-01 
8.482400e-02 	3.334880e-01 
8.520000e-02 	3.309212e-01 
8.557600e-02 	3.283733e-01 
8.595200e-02 	3.258440e-01 
8.632900e-02 	3.233268e-01 
8.670500e-02 	3.208350e-01 
8.708100e-02 	3.183618e-01 
8.745700e-02 	3.159072e-01 
8.783300e-02 	3.134710e-01 
8.820900e-02 	3.110534e-01 
8.858500e-02 	3.086541e-01 
8.896100e-02 	3.062731e-01 
8.933700e-02 	3.039105e-01 
8.971300e-02 	3.015660e-01 
9.009000e-02 	2.992335e-01 
9.046600e-02 	2.969253e-01 
9.084200e-02 	2.946351e-01 
9.121800e-02 	2.923628e-01 
9.159400e-02 	2.901083e-01 
9.197000e-02 	2.878717e-01 
9.234600e-02 	2.856527e-01 
9.272200e-02 	2.834515e-01 
9.309800e-02 	2.812678e-01 
9.347400e-02 	2.791017e-01 
9.385000e-02 	2.769530e-01 
9.422700e-02 	2.748161e-01 
9.460300e-02 	2.727022e-01 
9.497900e-02 	2.706054e-01 
9.535500e-02 	2.685258e-01 
9.573100e-02 	2.664631e-01 
9.610700e-02 	2.644173e-01 
9.648300e-02 	2.623883e-01 
9.685900e-02 	2.603760e-01 
9.723500e-02 	2.583804e-01 
9.761100e-02 	2.564012e-01 
9.798700e-02 	2.544385e-01 
9.836400e-02 	2.524869e-01 
9.874000e-02 	2.505568e-01 
9.911600e-02 	2.486429e-01 
9.949200e-02 	2.467451e-01 
9.986800e-02 	2.448633e-01 
1.002440e-01 	2.429975e-01 
1.006200e-01 	2.411474e-01 
1.009960e-01 	2.393132e-01 
1.013720e-01 	2.374946e-01 
1.017480e-01 	2.356917e-01 
1.021240e-01 	2.339042e-01 
1.025000e-01 	2.321322e-01 
1.028760e-01 	2.303753e-01 
1.032520e-01 	2.286336e-01 
1.036290e-01 	2.269024e-01 
1.040050e-01 	2.251907e-01 
1.043810e-01 	2.234938e-01 
1.047570e-01 	2.218115e-01 
1.051330e-01 	2.201439e-01 
1.055090e-01 	2.184907e-01 
1.058850e-01 	2.168520e-01 
1.062610e-01 	2.152275e-01 
1.066370e-01 	2.136171e-01 
1.070130e-01 	2.120209e-01 
1.073890e-01 	2.104387e-01 
1.077650e-01 	2.088703e-01 
1.081410e-01 	2.073158e-01 
1.085170e-01 	2.057749e-01 
1.088940e-01 	2.042436e-01 
1.092700e-01 	2.027298e-01 
1.096460e-01 	2.012295e-01 
1.100220e-01 	1.997425e-01 
1.103980e-01 	1.982686e-01 
1.107740e-01 	1.968079e-01 
1.111500e-01 	1.953602e-01 
1.115260e-01 	1.939253e-01 
1.119020e-01 	1.925033e-01 
1.122780e-01 	1.910939e-01 
1.126540e-01 	1.896971e-01 
1.130300e-01 	1.883128e-01 
1.134060e-01 	1.869408e-01 
1.137820e-01 	1.855811e-01 
1.141580e-01 	1.842336e-01 
1.145340e-01 	1.828982e-01 
1.149100e-01 	1.815748e-01 
1.152860e-01 	1.802633e-01 
1.156620e-01 	1.789636e-01 
1.160380e-01 	1.776756e-01 
1.164140e-01 	1.763992e-01 
1.167910e-01 	1.751310e-01 
1.171670e-01 	1.738776e-01 
1.175420e-01 	1.726387e-01 
1.179190e-01 	1.714046e-01 
1.182950e-01 	1.701848e-01 
1.186710e-01 	1.689761e-01 
1.190470e-01 	1.677784e-01 
1.194230e-01 	1.665914e-01 
1.197990e-01 	1.654153e-01 
1.201750e-01 	1.642497e-01 
1.205510e-01 	1.630948e-01 
1.209270e-01 	1.619503e-01 
1.213030e-01 	1.608162e-01 
1.216790e-01 	1.596924e-01 
1.220550e-01 	1.585789e-01 
1.224310e-01 	1.574755e-01 
1.228070e-01 	1.563821e-01 
1.231830e-01 	1.552987e-01 
1.235590e-01 	1.542252e-01 
1.239350e-01 	1.531615e-01 
1.243110e-01 	1.521075e-01 
1.246870e-01 	1.510631e-01 
1.250630e-01 	1.500282e-01 
1.254390e-01 	1.490028e-01 
1.258150e-01 	1.479867e-01 
1.261910e-01 	1.469798e-01 
1.265670e-01 	1.459822e-01 
1.269430e-01 	1.449936e-01 
1.273190e-01 	1.440140e-01 
1.276950e-01 	1.430433e-01 
1.280710e-01 	1.420815e-01 
1.284470e-01 	1.411284e-01 
1.288230e-01 	1.401839e-01 
1.291990e-01 	1.392479e-01 
1.295750e-01 	1.383205e-01 
1.299510e-01 	1.374014e-01 
1.303270e-01 	1.364907e-01 
1.307030e-01 	1.355882e-01 
1.310790e-01 	1.346939e-01 
1.314550e-01 	1.338078e-01 
1.318310e-01 	1.329296e-01 
1.322070e-01 	1.320595e-01 
1.325830e-01 	1.311973e-01 
1.329590e-01 	1.303430e-01 
1.333350e-01 	1.294964e-01 
1.337110e-01 	1.286576e-01 
1.340870e-01 	1.278264e-01 
1.344630e-01 	1.270028e-01 
1.348390e-01 	1.261866e-01 
1.352150e-01 	1.253779e-01 
1.355910e-01 	1.245766e-01 
1.359670e-01 	1.237825e-01 
1.363430e-01 	1.229956e-01 
1.367190e-01 	1.222158e-01 
1.370950e-01 	1.214430e-01 
1.374710e-01 	1.206773e-01 
1.378470e-01 	1.199184e-01 
1.382230e-01 	1.191664e-01 
1.385990e-01 	1.184212e-01 
1.389750e-01 	1.176827e-01 
1.393510e-01 	1.169508e-01 
1.397270e-01 	1.162256e-01 
1.401030e-01 	1.155069e-01 
1.404790e-01 	1.147946e-01 
1.408550e-01 	1.140887e-01 
1.412310e-01 	1.133892e-01 
1.416070e-01 	1.126960e-01 
1.419830e-01 	1.120090e-01 
1.423590e-01 	1.113281e-01 
1.427350e-01 	1.106534e-01 
1.431110e-01 	1.099847e-01 
1.434870e-01 	1.093220e-01 
1.438630e-01 	1.086653e-01 
1.442390e-01 	1.080145e-01 
1.446140e-01 	1.073711e-01 
1.449900e-01 	1.067319e-01 
1.453660e-01 	1.060983e-01 
1.457420e-01 	1.054703e-01 
1.461180e-01 	1.048480e-01 
1.464940e-01 	1.042312e-01 
1.468700e-01 	1.036198e-01 
1.472460e-01 	1.030138e-01 
1.476220e-01 	1.024132e-01 
1.479980e-01 	1.018179e-01 
1.483740e-01 	1.012278e-01 
1.487500e-01 	1.006429e-01 
1.491260e-01 	1.000632e-01 
1.495020e-01 	9.948858e-02 
1.498780e-01 	9.891903e-02 
1.502540e-01 	9.835450e-02 
1.506300e-01 	9.779495e-02 
1.510050e-01 	9.724180e-02 
1.513820e-01 	9.669060e-02 
1.517570e-01 	9.614717e-02 
1.521330e-01 	9.560708e-02 
1.525090e-01 	9.507175e-02 
1.528850e-01 	9.454114e-02 
1.532610e-01 	9.401519e-02 
1.536370e-01 	9.349388e-02 
1.540130e-01 	9.297715e-02 
1.543890e-01 	9.246495e-02 
1.547650e-01 	9.195725e-02 
1.551410e-01 	9.145400e-02 
1.555170e-01 	9.095516e-02 
1.558930e-01 	9.046068e-02 
1.562690e-01 	8.997051e-02 
1.566440e-01 	8.948591e-02 
1.570200e-01 	8.900424e-02 
1.573960e-01 	8.852675e-02 
1.577720e-01 	8.805341e-02 
1.581480e-01 	8.758416e-02 
1.585240e-01 	8.711896e-02 
1.589000e-01 	8.665777e-02 
1.592760e-01 	8.620055e-02 
1.596520e-01 	8.574724e-02 
1.600280e-01 	8.529781e-02 
1.604040e-01 	8.485220e-02 
1.607790e-01 	8.441154e-02 
1.611550e-01 	8.397344e-02 
1.615310e-01 	8.353906e-02 
1.619070e-01 	8.310836e-02 
1.622830e-01 	8.268130e-02 
1.626590e-01 	8.225786e-02 
1.630350e-01 	8.183800e-02 
1.634110e-01 	8.142167e-02 
1.637870e-01 	8.100886e-02 
1.641630e-01 	8.059953e-02 
1.645390e-01 	8.019364e-02 
1.649140e-01 	7.979223e-02 
1.652900e-01 	7.939312e-02 
1.656660e-01 	7.899735e-02 
1.660420e-01 	7.860490e-02 
1.664180e-01 	7.821574e-02 
1.667940e-01 	7.782983e-02 
1.671700e-01 	7.744715e-02 
1.675460e-01 	7.706767e-02 
1.679210e-01 	7.669237e-02 
1.682970e-01 	7.631921e-02 
1.686730e-01 	7.594917e-02 
1.690490e-01 	7.558224e-02 
1.694250e-01 	7.521837e-02 
1.698010e-01 	7.485756e-02 
1.701770e-01 	7.449976e-02 
1.705530e-01 	7.414495e-02 
1.709280e-01 	7.379405e-02 
1.713040e-01 	7.344514e-02 
1.716800e-01 	7.309914e-02 
1.720560e-01 	7.275601e-02 
1.724320e-01 	7.241572e-02 
1.728080e-01 	7.207826e-02 
1.731840e-01 	7.174357e-02 
1.735600e-01 	7.141164e-02 
1.739350e-01 	7.108331e-02 
1.743110e-01 	7.075678e-02 
1.746870e-01 	7.043292e-02 
1.750630e-01 	7.011170e-02 
1.754390e-01 	6.979307e-02 
1.758150e-01 	6.947702e-02 
1.761910e-01 	6.916351e-02 
1.765660e-01 	6.885334e-02 
1.769420e-01 	6.854483e-02 
1.773180e-01 	6.823879e-02 
1.776940e-01 	6.793518e-02 
1.780700e-01 	6.763398e-02 
1.784450e-01 	6.733596e-02 
1.788210e-01 	6.703949e-02 
1.791970e-01 	6.674535e-02 
1.795730e-01 	6.645351e-02 
1.799490e-01 	6.616395e-02 
1.803250e-01 	6.587664e-02 
1.807010e-01 	6.559157e-02 
1.810760e-01 	6.530947e-02 
1.814520e-01 	6.502881e-02 
1.818280e-01 	6.475034e-02 
1.822040e-01 	6.447405e-02 
1.825800e-01 	6.419991e-02 
1.829560e-01 	6.392790e-02 
1.833310e-01 	6.365874e-02 
1.837070e-01 	6.339095e-02 
1.840830e-01 	6.312526e-02 
1.844590e-01 	6.286164e-02 
1.848350e-01 	6.260008e-02 
1.852100e-01 	6.234124e-02 
1.855860e-01 	6.208372e-02 
1.859620e-01 	6.182821e-02 
1.863380e-01 	6.157468e-02 
1.867140e-01 	6.132311e-02 
1.870890e-01 	6.107416e-02 
1.874650e-01 	6.082646e-02 
1.878410e-01 	6.058068e-02 
1.882170e-01 	6.033679e-02 
1.885930e-01 	6.009477e-02 
1.889680e-01 	5.985524e-02 
1.893440e-01 	5.961690e-02 
1.897200e-01 	5.938038e-02 
1.900960e-01 	5.914565e-02 
1.904720e-01 	5.891271e-02 
1.908470e-01 	5.868213e-02 
1.912230e-01 	5.845268e-02 
1.915990e-01 	5.822496e-02 
1.919750e-01 	5.799894e-02 
1.923510e-01 	5.777461e-02 
1.927260e-01 	5.755255e-02 
1.931020e-01 	5.733155e-02 
1.934780e-01 	5.711219e-02 
1.938540e-01 	5.689445e-02 
1.942290e-01 	5.667889e-02 
1.946050e-01 	5.646434e-02 
1.949810e-01 	5.625136e-02 
1.953570e-01 	5.603993e-02 
1.957330e-01 	5.583004e-02 
1.961080e-01 	5.562222e-02 
1.964840e-01 	5.541535e-02 
1.968600e-01 	5.520996e-02 
1.972360e-01 	5.500604e-02 
1.976110e-01 	5.480410e-02 
1.979870e-01 	5.460307e-02 
1.983630e-01 	5.440347e-02 
1.987390e-01 	5.420527e-02 
1.991140e-01 	5.400900e-02 
1.994900e-01 	5.381358e-02 
1.998660e-01 	5.361954e-02 
2.002420e-01 	5.342686e-02 
2.006170e-01 	5.323603e-02 
2.009930e-01 	5.304603e-02 
2.013690e-01 	5.285736e-02 
2.017450e-01 	5.267002e-02 
2.021200e-01 	5.248447e-02 
2.024960e-01 	5.229973e-02 
2.028720e-01 	5.211628e-02 
2.032480e-01 	5.193410e-02 
2.036230e-01 	5.175366e-02 
2.039990e-01 	5.157399e-02 
2.043750e-01 	5.139555e-02 
2.047510e-01 	5.121835e-02 
2.051260e-01 	5.104283e-02 
2.055020e-01 	5.086805e-02 
2.058780e-01 	5.069446e-02 
2.062530e-01 	5.052252e-02 
2.066290e-01 	5.035129e-02 
2.070050e-01 	5.018123e-02 
2.073810e-01 	5.001233e-02 
2.077560e-01 	4.984502e-02 
2.081320e-01 	4.967841e-02 
2.085080e-01 	4.951292e-02 
2.088840e-01 	4.934854e-02 
2.092590e-01 	4.918571e-02 
2.096350e-01 	4.902354e-02 
2.100110e-01 	4.886245e-02 
2.103860e-01 	4.870287e-02 
2.107620e-01 	4.854392e-02 
2.111380e-01 	4.838604e-02 
2.115130e-01 	4.822961e-02 
2.118890e-01 	4.807381e-02 
2.122650e-01 	4.791903e-02 
2.126410e-01 	4.776526e-02 
2.130160e-01 	4.761291e-02 
2.133920e-01 	4.746115e-02 
2.137680e-01 	4.731037e-02 
2.141430e-01 	4.716096e-02 
2.145190e-01 	4.701213e-02 
2.148950e-01 	4.686424e-02 
2.152700e-01 	4.671770e-02 
2.156460e-01 	4.657170e-02 
2.160220e-01 	4.642662e-02 
2.163970e-01 	4.628284e-02 
2.167730e-01 	4.613958e-02 
2.171490e-01 	4.599722e-02 
2.175240e-01 	4.585611e-02 
2.179000e-01 	4.571551e-02 
2.182760e-01 	4.557577e-02 
2.186510e-01 	4.543725e-02 
2.190270e-01 	4.529921e-02 
2.194030e-01 	4.516202e-02 
2.197780e-01 	4.502601e-02 
2.201540e-01 	4.489047e-02 
2.205300e-01 	4.475574e-02 
2.209050e-01 	4.462218e-02 
2.212810e-01 	4.448907e-02 
2.216570e-01 	4.435676e-02 
2.220320e-01 	4.422559e-02 
2.224080e-01 	4.409485e-02 
2.227840e-01 	4.396490e-02 
2.231590e-01 	4.383606e-02 
2.235350e-01 	4.370765e-02 
2.239100e-01 	4.358035e-02 
2.242860e-01 	4.345346e-02 
2.246620e-01 	4.332732e-02 
2.250370e-01 	4.320226e-02 
2.254130e-01 	4.307761e-02 
2.257890e-01 	4.295370e-02 
2.261640e-01 	4.283084e-02 
2.265400e-01 	4.270837e-02 
2.269160e-01 	4.258663e-02 
2.272910e-01 	4.246591e-02 
2.276670e-01 	4.234558e-02 
2.280420e-01 	4.222627e-02 
2.284180e-01 	4.210733e-02 
2.287940e-01 	4.198909e-02 
2.291690e-01 	4.187183e-02 
2.295450e-01 	4.175495e-02 
2.299210e-01 	4.163873e-02 
2.302960e-01 	4.152348e-02 
2.306720e-01 	4.140859e-02 
2.310470e-01 	4.129465e-02 
2.314230e-01 	4.118106e-02 
2.317990e-01 	4.106811e-02 
2.321740e-01 	4.095610e-02 
2.325500e-01 	4.084442e-02 
2.329250e-01 	4.073365e-02 
2.333010e-01 	4.062321e-02 
2.336760e-01 	4.051368e-02 
2.340520e-01 	4.040446e-02 
2.344280e-01 	4.029584e-02 
2.348030e-01 	4.018811e-02 
2.351790e-01 	4.008067e-02 
2.355550e-01 	3.997383e-02 
2.359300e-01 	3.986784e-02 
2.363060e-01 	3.976214e-02 
2.366810e-01 	3.965729e-02 
2.370570e-01 	3.955272e-02 
2.374320e-01 	3.944899e-02 
2.378080e-01 	3.934552e-02 
2.381840e-01 	3.924260e-02 
2.385590e-01 	3.914050e-02 
2.389350e-01 	3.903865e-02 
2.393100e-01 	3.893761e-02 
2.396860e-01 	3.883683e-02 
2.400610e-01 	3.873683e-02 
2.404370e-01 	3.863709e-02 
2.408120e-01 	3.853812e-02 
2.411880e-01 	3.843941e-02 
2.415640e-01 	3.834120e-02 
2.419390e-01 	3.824376e-02 
2.423150e-01 	3.814656e-02 
2.426900e-01 	3.805012e-02 
2.430660e-01 	3.795391e-02 
2.434410e-01 	3.785845e-02 
2.438170e-01 	3.776323e-02 
2.441920e-01 	3.766874e-02 
2.445680e-01 	3.757448e-02 
2.449430e-01 	3.748095e-02 
2.453190e-01 	3.738765e-02 
2.456950e-01 	3.729482e-02 
2.460700e-01 	3.720270e-02 
2.464460e-01 	3.711080e-02 
2.468210e-01 	3.701960e-02 
2.471970e-01 	3.692862e-02 
2.475720e-01 	3.683834e-02 
2.479480e-01 	3.674827e-02 
2.483230e-01 	3.665888e-02 
2.486990e-01 	3.656970e-02 
2.490740e-01 	3.648120e-02 
2.494500e-01 	3.639290e-02 
2.498250e-01 	3.630526e-02 
2.502010e-01 	3.621783e-02 
2.505760e-01 	3.613105e-02 
2.509520e-01 	3.604447e-02 
2.513270e-01 	3.595854e-02 
2.517030e-01 	3.587279e-02 
2.520780e-01 	3.578769e-02 
2.524540e-01 	3.570277e-02 
2.528290e-01 	3.561849e-02 
2.532050e-01 	3.553438e-02 
2.535800e-01 	3.545090e-02 
2.539560e-01 	3.536760e-02 
2.543310e-01 	3.528491e-02 
2.547070e-01 	3.520240e-02 
2.550820e-01 	3.512049e-02 
2.554570e-01 	3.503897e-02 
2.558330e-01 	3.495761e-02 
2.562080e-01 	3.487685e-02 
2.565840e-01 	3.479624e-02 
2.569590e-01 	3.471623e-02 
2.573350e-01 	3.463637e-02 
2.577100e-01 	3.455709e-02 
2.580860e-01 	3.447797e-02 
2.584610e-01 	3.439942e-02 
2.588370e-01 	3.432102e-02 
2.592120e-01 	3.424319e-02 
2.595880e-01 	3.416550e-02 
2.599630e-01 	3.408838e-02 
2.603380e-01 	3.401161e-02 
2.607140e-01 	3.393499e-02 
2.610890e-01 	3.385891e-02 
2.614650e-01 	3.378298e-02 
2.618400e-01 	3.370760e-02 
2.622160e-01 	3.363235e-02 
2.625910e-01 	3.355765e-02 
2.629670e-01 	3.348308e-02 
2.633420e-01 	3.340904e-02 
2.637180e-01 	3.333514e-02 
2.640930e-01 	3.326177e-02 
2.644680e-01 	3.318872e-02 
2.648440e-01 	3.311581e-02 
2.652190e-01 	3.304341e-02 
2.655950e-01 	3.297114e-02 
2.659700e-01 	3.289938e-02 
2.663450e-01 	3.282794e-02 
2.667210e-01 	3.275662e-02 
2.670960e-01 	3.268581e-02 
2.674720e-01 	3.261511e-02 
2.678470e-01 	3.254492e-02 
2.682220e-01 	3.247502e-02 
2.685980e-01 	3.240525e-02 
2.689730e-01 	3.233597e-02 
2.693490e-01 	3.226680e-02 
2.697240e-01 	3.219811e-02 
2.700990e-01 	3.212972e-02 
2.704750e-01 	3.206144e-02 
2.708500e-01 	3.199363e-02 
2.712260e-01 	3.192594e-02 
2.716010e-01 	3.185871e-02 
2.719760e-01 	3.179177e-02 
2.723520e-01 	3.172494e-02 
2.727270e-01 	3.165856e-02 
2.731020e-01 	3.159247e-02 
2.734780e-01 	3.152648e-02 
2.738530e-01 	3.146094e-02 
2.742290e-01 	3.139550e-02 
2.746040e-01 	3.133050e-02 
2.749790e-01 	3.126578e-02 
2.753550e-01 	3.120115e-02 
2.757300e-01 	3.113696e-02 
2.761050e-01 	3.107304e-02 
2.764810e-01 	3.100921e-02 
2.768560e-01 	3.094580e-02 
2.772310e-01 	3.088266e-02 
2.776070e-01 	3.081961e-02 
2.779820e-01 	3.075698e-02 
2.783580e-01 	3.069443e-02 
2.787330e-01 	3.063231e-02 
2.791080e-01 	3.057043e-02 
2.794840e-01 	3.050864e-02 
2.798590e-01 	3.044726e-02 
2.802340e-01 	3.038612e-02 
2.806100e-01 	3.032507e-02 
2.809850e-01 	3.026443e-02 
2.813600e-01 	3.020403e-02 
2.817360e-01 	3.014370e-02 
2.821110e-01 	3.008378e-02 
2.824860e-01 	3.002409e-02 
2.828620e-01 	2.996448e-02 
2.832370e-01 	2.990527e-02 
2.836120e-01 	2.984629e-02 
2.839870e-01 	2.978753e-02 
2.843630e-01 	2.972886e-02 
2.847380e-01 	2.967056e-02 
2.851130e-01 	2.961250e-02 
2.854890e-01 	2.955450e-02 
2.858640e-01 	2.949689e-02 
2.862390e-01 	2.943949e-02 
2.866140e-01 	2.938232e-02 
2.869900e-01 	2.932521e-02 
2.873650e-01 	2.926847e-02 
2.877400e-01 	2.921195e-02 
2.881160e-01 	2.915549e-02 
2.884910e-01 	2.909940e-02 
2.888660e-01 	2.904352e-02 
2.892410e-01 	2.898784e-02 
2.896170e-01 	2.893223e-02 
2.899920e-01 	2.887698e-02 
2.903670e-01 	2.882193e-02 
2.907430e-01 	2.876694e-02 
2.911180e-01 	2.871230e-02 
2.914930e-01 	2.865786e-02 
2.918680e-01 	2.860363e-02 
2.922440e-01 	2.854945e-02 
2.926190e-01 	2.849561e-02 
2.929940e-01 	2.844197e-02 
2.933690e-01 	2.838852e-02 
2.937450e-01 	2.833513e-02 
2.941200e-01 	2.828207e-02 
2.944950e-01 	2.822920e-02 
2.948700e-01 	2.817653e-02 
2.952460e-01 	2.812390e-02 
2.956210e-01 	2.807160e-02 
2.959960e-01 	2.801948e-02 
2.963710e-01 	2.796755e-02 
2.967470e-01 	2.791567e-02 
2.971220e-01 	2.786410e-02 
2.974970e-01 	2.781272e-02 
2.978720e-01 	2.776151e-02 
2.982480e-01 	2.771034e-02 
2.986230e-01 	2.765949e-02 
2.989980e-01 	2.760881e-02 
2.993730e-01 	2.755830e-02 
2.997480e-01 	2.750797e-02 
3.001230e-01 	2.745781e-02 
3.004990e-01 	2.740768e-02 
3.008740e-01 	2.735786e-02 
3.012490e-01 	2.730821e-02 
3.016240e-01 	2.725872e-02 
3.020000e-01 	2.720927e-02 
3.023750e-01 	2.716011e-02 
3.027500e-01 	2.711112e-02 
3.031250e-01 	2.706229e-02 
3.035000e-01 	2.701362e-02 
3.038760e-01 	2.696498e-02 
3.042510e-01 	2.691663e-02 
3.046260e-01 	2.686844e-02 
3.050010e-01 	2.682041e-02 
3.053760e-01 	2.677253e-02 
3.057510e-01 	2.672481e-02 
3.061270e-01 	2.667711e-02 
3.065020e-01 	2.662969e-02 
3.068770e-01 	2.658243e-02 
3.072520e-01 	2.653532e-02 
3.076270e-01 	2.648836e-02 
3.080020e-01 	2.644154e-02 
3.083780e-01 	2.639476e-02 
3.087530e-01 	2.634824e-02 
3.091280e-01 	2.630187e-02 
3.095030e-01 	2.625564e-02 
3.098780e-01 	2.620956e-02 
3.102530e-01 	2.616363e-02 
3.106280e-01 	2.611783e-02 
3.110030e-01 	2.607218e-02 
3.113790e-01 	2.602655e-02 
3.117540e-01 	2.598118e-02 
3.121290e-01 	2.593595e-02 
3.125040e-01 	2.589086e-02 
3.128790e-01 	2.584591e-02 
3.132540e-01 	2.580109e-02 
3.136290e-01 	2.575641e-02 
3.140040e-01 	2.571186e-02 
3.143800e-01 	2.566733e-02 
3.147550e-01 	2.562305e-02 
3.151300e-01 	2.557891e-02 
3.155050e-01 	2.553489e-02 
3.158800e-01 	2.549101e-02 
3.162550e-01 	2.544726e-02 
3.166300e-01 	2.540363e-02 
3.170050e-01 	2.536014e-02 
3.173800e-01 	2.531677e-02 
3.177550e-01 	2.527352e-02 
3.181310e-01 	2.523029e-02 
3.185060e-01 	2.518730e-02 
3.188810e-01 	2.514443e-02 
3.192560e-01 	2.510169e-02 
3.196310e-01 	2.505907e-02 
3.200060e-01 	2.501657e-02 
3.203810e-01 	2.497419e-02 
3.207560e-01 	2.493193e-02 
3.211310e-01 	2.488979e-02 
3.215060e-01 	2.484777e-02 
3.218810e-01 	2.480587e-02 
3.222560e-01 	2.476408e-02 
3.226310e-01 	2.472241e-02 
3.230060e-01 	2.468086e-02 
3.233810e-01 	2.463942e-02 
3.237570e-01 	2.459799e-02 
3.241320e-01 	2.455678e-02 
3.245070e-01 	2.451569e-02 
3.248820e-01 	2.447471e-02 
3.252570e-01 	2.443384e-02 
3.256320e-01 	2.439308e-02 
3.260070e-01 	2.435243e-02 
3.263820e-01 	2.431189e-02 
3.267570e-01 	2.427147e-02 
3.271320e-01 	2.423115e-02 
3.275070e-01 	2.419094e-02 
3.278820e-01 	2.415083e-02 
3.282570e-01 	2.411084e-02 
3.286320e-01 	2.407095e-02 
3.290070e-01 	2.403117e-02 
3.293820e-01 	2.399149e-02 
3.297570e-01 	2.395192e-02 
3.301320e-01 	2.391245e-02 
3.305070e-01 	2.387309e-02 
3.308820e-01 	2.383383e-02 
3.312570e-01 	2.379468e-02 
3.316320e-01 	2.375563e-02 
3.320070e-01 	2.371668e-02 
3.323820e-01 	2.367783e-02 
3.327570e-01 	2.363909e-02 
3.331320e-01 	2.360045e-02 
3.335070e-01 	2.356191e-02 
3.338820e-01 	2.352347e-02 
3.342570e-01 	2.348513e-02 
3.346320e-01 	2.344690e-02 
3.350070e-01 	2.340876e-02 
3.353820e-01 	2.337072e-02 
3.357570e-01 	2.333278e-02 
3.361320e-01 	2.329495e-02 
3.365070e-01 	2.325721e-02 
3.368820e-01 	2.321956e-02 
3.372560e-01 	2.318212e-02 
3.376310e-01 	2.314467e-02 
3.380060e-01 	2.310732e-02 
3.383810e-01 	2.307007e-02 
3.387560e-01 	2.303292e-02 
3.391310e-01 	2.299586e-02 
3.395060e-01 	2.295889e-02 
3.398810e-01 	2.292202e-02 
3.402560e-01 	2.288525e-02 
3.406310e-01 	2.284857e-02 
3.410060e-01 	2.281198e-02 
3.413810e-01 	2.277549e-02 
3.417560e-01 	2.273909e-02 
3.421300e-01 	2.270288e-02 
3.425050e-01 	2.266667e-02 
3.428800e-01 	2.263055e-02 
3.432550e-01 	2.259452e-02 
3.436300e-01 	2.255858e-02 
3.440050e-01 	2.252273e-02 
3.443800e-01 	2.248697e-02 
3.447550e-01 	2.245130e-02 
3.451300e-01 	2.241573e-02 
3.455050e-01 	2.238024e-02 
3.458790e-01 	2.234493e-02 
3.462540e-01 	2.230962e-02 
3.466290e-01 	2.227439e-02 
3.470040e-01 	2.223926e-02 
3.473790e-01 	2.220421e-02 
3.477540e-01 	2.216925e-02 
3.481290e-01 	2.213437e-02 
3.485040e-01 	2.209958e-02 
3.488790e-01 	2.206488e-02 
3.492530e-01 	2.203036e-02 
3.496280e-01 	2.199583e-02 
3.500030e-01 	2.196138e-02 
3.503780e-01 	2.192702e-02 
3.507530e-01 	2.189275e-02 
3.511280e-01 	2.185856e-02 
3.515020e-01 	2.182455e-02 
3.518770e-01 	2.179053e-02 
3.522520e-01 	2.175660e-02 
3.526270e-01 	2.172275e-02 
3.530020e-01 	2.168898e-02 
3.533770e-01 	2.165530e-02 
3.537510e-01 	2.162179e-02 
3.541260e-01 	2.158827e-02 
3.545010e-01 	2.155484e-02 
3.548760e-01 	2.152149e-02 
3.552510e-01 	2.148823e-02 
3.556260e-01 	2.145504e-02 
3.560000e-01 	2.142203e-02 
3.563750e-01 	2.138901e-02 
3.567500e-01 	2.135607e-02 
3.571250e-01 	2.132321e-02 
3.574990e-01 	2.129053e-02 
3.578740e-01 	2.125783e-02 
3.582490e-01 	2.122522e-02 
3.586240e-01 	2.119268e-02 
3.589990e-01 	2.116023e-02 
3.593740e-01 	2.112786e-02 
3.597480e-01 	2.109565e-02 
3.601230e-01 	2.106344e-02 
3.604980e-01 	2.103131e-02 
3.608730e-01 	2.099925e-02 
3.612470e-01 	2.096736e-02 
3.616220e-01 	2.093547e-02 
3.619970e-01 	2.090365e-02 
3.623720e-01 	2.087191e-02 
3.627460e-01 	2.084033e-02 
3.631210e-01 	2.080875e-02 
3.634960e-01 	2.077724e-02 
3.638710e-01 	2.074581e-02 
3.642450e-01 	2.071454e-02 
3.646200e-01 	2.068326e-02 
3.649950e-01 	2.065206e-02 
3.653700e-01 	2.062094e-02 
3.657440e-01 	2.058998e-02 
3.661190e-01 	2.055900e-02 
3.664940e-01 	2.052811e-02 
3.668690e-01 	2.049728e-02 
3.672430e-01 	2.046662e-02 
3.676180e-01 	2.043595e-02 
3.679930e-01 	2.040535e-02 
3.683670e-01 	2.037490e-02 
3.687420e-01 	2.034445e-02 
3.691170e-01 	2.031408e-02 
3.694910e-01 	2.028385e-02 
3.698660e-01 	2.025362e-02 
3.702410e-01 	2.022346e-02 
3.706160e-01 	2.019338e-02 
3.709900e-01 	2.016344e-02 
3.713650e-01 	2.013350e-02 
3.717400e-01 	2.010363e-02 
3.721140e-01 	2.007391e-02 
3.724890e-01 	2.004418e-02 
3.728640e-01 	2.001452e-02 
3.732380e-01 	1.998501e-02 
3.736130e-01 	1.995549e-02 
3.739880e-01 	1.992605e-02 
3.743620e-01 	1.989675e-02 
3.747370e-01 	1.986744e-02 
3.751120e-01 	1.983820e-02 
3.754860e-01 	1.980911e-02 
3.758610e-01 	1.978001e-02 
3.762360e-01 	1.975098e-02 
3.766100e-01 	1.972210e-02 
3.769850e-01 	1.969320e-02 
3.773600e-01 	1.966438e-02 
3.777340e-01 	1.963570e-02 
3.781090e-01 	1.960701e-02 
3.784830e-01 	1.957847e-02 
3.788580e-01 	1.954991e-02 
3.792330e-01 	1.952143e-02 
3.796070e-01 	1.949309e-02 
3.799820e-01 	1.946473e-02 
3.803560e-01 	1.943652e-02 
3.807310e-01 	1.940831e-02 
3.811060e-01 	1.938015e-02 
3.814800e-01 	1.935214e-02 
3.818550e-01 	1.932412e-02 
3.822300e-01 	1.929617e-02 
3.826040e-01 	1.926836e-02 
3.829790e-01 	1.924053e-02 
3.833530e-01 	1.921285e-02 
3.837280e-01 	1.918516e-02 
3.841030e-01 	1.915753e-02 
3.844770e-01 	1.913004e-02 
3.848520e-01 	1.910255e-02 
3.852260e-01 	1.907518e-02 
3.856010e-01 	1.904782e-02 
3.859750e-01 	1.902058e-02 
3.863500e-01 	1.899334e-02 
3.867250e-01 	1.896616e-02 
3.870990e-01 	1.893912e-02 
3.874740e-01 	1.891206e-02 
3.878480e-01 	1.888515e-02 
3.882230e-01 	1.885822e-02 
3.885970e-01 	1.883142e-02 
3.889720e-01 	1.880462e-02 
3.893460e-01 	1.877795e-02 
3.897210e-01 	1.875127e-02 
3.900950e-01 	1.872473e-02 
3.904700e-01 	1.869817e-02 
3.908440e-01 	1.867175e-02 
3.912190e-01 	1.864531e-02 
3.915940e-01 	1.861894e-02 
3.919680e-01 	1.859270e-02 
3.923420e-01 	1.856652e-02 
3.927170e-01 	1.854032e-02 
3.930920e-01 	1.851419e-02 
3.934660e-01 	1.848819e-02 
3.938410e-01 	1.846218e-02 
3.942150e-01 	1.843630e-02 
3.945900e-01 	1.841041e-02 
3.949640e-01 	1.838464e-02 
3.953380e-01 	1.835893e-02 
3.957130e-01 	1.833322e-02 
3.960880e-01 	1.830756e-02 
3.964620e-01 	1.828203e-02 
3.968360e-01 	1.825656e-02 
3.972110e-01 	1.823108e-02 
3.975850e-01 	1.820572e-02 
3.979600e-01 	1.818035e-02 
3.983340e-01 	1.815511e-02 
3.987090e-01 	1.812986e-02 
3.990830e-01 	1.810473e-02 
3.994580e-01 	1.807960e-02 
3.998320e-01 	1.805458e-02 
4.002070e-01 	1.802956e-02 
4.005810e-01 	1.800466e-02 
4.009550e-01 	1.797982e-02 
4.013300e-01 	1.795496e-02 
4.017040e-01 	1.793023e-02 
4.020790e-01 	1.790549e-02 
4.024530e-01 	1.788087e-02 
4.028280e-01 	1.785624e-02 
4.032020e-01 	1.783173e-02 
4.035760e-01 	1.780728e-02 
4.039510e-01 	1.778281e-02 
4.043250e-01 	1.775847e-02 
4.047000e-01 	1.773412e-02 
4.050740e-01 	1.770988e-02 
4.054480e-01 	1.768570e-02 
4.058230e-01 	1.766151e-02 
4.061970e-01 	1.763744e-02 
4.065720e-01 	1.761335e-02 
4.069460e-01 	1.758939e-02 
4.073200e-01 	1.756547e-02 
4.076950e-01 	1.754155e-02 
4.080690e-01 	1.751774e-02 
4.084440e-01 	1.749392e-02 
4.088180e-01 	1.747022e-02 
4.091920e-01 	1.744657e-02 
4.095670e-01 	1.742290e-02 
4.099410e-01 	1.739935e-02 
4.103150e-01 	1.737586e-02 
4.106900e-01 	1.735235e-02 
4.110640e-01 	1.732895e-02 
4.114380e-01 	1.730561e-02 
4.118130e-01 	1.728225e-02 
4.121870e-01 	1.725901e-02 
4.125610e-01 	1.723581e-02 
4.129360e-01 	1.721261e-02 
4.133100e-01 	1.718951e-02 
4.136840e-01 	1.716647e-02 
4.140590e-01 	1.714341e-02 
4.144330e-01 	1.712046e-02 
4.148070e-01 	1.709756e-02 
4.151820e-01 	1.707465e-02 
4.155560e-01 	1.705185e-02 
4.159300e-01 	1.702910e-02 
4.163050e-01 	1.700633e-02 
4.166790e-01 	1.698367e-02 
4.170530e-01 	1.696106e-02 
4.174270e-01 	1.693850e-02 
4.178020e-01 	1.691592e-02 
4.181760e-01 	1.689345e-02 
4.185500e-01 	1.687103e-02 
4.189250e-01 	1.684860e-02 
4.192990e-01 	1.682627e-02 
4.196730e-01 	1.680399e-02 
4.200480e-01 	1.678169e-02 
4.204220e-01 	1.675951e-02 
4.207960e-01 	1.673737e-02 
4.211700e-01 	1.671527e-02 
4.215440e-01 	1.669323e-02 
4.219190e-01 	1.667117e-02 
4.222930e-01 	1.664921e-02 
4.226670e-01 	1.662730e-02 
4.230410e-01 	1.660544e-02 
4.234160e-01 	1.658357e-02 
4.237900e-01 	1.656180e-02 
4.241640e-01 	1.654008e-02 
4.245380e-01 	1.651841e-02 
4.249130e-01 	1.649672e-02 
4.252870e-01 	1.647514e-02 
4.256610e-01 	1.645360e-02 
4.260350e-01 	1.643212e-02 
4.264100e-01 	1.641062e-02 
4.267840e-01 	1.638922e-02 
4.271580e-01 	1.636787e-02 
4.275320e-01 	1.634657e-02 
4.279060e-01 	1.632532e-02 
4.282800e-01 	1.630411e-02 
4.286550e-01 	1.628290e-02 
4.290290e-01 	1.626179e-02 
4.294030e-01 	1.624072e-02 
4.297770e-01 	1.621970e-02 
4.301510e-01 	1.619873e-02 
4.305260e-01 	1.617775e-02 
4.309000e-01 	1.615688e-02 
4.312740e-01 	1.613605e-02 
4.316480e-01 	1.611527e-02 
4.320220e-01 	1.609454e-02 
4.323960e-01 	1.607386e-02 
4.327710e-01 	1.605317e-02 
4.331450e-01 	1.603258e-02 
4.335190e-01 	1.601204e-02 
4.338930e-01 	1.599155e-02 
4.342670e-01 	1.597111e-02 
4.346410e-01 	1.595071e-02 
4.350150e-01 	1.593036e-02 
4.353890e-01 	1.591007e-02 
4.357640e-01 	1.588976e-02 
4.361380e-01 	1.586956e-02 
4.365120e-01 	1.584940e-02 
4.368860e-01 	1.582930e-02 
4.372600e-01 	1.580924e-02 
4.376340e-01 	1.578922e-02 
4.380080e-01 	1.576926e-02 
4.383820e-01 	1.574934e-02 
4.387570e-01 	1.572940e-02 
4.391310e-01 	1.570957e-02 
4.395050e-01 	1.568978e-02 
4.398790e-01 	1.567003e-02 
4.402530e-01 	1.565033e-02 
4.406270e-01 	1.563066e-02 
4.410010e-01 	1.561103e-02 
4.413750e-01 	1.559145e-02 
4.417490e-01 	1.557190e-02 
4.421230e-01 	1.555238e-02 
4.424970e-01 	1.553290e-02 
4.428710e-01 	1.551346e-02 
4.432450e-01 	1.549405e-02 
4.436190e-01 	1.547467e-02 
4.439930e-01 	1.545532e-02 
4.443670e-01 	1.543600e-02 
4.447420e-01 	1.541666e-02 
4.451160e-01 	1.539739e-02 
4.454900e-01 	1.537816e-02 
4.458640e-01 	1.535895e-02 
4.462380e-01 	1.533976e-02 
4.466120e-01 	1.532060e-02 
4.469860e-01 	1.530146e-02 
4.473600e-01 	1.528234e-02 
4.477340e-01 	1.526324e-02 
4.481080e-01 	1.524416e-02 
4.484820e-01 	1.522510e-02 
4.488560e-01 	1.520606e-02 
4.492300e-01 	1.518703e-02 
4.496040e-01 	1.516801e-02 
4.499780e-01 	1.514901e-02 
4.503520e-01 	1.513003e-02 
4.507260e-01 	1.511105e-02 
4.511000e-01 	1.509208e-02 
4.514740e-01 	1.507313e-02 
4.518480e-01 	1.505418e-02 
4.522220e-01 	1.503524e-02 
4.525950e-01 	1.501635e-02 
4.529690e-01 	1.499742e-02 
4.533430e-01 	1.497850e-02 
4.537170e-01 	1.495957e-02 
4.540910e-01 	1.494065e-02 
4.544650e-01 	1.492173e-02 
4.548390e-01 	1.490281e-02 
