#q 	 Ifit_avg 
4.768000e-03 	1.000000e+00 
5.064000e-03 	9.964678e-01 
5.361000e-03 	9.929320e-01 
5.658000e-03 	9.893894e-01 
5.954000e-03 	9.858363e-01 
6.251000e-03 	9.822694e-01 
6.548000e-03 	9.786852e-01 
6.845000e-03 	9.750800e-01 
7.141000e-03 	9.714505e-01 
7.438000e-03 	9.677931e-01 
7.735000e-03 	9.641046e-01 
8.032000e-03 	9.603811e-01 
8.328000e-03 	9.566194e-01 
8.625000e-03 	9.528159e-01 
8.922000e-03 	9.489673e-01 
9.219000e-03 	9.450698e-01 
9.515000e-03 	9.411203e-01 
9.812000e-03 	9.371150e-01 
1.010900e-02 	9.330499e-01 
1.040500e-02 	9.289233e-01 
1.070200e-02 	9.247305e-01 
1.099900e-02 	9.204669e-01 
1.129600e-02 	9.161318e-01 
1.159200e-02 	9.117208e-01 
1.188900e-02 	9.072293e-01 
1.218600e-02 	9.026576e-01 
1.248300e-02 	8.980018e-01 
1.277900e-02 	8.932586e-01 
1.307600e-02 	8.884295e-01 
1.337300e-02 	8.835122e-01 
1.367000e-02 	8.785045e-01 
1.396600e-02 	8.734100e-01 
1.426300e-02 	8.682277e-01 
1.456000e-02 	8.629568e-01 
1.485700e-02 	8.576027e-01 
1.515300e-02 	8.521654e-01 
1.545000e-02 	8.466457e-01 
1.574700e-02 	8.410497e-01 
1.604300e-02 	8.353769e-01 
1.634000e-02 	8.296342e-01 
1.663700e-02 	8.238232e-01 
1.693400e-02 	8.179456e-01 
1.723000e-02 	8.120090e-01 
1.752700e-02 	8.060155e-01 
1.782400e-02 	7.999668e-01 
1.812100e-02 	7.938712e-01 
1.841700e-02 	7.877305e-01 
1.871400e-02 	7.815467e-01 
1.901100e-02 	7.753279e-01 
1.930800e-02 	7.690758e-01 
1.960400e-02 	7.627921e-01 
1.990100e-02 	7.564847e-01 
2.019800e-02 	7.501552e-01 
2.049400e-02 	7.438048e-01 
2.079100e-02 	7.374413e-01 
2.108800e-02 	7.310656e-01 
2.138500e-02 	7.246788e-01 
2.168100e-02 	7.182882e-01 
2.197800e-02 	7.118945e-01 
2.227500e-02 	7.054985e-01 
2.257200e-02 	6.991070e-01 
2.286800e-02 	6.927205e-01 
2.316500e-02 	6.863392e-01 
2.346200e-02 	6.799698e-01 
2.375900e-02 	6.736102e-01 
2.405500e-02 	6.672669e-01 
2.435200e-02 	6.609397e-01 
2.464900e-02 	6.546284e-01 
2.494600e-02 	6.483392e-01 
2.524200e-02 	6.420718e-01 
2.553900e-02 	6.358256e-01 
2.583600e-02 	6.296066e-01 
2.613200e-02 	6.234141e-01 
2.642900e-02 	6.172475e-01 
2.672600e-02 	6.111125e-01 
2.702300e-02 	6.050082e-01 
2.731900e-02 	5.989339e-01 
2.761600e-02 	5.928947e-01 
2.791300e-02 	5.868900e-01 
2.821000e-02 	5.809186e-01 
2.850600e-02 	5.749856e-01 
2.880300e-02 	5.690899e-01 
2.910000e-02 	5.632306e-01 
2.939600e-02 	5.574123e-01 
2.969300e-02 	5.516339e-01 
2.999000e-02 	5.458942e-01 
3.028700e-02 	5.401978e-01 
3.058300e-02 	5.345433e-01 
3.088000e-02 	5.289296e-01 
3.117700e-02 	5.233610e-01 
3.147400e-02 	5.178343e-01 
3.177000e-02 	5.123537e-01 
3.206700e-02 	5.069177e-01 
3.236400e-02 	5.015250e-01 
3.266100e-02 	4.961797e-01 
3.295700e-02 	4.908803e-01 
3.325400e-02 	4.856253e-01 
3.355100e-02 	4.804187e-01 
3.384800e-02 	4.752589e-01 
3.414400e-02 	4.701444e-01 
3.444100e-02 	4.650790e-01 
3.473800e-02 	4.600611e-01 
3.503500e-02 	4.550892e-01 
3.533100e-02 	4.501668e-01 
3.562800e-02 	4.452924e-01 
3.592500e-02 	4.404645e-01 
3.622100e-02 	4.356863e-01 
3.651800e-02 	4.309563e-01 
3.681500e-02 	4.262729e-01 
3.711200e-02 	4.216394e-01 
3.740800e-02 	4.170541e-01 
3.770500e-02 	4.125155e-01 
3.800200e-02 	4.080265e-01 
3.829900e-02 	4.035855e-01 
3.859500e-02 	3.991910e-01 
3.889200e-02 	3.948458e-01 
3.918900e-02 	3.905469e-01 
3.948600e-02 	3.862969e-01 
3.978200e-02 	3.820944e-01 
4.007900e-02 	3.779376e-01 
4.037600e-02 	3.738292e-01 
4.067200e-02 	3.697676e-01 
4.096900e-02 	3.657511e-01 
4.126600e-02 	3.617823e-01 
4.156300e-02 	3.578595e-01 
4.185900e-02 	3.539811e-01 
4.215600e-02 	3.501495e-01 
4.245300e-02 	3.463630e-01 
4.275000e-02 	3.426200e-01 
4.304600e-02 	3.389228e-01 
4.334300e-02 	3.352698e-01 
4.364000e-02 	3.316594e-01 
4.393700e-02 	3.280937e-01 
4.423300e-02 	3.245711e-01 
4.453000e-02 	3.210901e-01 
4.482700e-02 	3.176527e-01 
4.512300e-02 	3.142572e-01 
4.542000e-02 	3.109023e-01 
4.571700e-02 	3.075898e-01 
4.601400e-02 	3.043182e-01 
4.631000e-02 	3.010860e-01 
4.660700e-02 	2.978949e-01 
4.690400e-02 	2.947424e-01 
4.720100e-02 	2.916302e-01 
4.749700e-02 	2.885568e-01 
4.779400e-02 	2.855209e-01 
4.809100e-02 	2.825241e-01 
4.838700e-02 	2.795650e-01 
4.868400e-02 	2.766421e-01 
4.898100e-02 	2.737569e-01 
4.927800e-02 	2.709081e-01 
4.957500e-02 	2.680942e-01 
4.987100e-02 	2.653169e-01 
5.016800e-02 	2.625747e-01 
5.046500e-02 	2.598663e-01 
5.076100e-02 	2.571932e-01 
5.105800e-02 	2.545540e-01 
5.135500e-02 	2.519474e-01 
5.165200e-02 	2.493747e-01 
5.194800e-02 	2.468346e-01 
5.224500e-02 	2.443260e-01 
5.254200e-02 	2.418500e-01 
5.283900e-02 	2.394054e-01 
5.313500e-02 	2.369911e-01 
5.343200e-02 	2.346082e-01 
5.372900e-02 	2.322556e-01 
5.402600e-02 	2.299320e-01 
5.432200e-02 	2.276387e-01 
5.461900e-02 	2.253744e-01 
5.491600e-02 	2.231380e-01 
5.521200e-02 	2.209305e-01 
5.550900e-02 	2.187502e-01 
5.580600e-02 	2.165980e-01 
5.610300e-02 	2.144729e-01 
5.639900e-02 	2.123739e-01 
5.669600e-02 	2.103019e-01 
5.699300e-02 	2.082559e-01 
5.729000e-02 	2.062349e-01 
5.758600e-02 	2.042398e-01 
5.788300e-02 	2.022696e-01 
5.818000e-02 	2.003233e-01 
5.847700e-02 	1.984019e-01 
5.877300e-02 	1.965044e-01 
5.907000e-02 	1.946298e-01 
5.936700e-02 	1.927791e-01 
5.966300e-02 	1.909512e-01 
5.996000e-02 	1.891453e-01 
6.025700e-02 	1.873622e-01 
6.055400e-02 	1.856011e-01 
6.085000e-02 	1.838610e-01 
6.114700e-02 	1.821429e-01 
6.144400e-02 	1.804459e-01 
6.174100e-02 	1.787691e-01 
6.203700e-02 	1.771134e-01 
6.233400e-02 	1.754779e-01 
6.263100e-02 	1.738617e-01 
6.292800e-02 	1.722658e-01 
6.322400e-02 	1.706886e-01 
6.352100e-02 	1.691310e-01 
6.381800e-02 	1.675923e-01 
6.411500e-02 	1.660717e-01 
6.441100e-02 	1.645699e-01 
6.470800e-02 	1.630863e-01 
6.500500e-02 	1.616200e-01 
6.530100e-02 	1.601718e-01 
6.559800e-02 	1.587409e-01 
6.589500e-02 	1.573267e-01 
6.619200e-02 	1.559298e-01 
6.648800e-02 	1.545495e-01 
6.678500e-02 	1.531852e-01 
6.708200e-02 	1.518375e-01 
6.737800e-02 	1.505058e-01 
6.767500e-02 	1.491895e-01 
6.797200e-02 	1.478892e-01 
6.826900e-02 	1.466042e-01 
6.856600e-02 	1.453339e-01 
6.886200e-02 	1.440790e-01 
6.915900e-02 	1.428388e-01 
6.945600e-02 	1.416127e-01 
6.975200e-02 	1.404014e-01 
7.004900e-02 	1.392042e-01 
7.034600e-02 	1.380206e-01 
7.064300e-02 	1.368512e-01 
7.093900e-02 	1.356950e-01 
7.123600e-02 	1.345527e-01 
7.153300e-02 	1.334236e-01 
7.183000e-02 	1.323072e-01 
7.212600e-02 	1.312041e-01 
7.242300e-02 	1.301136e-01 
7.272000e-02 	1.290353e-01 
7.301600e-02 	1.279698e-01 
7.331300e-02 	1.269164e-01 
7.361000e-02 	1.258748e-01 
7.390700e-02 	1.248454e-01 
7.420300e-02 	1.238278e-01 
7.450000e-02 	1.228214e-01 
7.479700e-02 	1.218269e-01 
7.509400e-02 	1.208436e-01 
7.539000e-02 	1.198712e-01 
7.568700e-02 	1.189101e-01 
7.598400e-02 	1.179598e-01 
7.628100e-02 	1.170199e-01 
7.657700e-02 	1.160908e-01 
7.687400e-02 	1.151722e-01 
7.717100e-02 	1.142636e-01 
7.746800e-02 	1.133655e-01 
7.776400e-02 	1.124774e-01 
7.806100e-02 	1.115989e-01 
7.835800e-02 	1.107305e-01 
7.865500e-02 	1.098714e-01 
7.895100e-02 	1.090222e-01 
7.924800e-02 	1.081824e-01 
7.954500e-02 	1.073515e-01 
7.984100e-02 	1.065301e-01 
8.013800e-02 	1.057177e-01 
8.043500e-02 	1.049140e-01 
8.073200e-02 	1.041194e-01 
8.102800e-02 	1.033334e-01 
8.132500e-02 	1.025558e-01 
8.162200e-02 	1.017869e-01 
8.191900e-02 	1.010265e-01 
8.221500e-02 	1.002740e-01 
8.251200e-02 	9.952995e-02 
8.280900e-02 	9.879398e-02 
8.310500e-02 	9.806573e-02 
8.340200e-02 	9.734559e-02 
8.369900e-02 	9.663322e-02 
8.399600e-02 	9.592828e-02 
8.429200e-02 	9.523112e-02 
8.458900e-02 	9.454140e-02 
8.488600e-02 	9.385879e-02 
8.518300e-02 	9.318365e-02 
8.547900e-02 	9.251567e-02 
8.577600e-02 	9.185454e-02 
8.607300e-02 	9.120061e-02 
8.637000e-02 	9.055335e-02 
8.666600e-02 	8.991313e-02 
8.696300e-02 	8.927965e-02 
8.726000e-02 	8.865262e-02 
8.755700e-02 	8.803238e-02 
8.785300e-02 	8.741864e-02 
8.815000e-02 	8.681111e-02 
8.844700e-02 	8.621011e-02 
8.874300e-02 	8.561535e-02 
8.904000e-02 	8.502653e-02 
8.933700e-02 	8.444397e-02 
8.963400e-02 	8.386739e-02 
8.993000e-02 	8.329650e-02 
9.022700e-02 	8.273161e-02 
9.052400e-02 	8.217248e-02 
9.082100e-02 	8.161883e-02 
9.111700e-02 	8.107098e-02 
9.141400e-02 	8.052868e-02 
9.171100e-02 	7.999170e-02 
9.200800e-02 	7.946032e-02 
9.230400e-02 	7.893430e-02 
9.260100e-02 	7.841340e-02 
9.289800e-02 	7.789789e-02 
9.319400e-02 	7.738755e-02 
9.349100e-02 	7.688213e-02 
9.378800e-02 	7.638190e-02 
9.408500e-02 	7.588647e-02 
9.438100e-02 	7.539611e-02 
9.467800e-02 	7.491057e-02 
9.497500e-02 	7.442964e-02 
9.527200e-02 	7.395358e-02 
9.556800e-02 	7.348215e-02 
9.586500e-02 	7.301513e-02 
9.616200e-02 	7.255280e-02 
9.645900e-02 	7.209492e-02 
9.675500e-02 	7.164131e-02 
9.705200e-02 	7.119221e-02 
9.734900e-02 	7.074743e-02 
9.764500e-02 	7.030676e-02 
9.794200e-02 	6.987045e-02 
9.823900e-02 	6.943830e-02 
9.853600e-02 	6.901012e-02 
9.883200e-02 	6.858615e-02 
9.912900e-02 	6.816619e-02 
9.942600e-02 	6.775005e-02 
9.972300e-02 	6.733796e-02 
1.000190e-01 	6.693014e-02 
1.003160e-01 	6.652532e-02 
1.006130e-01 	6.612425e-02 
1.009100e-01 	6.572691e-02 
1.012060e-01 	6.533456e-02 
1.015030e-01 	6.494449e-02 
1.018000e-01 	6.455799e-02 
1.020960e-01 	6.417630e-02 
1.023930e-01 	6.379680e-02 
1.026900e-01 	6.342074e-02 
1.029870e-01 	6.304809e-02 
1.032830e-01 	6.268004e-02 
1.035800e-01 	6.231407e-02 
1.038770e-01 	6.195139e-02 
1.041740e-01 	6.159196e-02 
1.044700e-01 	6.123694e-02 
1.047670e-01 	6.088389e-02 
1.050640e-01 	6.053397e-02 
1.053610e-01 	6.018715e-02 
1.056570e-01 	5.984455e-02 
1.059540e-01 	5.950381e-02 
1.062510e-01 	5.916607e-02 
1.065480e-01 	5.883128e-02 
1.068440e-01 	5.850054e-02 
1.071410e-01 	5.817156e-02 
1.074380e-01 	5.784543e-02 
1.077340e-01 	5.752321e-02 
1.080310e-01 	5.720267e-02 
1.083280e-01 	5.688489e-02 
1.086250e-01 	5.656981e-02 
1.089210e-01 	5.625847e-02 
1.092180e-01 	5.594872e-02 
1.095150e-01 	5.564159e-02 
1.098120e-01 	5.533705e-02 
1.101080e-01 	5.503609e-02 
1.104050e-01 	5.473664e-02 
1.107020e-01 	5.443971e-02 
1.109990e-01 	5.414527e-02 
1.112950e-01 	5.385427e-02 
1.115920e-01 	5.356471e-02 
1.118890e-01 	5.327758e-02 
1.121850e-01 	5.299379e-02 
1.124820e-01 	5.271140e-02 
1.127790e-01 	5.243136e-02 
1.130760e-01 	5.215363e-02 
1.133720e-01 	5.187912e-02 
1.136690e-01 	5.160594e-02 
1.139660e-01 	5.133499e-02 
1.142630e-01 	5.106626e-02 
1.145590e-01 	5.080061e-02 
1.148560e-01 	5.053622e-02 
1.151530e-01 	5.027398e-02 
1.154500e-01 	5.001386e-02 
1.157460e-01 	4.975670e-02 
1.160430e-01 	4.950076e-02 
1.163400e-01 	4.924688e-02 
1.166360e-01 	4.899588e-02 
1.169330e-01 	4.874606e-02 
1.172300e-01 	4.849825e-02 
1.175270e-01 	4.825242e-02 
1.178230e-01 	4.800939e-02 
1.181200e-01 	4.776749e-02 
1.184170e-01 	4.752752e-02 
1.187140e-01 	4.728947e-02 
1.190100e-01 	4.705411e-02 
1.193070e-01 	4.681983e-02 
1.196040e-01 	4.658742e-02 
1.199010e-01 	4.635686e-02 
1.201970e-01 	4.612888e-02 
1.204940e-01 	4.590195e-02 
1.207910e-01 	4.567680e-02 
1.210880e-01 	4.545342e-02 
1.213840e-01 	4.523254e-02 
1.216810e-01 	4.501266e-02 
1.219780e-01 	4.479450e-02 
1.222740e-01 	4.457878e-02 
1.225710e-01 	4.436402e-02 
1.228680e-01 	4.415094e-02 
1.231650e-01 	4.393954e-02 
1.234610e-01 	4.373049e-02 
1.237580e-01 	4.352237e-02 
1.240550e-01 	4.331587e-02 
1.243520e-01 	4.311099e-02 
1.246480e-01 	4.290840e-02 
1.249450e-01 	4.270669e-02 
1.252420e-01 	4.250656e-02 
1.255390e-01 	4.230799e-02 
1.258350e-01 	4.211163e-02 
1.261320e-01 	4.191612e-02 
1.264290e-01 	4.172214e-02 
1.267250e-01 	4.153030e-02 
1.270220e-01 	4.133930e-02 
1.273190e-01 	4.114977e-02 
1.276160e-01 	4.096170e-02 
1.279120e-01 	4.077570e-02 
1.282090e-01 	4.059051e-02 
1.285060e-01 	4.040674e-02 
1.288030e-01 	4.022438e-02 
1.290990e-01 	4.004402e-02 
1.293960e-01 	3.986444e-02 
1.296930e-01 	3.968622e-02 
1.299900e-01 	3.950936e-02 
1.302860e-01 	3.933443e-02 
1.305830e-01 	3.916024e-02 
1.308800e-01 	3.898737e-02 
1.311760e-01 	3.881638e-02 
1.314730e-01 	3.864611e-02 
1.317700e-01 	3.847713e-02 
1.320670e-01 	3.830941e-02 
1.323630e-01 	3.814351e-02 
1.326600e-01 	3.797829e-02 
1.329570e-01 	3.781431e-02 
1.332540e-01 	3.765156e-02 
1.335500e-01 	3.749055e-02 
1.338470e-01 	3.733020e-02 
1.341440e-01 	3.717103e-02 
1.344410e-01 	3.701304e-02 
1.347370e-01 	3.685674e-02 
1.350340e-01 	3.670107e-02 
1.353310e-01 	3.654653e-02 
1.356270e-01 	3.639365e-02 
1.359240e-01 	3.624137e-02 
1.362210e-01 	3.609020e-02 
1.365180e-01 	3.594013e-02 
1.368140e-01 	3.579165e-02 
1.371110e-01 	3.564374e-02 
1.374080e-01 	3.549691e-02 
1.377050e-01 	3.535113e-02 
1.380010e-01 	3.520689e-02 
1.382980e-01 	3.506320e-02 
1.385950e-01 	3.492054e-02 
1.388920e-01 	3.477889e-02 
1.391880e-01 	3.463873e-02 
1.394850e-01 	3.449909e-02 
1.397820e-01 	3.436044e-02 
1.400790e-01 	3.422277e-02 
1.403750e-01 	3.408652e-02 
1.406720e-01 	3.395077e-02 
1.409690e-01 	3.381597e-02 
1.412650e-01 	3.368255e-02 
1.415620e-01 	3.354961e-02 
1.418590e-01 	3.341759e-02 
1.421560e-01 	3.328648e-02 
1.424520e-01 	3.315671e-02 
1.427490e-01 	3.302739e-02 
1.430460e-01 	3.289896e-02 
1.433430e-01 	3.277140e-02 
1.436390e-01 	3.264514e-02 
1.439360e-01 	3.251930e-02 
1.442330e-01 	3.239432e-02 
1.445300e-01 	3.227017e-02 
1.448260e-01 	3.214728e-02 
1.451230e-01 	3.202479e-02 
1.454200e-01 	3.190312e-02 
1.457160e-01 	3.178267e-02 
1.460130e-01 	3.166261e-02 
1.463100e-01 	3.154336e-02 
1.466070e-01 	3.142489e-02 
1.469030e-01 	3.130759e-02 
1.472000e-01 	3.119068e-02 
1.474970e-01 	3.107453e-02 
1.477940e-01 	3.095915e-02 
1.480900e-01 	3.084490e-02 
1.483870e-01 	3.073101e-02 
1.486840e-01 	3.061786e-02 
1.489810e-01 	3.050545e-02 
1.492770e-01 	3.039413e-02 
1.495740e-01 	3.028316e-02 
1.498710e-01 	3.017290e-02 
1.501670e-01 	3.006371e-02 
1.504640e-01 	2.995485e-02 
1.507610e-01 	2.984668e-02 
1.510580e-01 	2.973920e-02 
1.513540e-01 	2.963275e-02 
1.516510e-01 	2.952662e-02 
1.519480e-01 	2.942116e-02 
1.522450e-01 	2.931636e-02 
1.525410e-01 	2.921256e-02 
1.528380e-01 	2.910906e-02 
1.531350e-01 	2.900621e-02 
1.534320e-01 	2.890400e-02 
1.537280e-01 	2.880276e-02 
1.540250e-01 	2.870181e-02 
1.543220e-01 	2.860148e-02 
1.546190e-01 	2.850177e-02 
1.549150e-01 	2.840301e-02 
1.552120e-01 	2.830452e-02 
1.555090e-01 	2.820663e-02 
1.558050e-01 	2.810967e-02 
1.561020e-01 	2.801297e-02 
1.563990e-01 	2.791687e-02 
1.566960e-01 	2.782134e-02 
1.569920e-01 	2.772672e-02 
1.572890e-01 	2.763235e-02 
1.575860e-01 	2.753855e-02 
1.578830e-01 	2.744532e-02 
1.581790e-01 	2.735296e-02 
1.584760e-01 	2.726085e-02 
1.587730e-01 	2.716929e-02 
1.590700e-01 	2.707828e-02 
1.593660e-01 	2.698811e-02 
1.596630e-01 	2.689818e-02 
1.599600e-01 	2.680879e-02 
1.602560e-01 	2.672022e-02 
1.605530e-01 	2.663188e-02 
1.608500e-01 	2.654406e-02 
1.611470e-01 	2.645676e-02 
1.614430e-01 	2.637027e-02 
1.617400e-01 	2.628400e-02 
1.620370e-01 	2.619823e-02 
1.623340e-01 	2.611296e-02 
1.626300e-01 	2.602847e-02 
1.629270e-01 	2.594419e-02 
1.632240e-01 	2.586041e-02 
1.635210e-01 	2.577710e-02 
1.638170e-01 	2.569457e-02 
1.641140e-01 	2.561223e-02 
1.644110e-01 	2.553036e-02 
1.647070e-01 	2.544925e-02 
1.650040e-01 	2.536833e-02 
1.653010e-01 	2.528787e-02 
1.655980e-01 	2.520788e-02 
1.658940e-01 	2.512862e-02 
1.661910e-01 	2.504955e-02 
1.664880e-01 	2.497093e-02 
1.667850e-01 	2.489276e-02 
1.670810e-01 	2.481530e-02 
1.673780e-01 	2.473802e-02 
1.676750e-01 	2.466118e-02 
1.679720e-01 	2.458478e-02 
1.682680e-01 	2.450907e-02 
1.685650e-01 	2.443354e-02 
1.688620e-01 	2.435844e-02 
1.691590e-01 	2.428377e-02 
1.694550e-01 	2.420976e-02 
1.697520e-01 	2.413593e-02 
1.700490e-01 	2.406252e-02 
1.703450e-01 	2.398977e-02 
1.706420e-01 	2.391718e-02 
1.709390e-01 	2.384501e-02 
1.712360e-01 	2.377324e-02 
1.715320e-01 	2.370211e-02 
1.718290e-01 	2.363115e-02 
1.721260e-01 	2.356058e-02 
1.724230e-01 	2.349042e-02 
1.727190e-01 	2.342088e-02 
1.730160e-01 	2.335149e-02 
1.733130e-01 	2.328249e-02 
1.736100e-01 	2.321388e-02 
1.739060e-01 	2.314588e-02 
1.742030e-01 	2.307803e-02 
1.745000e-01 	2.301056e-02 
1.747960e-01 	2.294369e-02 
1.750930e-01 	2.287696e-02 
1.753900e-01 	2.281060e-02 
1.756870e-01 	2.274462e-02 
1.759830e-01 	2.267922e-02 
1.762800e-01 	2.261396e-02 
1.765770e-01 	2.254906e-02 
1.768740e-01 	2.248452e-02 
1.771700e-01 	2.242055e-02 
1.774670e-01 	2.235672e-02 
1.777640e-01 	2.229324e-02 
1.780610e-01 	2.223012e-02 
1.783570e-01 	2.216755e-02 
1.786540e-01 	2.210511e-02 
1.789510e-01 	2.204302e-02 
1.792470e-01 	2.198148e-02 
1.795440e-01 	2.192007e-02 
1.798410e-01 	2.185900e-02 
1.801380e-01 	2.179826e-02 
1.804340e-01 	2.173806e-02 
1.807310e-01 	2.167798e-02 
1.810280e-01 	2.161823e-02 
1.813250e-01 	2.155881e-02 
1.816210e-01 	2.149991e-02 
1.819180e-01 	2.144113e-02 
1.822150e-01 	2.138267e-02 
1.825120e-01 	2.132453e-02 
1.828080e-01 	2.126690e-02 
1.831050e-01 	2.120939e-02 
1.834020e-01 	2.115218e-02 
1.836990e-01 	2.109529e-02 
1.839950e-01 	2.103890e-02 
1.842920e-01 	2.098262e-02 
1.845890e-01 	2.092664e-02 
1.848850e-01 	2.087115e-02 
1.851820e-01 	2.081577e-02 
1.854790e-01 	2.076069e-02 
1.857760e-01 	2.070590e-02 
1.860720e-01 	2.065159e-02 
1.863690e-01 	2.059738e-02 
1.866660e-01 	2.054347e-02 
1.869630e-01 	2.048984e-02 
1.872590e-01 	2.043667e-02 
1.875560e-01 	2.038361e-02 
1.878530e-01 	2.033082e-02 
1.881500e-01 	2.027832e-02 
1.884460e-01 	2.022627e-02 
1.887430e-01 	2.017431e-02 
1.890400e-01 	2.012263e-02 
1.893360e-01 	2.007139e-02 
1.896330e-01 	2.002025e-02 
1.899300e-01 	1.996938e-02 
1.902270e-01 	1.991877e-02 
1.905230e-01 	1.986860e-02 
1.908200e-01 	1.981851e-02 
1.911170e-01 	1.976869e-02 
1.914140e-01 	1.971913e-02 
1.917100e-01 	1.966998e-02 
1.920070e-01 	1.962093e-02 
1.923040e-01 	1.957213e-02 
1.926010e-01 	1.952358e-02 
1.928970e-01 	1.947545e-02 
1.931940e-01 	1.942739e-02 
1.934910e-01 	1.937959e-02 
1.937870e-01 	1.933219e-02 
1.940840e-01 	1.928487e-02 
1.943810e-01 	1.923779e-02 
1.946780e-01 	1.919095e-02 
1.949740e-01 	1.914450e-02 
1.952710e-01 	1.909813e-02 
1.955680e-01 	1.905199e-02 
1.958650e-01 	1.900609e-02 
1.961610e-01 	1.896057e-02 
1.964580e-01 	1.891512e-02 
1.967550e-01 	1.886990e-02 
1.970520e-01 	1.882491e-02 
1.973480e-01 	1.878028e-02 
1.976450e-01 	1.873573e-02 
1.979420e-01 	1.869140e-02 
1.982380e-01 	1.864743e-02 
1.985350e-01 	1.860353e-02 
1.988320e-01 	1.855985e-02 
1.991290e-01 	1.851638e-02 
1.994250e-01 	1.847327e-02 
1.997220e-01 	1.843022e-02 
2.000190e-01 	1.838738e-02 
2.003160e-01 	1.834474e-02 
2.006120e-01 	1.830246e-02 
2.009090e-01 	1.826024e-02 
2.012060e-01 	1.821822e-02 
2.015030e-01 	1.817640e-02 
2.017990e-01 	1.813493e-02 
2.020960e-01 	1.809351e-02 
2.023930e-01 	1.805229e-02 
2.026900e-01 	1.801126e-02 
2.029860e-01 	1.797057e-02 
2.032830e-01 	1.792993e-02 
2.035800e-01 	1.788949e-02 
2.038760e-01 	1.784937e-02 
2.041730e-01 	1.780930e-02 
2.044700e-01 	1.776942e-02 
2.047670e-01 	1.772973e-02 
2.050630e-01 	1.769036e-02 
2.053600e-01 	1.765103e-02 
2.056570e-01 	1.761189e-02 
2.059540e-01 	1.757293e-02 
2.062500e-01 	1.753427e-02 
2.065470e-01 	1.749567e-02 
2.068440e-01 	1.745724e-02 
2.071410e-01 	1.741899e-02 
2.074370e-01 	1.738103e-02 
2.077340e-01 	1.734313e-02 
2.080310e-01 	1.730539e-02 
2.083270e-01 	1.726796e-02 
2.086240e-01 	1.723056e-02 
2.089210e-01 	1.719334e-02 
2.092180e-01 	1.715628e-02 
2.095140e-01 	1.711951e-02 
2.098110e-01 	1.708278e-02 
2.101080e-01 	1.704622e-02 
2.104050e-01 	1.700982e-02 
2.107010e-01 	1.697370e-02 
2.109980e-01 	1.693762e-02 
2.112950e-01 	1.690170e-02 
2.115920e-01 	1.686594e-02 
2.118880e-01 	1.683045e-02 
2.121850e-01 	1.679500e-02 
2.124820e-01 	1.675971e-02 
2.127780e-01 	1.672469e-02 
2.130750e-01 	1.668971e-02 
2.133720e-01 	1.665487e-02 
2.136690e-01 	1.662019e-02 
2.139650e-01 	1.658578e-02 
2.142620e-01 	1.655140e-02 
2.145590e-01 	1.651717e-02 
2.148560e-01 	1.648308e-02 
2.151520e-01 	1.644926e-02 
2.154490e-01 	1.641546e-02 
2.157460e-01 	1.638182e-02 
2.160430e-01 	1.634831e-02 
2.163390e-01 	1.631507e-02 
2.166360e-01 	1.628185e-02 
2.169330e-01 	1.624877e-02 
2.172300e-01 	1.621583e-02 
2.175260e-01 	1.618315e-02 
2.178230e-01 	1.615049e-02 
2.181200e-01 	1.611797e-02 
2.184160e-01 	1.608569e-02 
2.187130e-01 	1.605345e-02 
2.190100e-01 	1.602133e-02 
2.193070e-01 	1.598936e-02 
2.196030e-01 	1.595762e-02 
2.199000e-01 	1.592591e-02 
2.201970e-01 	1.589433e-02 
2.204940e-01 	1.586288e-02 
2.207900e-01 	1.583167e-02 
2.210870e-01 	1.580048e-02 
2.213840e-01 	1.576942e-02 
2.216810e-01 	1.573849e-02 
2.219770e-01 	1.570779e-02 
2.222740e-01 	1.567711e-02 
2.225710e-01 	1.564656e-02 
2.228670e-01 	1.561624e-02 
2.231640e-01 	1.558593e-02 
2.234610e-01 	1.555575e-02 
2.237580e-01 	1.552569e-02 
2.240540e-01 	1.549586e-02 
2.243510e-01 	1.546604e-02 
2.246480e-01 	1.543635e-02 
2.249450e-01 	1.540677e-02 
2.252410e-01 	1.537741e-02 
2.255380e-01 	1.534807e-02 
2.258350e-01 	1.531884e-02 
2.261320e-01 	1.528974e-02 
2.264280e-01 	1.526084e-02 
2.267250e-01 	1.523196e-02 
2.270220e-01 	1.520320e-02 
2.273180e-01 	1.517464e-02 
2.276150e-01 	1.514610e-02 
2.279120e-01 	1.511767e-02 
2.282090e-01 	1.508935e-02 
2.285050e-01 	1.506124e-02 
2.288020e-01 	1.503314e-02 
2.290990e-01 	1.500515e-02 
2.293960e-01 	1.497726e-02 
2.296920e-01 	1.494958e-02 
2.299890e-01 	1.492190e-02 
2.302860e-01 	1.489434e-02 
2.305830e-01 	1.486687e-02 
2.308790e-01 	1.483961e-02 
2.311760e-01 	1.481235e-02 
2.314730e-01 	1.478519e-02 
2.317700e-01 	1.475814e-02 
2.320660e-01 	1.473127e-02 
2.323630e-01 	1.470441e-02 
2.326600e-01 	1.467766e-02 
2.329560e-01 	1.465108e-02 
2.332530e-01 	1.462452e-02 
2.335500e-01 	1.459805e-02 
2.338470e-01 	1.457168e-02 
2.341430e-01 	1.454549e-02 
2.344400e-01 	1.451930e-02 
2.347370e-01 	1.449321e-02 
2.350340e-01 	1.446721e-02 
2.353300e-01 	1.444138e-02 
2.356270e-01 	1.441556e-02 
2.359240e-01 	1.438983e-02 
2.362210e-01 	1.436419e-02 
2.365170e-01 	1.433872e-02 
2.368140e-01 	1.431326e-02 
2.371110e-01 	1.428788e-02 
2.374070e-01 	1.426267e-02 
2.377040e-01 	1.423746e-02 
2.380010e-01 	1.421234e-02 
2.382980e-01 	1.418730e-02 
2.385940e-01 	1.416242e-02 
2.388910e-01 	1.413755e-02 
2.391880e-01 	1.411275e-02 
2.394850e-01 	1.408804e-02 
2.397810e-01 	1.406349e-02 
2.400780e-01 	1.403894e-02 
2.403750e-01 	1.401447e-02 
2.406720e-01 	1.399008e-02 
2.409680e-01 	1.396585e-02 
2.412650e-01 	1.394161e-02 
2.415620e-01 	1.391745e-02 
2.418580e-01 	1.389345e-02 
2.421550e-01 	1.386944e-02 
2.424520e-01 	1.384551e-02 
2.427490e-01 	1.382165e-02 
2.430450e-01 	1.379795e-02 
2.433420e-01 	1.377424e-02 
2.436390e-01 	1.375061e-02 
2.439360e-01 	1.372705e-02 
2.442320e-01 	1.370364e-02 
2.445290e-01 	1.368022e-02 
2.448260e-01 	1.365688e-02 
2.451230e-01 	1.363361e-02 
2.454190e-01 	1.361048e-02 
2.457160e-01 	1.358735e-02 
2.460130e-01 	1.356429e-02 
2.463100e-01 	1.354130e-02 
2.466060e-01 	1.351846e-02 
2.469030e-01 	1.349560e-02 
2.472000e-01 	1.347282e-02 
2.474960e-01 	1.345018e-02 
2.477930e-01 	1.342754e-02 
2.480900e-01 	1.340496e-02 
2.483870e-01 	1.338245e-02 
2.486830e-01 	1.336008e-02 
2.489800e-01 	1.333771e-02 
2.492770e-01 	1.331540e-02 
2.495740e-01 	1.329315e-02 
2.498700e-01 	1.327105e-02 
2.501670e-01 	1.324894e-02 
2.504640e-01 	1.322690e-02 
2.507610e-01 	1.320492e-02 
2.510570e-01 	1.318308e-02 
2.513540e-01 	1.316123e-02 
2.516510e-01 	1.313945e-02 
2.519470e-01 	1.311780e-02 
2.522440e-01 	1.309615e-02 
2.525410e-01 	1.307456e-02 
2.528380e-01 	1.305303e-02 
2.531340e-01 	1.303164e-02 
2.534310e-01 	1.301024e-02 
2.537280e-01 	1.298891e-02 
2.540250e-01 	1.296763e-02 
2.543210e-01 	1.294650e-02 
2.546180e-01 	1.292535e-02 
2.549150e-01 	1.290427e-02 
2.552120e-01 	1.288325e-02 
2.555080e-01 	1.286236e-02 
2.558050e-01 	1.284147e-02 
2.561020e-01 	1.282063e-02 
2.563980e-01 	1.279993e-02 
2.566950e-01 	1.277922e-02 
2.569920e-01 	1.275858e-02 
2.572890e-01 	1.273799e-02 
2.575850e-01 	1.271754e-02 
2.578820e-01 	1.269707e-02 
2.581790e-01 	1.267667e-02 
2.584760e-01 	1.265633e-02 
2.587720e-01 	1.263612e-02 
2.590690e-01 	1.261590e-02 
2.593660e-01 	1.259574e-02 
2.596630e-01 	1.257564e-02 
2.599590e-01 	1.255567e-02 
2.602560e-01 	1.253569e-02 
2.605530e-01 	1.251577e-02 
2.608490e-01 	1.249597e-02 
2.611460e-01 	1.247617e-02 
2.614430e-01 	1.245643e-02 
2.617400e-01 	1.243675e-02 
2.620360e-01 	1.241719e-02 
2.623330e-01 	1.239762e-02 
2.626300e-01 	1.237811e-02 
2.629270e-01 	1.235866e-02 
2.632230e-01 	1.233933e-02 
2.635200e-01 	1.231999e-02 
2.638170e-01 	1.230071e-02 
2.641140e-01 	1.228149e-02 
2.644100e-01 	1.226239e-02 
2.647070e-01 	1.224328e-02 
2.650040e-01 	1.222422e-02 
2.653010e-01 	1.220522e-02 
2.655970e-01 	1.218634e-02 
2.658940e-01 	1.216746e-02 
2.661910e-01 	1.214862e-02 
2.664870e-01 	1.212991e-02 
2.667840e-01 	1.211119e-02 
2.670810e-01 	1.209252e-02 
2.673780e-01 	1.207390e-02 
2.676740e-01 	1.205540e-02 
2.679710e-01 	1.203690e-02 
2.682680e-01 	1.201844e-02 
2.685650e-01 	1.200004e-02 
2.688610e-01 	1.198175e-02 
2.691580e-01 	1.196346e-02 
2.694550e-01 	1.194521e-02 
2.697520e-01 	1.192702e-02 
2.700480e-01 	1.190894e-02 
2.703450e-01 	1.189085e-02 
2.706420e-01 	1.187281e-02 
2.709380e-01 	1.185488e-02 
2.712350e-01 	1.183694e-02 
2.715320e-01 	1.181905e-02 
2.718290e-01 	1.180121e-02 
2.721250e-01 	1.178348e-02 
2.724220e-01 	1.176574e-02 
2.727190e-01 	1.174805e-02 
2.730160e-01 	1.173041e-02 
2.733120e-01 	1.171287e-02 
2.736090e-01 	1.169532e-02 
2.739060e-01 	1.167782e-02 
2.742030e-01 	1.166037e-02 
2.744990e-01 	1.164303e-02 
2.747960e-01 	1.162567e-02 
2.750930e-01 	1.160836e-02 
2.753890e-01 	1.159115e-02 
2.756860e-01 	1.157393e-02 
2.759830e-01 	1.155675e-02 
2.762800e-01 	1.153963e-02 
2.765760e-01 	1.152260e-02 
2.768730e-01 	1.150556e-02 
2.771700e-01 	1.148856e-02 
2.774670e-01 	1.147161e-02 
2.777630e-01 	1.145476e-02 
2.780600e-01 	1.143790e-02 
2.783570e-01 	1.142108e-02 
2.786540e-01 	1.140430e-02 
2.789500e-01 	1.138762e-02 
2.792470e-01 	1.137093e-02 
2.795440e-01 	1.135428e-02 
2.798410e-01 	1.133767e-02 
2.801370e-01 	1.132115e-02 
2.804340e-01 	1.130463e-02 
2.807310e-01 	1.128814e-02 
2.810270e-01 	1.127175e-02 
2.813240e-01 	1.125535e-02 
2.816210e-01 	1.123898e-02 
2.819180e-01 	1.122266e-02 
2.822140e-01 	1.120643e-02 
2.825110e-01 	1.119018e-02 
2.828080e-01 	1.117397e-02 
2.831050e-01 	1.115781e-02 
2.834010e-01 	1.114173e-02 
2.836980e-01 	1.112564e-02 
2.839950e-01 	1.110959e-02 
2.842920e-01 	1.109358e-02 
2.845880e-01 	1.107765e-02 
2.848850e-01 	1.106171e-02 
2.851820e-01 	1.104581e-02 
2.854780e-01 	1.103000e-02 
2.857750e-01 	1.101417e-02 
2.860720e-01 	1.099838e-02 
2.863690e-01 	1.098263e-02 
2.866650e-01 	1.096696e-02 
2.869620e-01 	1.095128e-02 
2.872590e-01 	1.093563e-02 
2.875560e-01 	1.092002e-02 
2.878520e-01 	1.090450e-02 
2.881490e-01 	1.088896e-02 
2.884460e-01 	1.087346e-02 
2.887430e-01 	1.085799e-02 
2.890390e-01 	1.084260e-02 
2.893360e-01 	1.082720e-02 
2.896330e-01 	1.081184e-02 
2.899290e-01 	1.079656e-02 
2.902260e-01 	1.078126e-02 
2.905230e-01 	1.076600e-02 
2.908200e-01 	1.075077e-02 
2.911160e-01 	1.073562e-02 
2.914130e-01 	1.072046e-02 
2.917100e-01 	1.070533e-02 
2.920070e-01 	1.069023e-02 
2.923030e-01 	1.067522e-02 
2.926000e-01 	1.066019e-02 
2.928970e-01 	1.064519e-02 
2.931940e-01 	1.063022e-02 
2.934900e-01 	1.061534e-02 
2.937870e-01 	1.060044e-02 
2.940840e-01 	1.058556e-02 
2.943810e-01 	1.057072e-02 
2.946770e-01 	1.055596e-02 
2.949740e-01 	1.054119e-02 
2.952710e-01 	1.052644e-02 
2.955670e-01 	1.051177e-02 
2.958640e-01 	1.049709e-02 
2.961610e-01 	1.048243e-02 
2.964580e-01 	1.046780e-02 
2.967540e-01 	1.045326e-02 
2.970510e-01 	1.043869e-02 
2.973480e-01 	1.042416e-02 
2.976450e-01 	1.040965e-02 
2.979410e-01 	1.039523e-02 
2.982380e-01 	1.038078e-02 
2.985350e-01 	1.036636e-02 
2.988320e-01 	1.035197e-02 
2.991280e-01 	1.033766e-02 
2.994250e-01 	1.032333e-02 
2.997220e-01 	1.030903e-02 
3.000180e-01 	1.029480e-02 
3.003150e-01 	1.028056e-02 
3.006120e-01 	1.026634e-02 
3.009090e-01 	1.025215e-02 
3.012050e-01 	1.023804e-02 
3.015020e-01 	1.022390e-02 
3.017990e-01 	1.020980e-02 
3.020960e-01 	1.019572e-02 
3.023920e-01 	1.018171e-02 
3.026890e-01 	1.016768e-02 
3.029860e-01 	1.015368e-02 
3.032830e-01 	1.013971e-02 
3.035790e-01 	1.012581e-02 
3.038760e-01 	1.011189e-02 
3.041730e-01 	1.009800e-02 
3.044690e-01 	1.008418e-02 
3.047660e-01 	1.007033e-02 
3.050630e-01 	1.005652e-02 
3.053600e-01 	1.004273e-02 
3.056560e-01 	1.002901e-02 
3.059530e-01 	1.001527e-02 
3.062500e-01 	1.000155e-02 
3.065470e-01 	9.987860e-03 
3.068430e-01 	9.974240e-03 
3.071400e-01 	9.960599e-03 
3.074370e-01 	9.946981e-03 
3.077340e-01 	9.933389e-03 
3.080300e-01 	9.919865e-03 
3.083270e-01 	9.906321e-03 
3.086240e-01 	9.892800e-03 
3.089210e-01 	9.879303e-03 
3.092170e-01 	9.865875e-03 
3.095140e-01 	9.852426e-03 
3.098110e-01 	9.839000e-03 
3.101070e-01 	9.825642e-03 
3.104040e-01 	9.812264e-03 
3.107010e-01 	9.798908e-03 
3.109980e-01 	9.785576e-03 
3.112940e-01 	9.772312e-03 
3.115910e-01 	9.759026e-03 
3.118880e-01 	9.745764e-03 
3.121850e-01 	9.732524e-03 
3.124810e-01 	9.719352e-03 
3.127780e-01 	9.706159e-03 
3.130750e-01 	9.692988e-03 
3.133720e-01 	9.679841e-03 
3.136680e-01 	9.666761e-03 
3.139650e-01 	9.653659e-03 
3.142620e-01 	9.640580e-03 
3.145580e-01 	9.627568e-03 
3.148550e-01 	9.614534e-03 
3.151520e-01 	9.601523e-03 
3.154490e-01 	9.588535e-03 
3.157450e-01 	9.575612e-03 
3.160420e-01 	9.562669e-03 
3.163390e-01 	9.549748e-03 
3.166360e-01 	9.536849e-03 
3.169320e-01 	9.524016e-03 
3.172290e-01 	9.511162e-03 
3.175260e-01 	9.498330e-03 
3.178230e-01 	9.485520e-03 
3.181190e-01 	9.472775e-03 
3.184160e-01 	9.460010e-03 
3.187130e-01 	9.447266e-03 
3.190090e-01 	9.434588e-03 
3.193060e-01 	9.421889e-03 
3.196030e-01 	9.409213e-03 
3.199000e-01 	9.396558e-03 
3.201960e-01 	9.383969e-03 
3.204930e-01 	9.371358e-03 
3.207900e-01 	9.358771e-03 
3.210870e-01 	9.346205e-03 
3.213830e-01 	9.333704e-03 
3.216800e-01 	9.321183e-03 
3.219770e-01 	9.308685e-03 
3.222740e-01 	9.296209e-03 
3.225700e-01 	9.283797e-03 
3.228670e-01 	9.271365e-03 
3.231640e-01 	9.258956e-03 
3.234610e-01 	9.246569e-03 
3.237570e-01 	9.234245e-03 
3.240540e-01 	9.221902e-03 
3.243510e-01 	9.209582e-03 
3.246470e-01 	9.197324e-03 
3.249440e-01 	9.185048e-03 
3.252410e-01 	9.172793e-03 
3.255380e-01 	9.160561e-03 
3.258340e-01 	9.148391e-03 
3.261310e-01 	9.136203e-03 
3.264280e-01 	9.124036e-03 
3.267250e-01 	9.111891e-03 
3.270210e-01 	9.099809e-03 
3.273180e-01 	9.087708e-03 
3.276150e-01 	9.075629e-03 
3.279120e-01 	9.063572e-03 
3.282080e-01 	9.051577e-03 
3.285050e-01 	9.039563e-03 
3.288020e-01 	9.027570e-03 
3.290980e-01 	9.015640e-03 
3.293950e-01 	9.003691e-03 
3.296920e-01 	8.991763e-03 
3.299890e-01 	8.979857e-03 
3.302850e-01 	8.968013e-03 
3.305820e-01 	8.956149e-03 
3.308790e-01 	8.944307e-03 
3.311760e-01 	8.932486e-03 
3.314720e-01 	8.920726e-03 
3.317690e-01 	8.908947e-03 
3.320660e-01 	8.897189e-03 
3.323630e-01 	8.885451e-03 
3.326590e-01 	8.873774e-03 
3.329560e-01 	8.862079e-03 
3.332530e-01 	8.850403e-03 
3.335490e-01 	8.838788e-03 
3.338460e-01 	8.827154e-03 
3.341430e-01 	8.815540e-03 
3.344400e-01 	8.803946e-03 
3.347360e-01 	8.792411e-03 
3.350330e-01 	8.780858e-03 
3.353300e-01 	8.769324e-03 
3.356270e-01 	8.757810e-03 
3.359230e-01 	8.746354e-03 
3.362200e-01 	8.734879e-03 
3.365170e-01 	8.723424e-03 
3.368140e-01 	8.711988e-03 
3.371100e-01 	8.700610e-03 
3.374070e-01 	8.689212e-03 
3.377040e-01 	8.677833e-03 
3.380000e-01 	8.666512e-03 
3.382970e-01 	8.655171e-03 
3.385940e-01 	8.643849e-03 
3.388910e-01 	8.632545e-03 
3.391870e-01 	8.621297e-03 
3.394840e-01 	8.610030e-03 
3.397810e-01 	8.598780e-03 
3.400780e-01 	8.587549e-03 
3.403740e-01 	8.576373e-03 
3.406710e-01 	8.565177e-03 
3.409680e-01 	8.553999e-03 
3.412650e-01 	8.542838e-03 
3.415610e-01 	8.531731e-03 
3.418580e-01 	8.520605e-03 
3.421550e-01 	8.509495e-03 
3.424520e-01 	8.498402e-03 
3.427480e-01 	8.487363e-03 
3.430450e-01 	8.476304e-03 
3.433420e-01 	8.465261e-03 
3.436380e-01 	8.454271e-03 
3.439350e-01 	8.443261e-03 
3.442320e-01 	8.432266e-03 
3.445290e-01 	8.421288e-03 
3.448250e-01 	8.410362e-03 
3.451220e-01 	8.399416e-03 
3.454190e-01 	8.388485e-03 
3.457160e-01 	8.377570e-03 
3.460120e-01 	8.366708e-03 
3.463090e-01 	8.355824e-03 
3.466060e-01 	8.344955e-03 
3.469030e-01 	8.334102e-03 
3.471990e-01 	8.323300e-03 
3.474960e-01 	8.312477e-03 
3.477930e-01 	8.301669e-03 
3.480890e-01 	8.290913e-03 
3.483860e-01 	8.280135e-03 
3.486830e-01 	8.269372e-03 
3.489800e-01 	8.258623e-03 
3.492760e-01 	8.247926e-03 
3.495730e-01 	8.237206e-03 
3.498700e-01 	8.226501e-03 
3.501670e-01 	8.215811e-03 
3.504630e-01 	8.205171e-03 
3.507600e-01 	8.194509e-03 
3.510570e-01 	8.183862e-03 
3.513540e-01 	8.173229e-03 
3.516500e-01 	8.162645e-03 
3.519470e-01 	8.152040e-03 
3.522440e-01 	8.141449e-03 
3.525400e-01 	8.130908e-03 
3.528370e-01 	8.120345e-03 
3.531340e-01 	8.109796e-03 
3.534310e-01 	8.099261e-03 
3.537270e-01 	8.088775e-03 
3.540240e-01 	8.078267e-03 
3.543210e-01 	8.067774e-03 
3.546180e-01 	8.057294e-03 
3.549140e-01 	8.046863e-03 
3.552110e-01 	8.036412e-03 
3.555080e-01 	8.025974e-03 
3.558050e-01 	8.015550e-03 
3.561010e-01 	8.005174e-03 
3.563980e-01 	7.994778e-03 
3.566950e-01 	7.984396e-03 
3.569920e-01 	7.974027e-03 
3.572880e-01 	7.963708e-03 
3.575850e-01 	7.953367e-03 
3.578820e-01 	7.943041e-03 
3.581780e-01 	7.932764e-03 
3.584750e-01 	7.922466e-03 
3.587720e-01 	7.912182e-03 
3.590690e-01 	7.901913e-03 
3.593650e-01 	7.891692e-03 
3.596620e-01 	7.881451e-03 
3.599590e-01 	7.871225e-03 
3.602560e-01 	7.861013e-03 
3.605520e-01 	7.850851e-03 
3.608490e-01 	7.840668e-03 
3.611460e-01 	7.830501e-03 
3.614430e-01 	7.820348e-03 
3.617390e-01 	7.810244e-03 
3.620360e-01 	7.800122e-03 
3.623330e-01 	7.790014e-03 
3.626290e-01 	7.779955e-03 
3.629260e-01 	7.769878e-03 
3.632230e-01 	7.759815e-03 
3.635200e-01 	7.749769e-03 
3.638160e-01 	7.739771e-03 
3.641130e-01 	7.729756e-03 
3.644100e-01 	7.719757e-03 
3.647070e-01 	7.709773e-03 
3.650030e-01 	7.699840e-03 
3.653000e-01 	7.689889e-03 
3.655970e-01 	7.679955e-03 
3.658940e-01 	7.670038e-03 
3.661900e-01 	7.660171e-03 
3.664870e-01 	7.650289e-03 
3.667840e-01 	7.640423e-03 
3.670800e-01 	7.630609e-03 
3.673770e-01 	7.620779e-03 
3.676740e-01 	7.610967e-03 
3.679710e-01 	7.601173e-03 
3.682670e-01 	7.591430e-03 
3.685640e-01 	7.581673e-03 
3.688610e-01 	7.571935e-03 
3.691580e-01 	7.562216e-03 
3.694540e-01 	7.552547e-03 
3.697510e-01 	7.542865e-03 
3.700480e-01 	7.533202e-03 
3.703450e-01 	7.523558e-03 
3.706410e-01 	7.513964e-03 
3.709380e-01 	7.504357e-03 
3.712350e-01 	7.494768e-03 
3.715320e-01 	7.485198e-03 
3.718280e-01 	7.475678e-03 
3.721250e-01 	7.466143e-03 
3.724220e-01 	7.456626e-03 
3.727180e-01 	7.447157e-03 
3.730150e-01 	7.437674e-03 
3.733120e-01 	7.428206e-03 
3.736090e-01 	7.418753e-03 
3.739050e-01 	7.409348e-03 
3.742020e-01 	7.399924e-03 
3.744990e-01 	7.390514e-03 
3.747960e-01 	7.381117e-03 
3.750920e-01 	7.371764e-03 
3.753890e-01 	7.362391e-03 
3.756860e-01 	7.353029e-03 
3.759830e-01 	7.343677e-03 
3.762790e-01 	7.334366e-03 
3.765760e-01 	7.325033e-03 
3.768730e-01 	7.315708e-03 
3.771690e-01 	7.306423e-03 
3.774660e-01 	7.297113e-03 
3.777630e-01 	7.287809e-03 
3.780600e-01 	7.278511e-03 
3.783560e-01 	7.269250e-03 
3.786530e-01 	7.259962e-03 
3.789500e-01 	7.250677e-03 
3.792470e-01 	7.241396e-03 
3.795430e-01 	7.232149e-03 
3.798400e-01 	7.222872e-03 
3.801370e-01 	7.213596e-03 
3.804340e-01 	7.204321e-03 
3.807300e-01 	7.195077e-03 
