#q 	 Ifit_avg 
9.738000e-03 	1.000000e+00 
1.001400e-02 	9.986422e-01 
1.029100e-02 	9.972844e-01 
1.056800e-02 	9.959259e-01 
1.084400e-02 	9.945658e-01 
1.112100e-02 	9.932047e-01 
1.139800e-02 	9.918413e-01 
1.167400e-02 	9.904761e-01 
1.195100e-02 	9.891084e-01 
1.222700e-02 	9.877372e-01 
1.250400e-02 	9.863631e-01 
1.278100e-02 	9.849853e-01 
1.305700e-02 	9.836029e-01 
1.333400e-02 	9.822164e-01 
1.361100e-02 	9.808247e-01 
1.388700e-02 	9.794282e-01 
1.416400e-02 	9.780261e-01 
1.444100e-02 	9.766174e-01 
1.471700e-02 	9.752030e-01 
1.499400e-02 	9.737817e-01 
1.527000e-02 	9.723529e-01 
1.554700e-02 	9.709170e-01 
1.582400e-02 	9.694733e-01 
1.610000e-02 	9.680208e-01 
1.637700e-02 	9.665602e-01 
1.665400e-02 	9.650901e-01 
1.693000e-02 	9.636111e-01 
1.720700e-02 	9.621224e-01 
1.748300e-02 	9.606229e-01 
1.776000e-02 	9.591135e-01 
1.803700e-02 	9.575933e-01 
1.831300e-02 	9.560612e-01 
1.859000e-02 	9.545180e-01 
1.886700e-02 	9.529622e-01 
1.914300e-02 	9.513946e-01 
1.942000e-02 	9.498142e-01 
1.969700e-02 	9.482201e-01 
1.997300e-02 	9.466130e-01 
2.025000e-02 	9.449920e-01 
2.052700e-02 	9.433562e-01 
2.080300e-02 	9.417063e-01 
2.108000e-02 	9.400407e-01 
2.135600e-02 	9.383604e-01 
2.163300e-02 	9.366643e-01 
2.191000e-02 	9.349514e-01 
2.218600e-02 	9.332227e-01 
2.246300e-02 	9.314771e-01 
2.274000e-02 	9.297137e-01 
2.301600e-02 	9.279334e-01 
2.329300e-02 	9.261352e-01 
2.357000e-02 	9.243182e-01 
2.384600e-02 	9.224834e-01 
2.412300e-02 	9.206290e-01 
2.439900e-02 	9.187563e-01 
2.467600e-02 	9.168642e-01 
2.495300e-02 	9.149519e-01 
2.522900e-02 	9.130205e-01 
2.550600e-02 	9.110690e-01 
2.578300e-02 	9.090967e-01 
2.605900e-02 	9.071048e-01 
2.633600e-02 	9.050917e-01 
2.661300e-02 	9.030589e-01 
2.688900e-02 	9.010054e-01 
2.716600e-02 	8.989306e-01 
2.744200e-02 	8.968361e-01 
2.771900e-02 	8.947210e-01 
2.799600e-02 	8.925847e-01 
2.827200e-02 	8.904288e-01 
2.854900e-02 	8.882521e-01 
2.882600e-02 	8.860562e-01 
2.910200e-02 	8.838408e-01 
2.937900e-02 	8.816051e-01 
2.965600e-02 	8.793511e-01 
2.993200e-02 	8.770783e-01 
3.020900e-02 	8.747863e-01 
3.048500e-02 	8.724769e-01 
3.076200e-02 	8.701489e-01 
3.103900e-02 	8.678043e-01 
3.131500e-02 	8.654425e-01 
3.159200e-02 	8.630632e-01 
3.186900e-02 	8.606683e-01 
3.214500e-02 	8.582574e-01 
3.242200e-02 	8.558299e-01 
3.269900e-02 	8.533879e-01 
3.297500e-02 	8.509308e-01 
3.325200e-02 	8.484582e-01 
3.352800e-02 	8.459722e-01 
3.380500e-02 	8.434713e-01 
3.408200e-02 	8.409577e-01 
3.435800e-02 	8.384307e-01 
3.463500e-02 	8.358899e-01 
3.491200e-02 	8.333374e-01 
3.518800e-02 	8.307726e-01 
3.546500e-02 	8.281950e-01 
3.574200e-02 	8.256066e-01 
3.601800e-02 	8.230061e-01 
3.629500e-02 	8.203955e-01 
3.657100e-02 	8.177744e-01 
3.684800e-02 	8.151419e-01 
3.712500e-02 	8.125005e-01 
3.740100e-02 	8.098494e-01 
3.767800e-02 	8.071881e-01 
3.795500e-02 	8.045187e-01 
3.823100e-02 	8.018396e-01 
3.850800e-02 	7.991531e-01 
3.878400e-02 	7.964586e-01 
3.906100e-02 	7.937552e-01 
3.933800e-02 	7.910454e-01 
3.961400e-02 	7.883284e-01 
3.989100e-02 	7.856035e-01 
4.016800e-02 	7.828730e-01 
4.044400e-02 	7.801362e-01 
4.072100e-02 	7.773923e-01 
4.099800e-02 	7.746437e-01 
4.127400e-02 	7.718886e-01 
4.155100e-02 	7.691293e-01 
4.182800e-02 	7.663651e-01 
4.210400e-02 	7.635951e-01 
4.238100e-02 	7.608217e-01 
4.265700e-02 	7.580441e-01 
4.293400e-02 	7.552615e-01 
4.321100e-02 	7.524763e-01 
4.348700e-02 	7.496865e-01 
4.376400e-02 	7.468946e-01 
4.404100e-02 	7.440996e-01 
4.431700e-02 	7.413008e-01 
4.459400e-02 	7.385005e-01 
4.487100e-02 	7.356977e-01 
4.514700e-02 	7.328917e-01 
4.542400e-02 	7.300847e-01 
4.570100e-02 	7.272750e-01 
4.597700e-02 	7.244646e-01 
4.625400e-02 	7.216529e-01 
4.653000e-02 	7.188389e-01 
4.680700e-02 	7.160248e-01 
4.708400e-02 	7.132099e-01 
4.736000e-02 	7.103931e-01 
4.763700e-02 	7.075768e-01 
4.791300e-02 	7.047599e-01 
4.819000e-02 	7.019417e-01 
4.846700e-02 	6.991244e-01 
4.874400e-02 	6.963060e-01 
4.902000e-02 	6.934888e-01 
4.929700e-02 	6.906718e-01 
4.957300e-02 	6.878542e-01 
4.985000e-02 	6.850381e-01 
5.012700e-02 	6.822226e-01 
5.040300e-02 	6.794069e-01 
5.068000e-02 	6.765931e-01 
5.095700e-02 	6.737792e-01 
5.123300e-02 	6.709674e-01 
5.151000e-02 	6.681569e-01 
5.178700e-02 	6.653467e-01 
5.206300e-02 	6.625390e-01 
5.234000e-02 	6.597328e-01 
5.261600e-02 	6.569274e-01 
5.289300e-02 	6.541247e-01 
5.317000e-02 	6.513230e-01 
5.344600e-02 	6.485243e-01 
5.372300e-02 	6.457277e-01 
5.400000e-02 	6.429324e-01 
5.427600e-02 	6.401404e-01 
5.455300e-02 	6.373509e-01 
5.483000e-02 	6.345629e-01 
5.510600e-02 	6.317787e-01 
5.538300e-02 	6.289972e-01 
5.565900e-02 	6.262176e-01 
5.593600e-02 	6.234419e-01 
5.621300e-02 	6.206684e-01 
5.648900e-02 	6.178991e-01 
5.676600e-02 	6.151330e-01 
5.704300e-02 	6.123693e-01 
5.731900e-02 	6.096102e-01 
5.759600e-02 	6.068546e-01 
5.787300e-02 	6.041017e-01 
5.814900e-02 	6.013536e-01 
5.842600e-02 	5.986083e-01 
5.870200e-02 	5.958681e-01 
5.897900e-02 	5.931318e-01 
5.925600e-02 	5.903988e-01 
5.953200e-02 	5.876709e-01 
5.980900e-02 	5.849474e-01 
6.008600e-02 	5.822274e-01 
6.036200e-02 	5.795128e-01 
6.063900e-02 	5.768018e-01 
6.091600e-02 	5.740966e-01 
6.119200e-02 	5.713961e-01 
6.146900e-02 	5.686995e-01 
6.174500e-02 	5.660087e-01 
6.202200e-02 	5.633231e-01 
6.229900e-02 	5.606415e-01 
6.257500e-02 	5.579661e-01 
6.285200e-02 	5.552959e-01 
6.312900e-02 	5.526302e-01 
6.340500e-02 	5.499708e-01 
6.368200e-02 	5.473159e-01 
6.395900e-02 	5.446676e-01 
6.423500e-02 	5.420250e-01 
6.451200e-02 	5.393871e-01 
6.478800e-02 	5.367560e-01 
6.506500e-02 	5.341308e-01 
6.534200e-02 	5.315105e-01 
6.561800e-02 	5.288973e-01 
6.589500e-02 	5.262892e-01 
6.617200e-02 	5.236882e-01 
6.644800e-02 	5.210934e-01 
6.672500e-02 	5.185040e-01 
6.700200e-02 	5.159220e-01 
6.727800e-02 	5.133463e-01 
6.755500e-02 	5.107763e-01 
6.783100e-02 	5.082137e-01 
6.810800e-02 	5.056569e-01 
6.838500e-02 	5.031077e-01 
6.866100e-02 	5.005652e-01 
6.893800e-02 	4.980288e-01 
6.921500e-02 	4.955001e-01 
6.949100e-02 	4.929784e-01 
6.976800e-02 	4.904629e-01 
7.004400e-02 	4.879553e-01 
7.032100e-02 	4.854549e-01 
7.059800e-02 	4.829609e-01 
7.087400e-02 	4.804750e-01 
7.115100e-02 	4.779955e-01 
7.142800e-02 	4.755244e-01 
7.170400e-02 	4.730607e-01 
7.198100e-02 	4.706036e-01 
7.225800e-02 	4.681549e-01 
7.253400e-02 	4.657140e-01 
7.281100e-02 	4.632798e-01 
7.308800e-02 	4.608542e-01 
7.336400e-02 	4.584356e-01 
7.364100e-02 	4.560257e-01 
7.391700e-02 	4.536237e-01 
7.419400e-02 	4.512288e-01 
7.447100e-02 	4.488427e-01 
7.474700e-02 	4.464647e-01 
7.502400e-02 	4.440939e-01 
7.530100e-02 	4.417320e-01 
7.557700e-02 	4.393775e-01 
7.585400e-02 	4.370321e-01 
7.613100e-02 	4.346949e-01 
7.640700e-02 	4.323652e-01 
7.668400e-02 	4.300446e-01 
7.696000e-02 	4.277325e-01 
7.723700e-02 	4.254280e-01 
7.751400e-02 	4.231328e-01 
7.779000e-02 	4.208461e-01 
7.806700e-02 	4.185672e-01 
7.834400e-02 	4.162976e-01 
7.862000e-02 	4.140359e-01 
7.889700e-02 	4.117836e-01 
7.917400e-02 	4.095400e-01 
7.945000e-02 	4.073042e-01 
7.972700e-02 	4.050780e-01 
8.000300e-02 	4.028605e-01 
8.028000e-02 	4.006509e-01 
8.055700e-02 	3.984510e-01 
8.083300e-02 	3.962591e-01 
8.111000e-02 	3.940768e-01 
8.138700e-02 	3.919034e-01 
8.166300e-02 	3.897381e-01 
8.194000e-02 	3.875825e-01 
8.221700e-02 	3.854359e-01 
8.249300e-02 	3.832975e-01 
8.277000e-02 	3.811688e-01 
8.304700e-02 	3.790484e-01 
8.332300e-02 	3.769378e-01 
8.360000e-02 	3.748361e-01 
8.387600e-02 	3.727428e-01 
8.415300e-02 	3.706591e-01 
8.443000e-02 	3.685845e-01 
8.470600e-02 	3.665182e-01 
8.498300e-02 	3.644617e-01 
8.526000e-02 	3.624141e-01 
8.553600e-02 	3.603748e-01 
8.581300e-02 	3.583453e-01 
8.608900e-02 	3.563241e-01 
8.636600e-02 	3.543127e-01 
8.664300e-02 	3.523103e-01 
8.691900e-02 	3.503162e-01 
8.719600e-02 	3.483319e-01 
8.747300e-02 	3.463566e-01 
8.774900e-02 	3.443896e-01 
8.802600e-02 	3.424325e-01 
8.830300e-02 	3.404836e-01 
8.857900e-02 	3.385445e-01 
8.885600e-02 	3.366145e-01 
8.913300e-02 	3.346928e-01 
8.940900e-02 	3.327808e-01 
8.968600e-02 	3.308778e-01 
8.996200e-02 	3.289832e-01 
9.023900e-02 	3.270982e-01 
9.051600e-02 	3.252215e-01 
9.079200e-02 	3.233545e-01 
9.106900e-02 	3.214964e-01 
9.134600e-02 	3.196466e-01 
9.162200e-02 	3.178065e-01 
9.189900e-02 	3.159752e-01 
9.217600e-02 	3.141522e-01 
9.245200e-02 	3.123388e-01 
9.272900e-02 	3.105343e-01 
9.300500e-02 	3.087380e-01 
9.328200e-02 	3.069513e-01 
9.355900e-02 	3.051728e-01 
9.383500e-02 	3.034038e-01 
9.411200e-02 	3.016436e-01 
9.438900e-02 	2.998917e-01 
9.466500e-02 	2.981492e-01 
9.494200e-02 	2.964156e-01 
9.521800e-02 	2.946901e-01 
9.549500e-02 	2.929740e-01 
9.577200e-02 	2.912661e-01 
9.604800e-02 	2.895676e-01 
9.632500e-02 	2.878778e-01 
9.660200e-02 	2.861961e-01 
9.687800e-02 	2.845237e-01 
9.715500e-02 	2.828600e-01 
9.743200e-02 	2.812044e-01 
9.770800e-02 	2.795581e-01 
9.798500e-02 	2.779198e-01 
9.826200e-02 	2.762907e-01 
9.853800e-02 	2.746702e-01 
9.881500e-02 	2.730577e-01 
9.909100e-02 	2.714544e-01 
9.936800e-02 	2.698596e-01 
9.964500e-02 	2.682728e-01 
9.992100e-02 	2.666951e-01 
1.001980e-01 	2.651254e-01 
1.004750e-01 	2.635625e-01 
1.007510e-01 	2.620137e-01 
1.010280e-01 	2.604678e-01 
1.013040e-01 	2.589359e-01 
1.015810e-01 	2.574068e-01 
1.018580e-01 	2.558862e-01 
1.021340e-01 	2.543794e-01 
1.024110e-01 	2.528755e-01 
1.026880e-01 	2.513799e-01 
1.029640e-01 	2.498980e-01 
1.032410e-01 	2.484189e-01 
1.035180e-01 	2.469481e-01 
1.037940e-01 	2.454908e-01 
1.040710e-01 	2.440364e-01 
1.043480e-01 	2.425902e-01 
1.046240e-01 	2.411573e-01 
1.049010e-01 	2.397273e-01 
1.051770e-01 	2.383105e-01 
1.054540e-01 	2.368966e-01 
1.057310e-01 	2.354908e-01 
1.060070e-01 	2.340980e-01 
1.062840e-01 	2.327082e-01 
1.065610e-01 	2.313264e-01 
1.068370e-01 	2.299574e-01 
1.071140e-01 	2.285914e-01 
1.073910e-01 	2.272333e-01 
1.076670e-01 	2.258879e-01 
1.079440e-01 	2.245456e-01 
1.082200e-01 	2.232158e-01 
1.084970e-01 	2.218890e-01 
1.087740e-01 	2.205700e-01 
1.090500e-01 	2.192634e-01 
1.093270e-01 	2.179598e-01 
1.096040e-01 	2.166639e-01 
1.098800e-01 	2.153803e-01 
1.101570e-01 	2.140996e-01 
1.104340e-01 	2.128265e-01 
1.107100e-01 	2.115656e-01 
1.109870e-01 	2.103076e-01 
1.112630e-01 	2.090615e-01 
1.115400e-01 	2.078185e-01 
1.118170e-01 	2.065828e-01 
1.120930e-01 	2.053590e-01 
1.123700e-01 	2.041381e-01 
1.126470e-01 	2.029246e-01 
1.129230e-01 	2.017227e-01 
1.132000e-01 	2.005238e-01 
1.134770e-01 	1.993321e-01 
1.137530e-01 	1.981519e-01 
1.140300e-01 	1.969746e-01 
1.143060e-01 	1.958087e-01 
1.145830e-01 	1.946456e-01 
1.148600e-01 	1.934897e-01 
1.151360e-01 	1.923451e-01 
1.154130e-01 	1.912033e-01 
1.156900e-01 	1.900685e-01 
1.159660e-01 	1.889449e-01 
1.162430e-01 	1.878241e-01 
1.165200e-01 	1.867103e-01 
1.167960e-01 	1.856073e-01 
1.170730e-01 	1.845073e-01 
1.173490e-01 	1.834181e-01 
1.176260e-01 	1.823317e-01 
1.179030e-01 	1.812522e-01 
1.181790e-01 	1.801833e-01 
1.184560e-01 	1.791173e-01 
1.187330e-01 	1.780580e-01 
1.190090e-01 	1.770092e-01 
1.192860e-01 	1.759632e-01 
1.195630e-01 	1.749239e-01 
1.198390e-01 	1.738949e-01 
1.201160e-01 	1.728687e-01 
1.203920e-01 	1.718528e-01 
1.206690e-01 	1.708396e-01 
1.209460e-01 	1.698329e-01 
1.212220e-01 	1.688362e-01 
1.214990e-01 	1.678423e-01 
1.217760e-01 	1.668548e-01 
1.220520e-01 	1.658771e-01 
1.223290e-01 	1.649022e-01 
1.226060e-01 	1.639336e-01 
1.228820e-01 	1.629748e-01 
1.231590e-01 	1.620186e-01 
1.234350e-01 	1.610721e-01 
1.237120e-01 	1.601284e-01 
1.239890e-01 	1.591907e-01 
1.242650e-01 	1.582626e-01 
1.245420e-01 	1.573371e-01 
1.248190e-01 	1.564177e-01 
1.250950e-01 	1.555076e-01 
1.253720e-01 	1.546002e-01 
1.256490e-01 	1.536988e-01 
1.259250e-01 	1.528066e-01 
1.262020e-01 	1.519169e-01 
1.264780e-01 	1.510364e-01 
1.267550e-01 	1.501585e-01 
1.270320e-01 	1.492864e-01 
1.273080e-01 	1.484233e-01 
1.275850e-01 	1.475627e-01 
1.278620e-01 	1.467079e-01 
1.281380e-01 	1.458618e-01 
1.284150e-01 	1.450184e-01 
1.286920e-01 	1.441805e-01 
1.289680e-01 	1.433512e-01 
1.292450e-01 	1.425245e-01 
1.295210e-01 	1.417063e-01 
1.297980e-01 	1.408907e-01 
1.300750e-01 	1.400805e-01 
1.303510e-01 	1.392786e-01 
1.306280e-01 	1.384793e-01 
1.309050e-01 	1.376854e-01 
1.311810e-01 	1.368997e-01 
1.314580e-01 	1.361164e-01 
1.317350e-01 	1.353385e-01 
1.320110e-01 	1.345686e-01 
1.322880e-01 	1.338011e-01 
1.325640e-01 	1.330417e-01 
1.328410e-01 	1.322846e-01 
1.331180e-01 	1.315327e-01 
1.333940e-01 	1.307886e-01 
1.336710e-01 	1.300470e-01 
1.339480e-01 	1.293103e-01 
1.342240e-01 	1.285814e-01 
1.345010e-01 	1.278548e-01 
1.347780e-01 	1.271332e-01 
1.350540e-01 	1.264192e-01 
1.353310e-01 	1.257074e-01 
1.356070e-01 	1.250031e-01 
1.358840e-01 	1.243011e-01 
1.361610e-01 	1.236040e-01 
1.364370e-01 	1.229141e-01 
1.367140e-01 	1.222265e-01 
1.369910e-01 	1.215436e-01 
1.372670e-01 	1.208679e-01 
1.375440e-01 	1.201945e-01 
1.378210e-01 	1.195257e-01 
1.380970e-01 	1.188640e-01 
1.383740e-01 	1.182044e-01 
1.386500e-01 	1.175518e-01 
1.389270e-01 	1.169014e-01 
1.392040e-01 	1.162556e-01 
1.394800e-01 	1.156166e-01 
1.397570e-01 	1.149797e-01 
1.400340e-01 	1.143473e-01 
1.403100e-01 	1.137216e-01 
1.405870e-01 	1.130980e-01 
1.408640e-01 	1.124788e-01 
1.411400e-01 	1.118662e-01 
1.414170e-01 	1.112557e-01 
1.416940e-01 	1.106495e-01 
1.419700e-01 	1.100497e-01 
1.422470e-01 	1.094520e-01 
1.425230e-01 	1.088607e-01 
1.428000e-01 	1.082714e-01 
1.430770e-01 	1.076863e-01 
1.433530e-01 	1.071074e-01 
1.436300e-01 	1.065305e-01 
1.439070e-01 	1.059578e-01 
1.441830e-01 	1.053911e-01 
1.444600e-01 	1.048264e-01 
1.447370e-01 	1.042658e-01 
1.450130e-01 	1.037111e-01 
1.452900e-01 	1.031584e-01 
1.455660e-01 	1.026116e-01 
1.458430e-01 	1.020667e-01 
1.461200e-01 	1.015257e-01 
1.463960e-01 	1.009905e-01 
1.466730e-01 	1.004572e-01 
1.469500e-01 	9.992772e-02 
1.472260e-01 	9.940393e-02 
1.475030e-01 	9.888202e-02 
1.477800e-01 	9.836386e-02 
1.480560e-01 	9.785129e-02 
1.483330e-01 	9.734055e-02 
1.486090e-01 	9.683532e-02 
1.488860e-01 	9.633191e-02 
1.491630e-01 	9.583214e-02 
1.494390e-01 	9.533776e-02 
1.497160e-01 	9.484517e-02 
1.499930e-01 	9.435615e-02 
1.502690e-01 	9.387241e-02 
1.505460e-01 	9.339043e-02 
1.508230e-01 	9.291194e-02 
1.510990e-01 	9.243863e-02 
1.513760e-01 	9.196704e-02 
1.516520e-01 	9.150055e-02 
1.519290e-01 	9.103575e-02 
1.522060e-01 	9.057433e-02 
1.524820e-01 	9.011790e-02 
1.527590e-01 	8.966314e-02 
1.530360e-01 	8.921167e-02 
1.533120e-01 	8.876508e-02 
1.535890e-01 	8.832012e-02 
1.538660e-01 	8.787839e-02 
1.541420e-01 	8.744143e-02 
1.544190e-01 	8.700606e-02 
1.546950e-01 	8.657540e-02 
1.549720e-01 	8.614630e-02 
1.552490e-01 	8.572030e-02 
1.555250e-01 	8.529891e-02 
1.558020e-01 	8.487906e-02 
1.560790e-01 	8.446225e-02 
1.563550e-01 	8.404996e-02 
1.566320e-01 	8.363918e-02 
1.569090e-01 	8.323139e-02 
1.571850e-01 	8.282803e-02 
1.574620e-01 	8.242616e-02 
1.577380e-01 	8.202866e-02 
1.580150e-01 	8.163262e-02 
1.582920e-01 	8.123948e-02 
1.585680e-01 	8.085063e-02 
1.588450e-01 	8.046321e-02 
1.591220e-01 	8.007864e-02 
1.593980e-01 	7.969826e-02 
1.596750e-01 	7.931929e-02 
1.599520e-01 	7.894310e-02 
1.602280e-01 	7.857101e-02 
1.605050e-01 	7.820031e-02 
1.607810e-01 	7.783365e-02 
1.610580e-01 	7.746835e-02 
1.613350e-01 	7.710573e-02 
1.616110e-01 	7.674707e-02 
1.618880e-01 	7.638974e-02 
1.621650e-01 	7.603503e-02 
1.624410e-01 	7.568419e-02 
1.627180e-01 	7.533466e-02 
1.629950e-01 	7.498769e-02 
1.632710e-01 	7.464451e-02 
1.635480e-01 	7.430261e-02 
1.638240e-01 	7.396445e-02 
1.641010e-01 	7.362755e-02 
1.643780e-01 	7.329312e-02 
1.646540e-01 	7.296235e-02 
1.649310e-01 	7.263281e-02 
1.652080e-01 	7.230569e-02 
1.654840e-01 	7.198215e-02 
1.657610e-01 	7.165981e-02 
1.660380e-01 	7.133984e-02 
1.663140e-01 	7.102337e-02 
1.665910e-01 	7.070808e-02 
1.668670e-01 	7.039622e-02 
1.671440e-01 	7.008553e-02 
1.674210e-01 	6.977712e-02 
1.676970e-01 	6.947207e-02 
1.679740e-01 	6.916817e-02 
1.682510e-01 	6.886649e-02 
1.685270e-01 	6.856811e-02 
1.688040e-01 	6.827084e-02 
1.690810e-01 	6.797575e-02 
1.693570e-01 	6.768388e-02 
1.696340e-01 	6.739309e-02 
1.699100e-01 	6.710547e-02 
1.701870e-01 	6.681891e-02 
1.704640e-01 	6.653446e-02 
1.707400e-01 	6.625309e-02 
1.710170e-01 	6.597276e-02 
1.712940e-01 	6.569448e-02 
1.715700e-01 	6.541922e-02 
1.718470e-01 	6.514496e-02 
1.721240e-01 	6.487270e-02 
1.724000e-01 	6.460339e-02 
1.726770e-01 	6.433506e-02 
1.729530e-01 	6.406962e-02 
1.732300e-01 	6.380515e-02 
1.735070e-01 	6.354259e-02 
1.737830e-01 	6.328286e-02 
1.740600e-01 	6.302407e-02 
1.743370e-01 	6.276715e-02 
1.746130e-01 	6.251301e-02 
1.748900e-01 	6.225979e-02 
1.751670e-01 	6.200840e-02 
1.754430e-01 	6.175974e-02 
1.757200e-01 	6.151197e-02 
1.759960e-01 	6.126688e-02 
1.762730e-01 	6.102269e-02 
1.765500e-01 	6.078026e-02 
1.768260e-01 	6.054046e-02 
1.771030e-01 	6.030153e-02 
1.773800e-01 	6.006433e-02 
1.776560e-01 	5.982969e-02 
1.779330e-01 	5.959591e-02 
1.782100e-01 	5.936382e-02 
1.784860e-01 	5.913424e-02 
1.787630e-01 	5.890549e-02 
1.790400e-01 	5.867840e-02 
1.793160e-01 	5.845376e-02 
1.795930e-01 	5.822994e-02 
1.798690e-01 	5.800853e-02 
1.801460e-01 	5.778793e-02 
1.804230e-01 	5.756891e-02 
1.806990e-01 	5.735226e-02 
1.809760e-01 	5.713639e-02 
1.812530e-01 	5.692208e-02 
1.815290e-01 	5.671007e-02 
1.818060e-01 	5.649882e-02 
1.820830e-01 	5.628909e-02 
1.823590e-01 	5.608162e-02 
1.826360e-01 	5.587488e-02 
1.829120e-01 	5.567036e-02 
1.831890e-01 	5.546657e-02 
1.834660e-01 	5.526424e-02 
1.837420e-01 	5.506407e-02 
1.840190e-01 	5.486460e-02 
1.842960e-01 	5.466656e-02 
1.845720e-01 	5.447062e-02 
1.848490e-01 	5.427537e-02 
1.851260e-01 	5.408150e-02 
1.854020e-01 	5.388969e-02 
1.856790e-01 	5.369853e-02 
1.859550e-01 	5.350941e-02 
1.862320e-01 	5.332092e-02 
1.865090e-01 	5.313375e-02 
1.867850e-01 	5.294855e-02 
1.870620e-01 	5.276398e-02 
1.873390e-01 	5.258069e-02 
1.876150e-01 	5.239933e-02 
1.878920e-01 	5.221858e-02 
1.881690e-01 	5.203909e-02 
1.884450e-01 	5.186148e-02 
1.887220e-01 	5.168446e-02 
1.889980e-01 	5.150929e-02 
1.892750e-01 	5.133471e-02 
1.895520e-01 	5.116133e-02 
1.898280e-01 	5.098976e-02 
1.901050e-01 	5.081876e-02 
1.903820e-01 	5.064893e-02 
1.906580e-01 	5.048087e-02 
1.909350e-01 	5.031336e-02 
1.912120e-01 	5.014700e-02 
1.914880e-01 	4.998236e-02 
1.917650e-01 	4.981825e-02 
1.920410e-01 	4.965585e-02 
1.923180e-01 	4.949396e-02 
1.925950e-01 	4.933318e-02 
1.928710e-01 	4.917407e-02 
1.931480e-01 	4.901548e-02 
1.934250e-01 	4.885796e-02 
1.937010e-01 	4.870208e-02 
1.939780e-01 	4.854669e-02 
1.942550e-01 	4.839237e-02 
1.945310e-01 	4.823965e-02 
1.948080e-01 	4.808742e-02 
1.950840e-01 	4.793676e-02 
1.953610e-01 	4.778659e-02 
1.956380e-01 	4.763743e-02 
1.959140e-01 	4.748982e-02 
1.961910e-01 	4.734269e-02 
1.964680e-01 	4.719654e-02 
1.967440e-01 	4.705191e-02 
1.970210e-01 	4.690773e-02 
1.972980e-01 	4.676453e-02 
1.975740e-01 	4.662280e-02 
1.978510e-01 	4.648151e-02 
1.981270e-01 	4.634168e-02 
1.984040e-01 	4.620228e-02 
1.986810e-01 	4.606381e-02 
1.989570e-01 	4.592676e-02 
1.992340e-01 	4.579013e-02 
1.995110e-01 	4.565441e-02 
1.997870e-01 	4.552007e-02 
2.000640e-01 	4.538613e-02 
2.003410e-01 	4.525308e-02 
2.006170e-01 	4.512138e-02 
2.008940e-01 	4.499008e-02 
2.011700e-01 	4.486010e-02 
2.014470e-01 	4.473050e-02 
2.017240e-01 	4.460175e-02 
2.020000e-01 	4.447429e-02 
2.022770e-01 	4.434720e-02 
2.025540e-01 	4.422093e-02 
2.028300e-01 	4.409593e-02 
2.031070e-01 	4.397128e-02 
2.033840e-01 	4.384743e-02 
2.036600e-01 	4.372482e-02 
2.039370e-01 	4.360254e-02 
2.042130e-01 	4.348148e-02 
2.044900e-01 	4.336075e-02 
2.047670e-01 	4.324079e-02 
2.050430e-01 	4.312200e-02 
2.053200e-01 	4.300354e-02 
2.055970e-01 	4.288581e-02 
2.058730e-01 	4.276924e-02 
2.061500e-01 	4.265297e-02 
2.064270e-01 	4.253742e-02 
2.067030e-01 	4.242301e-02 
2.069800e-01 	4.230888e-02 
2.072560e-01 	4.219588e-02 
2.075330e-01 	4.208316e-02 
2.078100e-01 	4.197113e-02 
2.080860e-01 	4.186020e-02 
2.083630e-01 	4.174955e-02 
2.086400e-01 	4.163958e-02 
2.089160e-01 	4.153068e-02 
2.091930e-01 	4.142205e-02 
2.094700e-01 	4.131408e-02 
2.097460e-01 	4.120716e-02 
2.100230e-01 	4.110051e-02 
2.102990e-01 	4.099488e-02 
2.105760e-01 	4.088952e-02 
2.108530e-01 	4.078480e-02 
2.111290e-01 	4.068108e-02 
2.114060e-01 	4.057762e-02 
2.116830e-01 	4.047479e-02 
2.119590e-01 	4.037294e-02 
2.122360e-01 	4.027134e-02 
2.125130e-01 	4.017035e-02 
2.127890e-01 	4.007033e-02 
2.130660e-01 	3.997055e-02 
2.133420e-01 	3.987173e-02 
2.136190e-01 	3.977314e-02 
2.138960e-01 	3.967513e-02 
2.141720e-01 	3.957806e-02 
2.144490e-01 	3.948122e-02 
2.147260e-01 	3.938495e-02 
2.150020e-01 	3.928960e-02 
2.152790e-01 	3.919446e-02 
2.155560e-01 	3.909989e-02 
2.158320e-01 	3.900620e-02 
2.161090e-01 	3.891273e-02 
2.163860e-01 	3.881981e-02 
2.166620e-01 	3.872777e-02 
2.169390e-01 	3.863593e-02 
2.172150e-01 	3.854495e-02 
2.174920e-01 	3.845417e-02 
2.177690e-01 	3.836392e-02 
2.180450e-01 	3.827451e-02 
2.183220e-01 	3.818530e-02 
2.185990e-01 	3.809660e-02 
2.188750e-01 	3.800873e-02 
2.191520e-01 	3.792104e-02 
2.194290e-01 	3.783386e-02 
2.197050e-01 	3.774748e-02 
2.199820e-01 	3.766128e-02 
2.202580e-01 	3.757588e-02 
2.205350e-01 	3.749066e-02 
2.208120e-01 	3.740591e-02 
2.210880e-01 	3.732194e-02 
2.213650e-01 	3.723814e-02 
2.216420e-01 	3.715481e-02 
2.219180e-01 	3.707223e-02 
2.221950e-01 	3.698982e-02 
2.224720e-01 	3.690786e-02 
2.227480e-01 	3.682664e-02 
2.230250e-01 	3.674558e-02 
2.233010e-01 	3.666524e-02 
2.235780e-01 	3.658505e-02 
2.238550e-01 	3.650530e-02 
2.241310e-01 	3.642626e-02 
2.244080e-01 	3.634736e-02 
2.246850e-01 	3.626888e-02 
2.249610e-01 	3.619110e-02 
2.252380e-01 	3.611345e-02 
2.255150e-01 	3.603621e-02 
2.257910e-01 	3.595966e-02 
2.260680e-01 	3.588323e-02 
2.263440e-01 	3.580747e-02 
2.266210e-01 	3.573184e-02 
2.268980e-01 	3.565661e-02 
2.271740e-01 	3.558203e-02 
2.274510e-01 	3.550758e-02 
2.277280e-01 	3.543351e-02 
2.280040e-01 	3.536009e-02 
2.282810e-01 	3.528678e-02 
2.285580e-01 	3.521386e-02 
2.288340e-01 	3.514157e-02 
2.291110e-01 	3.506939e-02 
2.293870e-01 	3.499784e-02 
2.296640e-01 	3.492640e-02 
2.299410e-01 	3.485532e-02 
2.302170e-01 	3.478486e-02 
2.304940e-01 	3.471451e-02 
2.307710e-01 	3.464451e-02 
2.310470e-01 	3.457512e-02 
2.313240e-01 	3.450583e-02 
2.316010e-01 	3.443689e-02 
2.318770e-01 	3.436855e-02 
2.321540e-01 	3.430030e-02 
2.324300e-01 	3.423264e-02 
2.327070e-01 	3.416508e-02 
2.329840e-01 	3.409786e-02 
2.332600e-01 	3.403121e-02 
2.335370e-01 	3.396466e-02 
2.338140e-01 	3.389844e-02 
2.340900e-01 	3.383279e-02 
2.343670e-01 	3.376724e-02 
2.346440e-01 	3.370200e-02 
2.349200e-01 	3.363733e-02 
2.351970e-01 	3.357274e-02 
2.354730e-01 	3.350870e-02 
2.357500e-01 	3.344474e-02 
2.360270e-01 	3.338111e-02 
2.363030e-01 	3.331801e-02 
2.365800e-01 	3.325499e-02 
2.368570e-01 	3.319228e-02 
2.371330e-01 	3.313011e-02 
2.374100e-01 	3.306801e-02 
2.376870e-01 	3.300621e-02 
2.379630e-01 	3.294493e-02 
2.382400e-01 	3.288373e-02 
2.385160e-01 	3.282304e-02 
2.387930e-01 	3.276243e-02 
2.390700e-01 	3.270211e-02 
2.393460e-01 	3.264229e-02 
2.396230e-01 	3.258254e-02 
2.399000e-01 	3.252307e-02 
2.401760e-01 	3.246410e-02 
2.404530e-01 	3.240520e-02 
2.407300e-01 	3.234657e-02 
2.410060e-01 	3.228842e-02 
2.412830e-01 	3.223034e-02 
2.415590e-01 	3.217274e-02 
2.418360e-01 	3.211520e-02 
2.421130e-01 	3.205792e-02 
2.423890e-01 	3.200112e-02 
2.426660e-01 	3.194437e-02 
2.429430e-01 	3.188788e-02 
2.432190e-01 	3.183185e-02 
2.434960e-01 	3.177587e-02 
2.437730e-01 	3.172014e-02 
2.440490e-01 	3.166487e-02 
2.443260e-01 	3.160964e-02 
2.446020e-01 	3.155486e-02 
2.448790e-01 	3.150012e-02 
2.451560e-01 	3.144562e-02 
2.454320e-01 	3.139157e-02 
2.457090e-01 	3.133755e-02 
2.459860e-01 	3.128377e-02 
2.462620e-01 	3.123042e-02 
2.465390e-01 	3.117711e-02 
2.468160e-01 	3.112404e-02 
2.470920e-01 	3.107138e-02 
2.473690e-01 	3.101877e-02 
2.476450e-01 	3.096657e-02 
2.479220e-01 	3.091441e-02 
2.481990e-01 	3.086248e-02 
2.484750e-01 	3.081096e-02 
2.487520e-01 	3.075948e-02 
2.490290e-01 	3.070822e-02 
2.493050e-01 	3.065736e-02 
2.495820e-01 	3.060654e-02 
2.498590e-01 	3.055595e-02 
2.501350e-01 	3.050575e-02 
2.504120e-01 	3.045558e-02 
2.506890e-01 	3.040564e-02 
2.509650e-01 	3.035608e-02 
2.512420e-01 	3.030657e-02 
2.515180e-01 	3.025744e-02 
2.517950e-01 	3.020834e-02 
2.520720e-01 	3.015945e-02 
2.523480e-01 	3.011095e-02 
2.526250e-01 	3.006248e-02 
2.529020e-01 	3.001422e-02 
2.531780e-01 	2.996634e-02 
2.534550e-01 	2.991848e-02 
2.537320e-01 	2.987083e-02 
2.540080e-01 	2.982355e-02 
2.542850e-01 	2.977630e-02 
2.545610e-01 	2.972942e-02 
2.548380e-01 	2.968257e-02 
2.551150e-01 	2.963592e-02 
2.553910e-01 	2.958963e-02 
2.556680e-01 	2.954336e-02 
2.559450e-01 	2.949729e-02 
2.562210e-01 	2.945158e-02 
2.564980e-01 	2.940589e-02 
2.567750e-01 	2.936039e-02 
2.570510e-01 	2.931525e-02 
2.573280e-01 	2.927012e-02 
2.576040e-01 	2.922535e-02 
2.578810e-01 	2.918060e-02 
2.581580e-01 	2.913603e-02 
2.584340e-01 	2.909181e-02 
2.587110e-01 	2.904761e-02 
2.589880e-01 	2.900359e-02 
2.592640e-01 	2.895990e-02 
2.595410e-01 	2.891624e-02 
2.598180e-01 	2.887275e-02 
2.600940e-01 	2.882960e-02 
2.603710e-01 	2.878646e-02 
2.606470e-01 	2.874365e-02 
2.609240e-01 	2.870086e-02 
2.612010e-01 	2.865824e-02 
2.614770e-01 	2.861594e-02 
2.617540e-01 	2.857366e-02 
2.620310e-01 	2.853154e-02 
2.623070e-01 	2.848974e-02 
2.625840e-01 	2.844796e-02 
2.628610e-01 	2.840634e-02 
2.631370e-01 	2.836503e-02 
2.634140e-01 	2.832373e-02 
2.636900e-01 	2.828275e-02 
2.639670e-01 	2.824177e-02 
2.642440e-01 	2.820095e-02 
2.645200e-01 	2.816044e-02 
2.647970e-01 	2.811994e-02 
2.650740e-01 	2.807959e-02 
2.653500e-01 	2.803954e-02 
2.656270e-01 	2.799951e-02 
2.659040e-01 	2.795963e-02 
2.661800e-01 	2.792004e-02 
2.664570e-01 	2.788046e-02 
2.667330e-01 	2.784118e-02 
2.670100e-01 	2.780190e-02 
2.672870e-01 	2.776278e-02 
2.675630e-01 	2.772394e-02 
2.678400e-01 	2.768512e-02 
2.681170e-01 	2.764644e-02 
2.683930e-01 	2.760805e-02 
2.686700e-01 	2.756966e-02 
2.689470e-01 	2.753142e-02 
2.692230e-01 	2.749347e-02 
2.695000e-01 	2.745552e-02 
2.697760e-01 	2.741785e-02 
2.700530e-01 	2.738019e-02 
2.703300e-01 	2.734267e-02 
2.706060e-01 	2.730543e-02 
2.708830e-01 	2.726819e-02 
2.711600e-01 	2.723109e-02 
2.714360e-01 	2.719427e-02 
2.717130e-01 	2.715745e-02 
2.719900e-01 	2.712077e-02 
2.722660e-01 	2.708436e-02 
2.725430e-01 	2.704795e-02 
2.728190e-01 	2.701181e-02 
2.730960e-01 	2.697568e-02 
2.733730e-01 	2.693967e-02 
2.736490e-01 	2.690394e-02 
2.739260e-01 	2.686820e-02 
2.742030e-01 	2.683260e-02 
2.744790e-01 	2.679726e-02 
2.747560e-01 	2.676192e-02 
2.750330e-01 	2.672671e-02 
2.753090e-01 	2.669176e-02 
2.755860e-01 	2.665681e-02 
2.758620e-01 	2.662211e-02 
2.761390e-01 	2.658742e-02 
2.764160e-01 	2.655285e-02 
2.766920e-01 	2.651853e-02 
2.769690e-01 	2.648422e-02 
2.772460e-01 	2.645002e-02 
2.775220e-01 	2.641608e-02 
2.777990e-01 	2.638213e-02 
2.780760e-01 	2.634831e-02 
2.783520e-01 	2.631473e-02 
2.786290e-01 	2.628115e-02 
2.789050e-01 	2.624781e-02 
2.791820e-01 	2.621447e-02 
2.794590e-01 	2.618125e-02 
2.797350e-01 	2.614827e-02 
2.800120e-01 	2.611529e-02 
2.802890e-01 	2.608242e-02 
2.805650e-01 	2.604979e-02 
2.808420e-01 	2.601715e-02 
2.811190e-01 	2.598463e-02 
2.813950e-01 	2.595235e-02 
2.816720e-01 	2.592006e-02 
2.819480e-01 	2.588799e-02 
2.822250e-01 	2.585593e-02 
2.825020e-01 	2.582398e-02 
2.827780e-01 	2.579225e-02 
2.830550e-01 	2.576052e-02 
2.833320e-01 	2.572890e-02 
2.836080e-01 	2.569750e-02 
2.838850e-01 	2.566610e-02 
2.841620e-01 	2.563481e-02 
2.844380e-01 	2.560374e-02 
2.847150e-01 	2.557267e-02 
2.849910e-01 	2.554181e-02 
2.852680e-01 	2.551095e-02 
2.855450e-01 	2.548020e-02 
2.858210e-01 	2.544966e-02 
2.860980e-01 	2.541912e-02 
2.863750e-01 	2.538868e-02 
2.866510e-01 	2.535846e-02 
2.869280e-01 	2.532823e-02 
2.872050e-01 	2.529811e-02 
2.874810e-01 	2.526820e-02 
2.877580e-01 	2.523828e-02 
2.880350e-01 	2.520846e-02 
2.883110e-01 	2.517885e-02 
2.885880e-01 	2.514924e-02 
2.888640e-01 	2.511983e-02 
2.891410e-01 	2.509042e-02 
2.894180e-01 	2.506110e-02 
2.896940e-01 	2.503199e-02 
2.899710e-01 	2.500288e-02 
2.902480e-01 	2.497386e-02 
2.905240e-01 	2.494504e-02 
2.908010e-01 	2.491621e-02 
2.910780e-01 	2.488749e-02 
2.913540e-01 	2.485896e-02 
2.916310e-01 	2.483042e-02 
2.919070e-01 	2.480208e-02 
2.921840e-01 	2.477373e-02 
2.924610e-01 	2.474548e-02 
2.927370e-01 	2.471742e-02 
2.930140e-01 	2.468935e-02 
2.932910e-01 	2.466138e-02 
2.935670e-01 	2.463359e-02 
2.938440e-01 	2.460580e-02 
2.941210e-01 	2.457810e-02 
2.943970e-01 	2.455059e-02 
2.946740e-01 	2.452307e-02 
2.949500e-01 	2.449573e-02 
2.952270e-01 	2.446839e-02 
2.955040e-01 	2.444113e-02 
2.957800e-01 	2.441406e-02 
2.960570e-01 	2.438698e-02 
2.963340e-01 	2.435999e-02 
2.966100e-01 	2.433318e-02 
2.968870e-01 	2.430636e-02 
2.971640e-01 	2.427962e-02 
2.974400e-01 	2.425307e-02 
2.977170e-01 	2.422650e-02 
2.979930e-01 	2.420011e-02 
2.982700e-01 	2.417371e-02 
2.985470e-01 	2.414740e-02 
2.988230e-01 	2.412126e-02 
2.991000e-01 	2.409511e-02 
2.993770e-01 	2.406904e-02 
2.996530e-01 	2.404314e-02 
2.999300e-01 	2.401724e-02 
3.002070e-01 	2.399141e-02 
3.004830e-01 	2.396575e-02 
3.007600e-01 	2.394008e-02 
3.010360e-01 	2.391459e-02 
3.013130e-01 	2.388908e-02 
3.015900e-01 	2.386364e-02 
3.018660e-01 	2.383838e-02 
3.021430e-01 	2.381310e-02 
3.024200e-01 	2.378790e-02 
3.026960e-01 	2.376287e-02 
3.029730e-01 	2.373782e-02 
3.032500e-01 	2.371284e-02 
3.035260e-01 	2.368804e-02 
3.038030e-01 	2.366321e-02 
3.040790e-01 	2.363856e-02 
3.043560e-01 	2.361388e-02 
3.046330e-01 	2.358928e-02 
3.049090e-01 	2.356484e-02 
3.051860e-01 	2.354039e-02 
3.054630e-01 	2.351601e-02 
3.057390e-01 	2.349179e-02 
3.060160e-01 	2.346755e-02 
3.062930e-01 	2.344339e-02 
3.065690e-01 	2.341938e-02 
3.068460e-01 	2.339536e-02 
3.071220e-01 	2.337149e-02 
3.073990e-01 	2.334760e-02 
3.076760e-01 	2.332379e-02 
3.079520e-01 	2.330013e-02 
3.082290e-01 	2.327646e-02 
3.085060e-01 	2.325285e-02 
3.087820e-01 	2.322939e-02 
3.090590e-01 	2.320592e-02 
3.093360e-01 	2.318251e-02 
3.096120e-01 	2.315926e-02 
3.098890e-01 	2.313599e-02 
3.101650e-01 	2.311287e-02 
3.104420e-01 	2.308972e-02 
3.107190e-01 	2.306665e-02 
3.109950e-01 	2.304372e-02 
3.112720e-01 	2.302077e-02 
3.115490e-01 	2.299789e-02 
3.118250e-01 	2.297515e-02 
3.121020e-01 	2.295240e-02 
3.123790e-01 	2.292970e-02 
3.126550e-01 	2.290715e-02 
3.129320e-01 	2.288458e-02 
3.132080e-01 	2.286216e-02 
3.134850e-01 	2.283971e-02 
3.137620e-01 	2.281733e-02 
3.140380e-01 	2.279508e-02 
3.143150e-01 	2.277282e-02 
3.145920e-01 	2.275061e-02 
3.148680e-01 	2.272854e-02 
3.151450e-01 	2.270646e-02 
3.154220e-01 	2.268443e-02 
3.156980e-01 	2.266254e-02 
3.159750e-01 	2.264063e-02 
3.162510e-01 	2.261885e-02 
3.165280e-01 	2.259706e-02 
3.168050e-01 	2.257532e-02 
3.170810e-01 	2.255371e-02 
3.173580e-01 	2.253209e-02 
3.176350e-01 	2.251052e-02 
3.179110e-01 	2.248908e-02 
3.181880e-01 	2.246762e-02 
3.184650e-01 	2.244622e-02 
3.187410e-01 	2.242494e-02 
3.190180e-01 	2.240365e-02 
3.192940e-01 	2.238248e-02 
3.195710e-01 	2.236130e-02 
3.198480e-01 	2.234016e-02 
3.201240e-01 	2.231916e-02 
3.204010e-01 	2.229813e-02 
3.206780e-01 	2.227716e-02 
3.209540e-01 	2.225631e-02 
3.212310e-01 	2.223544e-02 
3.215080e-01 	2.221462e-02 
3.217840e-01 	2.219392e-02 
3.220610e-01 	2.217320e-02 
3.223370e-01 	2.215261e-02 
3.226140e-01 	2.213199e-02 
3.228910e-01 	2.211143e-02 
3.231670e-01 	2.209098e-02 
3.234440e-01 	2.207051e-02 
3.237210e-01 	2.205009e-02 
3.239970e-01 	2.202980e-02 
3.242740e-01 	2.200947e-02 
3.245510e-01 	2.198920e-02 
3.248270e-01 	2.196904e-02 
3.251040e-01 	2.194887e-02 
3.253810e-01 	2.192873e-02 
3.256570e-01 	2.190872e-02 
3.259340e-01 	2.188868e-02 
3.262100e-01 	2.186876e-02 
3.264870e-01 	2.184882e-02 
3.267640e-01 	2.182892e-02 
3.270400e-01 	2.180914e-02 
3.273170e-01 	2.178933e-02 
3.275940e-01 	2.176957e-02 
3.278700e-01 	2.174992e-02 
3.281470e-01 	2.173025e-02 
3.284240e-01 	2.171062e-02 
3.287000e-01 	2.169111e-02 
3.289770e-01 	2.167157e-02 
3.292530e-01 	2.165215e-02 
3.295300e-01 	2.163270e-02 
3.298070e-01 	2.161329e-02 
3.300830e-01 	2.159400e-02 
3.303600e-01 	2.157467e-02 
3.306370e-01 	2.155539e-02 
3.309130e-01 	2.153623e-02 
3.311900e-01 	2.151703e-02 
3.314670e-01 	2.149788e-02 
3.317430e-01 	2.147884e-02 
3.320200e-01 	2.145977e-02 
3.322960e-01 	2.144081e-02 
3.325730e-01 	2.142182e-02 
3.328500e-01 	2.140288e-02 
3.331260e-01 	2.138404e-02 
3.334030e-01 	2.136517e-02 
3.336800e-01 	2.134635e-02 
3.339560e-01 	2.132763e-02 
3.342330e-01 	2.130889e-02 
3.345100e-01 	2.129018e-02 
3.347860e-01 	2.127159e-02 
3.350630e-01 	2.125296e-02 
3.353390e-01 	2.123444e-02 
3.356160e-01 	2.121589e-02 
3.358930e-01 	2.119738e-02 
3.361690e-01 	2.117898e-02 
3.364460e-01 	2.116054e-02 
3.367230e-01 	2.114215e-02 
3.369990e-01 	2.112386e-02 
3.372760e-01 	2.110554e-02 
3.375530e-01 	2.108725e-02 
3.378290e-01 	2.106907e-02 
3.381060e-01 	2.105087e-02 
3.383820e-01 	2.103276e-02 
3.386590e-01 	2.101462e-02 
3.389360e-01 	2.099653e-02 
3.392120e-01 	2.097853e-02 
3.394890e-01 	2.096050e-02 
3.397660e-01 	2.094251e-02 
3.400420e-01 	2.092462e-02 
3.403190e-01 	2.090670e-02 
3.405960e-01 	2.088882e-02 
3.408720e-01 	2.087104e-02 
3.411490e-01 	2.085322e-02 
3.414250e-01 	2.083551e-02 
3.417020e-01 	2.081776e-02 
3.419790e-01 	2.080005e-02 
3.422550e-01 	2.078244e-02 
3.425320e-01 	2.076480e-02 
3.428090e-01 	2.074719e-02 
3.430850e-01 	2.072968e-02 
3.433620e-01 	2.071214e-02 
3.436390e-01 	2.069463e-02 
3.439150e-01 	2.067722e-02 
3.441920e-01 	2.065978e-02 
3.444680e-01 	2.064243e-02 
3.447450e-01 	2.062506e-02 
3.450220e-01 	2.060772e-02 
3.452980e-01 	2.059047e-02 
3.455750e-01 	2.057319e-02 
3.458520e-01 	2.055594e-02 
3.461280e-01 	2.053879e-02 
3.464050e-01 	2.052161e-02 
3.466820e-01 	2.050446e-02 
3.469580e-01 	2.048740e-02 
3.472350e-01 	2.047031e-02 
3.475110e-01 	2.045332e-02 
3.477880e-01 	2.043629e-02 
3.480650e-01 	2.041930e-02 
3.483410e-01 	2.040240e-02 
3.486180e-01 	2.038547e-02 
3.488950e-01 	2.036856e-02 
3.491710e-01 	2.035175e-02 
3.494480e-01 	2.033491e-02 
3.497250e-01 	2.031810e-02 
3.500010e-01 	2.030138e-02 
3.502780e-01 	2.028463e-02 
3.505540e-01 	2.026797e-02 
3.508310e-01 	2.025128e-02 
3.511080e-01 	2.023462e-02 
3.513840e-01 	2.021805e-02 
3.516610e-01 	2.020145e-02 
3.519380e-01 	2.018488e-02 
3.522140e-01 	2.016839e-02 
3.524910e-01 	2.015188e-02 
3.527680e-01 	2.013539e-02 
3.530440e-01 	2.011899e-02 
3.533210e-01 	2.010257e-02 
3.535970e-01 	2.008622e-02 
3.538740e-01 	2.006985e-02 
3.541510e-01 	2.005351e-02 
3.544270e-01 	2.003725e-02 
3.547040e-01 	2.002096e-02 
3.549810e-01 	2.000470e-02 
3.552570e-01 	1.998853e-02 
3.555340e-01 	1.997232e-02 
3.558110e-01 	1.995615e-02 
3.560870e-01 	1.994005e-02 
3.563640e-01 	1.992393e-02 
3.566400e-01 	1.990789e-02 
3.569170e-01 	1.989182e-02 
3.571940e-01 	1.987578e-02 
3.574700e-01 	1.985982e-02 
3.577470e-01 	1.984383e-02 
3.580240e-01 	1.982787e-02 
3.583000e-01 	1.981199e-02 
3.585770e-01 	1.979608e-02 
3.588540e-01 	1.978019e-02 
3.591300e-01 	1.976439e-02 
3.594070e-01 	1.974856e-02 
3.596830e-01 	1.973281e-02 
3.599600e-01 	1.971703e-02 
3.602370e-01 	1.970127e-02 
3.605130e-01 	1.968560e-02 
3.607900e-01 	1.966989e-02 
3.610670e-01 	1.965421e-02 
3.613430e-01 	1.963861e-02 
3.616200e-01 	1.962298e-02 
3.618970e-01 	1.960738e-02 
3.621730e-01 	1.959185e-02 
3.624500e-01 	1.957630e-02 
3.627270e-01 	1.956076e-02 
3.630030e-01 	1.954531e-02 
3.632800e-01 	1.952983e-02 
3.635560e-01 	1.951443e-02 
3.638330e-01 	1.949899e-02 
3.641100e-01 	1.948358e-02 
3.643860e-01 	1.946825e-02 
3.646630e-01 	1.945289e-02 
3.649400e-01 	1.943755e-02 
3.652160e-01 	1.942229e-02 
3.654930e-01 	1.940700e-02 
3.657700e-01 	1.939173e-02 
3.660460e-01 	1.937654e-02 
3.663230e-01 	1.936131e-02 
3.665990e-01 	1.934617e-02 
3.668760e-01 	1.933099e-02 
3.671530e-01 	1.931584e-02 
3.674290e-01 	1.930076e-02 
3.677060e-01 	1.928565e-02 
3.679830e-01 	1.927056e-02 
3.682590e-01 	1.925555e-02 
3.685360e-01 	1.924051e-02 
3.688130e-01 	1.922549e-02 
3.690890e-01 	1.921055e-02 
3.693660e-01 	1.919557e-02 
3.696420e-01 	1.918067e-02 
3.699190e-01 	1.916574e-02 
3.701960e-01 	1.915082e-02 
3.704720e-01 	1.913599e-02 
3.707490e-01 	1.912112e-02 
3.710260e-01 	1.910627e-02 
3.713020e-01 	1.909150e-02 
3.715790e-01 	1.907669e-02 
3.718560e-01 	1.906191e-02 
3.721320e-01 	1.904719e-02 
3.724090e-01 	1.903245e-02 
3.726850e-01 	1.901778e-02 
3.729620e-01 	1.900308e-02 
3.732390e-01 	1.898839e-02 
3.735150e-01 	1.897378e-02 
3.737920e-01 	1.895914e-02 
3.740690e-01 	1.894451e-02 
3.743450e-01 	1.892996e-02 
3.746220e-01 	1.891538e-02 
3.748990e-01 	1.890082e-02 
3.751750e-01 	1.888632e-02 
3.754520e-01 	1.887180e-02 
3.757280e-01 	1.885735e-02 
3.760050e-01 	1.884286e-02 
3.762820e-01 	1.882839e-02 
3.765580e-01 	1.881400e-02 
3.768350e-01 	1.879957e-02 
3.771120e-01 	1.878516e-02 
3.773880e-01 	1.877082e-02 
3.776650e-01 	1.875645e-02 
3.779420e-01 	1.874210e-02 
3.782180e-01 	1.872782e-02 
3.784950e-01 	1.871350e-02 
3.787710e-01 	1.869926e-02 
3.790480e-01 	1.868498e-02 
3.793250e-01 	1.867072e-02 
3.796010e-01 	1.865653e-02 
3.798780e-01 	1.864231e-02 
3.801550e-01 	1.862810e-02 
3.804310e-01 	1.861397e-02 
3.807080e-01 	1.859980e-02 
3.809850e-01 	1.858565e-02 
3.812610e-01 	1.857157e-02 
3.815380e-01 	1.855745e-02 
3.818140e-01 	1.854341e-02 
3.820910e-01 	1.852933e-02 
3.823680e-01 	1.851527e-02 
3.826440e-01 	1.850127e-02 
3.829210e-01 	1.848725e-02 
3.831980e-01 	1.847324e-02 
3.834740e-01 	1.845930e-02 
3.837510e-01 	1.844532e-02 
3.840280e-01 	1.843137e-02 
3.843040e-01 	1.841748e-02 
3.845810e-01 	1.840355e-02 
3.848570e-01 	1.838970e-02 
3.851340e-01 	1.837581e-02 
3.854110e-01 	1.836193e-02 
3.856870e-01 	1.834813e-02 
3.859640e-01 	1.833429e-02 
3.862410e-01 	1.832046e-02 
3.865170e-01 	1.830671e-02 
3.867940e-01 	1.829291e-02 
3.870710e-01 	1.827914e-02 
3.873470e-01 	1.826543e-02 
3.876240e-01 	1.825169e-02 
3.879000e-01 	1.823801e-02 
3.881770e-01 	1.822430e-02 
3.884540e-01 	1.821061e-02 
3.887300e-01 	1.819698e-02 
3.890070e-01 	1.818332e-02 
3.892840e-01 	1.816967e-02 
3.895600e-01 	1.815609e-02 
3.898370e-01 	1.814247e-02 
3.901140e-01 	1.812887e-02 
3.903900e-01 	1.811533e-02 
3.906670e-01 	1.810176e-02 
3.909430e-01 	1.808826e-02 
3.912200e-01 	1.807472e-02 
3.914970e-01 	1.806119e-02 
3.917730e-01 	1.804773e-02 
3.920500e-01 	1.803424e-02 
3.923270e-01 	1.802076e-02 
3.926030e-01 	1.800734e-02 
3.928800e-01 	1.799389e-02 
3.931570e-01 	1.798045e-02 
3.934330e-01 	1.796708e-02 
3.937100e-01 	1.795368e-02 
3.939860e-01 	1.794033e-02 
3.942630e-01 	1.792696e-02 
3.945400e-01 	1.791360e-02 
3.948160e-01 	1.790030e-02 
3.950930e-01 	1.788696e-02 
3.953700e-01 	1.787365e-02 
3.956460e-01 	1.786039e-02 
3.959230e-01 	1.784710e-02 
3.962000e-01 	1.783382e-02 
3.964760e-01 	1.782061e-02 
3.967530e-01 	1.780736e-02 
3.970290e-01 	1.779418e-02 
3.973060e-01 	1.778096e-02 
3.975830e-01 	1.776775e-02 
3.978590e-01 	1.775461e-02 
3.981360e-01 	1.774143e-02 
3.984130e-01 	1.772827e-02 
3.986890e-01 	1.771517e-02 
3.989660e-01 	1.770203e-02 
3.992430e-01 	1.768891e-02 
3.995190e-01 	1.767585e-02 
3.997960e-01 	1.766276e-02 
4.000730e-01 	1.764968e-02 
4.003490e-01 	1.763666e-02 
4.006260e-01 	1.762360e-02 
4.009020e-01 	1.761061e-02 
4.011790e-01 	1.759759e-02 
4.014560e-01 	1.758458e-02 
4.017320e-01 	1.757162e-02 
4.020090e-01 	1.755864e-02 
4.022860e-01 	1.754567e-02 
4.025620e-01 	1.753276e-02 
4.028390e-01 	1.751981e-02 
4.031160e-01 	1.750688e-02 
4.033920e-01 	1.749401e-02 
4.036690e-01 	1.748111e-02 
4.039450e-01 	1.746826e-02 
4.042220e-01 	1.745539e-02 
4.044990e-01 	1.744252e-02 
4.047750e-01 	1.742972e-02 
4.050520e-01 	1.741688e-02 
4.053290e-01 	1.740406e-02 
4.056050e-01 	1.739129e-02 
4.058820e-01 	1.737849e-02 
4.061590e-01 	1.736571e-02 
4.064350e-01 	1.735298e-02 
4.067120e-01 	1.734022e-02 
4.069880e-01 	1.732752e-02 
4.072650e-01 	1.731479e-02 
4.075420e-01 	1.730207e-02 
4.078180e-01 	1.728940e-02 
4.080950e-01 	1.727671e-02 
4.083720e-01 	1.726403e-02 
4.086480e-01 	1.725140e-02 
4.089250e-01 	1.723875e-02 
4.092020e-01 	1.722610e-02 
4.094780e-01 	1.721352e-02 
4.097550e-01 	1.720090e-02 
4.100310e-01 	1.718834e-02 
4.103080e-01 	1.717575e-02 
4.105850e-01 	1.716317e-02 
4.108610e-01 	1.715064e-02 
4.111380e-01 	1.713809e-02 
4.114150e-01 	1.712555e-02 
4.116910e-01 	1.711306e-02 
4.119680e-01 	1.710054e-02 
4.122450e-01 	1.708804e-02 
4.125210e-01 	1.707559e-02 
4.127980e-01 	1.706311e-02 
4.130740e-01 	1.705069e-02 
4.133510e-01 	1.703823e-02 
4.136280e-01 	1.702579e-02 
4.139040e-01 	1.701340e-02 
4.141810e-01 	1.700098e-02 
4.144580e-01 	1.698858e-02 
4.147340e-01 	1.697623e-02 
4.150110e-01 	1.696385e-02 
4.152880e-01 	1.695148e-02 
4.155640e-01 	1.693916e-02 
4.158410e-01 	1.692682e-02 
4.161170e-01 	1.691453e-02 
4.163940e-01 	1.690221e-02 
4.166710e-01 	1.688990e-02 
4.169470e-01 	1.687765e-02 
4.172240e-01 	1.686536e-02 
4.175010e-01 	1.685309e-02 
4.177770e-01 	1.684087e-02 
4.180540e-01 	1.682862e-02 
4.183310e-01 	1.681639e-02 
4.186070e-01 	1.680421e-02 
4.188840e-01 	1.679199e-02 
4.191600e-01 	1.677984e-02 
4.194370e-01 	1.676765e-02 
4.197140e-01 	1.675547e-02 
4.199900e-01 	1.674335e-02 
4.202670e-01 	1.673120e-02 
4.205440e-01 	1.671906e-02 
4.208200e-01 	1.670697e-02 
4.210970e-01 	1.669486e-02 
4.213740e-01 	1.668275e-02 
4.216500e-01 	1.667070e-02 
4.219270e-01 	1.665862e-02 
4.222030e-01 	1.664660e-02 
4.224800e-01 	1.663454e-02 
4.227570e-01 	1.662249e-02 
4.230330e-01 	1.661050e-02 
4.233100e-01 	1.659848e-02 
4.235870e-01 	1.658647e-02 
4.238630e-01 	1.657452e-02 
4.241400e-01 	1.656253e-02 
4.244170e-01 	1.655055e-02 
4.246930e-01 	1.653864e-02 
4.249700e-01 	1.652668e-02 
4.252460e-01 	1.651479e-02 
4.255230e-01 	1.650286e-02 
4.258000e-01 	1.649095e-02 
4.260760e-01 	1.647909e-02 
4.263530e-01 	1.646719e-02 
4.266300e-01 	1.645531e-02 
4.269060e-01 	1.644349e-02 
4.271830e-01 	1.643163e-02 
4.274600e-01 	1.641979e-02 
4.277360e-01 	1.640799e-02 
4.280130e-01 	1.639617e-02 
4.282890e-01 	1.638441e-02 
4.285660e-01 	1.637261e-02 
4.288430e-01 	1.636082e-02 
4.291190e-01 	1.634909e-02 
4.293960e-01 	1.633732e-02 
4.296730e-01 	1.632557e-02 
4.299490e-01 	1.631387e-02 
4.302260e-01 	1.630215e-02 
4.305030e-01 	1.629043e-02 
4.307790e-01 	1.627876e-02 
4.310560e-01 	1.626707e-02 
4.313320e-01 	1.625543e-02 
4.316090e-01 	1.624376e-02 
4.318860e-01 	1.623210e-02 
4.321620e-01 	1.622049e-02 
4.324390e-01 	1.620886e-02 
4.327160e-01 	1.619723e-02 
4.329920e-01 	1.618566e-02 
4.332690e-01 	1.617406e-02 
4.335460e-01 	1.616247e-02 
4.338220e-01 	1.615093e-02 
4.340990e-01 	1.613936e-02 
4.343750e-01 	1.612785e-02 
4.346520e-01 	1.611630e-02 
4.349290e-01 	1.610477e-02 
4.352050e-01 	1.609329e-02 
4.354820e-01 	1.608178e-02 
4.357590e-01 	1.607028e-02 
4.360350e-01 	1.605883e-02 
4.363120e-01 	1.604735e-02 
4.365890e-01 	1.603589e-02 
4.368650e-01 	1.602447e-02 
4.371420e-01 	1.601303e-02 
4.374190e-01 	1.600160e-02 
4.376950e-01 	1.599022e-02 
4.379720e-01 	1.597881e-02 
4.382480e-01 	1.596746e-02 
4.385250e-01 	1.595607e-02 
4.388020e-01 	1.594470e-02 
4.390780e-01 	1.593337e-02 
4.393550e-01 	1.592202e-02 
4.396320e-01 	1.591068e-02 
4.399080e-01 	1.589939e-02 
4.401850e-01 	1.588807e-02 
4.404620e-01 	1.587677e-02 
4.407380e-01 	1.586551e-02 
4.410150e-01 	1.585423e-02 
4.412910e-01 	1.584299e-02 
4.415680e-01 	1.583173e-02 
4.418450e-01 	1.582048e-02 
4.421210e-01 	1.580928e-02 
4.423980e-01 	1.579805e-02 
4.426750e-01 	1.578684e-02 
4.429510e-01 	1.577567e-02 
4.432280e-01 	1.576448e-02 
4.435050e-01 	1.575329e-02 
4.437810e-01 	1.574216e-02 
4.440580e-01 	1.573100e-02 
4.443340e-01 	1.571989e-02 
4.446110e-01 	1.570875e-02 
4.448880e-01 	1.569762e-02 
4.451640e-01 	1.568654e-02 
4.454410e-01 	1.567544e-02 
4.457180e-01 	1.566434e-02 
4.459940e-01 	1.565330e-02 
4.462710e-01 	1.564223e-02 
4.465480e-01 	1.563117e-02 
4.468240e-01 	1.562016e-02 
4.471010e-01 	1.560912e-02 
4.473770e-01 	1.559813e-02 
4.476540e-01 	1.558711e-02 
4.479310e-01 	1.557611e-02 
4.482070e-01 	1.556515e-02 
4.484840e-01 	1.555417e-02 
4.487610e-01 	1.554319e-02 
4.490370e-01 	1.553227e-02 
4.493140e-01 	1.552132e-02 
4.495910e-01 	1.551038e-02 
4.498670e-01 	1.549949e-02 
4.501440e-01 	1.548857e-02 
4.504200e-01 	1.547770e-02 
4.506970e-01 	1.546680e-02 
4.509740e-01 	1.545592e-02 
4.512500e-01 	1.544508e-02 
4.515270e-01 	1.543422e-02 
4.518040e-01 	1.542336e-02 
4.520800e-01 	1.541256e-02 
4.523570e-01 	1.540172e-02 
4.526340e-01 	1.539090e-02 
4.529100e-01 	1.538013e-02 
4.531870e-01 	1.536933e-02 
4.534630e-01 	1.535858e-02 
4.537400e-01 	1.534780e-02 
4.540170e-01 	1.533703e-02 
4.542930e-01 	1.532631e-02 
4.545700e-01 	1.531557e-02 
4.548470e-01 	1.530483e-02 
4.551230e-01 	1.529414e-02 
4.554000e-01 	1.528343e-02 
4.556770e-01 	1.527272e-02 
4.559530e-01 	1.526206e-02 
4.562300e-01 	1.525138e-02 
4.565060e-01 	1.524074e-02 
4.567830e-01 	1.523008e-02 
4.570600e-01 	1.521943e-02 
4.573360e-01 	1.520882e-02 
4.576130e-01 	1.519819e-02 
4.578900e-01 	1.518757e-02 
4.581660e-01 	1.517699e-02 
4.584430e-01 	1.516639e-02 
4.587200e-01 	1.515580e-02 
4.589960e-01 	1.514525e-02 
4.592730e-01 	1.513468e-02 
4.595490e-01 	1.512416e-02 
4.598260e-01 	1.511361e-02 
4.601030e-01 	1.510306e-02 
4.603790e-01 	1.509257e-02 
4.606560e-01 	1.508205e-02 
4.609330e-01 	1.507153e-02 
4.612090e-01 	1.506107e-02 
4.614860e-01 	1.505058e-02 
4.617630e-01 	1.504009e-02 
4.620390e-01 	1.502966e-02 
4.623160e-01 	1.501920e-02 
4.625920e-01 	1.500878e-02 
4.628690e-01 	1.499834e-02 
4.631460e-01 	1.498790e-02 
4.634220e-01 	1.497751e-02 
4.636990e-01 	1.496710e-02 
4.639760e-01 	1.495669e-02 
4.642520e-01 	1.494633e-02 
4.645290e-01 	1.493595e-02 
4.648060e-01 	1.492557e-02 
4.650820e-01 	1.491524e-02 
4.653590e-01 	1.490488e-02 
4.656350e-01 	1.489457e-02 
4.659120e-01 	1.488424e-02 
4.661890e-01 	1.487391e-02 
4.664650e-01 	1.486363e-02 
4.667420e-01 	1.485332e-02 
4.670190e-01 	1.484302e-02 
4.672950e-01 	1.483276e-02 
4.675720e-01 	1.482248e-02 
4.678490e-01 	1.481221e-02 
4.681250e-01 	1.480199e-02 
4.684020e-01 	1.479174e-02 
4.686780e-01 	1.478153e-02 
4.689550e-01 	1.477130e-02 
4.692320e-01 	1.476108e-02 
4.695080e-01 	1.475090e-02 
4.697850e-01 	1.474070e-02 
4.700620e-01 	1.473050e-02 
4.703380e-01 	1.472036e-02 
4.706150e-01 	1.471018e-02 
4.708920e-01 	1.470002e-02 
4.711680e-01 	1.468990e-02 
4.714450e-01 	1.467976e-02 
4.717210e-01 	1.466966e-02 
4.719980e-01 	1.465954e-02 
4.722750e-01 	1.464942e-02 
4.725510e-01 	1.463935e-02 
4.728280e-01 	1.462926e-02 
4.731050e-01 	1.461917e-02 
4.733810e-01 	1.460914e-02 
4.736580e-01 	1.459907e-02 
4.739350e-01 	1.458902e-02 
4.742110e-01 	1.457901e-02 
4.744880e-01 	1.456897e-02 
4.747650e-01 	1.455895e-02 
4.750410e-01 	1.454897e-02 
4.753180e-01 	1.453896e-02 
4.755940e-01 	1.452900e-02 
4.758710e-01 	1.451902e-02 
4.761480e-01 	1.450905e-02 
4.764240e-01 	1.449912e-02 
4.767010e-01 	1.448916e-02 
4.769780e-01 	1.447922e-02 
4.772540e-01 	1.446932e-02 
4.775310e-01 	1.445940e-02 
4.778080e-01 	1.444949e-02 
4.780840e-01 	1.443962e-02 
4.783610e-01 	1.442973e-02 
4.786370e-01 	1.441988e-02 
4.789140e-01 	1.441001e-02 
4.791910e-01 	1.440015e-02 
4.794670e-01 	1.439033e-02 
4.797440e-01 	1.438050e-02 
4.800210e-01 	1.437067e-02 
4.802970e-01 	1.436088e-02 
4.805740e-01 	1.435107e-02 
4.808510e-01 	1.434128e-02 
4.811270e-01 	1.433152e-02 
4.814040e-01 	1.432175e-02 
4.816800e-01 	1.431202e-02 
4.819570e-01 	1.430226e-02 
4.822340e-01 	1.429252e-02 
4.825100e-01 	1.428282e-02 
4.827870e-01 	1.427309e-02 
4.830640e-01 	1.426338e-02 
4.833400e-01 	1.425371e-02 
4.836170e-01 	1.424402e-02 
4.838940e-01 	1.423433e-02 
4.841700e-01 	1.422470e-02 
4.844470e-01 	1.421503e-02 
4.847230e-01 	1.420541e-02 
4.850000e-01 	1.419577e-02 
4.852770e-01 	1.418613e-02 
4.855530e-01 	1.417654e-02 
4.858300e-01 	1.416693e-02 
4.861070e-01 	1.415732e-02 
4.863830e-01 	1.414775e-02 
4.866600e-01 	1.413816e-02 
4.869370e-01 	1.412858e-02 
4.872130e-01 	1.411904e-02 
4.874900e-01 	1.410947e-02 
4.877660e-01 	1.409995e-02 
4.880430e-01 	1.409040e-02 
4.883200e-01 	1.408086e-02 
4.885960e-01 	1.407136e-02 
4.888730e-01 	1.406183e-02 
4.891500e-01 	1.405230e-02 
4.894260e-01 	1.404282e-02 
4.897030e-01 	1.403331e-02 
4.899800e-01 	1.402381e-02 
4.902560e-01 	1.401435e-02 
4.905330e-01 	1.400486e-02 
4.908090e-01 	1.399541e-02 
4.910860e-01 	1.398593e-02 
4.913630e-01 	1.397645e-02 
4.916390e-01 	1.396702e-02 
4.919160e-01 	1.395756e-02 
4.921930e-01 	1.394810e-02 
4.924690e-01 	1.393868e-02 
4.927460e-01 	1.392923e-02 
4.930230e-01 	1.391978e-02 
4.932990e-01 	1.391037e-02 
4.935760e-01 	1.390094e-02 
4.938520e-01 	1.389153e-02 
4.941290e-01 	1.388210e-02 
4.944060e-01 	1.387268e-02 
4.946820e-01 	1.386329e-02 
4.949590e-01 	1.385386e-02 
4.952360e-01 	1.384444e-02 
4.955120e-01 	1.383506e-02 
4.957890e-01 	1.382565e-02 
4.960660e-01 	1.381623e-02 
4.963420e-01 	1.380686e-02 
4.966190e-01 	1.379745e-02 
4.968950e-01 	1.378808e-02 
4.971720e-01 	1.377867e-02 
4.974490e-01 	1.376926e-02 
4.977250e-01 	1.375989e-02 
4.980020e-01 	1.375049e-02 
4.982790e-01 	1.374109e-02 
4.985550e-01 	1.373172e-02 
4.988320e-01 	1.372232e-02 
4.991090e-01 	1.371292e-02 
4.993850e-01 	1.370355e-02 
4.996620e-01 	1.369414e-02 
4.999380e-01 	1.368478e-02 
