#q 	 Ifit_avg 
6.026000e-03 	1.000000e+00 
6.257000e-03 	9.982430e-01 
6.488000e-03 	9.964855e-01 
6.720000e-03 	9.947267e-01 
6.951000e-03 	9.929660e-01 
7.183000e-03 	9.912025e-01 
7.414000e-03 	9.894359e-01 
7.646000e-03 	9.876654e-01 
7.877000e-03 	9.858902e-01 
8.109000e-03 	9.841099e-01 
8.340000e-03 	9.823236e-01 
8.572000e-03 	9.805308e-01 
8.803000e-03 	9.787309e-01 
9.034000e-03 	9.769231e-01 
9.266000e-03 	9.751067e-01 
9.497000e-03 	9.732812e-01 
9.729000e-03 	9.714459e-01 
9.960000e-03 	9.696001e-01 
1.019200e-02 	9.677428e-01 
1.042300e-02 	9.658745e-01 
1.065500e-02 	9.639929e-01 
1.088600e-02 	9.620991e-01 
1.111800e-02 	9.601906e-01 
1.134900e-02 	9.582686e-01 
1.158000e-02 	9.563306e-01 
1.181200e-02 	9.543778e-01 
1.204300e-02 	9.524077e-01 
1.227500e-02 	9.504214e-01 
1.250600e-02 	9.484166e-01 
1.273800e-02 	9.463942e-01 
1.296900e-02 	9.443520e-01 
1.320100e-02 	9.422901e-01 
1.343200e-02 	9.402088e-01 
1.366400e-02 	9.381056e-01 
1.389500e-02 	9.359816e-01 
1.412600e-02 	9.338345e-01 
1.435800e-02 	9.316653e-01 
1.458900e-02 	9.294717e-01 
1.482100e-02 	9.272548e-01 
1.505200e-02 	9.250122e-01 
1.528400e-02 	9.227452e-01 
1.551500e-02 	9.204513e-01 
1.574700e-02 	9.181320e-01 
1.597800e-02 	9.157847e-01 
1.620900e-02 	9.134110e-01 
1.644100e-02 	9.110084e-01 
1.667200e-02 	9.085786e-01 
1.690400e-02 	9.061191e-01 
1.713500e-02 	9.036307e-01 
1.736700e-02 	9.011141e-01 
1.759800e-02 	8.985671e-01 
1.783000e-02 	8.959917e-01 
1.806100e-02 	8.933856e-01 
1.829200e-02 	8.907509e-01 
1.852400e-02 	8.880854e-01 
1.875500e-02 	8.853914e-01 
1.898700e-02 	8.826668e-01 
1.921800e-02 	8.799141e-01 
1.945000e-02 	8.771311e-01 
1.968100e-02 	8.743205e-01 
1.991300e-02 	8.714801e-01 
2.014400e-02 	8.686128e-01 
2.037600e-02 	8.657165e-01 
2.060700e-02 	8.627929e-01 
2.083800e-02 	8.598438e-01 
2.107000e-02 	8.568670e-01 
2.130100e-02 	8.538658e-01 
2.153300e-02 	8.508381e-01 
2.176400e-02 	8.477872e-01 
2.199600e-02 	8.447110e-01 
2.222700e-02 	8.416128e-01 
2.245900e-02 	8.384907e-01 
2.269000e-02 	8.353481e-01 
2.292200e-02 	8.321828e-01 
2.315300e-02 	8.289984e-01 
2.338500e-02 	8.257927e-01 
2.361600e-02 	8.225693e-01 
2.384700e-02 	8.193260e-01 
2.407900e-02 	8.160663e-01 
2.431000e-02 	8.127881e-01 
2.454200e-02 	8.094935e-01 
2.477300e-02 	8.061845e-01 
2.500500e-02 	8.028591e-01 
2.523600e-02 	7.995206e-01 
2.546800e-02 	7.961670e-01 
2.569900e-02 	7.928017e-01 
2.593100e-02 	7.894224e-01 
2.616200e-02 	7.860328e-01 
2.639300e-02 	7.826305e-01 
2.662500e-02 	7.792191e-01 
2.685600e-02 	7.757962e-01 
2.708800e-02 	7.723654e-01 
2.731900e-02 	7.689243e-01 
2.755100e-02 	7.654764e-01 
2.778200e-02 	7.620194e-01 
2.801400e-02 	7.585568e-01 
2.824500e-02 	7.550862e-01 
2.847700e-02 	7.516096e-01 
2.870800e-02 	7.481290e-01 
2.893900e-02 	7.446419e-01 
2.917100e-02 	7.411519e-01 
2.940200e-02 	7.376564e-01 
2.963400e-02 	7.341590e-01 
2.986500e-02 	7.306571e-01 
3.009700e-02 	7.271542e-01 
3.032800e-02 	7.236477e-01 
3.056000e-02 	7.201412e-01 
3.079100e-02 	7.166319e-01 
3.102200e-02 	7.131234e-01 
3.125400e-02 	7.096131e-01 
3.148500e-02 	7.061043e-01 
3.171700e-02 	7.025945e-01 
3.194800e-02 	6.990871e-01 
3.218000e-02 	6.955795e-01 
3.241100e-02 	6.920734e-01 
3.264300e-02 	6.885708e-01 
3.287400e-02 	6.850690e-01 
3.310600e-02 	6.815714e-01 
3.333700e-02 	6.780753e-01 
3.356800e-02 	6.745840e-01 
3.380000e-02 	6.710948e-01 
3.403100e-02 	6.676110e-01 
3.426300e-02 	6.641300e-01 
3.449400e-02 	6.606551e-01 
3.472600e-02 	6.571835e-01 
3.495700e-02 	6.537185e-01 
3.518900e-02 	6.502573e-01 
3.542000e-02 	6.468033e-01 
3.565200e-02 	6.433536e-01 
3.588300e-02 	6.399116e-01 
3.611400e-02 	6.364745e-01 
3.634600e-02 	6.330440e-01 
3.657700e-02 	6.296218e-01 
3.680900e-02 	6.262052e-01 
3.704000e-02 	6.227974e-01 
3.727200e-02 	6.193956e-01 
3.750300e-02 	6.160029e-01 
3.773500e-02 	6.126167e-01 
3.796600e-02 	6.092400e-01 
3.819800e-02 	6.058701e-01 
3.842900e-02 	6.025102e-01 
3.866000e-02 	5.991575e-01 
3.889200e-02 	5.958150e-01 
3.912300e-02 	5.924801e-01 
3.935500e-02 	5.891558e-01 
3.958600e-02 	5.858393e-01 
3.981800e-02 	5.825338e-01 
4.004900e-02 	5.792364e-01 
4.028100e-02 	5.759488e-01 
4.051200e-02 	5.726726e-01 
4.074400e-02 	5.694051e-01 
4.097500e-02 	5.661492e-01 
4.120600e-02 	5.629022e-01 
4.143800e-02 	5.596672e-01 
4.166900e-02 	5.564413e-01 
4.190100e-02 	5.532276e-01 
4.213200e-02 	5.500234e-01 
4.236400e-02 	5.468316e-01 
4.259500e-02 	5.436496e-01 
4.282700e-02 	5.404802e-01 
4.305800e-02 	5.373208e-01 
4.328900e-02 	5.341742e-01 
4.352100e-02 	5.310379e-01 
4.375200e-02 	5.279146e-01 
4.398400e-02 	5.248018e-01 
4.421500e-02 	5.217009e-01 
4.444700e-02 	5.186133e-01 
4.467800e-02 	5.155366e-01 
4.491000e-02 	5.124734e-01 
4.514100e-02 	5.094211e-01 
4.537300e-02 	5.063826e-01 
4.560400e-02 	5.033552e-01 
4.583500e-02 	5.003416e-01 
4.606700e-02 	4.973395e-01 
4.629800e-02 	4.943513e-01 
4.653000e-02 	4.913747e-01 
4.676100e-02 	4.884122e-01 
4.699300e-02 	4.854614e-01 
4.722400e-02 	4.825249e-01 
4.745600e-02 	4.796002e-01 
4.768700e-02 	4.766899e-01 
4.791900e-02 	4.737916e-01 
4.815000e-02 	4.709066e-01 
4.838100e-02 	4.680361e-01 
4.861300e-02 	4.651779e-01 
4.884400e-02 	4.623343e-01 
4.907600e-02 	4.595029e-01 
4.930700e-02 	4.566863e-01 
4.953900e-02 	4.538821e-01 
4.977000e-02 	4.510928e-01 
5.000200e-02 	4.483159e-01 
5.023300e-02 	4.455539e-01 
5.046500e-02 	4.428044e-01 
5.069600e-02 	4.400700e-01 
5.092700e-02 	4.373482e-01 
5.115900e-02 	4.346414e-01 
5.139000e-02 	4.319473e-01 
5.162200e-02 	4.292671e-01 
5.185300e-02 	4.266020e-01 
5.208500e-02 	4.239497e-01 
5.231600e-02 	4.213125e-01 
5.254800e-02 	4.186882e-01 
5.277900e-02 	4.160790e-01 
5.301100e-02 	4.134827e-01 
5.324200e-02 	4.109015e-01 
5.347300e-02 	4.083333e-01 
5.370500e-02 	4.057802e-01 
5.393600e-02 	4.032400e-01 
5.416800e-02 	4.007150e-01 
5.439900e-02 	3.982031e-01 
5.463100e-02 	3.957062e-01 
5.486200e-02 	3.932224e-01 
5.509300e-02 	3.907537e-01 
5.532500e-02 	3.882980e-01 
5.555700e-02 	3.858563e-01 
5.578800e-02 	3.834297e-01 
5.601900e-02 	3.810162e-01 
5.625100e-02 	3.786177e-01 
5.648200e-02 	3.762322e-01 
5.671400e-02 	3.738617e-01 
5.694500e-02 	3.715042e-01 
5.717700e-02 	3.691618e-01 
5.740800e-02 	3.668323e-01 
5.764000e-02 	3.645178e-01 
5.787100e-02 	3.622162e-01 
5.810200e-02 	3.599295e-01 
5.833400e-02 	3.576557e-01 
5.856500e-02 	3.553968e-01 
5.879700e-02 	3.531507e-01 
5.902800e-02 	3.509194e-01 
5.926000e-02 	3.487010e-01 
5.949100e-02 	3.464963e-01 
5.972300e-02 	3.443064e-01 
5.995400e-02 	3.421293e-01 
6.018600e-02 	3.399668e-01 
6.041700e-02 	3.378170e-01 
6.064800e-02 	3.356818e-01 
6.088000e-02 	3.335592e-01 
6.111100e-02 	3.314510e-01 
6.134300e-02 	3.293555e-01 
6.157400e-02 	3.272743e-01 
6.180600e-02 	3.252057e-01 
6.203700e-02 	3.231513e-01 
6.226900e-02 	3.211094e-01 
6.250000e-02 	3.190818e-01 
6.273100e-02 	3.170665e-01 
6.296300e-02 	3.150654e-01 
6.319400e-02 	3.130766e-01 
6.342600e-02 	3.111010e-01 
6.365700e-02 	3.091392e-01 
6.388900e-02 	3.071897e-01 
6.412000e-02 	3.052540e-01 
6.435200e-02 	3.033304e-01 
6.458300e-02 	3.014204e-01 
6.481500e-02 	2.995225e-01 
6.504600e-02 	2.976382e-01 
6.527800e-02 	2.957658e-01 
6.550900e-02 	2.939069e-01 
6.574000e-02 	2.920599e-01 
6.597200e-02 	2.902262e-01 
6.620300e-02 	2.884043e-01 
6.643500e-02 	2.865956e-01 
6.666600e-02 	2.847986e-01 
6.689800e-02 	2.830147e-01 
6.712900e-02 	2.812423e-01 
6.736100e-02 	2.794821e-01 
6.759200e-02 	2.777348e-01 
6.782400e-02 	2.759989e-01 
6.805500e-02 	2.742758e-01 
6.828600e-02 	2.725639e-01 
6.851800e-02 	2.708647e-01 
6.874900e-02 	2.691765e-01 
6.898100e-02 	2.675009e-01 
6.921200e-02 	2.658363e-01 
6.944400e-02 	2.641841e-01 
6.967500e-02 	2.625429e-01 
6.990700e-02 	2.609138e-01 
7.013800e-02 	2.592956e-01 
7.036900e-02 	2.576895e-01 
7.060100e-02 	2.560941e-01 
7.083200e-02 	2.545106e-01 
7.106400e-02 	2.529377e-01 
7.129500e-02 	2.513760e-01 
7.152700e-02 	2.498260e-01 
7.175800e-02 	2.482863e-01 
7.199000e-02 	2.467583e-01 
7.222100e-02 	2.452405e-01 
7.245300e-02 	2.437342e-01 
7.268400e-02 	2.422380e-01 
7.291500e-02 	2.407531e-01 
7.314700e-02 	2.392783e-01 
7.337800e-02 	2.378146e-01 
7.361000e-02 	2.363609e-01 
7.384100e-02 	2.349182e-01 
7.407300e-02 	2.334852e-01 
7.430400e-02 	2.320632e-01 
7.453600e-02 	2.306508e-01 
7.476700e-02 	2.292492e-01 
7.499900e-02 	2.278572e-01 
7.523000e-02 	2.264751e-01 
7.546100e-02 	2.251037e-01 
7.569300e-02 	2.237415e-01 
7.592400e-02 	2.223899e-01 
7.615600e-02 	2.210474e-01 
7.638700e-02 	2.197153e-01 
7.661900e-02 	2.183923e-01 
7.685000e-02 	2.170794e-01 
7.708200e-02 	2.157756e-01 
7.731300e-02 	2.144818e-01 
7.754500e-02 	2.131969e-01 
7.777600e-02 	2.119219e-01 
7.800700e-02 	2.106557e-01 
7.823900e-02 	2.093992e-01 
7.847000e-02 	2.081514e-01 
7.870200e-02 	2.069132e-01 
7.893300e-02 	2.056835e-01 
7.916500e-02 	2.044628e-01 
7.939600e-02 	2.032516e-01 
7.962800e-02 	2.020487e-01 
7.985900e-02 	2.008552e-01 
8.009100e-02 	1.996699e-01 
8.032200e-02 	1.984939e-01 
8.055300e-02 	1.973259e-01 
8.078500e-02 	1.961671e-01 
8.101600e-02 	1.950164e-01 
8.124800e-02 	1.938746e-01 
8.147900e-02 	1.927407e-01 
8.171100e-02 	1.916157e-01 
8.194200e-02 	1.904985e-01 
8.217400e-02 	1.893900e-01 
8.240500e-02 	1.882892e-01 
8.263600e-02 	1.871970e-01 
8.286800e-02 	1.861124e-01 
8.309900e-02 	1.850358e-01 
8.333100e-02 	1.839676e-01 
8.356200e-02 	1.829068e-01 
8.379400e-02 	1.818543e-01 
8.402500e-02 	1.808092e-01 
8.425700e-02 	1.797722e-01 
8.448800e-02 	1.787425e-01 
8.472000e-02 	1.777209e-01 
8.495100e-02 	1.767063e-01 
8.518200e-02 	1.756997e-01 
8.541400e-02 	1.747002e-01 
8.564500e-02 	1.737085e-01 
8.587700e-02 	1.727237e-01 
8.610800e-02 	1.717466e-01 
8.634000e-02 	1.707764e-01 
8.657100e-02 	1.698133e-01 
8.680300e-02 	1.688578e-01 
8.703400e-02 	1.679089e-01 
8.726500e-02 	1.669675e-01 
8.749700e-02 	1.660326e-01 
8.772800e-02 	1.651050e-01 
8.796000e-02 	1.641840e-01 
8.819100e-02 	1.632701e-01 
8.842300e-02 	1.623626e-01 
8.865400e-02 	1.614622e-01 
8.888600e-02 	1.605681e-01 
8.911700e-02 	1.596810e-01 
8.934900e-02 	1.588001e-01 
8.958000e-02 	1.579261e-01 
8.981200e-02 	1.570581e-01 
9.004300e-02 	1.561970e-01 
9.027400e-02 	1.553418e-01 
9.050600e-02 	1.544929e-01 
9.073700e-02 	1.536507e-01 
9.096900e-02 	1.528143e-01 
9.120000e-02 	1.519844e-01 
9.143200e-02 	1.511603e-01 
9.166300e-02 	1.503427e-01 
9.189500e-02 	1.495307e-01 
9.212600e-02 	1.487251e-01 
9.235800e-02 	1.479250e-01 
9.258900e-02 	1.471312e-01 
9.282000e-02 	1.463430e-01 
9.305200e-02 	1.455608e-01 
9.328300e-02 	1.447841e-01 
9.351500e-02 	1.440135e-01 
9.374600e-02 	1.432482e-01 
9.397800e-02 	1.424889e-01 
9.420900e-02 	1.417348e-01 
9.444100e-02 	1.409862e-01 
9.467200e-02 	1.402435e-01 
9.490400e-02 	1.395059e-01 
9.513500e-02 	1.387740e-01 
9.536600e-02 	1.380472e-01 
9.559800e-02 	1.373260e-01 
9.582900e-02 	1.366097e-01 
9.606100e-02 	1.358991e-01 
9.629200e-02 	1.351933e-01 
9.652400e-02 	1.344930e-01 
9.675500e-02 	1.337976e-01 
9.698700e-02 	1.331075e-01 
9.721800e-02 	1.324222e-01 
9.744900e-02 	1.317422e-01 
9.768100e-02 	1.310668e-01 
9.791200e-02 	1.303967e-01 
9.814400e-02 	1.297312e-01 
9.837500e-02 	1.290706e-01 
9.860700e-02 	1.284150e-01 
9.883800e-02 	1.277639e-01 
9.907000e-02 	1.271179e-01 
9.930100e-02 	1.264762e-01 
9.953300e-02 	1.258395e-01 
9.976400e-02 	1.252071e-01 
9.999500e-02 	1.245796e-01 
1.002270e-01 	1.239561e-01 
1.004580e-01 	1.233387e-01 
1.006900e-01 	1.227232e-01 
1.009210e-01 	1.221147e-01 
1.011530e-01 	1.215080e-01 
1.013840e-01 	1.209084e-01 
1.016160e-01 	1.203105e-01 
1.018470e-01 	1.197194e-01 
1.020780e-01 	1.191327e-01 
1.023100e-01 	1.185476e-01 
1.025410e-01 	1.179693e-01 
1.027730e-01 	1.173927e-01 
1.030040e-01 	1.168227e-01 
1.032360e-01 	1.162543e-01 
1.034670e-01 	1.156925e-01 
1.036990e-01 	1.151323e-01 
1.039300e-01 	1.145785e-01 
1.041620e-01 	1.140262e-01 
1.043930e-01 	1.134803e-01 
1.046240e-01 	1.129383e-01 
1.048560e-01 	1.123978e-01 
1.050870e-01 	1.118635e-01 
1.053190e-01 	1.113307e-01 
1.055500e-01 	1.108040e-01 
1.057820e-01 	1.102787e-01 
1.060130e-01 	1.097594e-01 
1.062450e-01 	1.092416e-01 
1.064760e-01 	1.087297e-01 
1.067080e-01 	1.082192e-01 
1.069390e-01 	1.077145e-01 
1.071700e-01 	1.072133e-01 
1.074020e-01 	1.067136e-01 
1.076330e-01 	1.062195e-01 
1.078650e-01 	1.057268e-01 
1.080960e-01 	1.052396e-01 
1.083280e-01 	1.047538e-01 
1.085590e-01 	1.042735e-01 
1.087910e-01 	1.037945e-01 
1.090220e-01 	1.033209e-01 
1.092540e-01 	1.028486e-01 
1.094850e-01 	1.023817e-01 
1.097160e-01 	1.019180e-01 
1.099480e-01 	1.014555e-01 
1.101790e-01 	1.009983e-01 
1.104110e-01 	1.005423e-01 
1.106420e-01 	1.000913e-01 
1.108740e-01 	9.964161e-02 
1.111050e-01 	9.919692e-02 
1.113370e-01 	9.875339e-02 
1.115680e-01 	9.831482e-02 
1.118000e-01 	9.787739e-02 
1.120310e-01 	9.744485e-02 
1.122620e-01 	9.701526e-02 
1.124940e-01 	9.658679e-02 
1.127250e-01 	9.616308e-02 
1.129570e-01 	9.574045e-02 
1.131880e-01 	9.532252e-02 
1.134200e-01 	9.490564e-02 
1.136510e-01 	9.449340e-02 
1.138830e-01 	9.408221e-02 
1.141140e-01 	9.367558e-02 
1.143460e-01 	9.326997e-02 
1.145770e-01 	9.286886e-02 
1.148080e-01 	9.247049e-02 
1.150400e-01 	9.207310e-02 
1.152710e-01 	9.168012e-02 
1.155030e-01 	9.128811e-02 
1.157340e-01 	9.090044e-02 
1.159660e-01 	9.051372e-02 
1.161970e-01 	9.013126e-02 
1.164290e-01 	8.974974e-02 
1.166600e-01 	8.937241e-02 
1.168910e-01 	8.899761e-02 
1.171230e-01 	8.862370e-02 
1.173540e-01 	8.825389e-02 
1.175860e-01 	8.788496e-02 
1.178170e-01 	8.752005e-02 
1.180490e-01 	8.715600e-02 
1.182800e-01 	8.679592e-02 
1.185120e-01 	8.643667e-02 
1.187430e-01 	8.608133e-02 
1.189750e-01 	8.572680e-02 
1.192060e-01 	8.537613e-02 
1.194370e-01 	8.502775e-02 
1.196690e-01 	8.468017e-02 
1.199000e-01 	8.433636e-02 
1.201320e-01 	8.399332e-02 
1.203630e-01 	8.365401e-02 
1.205950e-01 	8.331546e-02 
1.208260e-01 	8.298058e-02 
1.210580e-01 	8.264645e-02 
1.212890e-01 	8.231594e-02 
1.215210e-01 	8.198616e-02 
1.217520e-01 	8.165994e-02 
1.219830e-01 	8.133583e-02 
1.222150e-01 	8.101244e-02 
1.224460e-01 	8.069252e-02 
1.226780e-01 	8.037330e-02 
1.229090e-01 	8.005751e-02 
1.231410e-01 	7.974240e-02 
1.233720e-01 	7.943066e-02 
1.236040e-01 	7.911959e-02 
1.238350e-01 	7.881184e-02 
1.240670e-01 	7.850474e-02 
1.242980e-01 	7.820091e-02 
1.245290e-01 	7.789902e-02 
1.247610e-01 	7.759774e-02 
1.249920e-01 	7.729966e-02 
1.252240e-01 	7.700218e-02 
1.254550e-01 	7.670786e-02 
1.256870e-01 	7.641411e-02 
1.259180e-01 	7.612347e-02 
1.261500e-01 	7.583339e-02 
1.263810e-01 	7.554638e-02 
1.266130e-01 	7.525992e-02 
1.268440e-01 	7.497647e-02 
1.270750e-01 	7.469479e-02 
1.273070e-01 	7.441365e-02 
1.275380e-01 	7.413547e-02 
1.277700e-01 	7.385781e-02 
1.280010e-01 	7.358307e-02 
1.282330e-01 	7.330885e-02 
1.284640e-01 	7.303750e-02 
1.286960e-01 	7.276666e-02 
1.289270e-01 	7.249865e-02 
1.291580e-01 	7.223229e-02 
1.293900e-01 	7.196642e-02 
1.296210e-01 	7.170332e-02 
1.298530e-01 	7.144070e-02 
1.300840e-01 	7.118082e-02 
1.303160e-01 	7.092140e-02 
1.305470e-01 	7.066467e-02 
1.307790e-01 	7.040840e-02 
1.310100e-01 	7.015479e-02 
1.312420e-01 	6.990161e-02 
1.314730e-01 	6.965105e-02 
1.317040e-01 	6.940200e-02 
1.319360e-01 	6.915337e-02 
1.321670e-01 	6.890729e-02 
1.323990e-01 	6.866163e-02 
1.326300e-01 	6.841849e-02 
1.328620e-01 	6.817574e-02 
1.330930e-01 	6.793547e-02 
1.333250e-01 	6.769559e-02 
1.335560e-01 	6.745815e-02 
1.337880e-01 	6.722108e-02 
1.340190e-01 	6.698643e-02 
1.342500e-01 	6.675314e-02 
1.344820e-01 	6.652023e-02 
1.347130e-01 	6.628967e-02 
1.349450e-01 	6.605947e-02 
1.351760e-01 	6.583160e-02 
1.354080e-01 	6.560408e-02 
1.356390e-01 	6.537887e-02 
1.358710e-01 	6.515399e-02 
1.361020e-01 	6.493139e-02 
1.363340e-01 	6.470912e-02 
1.365650e-01 	6.448909e-02 
1.367960e-01 	6.427033e-02 
1.370280e-01 	6.405189e-02 
1.372590e-01 	6.383565e-02 
1.374910e-01 	6.361973e-02 
1.377220e-01 	6.340596e-02 
1.379540e-01 	6.319251e-02 
1.381850e-01 	6.298119e-02 
1.384170e-01 	6.277016e-02 
1.386480e-01 	6.256125e-02 
1.388800e-01 	6.235262e-02 
1.391110e-01 	6.214608e-02 
1.393420e-01 	6.194070e-02 
1.395740e-01 	6.173561e-02 
1.398050e-01 	6.153255e-02 
1.400370e-01 	6.132976e-02 
1.402680e-01 	6.112898e-02 
1.405000e-01 	6.092846e-02 
1.407310e-01 	6.072991e-02 
1.409630e-01 	6.053163e-02 
1.411940e-01 	6.033529e-02 
1.414260e-01 	6.013919e-02 
1.416570e-01 	5.994503e-02 
1.418880e-01 	5.975194e-02 
1.421200e-01 	5.955908e-02 
1.423510e-01 	5.936811e-02 
1.425830e-01 	5.917736e-02 
1.428140e-01 	5.898849e-02 
1.430460e-01 	5.879983e-02 
1.432770e-01 	5.861302e-02 
1.435090e-01 	5.842642e-02 
1.437400e-01 	5.824164e-02 
1.439710e-01 	5.805787e-02 
1.442030e-01 	5.787430e-02 
1.444340e-01 	5.769251e-02 
1.446660e-01 	5.751093e-02 
1.448970e-01 	5.733111e-02 
1.451290e-01 	5.715149e-02 
1.453600e-01 	5.697361e-02 
1.455920e-01 	5.679592e-02 
1.458230e-01 	5.661995e-02 
1.460550e-01 	5.644416e-02 
1.462860e-01 	5.627008e-02 
1.465170e-01 	5.609692e-02 
1.467490e-01 	5.592394e-02 
1.469800e-01 	5.575263e-02 
1.472120e-01 	5.558149e-02 
1.474430e-01 	5.541199e-02 
1.476750e-01 	5.524267e-02 
1.479060e-01 	5.507496e-02 
1.481380e-01 	5.490741e-02 
1.483690e-01 	5.474146e-02 
1.486010e-01 	5.457567e-02 
1.488320e-01 	5.441145e-02 
1.490630e-01 	5.424808e-02 
1.492950e-01 	5.408486e-02 
1.495260e-01 	5.392318e-02 
1.497580e-01 	5.376164e-02 
1.499890e-01 	5.360162e-02 
1.502210e-01 	5.344173e-02 
1.504520e-01 	5.328336e-02 
1.506840e-01 	5.312511e-02 
1.509150e-01 	5.296835e-02 
1.511470e-01 	5.281171e-02 
1.513780e-01 	5.265655e-02 
1.516090e-01 	5.250218e-02 
1.518410e-01 	5.234793e-02 
1.520720e-01 	5.219513e-02 
1.523040e-01 	5.204245e-02 
1.525350e-01 	5.189121e-02 
1.527670e-01 	5.174008e-02 
1.529980e-01 	5.159036e-02 
1.532300e-01 	5.144076e-02 
1.534610e-01 	5.129255e-02 
1.536930e-01 	5.114446e-02 
1.539240e-01 	5.099775e-02 
1.541550e-01 	5.085177e-02 
1.543870e-01 	5.070590e-02 
1.546180e-01 	5.056139e-02 
1.548500e-01 	5.041698e-02 
1.550810e-01 	5.027391e-02 
1.553130e-01 	5.013093e-02 
1.555440e-01 	4.998928e-02 
1.557760e-01 	4.984772e-02 
1.560070e-01 	4.970747e-02 
1.562380e-01 	4.956791e-02 
1.564700e-01 	4.942844e-02 
1.567010e-01 	4.929026e-02 
1.569330e-01 	4.915216e-02 
1.571640e-01 	4.901533e-02 
1.573960e-01 	4.887858e-02 
1.576270e-01 	4.874308e-02 
1.578590e-01 	4.860767e-02 
1.580900e-01 	4.847349e-02 
1.583220e-01 	4.833938e-02 
1.585530e-01 	4.820650e-02 
1.587840e-01 	4.807426e-02 
1.590160e-01 	4.794209e-02 
1.592470e-01 	4.781113e-02 
1.594790e-01 	4.768023e-02 
1.597100e-01 	4.755052e-02 
1.599420e-01 	4.742088e-02 
1.601730e-01 	4.729241e-02 
1.604050e-01 	4.716401e-02 
1.606360e-01 	4.703677e-02 
1.608680e-01 	4.690958e-02 
1.610990e-01 	4.678356e-02 
1.613300e-01 	4.665812e-02 
1.615620e-01 	4.653275e-02 
1.617930e-01 	4.640851e-02 
1.620250e-01 	4.628432e-02 
1.622560e-01 	4.616125e-02 
1.624880e-01 	4.603823e-02 
1.627190e-01 	4.591632e-02 
1.629510e-01 	4.579445e-02 
1.631820e-01 	4.567368e-02 
1.634140e-01 	4.555295e-02 
1.636450e-01 	4.543331e-02 
1.638760e-01 	4.531422e-02 
1.641080e-01 	4.519517e-02 
1.643390e-01 	4.507719e-02 
1.645710e-01 	4.495924e-02 
1.648020e-01 	4.484235e-02 
1.650340e-01 	4.472549e-02 
1.652650e-01 	4.460968e-02 
1.654970e-01 	4.449389e-02 
1.657280e-01 	4.437913e-02 
1.659600e-01 	4.426441e-02 
1.661910e-01 	4.415070e-02 
1.664220e-01 	4.403751e-02 
1.666540e-01 	4.392435e-02 
1.668850e-01 	4.381219e-02 
1.671170e-01 	4.370006e-02 
1.673480e-01 	4.358893e-02 
1.675800e-01 	4.347782e-02 
1.678110e-01 	4.336769e-02 
1.680430e-01 	4.325758e-02 
1.682740e-01 	4.314845e-02 
1.685060e-01 	4.303935e-02 
1.687370e-01 	4.293120e-02 
1.689680e-01 	4.282355e-02 
1.692000e-01 	4.271592e-02 
1.694310e-01 	4.260923e-02 
1.696630e-01 	4.250257e-02 
1.698940e-01 	4.239684e-02 
1.701260e-01 	4.229114e-02 
1.703570e-01 	4.218636e-02 
1.705890e-01 	4.208160e-02 
1.708200e-01 	4.197776e-02 
1.710510e-01 	4.187438e-02 
1.712830e-01 	4.177102e-02 
1.715140e-01 	4.166856e-02 
1.717460e-01 	4.156612e-02 
1.719770e-01 	4.146458e-02 
1.722090e-01 	4.136305e-02 
1.724400e-01 	4.126240e-02 
1.726720e-01 	4.116177e-02 
1.729030e-01 	4.106201e-02 
1.731350e-01 	4.096226e-02 
1.733660e-01 	4.086338e-02 
1.735970e-01 	4.076494e-02 
1.738290e-01 	4.066650e-02 
1.740600e-01 	4.056892e-02 
1.742920e-01 	4.047135e-02 
1.745230e-01 	4.037462e-02 
1.747550e-01 	4.027789e-02 
1.749860e-01 	4.018201e-02 
1.752180e-01 	4.008612e-02 
1.754490e-01 	3.999107e-02 
1.756810e-01 	3.989601e-02 
1.759120e-01 	3.980178e-02 
1.761430e-01 	3.970795e-02 
1.763750e-01 	3.961412e-02 
1.766060e-01 	3.952109e-02 
1.768380e-01 	3.942807e-02 
1.770690e-01 	3.933585e-02 
1.773010e-01 	3.924362e-02 
1.775320e-01 	3.915219e-02 
1.777640e-01 	3.906075e-02 
1.779950e-01 	3.897010e-02 
1.782270e-01 	3.887944e-02 
1.784580e-01 	3.878956e-02 
1.786890e-01 	3.870007e-02 
1.789210e-01 	3.861057e-02 
1.791520e-01 	3.852183e-02 
1.793840e-01 	3.843309e-02 
1.796150e-01 	3.834511e-02 
1.798470e-01 	3.825712e-02 
1.800780e-01 	3.816988e-02 
1.803100e-01 	3.808264e-02 
1.805410e-01 	3.799613e-02 
1.807730e-01 	3.790963e-02 
1.810040e-01 	3.782386e-02 
1.812350e-01 	3.773845e-02 
1.814670e-01 	3.765303e-02 
1.816980e-01 	3.756834e-02 
1.819300e-01 	3.748363e-02 
1.821610e-01 	3.739965e-02 
1.823930e-01 	3.731566e-02 
1.826240e-01 	3.723239e-02 
1.828560e-01 	3.714910e-02 
1.830870e-01 	3.706652e-02 
1.833180e-01 	3.698429e-02 
1.835500e-01 	3.690204e-02 
1.837810e-01 	3.682050e-02 
1.840130e-01 	3.673894e-02 
1.842440e-01 	3.665807e-02 
1.844760e-01 	3.657719e-02 
1.847070e-01 	3.649699e-02 
1.849390e-01 	3.641678e-02 
1.851700e-01 	3.633725e-02 
1.854020e-01 	3.625770e-02 
1.856330e-01 	3.617883e-02 
1.858640e-01 	3.610028e-02 
1.860960e-01 	3.602172e-02 
1.863270e-01 	3.594382e-02 
1.865590e-01 	3.586591e-02 
1.867900e-01 	3.578865e-02 
1.870220e-01 	3.571138e-02 
1.872530e-01 	3.563476e-02 
1.874850e-01 	3.555812e-02 
1.877160e-01 	3.548213e-02 
1.879480e-01 	3.540612e-02 
1.881790e-01 	3.533074e-02 
1.884100e-01 	3.525568e-02 
1.886420e-01 	3.518060e-02 
1.888730e-01 	3.510614e-02 
1.891050e-01 	3.503167e-02 
1.893360e-01 	3.495782e-02 
1.895680e-01 	3.488395e-02 
1.897990e-01 	3.481069e-02 
1.900310e-01 	3.473742e-02 
1.902620e-01 	3.466476e-02 
1.904940e-01 	3.459207e-02 
1.907250e-01 	3.452000e-02 
1.909560e-01 	3.444821e-02 
1.911880e-01 	3.437640e-02 
1.914190e-01 	3.430519e-02 
1.916510e-01 	3.423396e-02 
1.918820e-01 	3.416332e-02 
1.921140e-01 	3.409265e-02 
1.923450e-01 	3.402258e-02 
1.925770e-01 	3.395248e-02 
1.928080e-01 	3.388296e-02 
1.930400e-01 	3.381343e-02 
1.932710e-01 	3.374446e-02 
1.935020e-01 	3.367577e-02 
1.937340e-01 	3.360706e-02 
1.939650e-01 	3.353892e-02 
1.941970e-01 	3.347075e-02 
1.944280e-01 	3.340315e-02 
1.946600e-01 	3.333552e-02 
1.948910e-01 	3.326846e-02 
1.951230e-01 	3.320137e-02 
1.953540e-01 	3.313483e-02 
1.955860e-01 	3.306827e-02 
1.958170e-01 	3.300226e-02 
1.960480e-01 	3.293651e-02 
1.962800e-01 	3.287074e-02 
1.965110e-01 	3.280551e-02 
1.967430e-01 	3.274026e-02 
1.969740e-01 	3.267554e-02 
1.972060e-01 	3.261080e-02 
1.974370e-01 	3.254659e-02 
1.976690e-01 	3.248236e-02 
1.979000e-01 	3.241865e-02 
1.981310e-01 	3.235519e-02 
1.983630e-01 	3.229171e-02 
1.985940e-01 	3.222875e-02 
1.988260e-01 	3.216576e-02 
1.990570e-01 	3.210329e-02 
1.992890e-01 	3.204079e-02 
1.995200e-01 	3.197880e-02 
1.997520e-01 	3.191678e-02 
1.999830e-01 	3.185527e-02 
2.002150e-01 	3.179373e-02 
2.004460e-01 	3.173269e-02 
2.006770e-01 	3.167189e-02 
2.009090e-01 	3.161105e-02 
2.011400e-01 	3.155072e-02 
2.013720e-01 	3.149035e-02 
2.016030e-01 	3.143047e-02 
2.018350e-01 	3.137056e-02 
2.020660e-01 	3.131114e-02 
2.022980e-01 	3.125169e-02 
2.025290e-01 	3.119272e-02 
2.027610e-01 	3.113372e-02 
2.029920e-01 	3.107520e-02 
2.032230e-01 	3.101690e-02 
2.034550e-01 	3.095857e-02 
2.036860e-01 	3.090071e-02 
2.039180e-01 	3.084283e-02 
2.041490e-01 	3.078541e-02 
2.043810e-01 	3.072796e-02 
2.046120e-01 	3.067097e-02 
2.048440e-01 	3.061395e-02 
2.050750e-01 	3.055739e-02 
2.053070e-01 	3.050081e-02 
2.055380e-01 	3.044468e-02 
2.057690e-01 	3.038876e-02 
2.060010e-01 	3.033281e-02 
2.062320e-01 	3.027731e-02 
2.064640e-01 	3.022178e-02 
2.066950e-01 	3.016669e-02 
2.069270e-01 	3.011158e-02 
2.071580e-01 	3.005691e-02 
2.073900e-01 	3.000221e-02 
2.076210e-01 	2.994794e-02 
2.078530e-01 	2.989365e-02 
2.080840e-01 	2.983979e-02 
2.083150e-01 	2.978613e-02 
2.085470e-01 	2.973245e-02 
2.087780e-01 	2.967919e-02 
2.090100e-01 	2.962590e-02 
2.092410e-01 	2.957303e-02 
2.094730e-01 	2.952013e-02 
2.097040e-01 	2.946766e-02 
2.099360e-01 	2.941516e-02 
2.101670e-01 	2.936307e-02 
2.103980e-01 	2.931118e-02 
2.106300e-01 	2.925925e-02 
2.108610e-01 	2.920774e-02 
2.110930e-01 	2.915619e-02 
2.113240e-01 	2.910505e-02 
2.115560e-01 	2.905389e-02 
2.117870e-01 	2.900313e-02 
2.120190e-01 	2.895233e-02 
2.122500e-01 	2.890194e-02 
2.124820e-01 	2.885152e-02 
2.127130e-01 	2.880149e-02 
2.129440e-01 	2.875165e-02 
2.131760e-01 	2.870178e-02 
2.134070e-01 	2.865230e-02 
2.136390e-01 	2.860278e-02 
2.138700e-01 	2.855366e-02 
2.141020e-01 	2.850451e-02 
2.143330e-01 	2.845574e-02 
2.145650e-01 	2.840694e-02 
2.147960e-01 	2.835852e-02 
2.150280e-01 	2.831008e-02 
2.152590e-01 	2.826201e-02 
2.154900e-01 	2.821411e-02 
2.157220e-01 	2.816618e-02 
2.159530e-01 	2.811863e-02 
2.161850e-01 	2.807105e-02 
2.164160e-01 	2.802384e-02 
2.166480e-01 	2.797659e-02 
2.168790e-01 	2.792971e-02 
2.171110e-01 	2.788280e-02 
2.173420e-01 	2.783626e-02 
2.175740e-01 	2.778969e-02 
2.178050e-01 	2.774348e-02 
2.180360e-01 	2.769743e-02 
2.182680e-01 	2.765135e-02 
2.184990e-01 	2.760564e-02 
2.187310e-01 	2.755988e-02 
2.189620e-01 	2.751449e-02 
2.191940e-01 	2.746906e-02 
2.194250e-01 	2.742398e-02 
2.196570e-01 	2.737888e-02 
2.198880e-01 	2.733412e-02 
2.201200e-01 	2.728933e-02 
2.203510e-01 	2.724489e-02 
2.205820e-01 	2.720060e-02 
2.208140e-01 	2.715628e-02 
2.210450e-01 	2.711231e-02 
2.212770e-01 	2.706830e-02 
2.215080e-01 	2.702463e-02 
2.217400e-01 	2.698093e-02 
2.219710e-01 	2.693757e-02 
2.222030e-01 	2.689417e-02 
2.224340e-01 	2.685111e-02 
2.226660e-01 	2.680802e-02 
2.228970e-01 	2.676526e-02 
2.231280e-01 	2.672265e-02 
2.233600e-01 	2.668001e-02 
2.235910e-01 	2.663769e-02 
2.238230e-01 	2.659534e-02 
2.240540e-01 	2.655332e-02 
2.242860e-01 	2.651127e-02 
2.245170e-01 	2.646954e-02 
2.247490e-01 	2.642777e-02 
2.249800e-01 	2.638633e-02 
2.252110e-01 	2.634503e-02 
2.254430e-01 	2.630370e-02 
2.256740e-01 	2.626268e-02 
2.259060e-01 	2.622163e-02 
2.261370e-01 	2.618090e-02 
2.263690e-01 	2.614013e-02 
2.266000e-01 	2.609968e-02 
2.268320e-01 	2.605919e-02 
2.270630e-01 	2.601901e-02 
2.272950e-01 	2.597880e-02 
2.275260e-01 	2.593890e-02 
2.277570e-01 	2.589913e-02 
2.279890e-01 	2.585933e-02 
2.282200e-01 	2.581983e-02 
2.284520e-01 	2.578030e-02 
2.286830e-01 	2.574107e-02 
2.289150e-01 	2.570181e-02 
2.291460e-01 	2.566284e-02 
2.293780e-01 	2.562384e-02 
2.296090e-01 	2.558514e-02 
2.298410e-01 	2.554640e-02 
2.300720e-01 	2.550796e-02 
2.303030e-01 	2.546965e-02 
2.305350e-01 	2.543130e-02 
2.307660e-01 	2.539324e-02 
2.309980e-01 	2.535515e-02 
2.312290e-01 	2.531734e-02 
2.314610e-01 	2.527950e-02 
2.316920e-01 	2.524195e-02 
2.319240e-01 	2.520436e-02 
2.321550e-01 	2.516705e-02 
2.323870e-01 	2.512971e-02 
2.326180e-01 	2.509265e-02 
2.328490e-01 	2.505572e-02 
2.330810e-01 	2.501875e-02 
2.333120e-01 	2.498205e-02 
2.335440e-01 	2.494532e-02 
2.337750e-01 	2.490887e-02 
2.340070e-01 	2.487237e-02 
2.342380e-01 	2.483616e-02 
2.344700e-01 	2.479991e-02 
2.347010e-01 	2.476393e-02 
2.349330e-01 	2.472791e-02 
2.351640e-01 	2.469216e-02 
2.353950e-01 	2.465653e-02 
2.356270e-01 	2.462086e-02 
2.358580e-01 	2.458546e-02 
2.360900e-01 	2.455002e-02 
2.363210e-01 	2.451485e-02 
2.365530e-01 	2.447964e-02 
2.367840e-01 	2.444469e-02 
2.370160e-01 	2.440971e-02 
2.372470e-01 	2.437499e-02 
2.374780e-01 	2.434038e-02 
2.377100e-01 	2.430573e-02 
2.379410e-01 	2.427134e-02 
2.381730e-01 	2.423691e-02 
2.384040e-01 	2.420274e-02 
2.386360e-01 	2.416853e-02 
2.388670e-01 	2.413457e-02 
2.390990e-01 	2.410058e-02 
2.393300e-01 	2.406684e-02 
2.395620e-01 	2.403306e-02 
2.397930e-01 	2.399954e-02 
2.400240e-01 	2.396611e-02 
2.402560e-01 	2.393265e-02 
2.404870e-01 	2.389944e-02 
2.407190e-01 	2.386619e-02 
2.409500e-01 	2.383318e-02 
2.411820e-01 	2.380014e-02 
2.414130e-01 	2.376734e-02 
2.416450e-01 	2.373450e-02 
2.418760e-01 	2.370191e-02 
2.421080e-01 	2.366927e-02 
2.423390e-01 	2.363687e-02 
2.425700e-01 	2.360458e-02 
2.428020e-01 	2.357224e-02 
2.430330e-01 	2.354015e-02 
2.432650e-01 	2.350801e-02 
2.434960e-01 	2.347611e-02 
2.437280e-01 	2.344416e-02 
2.439590e-01 	2.341246e-02 
2.441910e-01 	2.338071e-02 
2.444220e-01 	2.334919e-02 
2.446540e-01 	2.331763e-02 
2.448850e-01 	2.328630e-02 
2.451160e-01 	2.325507e-02 
2.453480e-01 	2.322380e-02 
2.455790e-01 	2.319275e-02 
2.458110e-01 	2.316166e-02 
2.460420e-01 	2.313080e-02 
2.462740e-01 	2.309989e-02 
2.465050e-01 	2.306921e-02 
2.467370e-01 	2.303849e-02 
2.469680e-01 	2.300799e-02 
2.472000e-01 	2.297745e-02 
2.474310e-01 	2.294712e-02 
2.476620e-01 	2.291689e-02 
2.478940e-01 	2.288662e-02 
2.481250e-01 	2.285656e-02 
2.483570e-01 	2.282646e-02 
2.485880e-01 	2.279658e-02 
2.488200e-01 	2.276666e-02 
2.490510e-01 	2.273695e-02 
2.492830e-01 	2.270720e-02 
2.495140e-01 	2.267766e-02 
2.497460e-01 	2.264808e-02 
2.499770e-01 	2.261872e-02 
2.502080e-01 	2.258944e-02 
2.504400e-01 	2.256011e-02 
2.506710e-01 	2.253100e-02 
2.509030e-01 	2.250185e-02 
2.511340e-01 	2.247290e-02 
2.513660e-01 	2.244391e-02 
2.515970e-01 	2.241513e-02 
2.518290e-01 	2.238631e-02 
2.520600e-01 	2.235769e-02 
2.522910e-01 	2.232916e-02 
2.525230e-01 	2.230058e-02 
2.527540e-01 	2.227221e-02 
2.529860e-01 	2.224379e-02 
2.532170e-01 	2.221558e-02 
2.534490e-01 	2.218732e-02 
2.536800e-01 	2.215927e-02 
2.539120e-01 	2.213117e-02 
2.541430e-01 	2.210328e-02 
2.543750e-01 	2.207534e-02 
2.546060e-01 	2.204760e-02 
2.548370e-01 	2.201993e-02 
2.550690e-01 	2.199223e-02 
2.553000e-01 	2.196472e-02 
2.555320e-01 	2.193717e-02 
2.557630e-01 	2.190981e-02 
2.559950e-01 	2.188241e-02 
2.562260e-01 	2.185520e-02 
2.564580e-01 	2.182795e-02 
2.566890e-01 	2.180090e-02 
2.569210e-01 	2.177380e-02 
2.571520e-01 	2.174689e-02 
2.573830e-01 	2.172005e-02 
2.576150e-01 	2.169317e-02 
2.578460e-01 	2.166648e-02 
2.580780e-01 	2.163975e-02 
2.583090e-01 	2.161320e-02 
2.585410e-01 	2.158662e-02 
2.587720e-01 	2.156021e-02 
2.590040e-01 	2.153377e-02 
2.592350e-01 	2.150751e-02 
2.594670e-01 	2.148120e-02 
2.596980e-01 	2.145508e-02 
2.599290e-01 	2.142903e-02 
2.601610e-01 	2.140294e-02 
2.603920e-01 	2.137703e-02 
2.606240e-01 	2.135107e-02 
2.608550e-01 	2.132530e-02 
2.610870e-01 	2.129948e-02 
2.613180e-01 	2.127385e-02 
2.615500e-01 	2.124817e-02 
2.617810e-01 	2.122267e-02 
2.620130e-01 	2.119712e-02 
2.622440e-01 	2.117176e-02 
2.624750e-01 	2.114646e-02 
2.627070e-01 	2.112112e-02 
2.629380e-01 	2.109595e-02 
2.631700e-01 	2.107074e-02 
2.634010e-01 	2.104571e-02 
2.636330e-01 	2.102064e-02 
2.638640e-01 	2.099574e-02 
2.640960e-01 	2.097080e-02 
2.643270e-01 	2.094603e-02 
2.645580e-01 	2.092132e-02 
2.647900e-01 	2.089658e-02 
2.650210e-01 	2.087200e-02 
2.652530e-01 	2.084739e-02 
2.654840e-01 	2.082294e-02 
2.657160e-01 	2.079846e-02 
2.659470e-01 	2.077414e-02 
2.661790e-01 	2.074978e-02 
2.664100e-01 	2.072559e-02 
2.666420e-01 	2.070136e-02 
2.668730e-01 	2.067730e-02 
2.671040e-01 	2.065330e-02 
2.673360e-01 	2.062926e-02 
2.675670e-01 	2.060538e-02 
2.677990e-01 	2.058147e-02 
2.680300e-01 	2.055772e-02 
2.682620e-01 	2.053393e-02 
2.684930e-01 	2.051030e-02 
2.687250e-01 	2.048663e-02 
2.689560e-01 	2.046313e-02 
2.691880e-01 	2.043959e-02 
2.694190e-01 	2.041621e-02 
2.696500e-01 	2.039288e-02 
2.698820e-01 	2.036952e-02 
2.701130e-01 	2.034632e-02 
2.703450e-01 	2.032308e-02 
2.705760e-01 	2.030000e-02 
2.708080e-01 	2.027688e-02 
2.710390e-01 	2.025392e-02 
2.712710e-01 	2.023092e-02 
2.715020e-01 	2.020808e-02 
2.717340e-01 	2.018519e-02 
2.719650e-01 	2.016247e-02 
2.721960e-01 	2.013980e-02 
2.724280e-01 	2.011710e-02 
2.726590e-01 	2.009455e-02 
2.728910e-01 	2.007196e-02 
2.731220e-01 	2.004952e-02 
2.733540e-01 	2.002705e-02 
2.735850e-01 	2.000473e-02 
2.738170e-01 	1.998237e-02 
2.740480e-01 	1.996017e-02 
2.742800e-01 	1.993792e-02 
2.745110e-01 	1.991583e-02 
2.747420e-01 	1.989380e-02 
2.749740e-01 	1.987173e-02 
2.752050e-01 	1.984980e-02 
2.754370e-01 	1.982784e-02 
2.756680e-01 	1.980603e-02 
2.759000e-01 	1.978418e-02 
2.761310e-01 	1.976248e-02 
2.763630e-01 	1.974075e-02 
2.765940e-01 	1.971916e-02 
2.768260e-01 	1.969753e-02 
2.770570e-01 	1.967605e-02 
2.772880e-01 	1.965463e-02 
2.775200e-01 	1.963316e-02 
2.777510e-01 	1.961185e-02 
2.779830e-01 	1.959049e-02 
2.782140e-01 	1.956929e-02 
2.784460e-01 	1.954804e-02 
2.786770e-01 	1.952694e-02 
2.789090e-01 	1.950580e-02 
2.791400e-01 	1.948481e-02 
2.793710e-01 	1.946387e-02 
2.796030e-01 	1.944289e-02 
2.798340e-01 	1.942206e-02 
2.800660e-01 	1.940119e-02 
2.802970e-01 	1.938046e-02 
2.805290e-01 	1.935969e-02 
2.807600e-01 	1.933907e-02 
2.809920e-01 	1.931841e-02 
2.812230e-01 	1.929788e-02 
2.814550e-01 	1.927733e-02 
2.816860e-01 	1.925691e-02 
2.819170e-01 	1.923654e-02 
2.821490e-01 	1.921614e-02 
2.823800e-01 	1.919588e-02 
2.826120e-01 	1.917558e-02 
2.828430e-01 	1.915541e-02 
2.830750e-01 	1.913522e-02 
2.833060e-01 	1.911515e-02 
2.835380e-01 	1.909506e-02 
2.837690e-01 	1.907509e-02 
2.840010e-01 	1.905510e-02 
2.842320e-01 	1.903523e-02 
2.844630e-01 	1.901542e-02 
2.846950e-01 	1.899557e-02 
2.849260e-01 	1.897586e-02 
2.851580e-01 	1.895611e-02 
2.853890e-01 	1.893649e-02 
2.856210e-01 	1.891684e-02 
2.858520e-01 	1.889732e-02 
2.860840e-01 	1.887777e-02 
2.863150e-01 	1.885834e-02 
2.865470e-01 	1.883888e-02 
2.867780e-01 	1.881956e-02 
2.870090e-01 	1.880028e-02 
2.872410e-01 	1.878096e-02 
2.874720e-01 	1.876178e-02 
2.877040e-01 	1.874256e-02 
2.879350e-01 	1.872347e-02 
2.881670e-01 	1.870434e-02 
2.883980e-01 	1.868535e-02 
2.886300e-01 	1.866631e-02 
2.888610e-01 	1.864741e-02 
2.890930e-01 	1.862847e-02 
2.893240e-01 	1.860966e-02 
2.895550e-01 	1.859090e-02 
2.897870e-01 	1.857209e-02 
2.900180e-01 	1.855342e-02 
2.902500e-01 	1.853471e-02 
2.904810e-01 	1.851613e-02 
2.907130e-01 	1.849751e-02 
2.909440e-01 	1.847901e-02 
2.911760e-01 	1.846048e-02 
2.914070e-01 	1.844208e-02 
2.916380e-01 	1.842372e-02 
2.918700e-01 	1.840532e-02 
2.921010e-01 	1.838705e-02 
2.923330e-01 	1.836874e-02 
2.925640e-01 	1.835055e-02 
2.927960e-01 	1.833233e-02 
2.930270e-01 	1.831423e-02 
2.932590e-01 	1.829610e-02 
2.934900e-01 	1.827808e-02 
2.937220e-01 	1.826003e-02 
2.939530e-01 	1.824210e-02 
2.941840e-01 	1.822422e-02 
2.944160e-01 	1.820629e-02 
2.946470e-01 	1.818849e-02 
2.948790e-01 	1.817065e-02 
2.951100e-01 	1.815293e-02 
2.953420e-01 	1.813518e-02 
2.955730e-01 	1.811754e-02 
2.958050e-01 	1.809987e-02 
2.960360e-01 	1.808231e-02 
2.962680e-01 	1.806472e-02 
2.964990e-01 	1.804724e-02 
2.967300e-01 	1.802981e-02 
2.969620e-01 	1.801234e-02 
2.971930e-01 	1.799499e-02 
2.974250e-01 	1.797760e-02 
2.976560e-01 	1.796032e-02 
2.978880e-01 	1.794301e-02 
2.981190e-01 	1.792582e-02 
2.983510e-01 	1.790858e-02 
2.985820e-01 	1.789147e-02 
2.988140e-01 	1.787432e-02 
2.990450e-01 	1.785728e-02 
2.992760e-01 	1.784027e-02 
2.995080e-01 	1.782324e-02 
2.997390e-01 	1.780631e-02 
2.999710e-01 	1.778935e-02 
3.002020e-01 	1.777250e-02 
3.004340e-01 	1.775562e-02 
3.006650e-01 	1.773885e-02 
3.008970e-01 	1.772204e-02 
3.011280e-01 	1.770534e-02 
3.013600e-01 	1.768861e-02 
3.015910e-01 	1.767198e-02 
3.018220e-01 	1.765540e-02 
3.020540e-01 	1.763877e-02 
3.022850e-01 	1.762226e-02 
3.025170e-01 	1.760571e-02 
3.027480e-01 	1.758927e-02 
3.029800e-01 	1.757279e-02 
3.032110e-01 	1.755642e-02 
3.034430e-01 	1.754002e-02 
3.036740e-01 	1.752372e-02 
3.039050e-01 	1.750746e-02 
3.041370e-01 	1.749116e-02 
3.043680e-01 	1.747497e-02 
3.046000e-01 	1.745874e-02 
3.048310e-01 	1.744262e-02 
3.050630e-01 	1.742646e-02 
3.052940e-01 	1.741041e-02 
3.055260e-01 	1.739432e-02 
3.057570e-01 	1.737834e-02 
3.059890e-01 	1.736232e-02 
3.062200e-01 	1.734640e-02 
3.064510e-01 	1.733052e-02 
3.066830e-01 	1.731460e-02 
3.069140e-01 	1.729879e-02 
3.071460e-01 	1.728294e-02 
3.073770e-01 	1.726719e-02 
3.076090e-01 	1.725141e-02 
3.078400e-01 	1.723572e-02 
3.080720e-01 	1.722001e-02 
3.083030e-01 	1.720439e-02 
3.085350e-01 	1.718874e-02 
3.087660e-01 	1.717318e-02 
3.089970e-01 	1.715766e-02 
3.092290e-01 	1.714211e-02 
3.094600e-01 	1.712665e-02 
3.096920e-01 	1.711116e-02 
3.099230e-01 	1.709577e-02 
3.101550e-01 	1.708034e-02 
3.103860e-01 	1.706501e-02 
3.106180e-01 	1.704964e-02 
3.108490e-01 	1.703437e-02 
3.110810e-01 	1.701907e-02 
3.113120e-01 	1.700386e-02 
3.115430e-01 	1.698869e-02 
3.117750e-01 	1.697347e-02 
3.120060e-01 	1.695836e-02 
3.122380e-01 	1.694321e-02 
3.124690e-01 	1.692815e-02 
3.127010e-01 	1.691306e-02 
3.129320e-01 	1.689806e-02 
3.131640e-01 	1.688303e-02 
3.133950e-01 	1.686810e-02 
3.136270e-01 	1.685312e-02 
3.138580e-01 	1.683825e-02 
3.140890e-01 	1.682340e-02 
3.143210e-01 	1.680851e-02 
3.145520e-01 	1.679372e-02 
3.147840e-01 	1.677889e-02 
3.150150e-01 	1.676416e-02 
3.152470e-01 	1.674939e-02 
3.154780e-01 	1.673471e-02 
3.157100e-01 	1.672000e-02 
3.159410e-01 	1.670537e-02 
3.161730e-01 	1.669072e-02 
3.164040e-01 	1.667615e-02 
3.166350e-01 	1.666161e-02 
3.168670e-01 	1.664704e-02 
3.170980e-01 	1.663256e-02 
3.173300e-01 	1.661804e-02 
3.175610e-01 	1.660361e-02 
3.177930e-01 	1.658914e-02 
3.180240e-01 	1.657477e-02 
3.182560e-01 	1.656036e-02 
3.184870e-01 	1.654604e-02 
3.187180e-01 	1.653174e-02 
3.189500e-01 	1.651741e-02 
3.191810e-01 	1.650317e-02 
3.194130e-01 	1.648889e-02 
3.196440e-01 	1.647470e-02 
3.198760e-01 	1.646047e-02 
3.201070e-01 	1.644634e-02 
3.203390e-01 	1.643216e-02 
3.205700e-01 	1.641808e-02 
3.208020e-01 	1.640395e-02 
3.210330e-01 	1.638992e-02 
3.212640e-01 	1.637591e-02 
3.214960e-01 	1.636186e-02 
3.217270e-01 	1.634790e-02 
3.219590e-01 	1.633390e-02 
3.221900e-01 	1.631999e-02 
3.224220e-01 	1.630604e-02 
3.226530e-01 	1.629218e-02 
3.228850e-01 	1.627828e-02 
3.231160e-01 	1.626447e-02 
3.233480e-01 	1.625062e-02 
3.235790e-01 	1.623686e-02 
3.238100e-01 	1.622312e-02 
3.240420e-01 	1.620934e-02 
3.242730e-01 	1.619565e-02 
3.245050e-01 	1.618192e-02 
3.247360e-01 	1.616827e-02 
3.249680e-01 	1.615459e-02 
3.251990e-01 	1.614099e-02 
3.254310e-01 	1.612736e-02 
3.256620e-01 	1.611381e-02 
3.258940e-01 	1.610022e-02 
3.261250e-01 	1.608672e-02 
3.263560e-01 	1.607323e-02 
3.265880e-01 	1.605971e-02 
3.268190e-01 	1.604628e-02 
3.270510e-01 	1.603280e-02 
3.272820e-01 	1.601941e-02 
3.275140e-01 	1.600599e-02 
3.277450e-01 	1.599264e-02 
3.279770e-01 	1.597926e-02 
3.282080e-01 	1.596595e-02 
3.284400e-01 	1.595262e-02 
3.286710e-01 	1.593936e-02 
3.289020e-01 	1.592612e-02 
3.291340e-01 	1.591285e-02 
3.293650e-01 	1.589966e-02 
3.295970e-01 	1.588643e-02 
3.298280e-01 	1.587328e-02 
3.300600e-01 	1.586009e-02 
3.302910e-01 	1.584699e-02 
3.305230e-01 	1.583385e-02 
3.307540e-01 	1.582078e-02 
3.309850e-01 	1.580774e-02 
3.312170e-01 	1.579466e-02 
3.314480e-01 	1.578166e-02 
3.316800e-01 	1.576863e-02 
3.319110e-01 	1.575567e-02 
3.321430e-01 	1.574267e-02 
3.323740e-01 	1.572976e-02 
3.326060e-01 	1.571680e-02 
3.328370e-01 	1.570393e-02 
3.330690e-01 	1.569102e-02 
3.333000e-01 	1.567818e-02 
3.335310e-01 	1.566537e-02 
3.337630e-01 	1.565252e-02 
3.339940e-01 	1.563974e-02 
3.342260e-01 	1.562694e-02 
3.344570e-01 	1.561420e-02 
3.346890e-01 	1.560143e-02 
3.349200e-01 	1.558874e-02 
3.351520e-01 	1.557601e-02 
3.353830e-01 	1.556336e-02 
3.356150e-01 	1.555067e-02 
3.358460e-01 	1.553806e-02 
3.360770e-01 	1.552546e-02 
3.363090e-01 	1.551283e-02 
3.365400e-01 	1.550028e-02 
3.367720e-01 	1.548769e-02 
3.370030e-01 	1.547517e-02 
3.372350e-01 	1.546262e-02 
3.374660e-01 	1.545015e-02 
3.376980e-01 	1.543763e-02 
3.379290e-01 	1.542519e-02 
3.381610e-01 	1.541272e-02 
3.383920e-01 	1.540032e-02 
3.386230e-01 	1.538794e-02 
3.388550e-01 	1.537552e-02 
3.390860e-01 	1.536318e-02 
3.393180e-01 	1.535080e-02 
3.395490e-01 	1.533850e-02 
3.397810e-01 	1.532615e-02 
3.400120e-01 	1.531389e-02 
3.402440e-01 	1.530158e-02 
3.404750e-01 	1.528935e-02 
3.407070e-01 	1.527709e-02 
3.409380e-01 	1.526489e-02 
3.411690e-01 	1.525272e-02 
3.414010e-01 	1.524051e-02 
3.416320e-01 	1.522837e-02 
3.418640e-01 	1.521620e-02 
3.420950e-01 	1.520410e-02 
3.423270e-01 	1.519196e-02 
3.425580e-01 	1.517990e-02 
3.427900e-01 	1.516780e-02 
3.430210e-01 	1.515577e-02 
3.432530e-01 	1.514371e-02 
3.434840e-01 	1.513172e-02 
3.437150e-01 	1.511974e-02 
3.439470e-01 	1.510773e-02 
3.441780e-01 	1.509579e-02 
3.444100e-01 	1.508382e-02 
3.446410e-01 	1.507192e-02 
3.448730e-01 	1.505998e-02 
3.451040e-01 	1.504811e-02 
3.453360e-01 	1.503621e-02 
3.455670e-01 	1.502438e-02 
3.457980e-01 	1.501256e-02 
3.460300e-01 	1.500072e-02 
3.462610e-01 	1.498894e-02 
3.464930e-01 	1.497712e-02 
3.467240e-01 	1.496538e-02 
3.469560e-01 	1.495360e-02 
3.471870e-01 	1.494189e-02 
3.474190e-01 	1.493014e-02 
3.476500e-01 	1.491847e-02 
3.478820e-01 	1.490676e-02 
3.481130e-01 	1.489511e-02 
3.483440e-01 	1.488349e-02 
3.485760e-01 	1.487183e-02 
3.488070e-01 	1.486024e-02 
3.490390e-01 	1.484861e-02 
3.492700e-01 	1.483705e-02 
3.495020e-01 	1.482546e-02 
3.497330e-01 	1.481394e-02 
3.499650e-01 	1.480238e-02 
3.501960e-01 	1.479089e-02 
3.504280e-01 	1.477936e-02 
3.506590e-01 	1.476790e-02 
3.508900e-01 	1.475646e-02 
3.511220e-01 	1.474498e-02 
3.513530e-01 	1.473357e-02 
3.515850e-01 	1.472213e-02 
3.518160e-01 	1.471075e-02 
3.520480e-01 	1.469934e-02 
3.522790e-01 	1.468799e-02 
3.525110e-01 	1.467662e-02 
3.527420e-01 	1.466530e-02 
3.529740e-01 	1.465395e-02 
3.532050e-01 	1.464267e-02 
3.534360e-01 	1.463140e-02 
3.536680e-01 	1.462010e-02 
3.538990e-01 	1.460887e-02 
3.541310e-01 	1.459760e-02 
3.543620e-01 	1.458639e-02 
3.545940e-01 	1.457515e-02 
3.548250e-01 	1.456398e-02 
3.550570e-01 	1.455277e-02 
3.552880e-01 	1.454163e-02 
3.555200e-01 	1.453045e-02 
3.557510e-01 	1.451934e-02 
3.559820e-01 	1.450824e-02 
3.562140e-01 	1.449711e-02 
3.564450e-01 	1.448604e-02 
3.566770e-01 	1.447494e-02 
3.569080e-01 	1.446390e-02 
3.571400e-01 	1.445283e-02 
3.573710e-01 	1.444182e-02 
3.576030e-01 	1.443077e-02 
3.578340e-01 	1.441979e-02 
3.580650e-01 	1.440883e-02 
3.582970e-01 	1.439783e-02 
3.585280e-01 	1.438689e-02 
3.587600e-01 	1.437592e-02 
3.589910e-01 	1.436502e-02 
3.592230e-01 	1.435408e-02 
3.594540e-01 	1.434320e-02 
3.596860e-01 	1.433229e-02 
3.599170e-01 	1.432144e-02 
3.601490e-01 	1.431055e-02 
3.603800e-01 	1.429973e-02 
3.606110e-01 	1.428892e-02 
3.608430e-01 	1.427808e-02 
3.610740e-01 	1.426730e-02 
3.613060e-01 	1.425649e-02 
3.615370e-01 	1.424573e-02 
3.617690e-01 	1.423495e-02 
3.620000e-01 	1.422422e-02 
3.622320e-01 	1.421346e-02 
3.624630e-01 	1.420277e-02 
3.626950e-01 	1.419203e-02 
3.629260e-01 	1.418136e-02 
3.631570e-01 	1.417070e-02 
3.633890e-01 	1.416001e-02 
3.636200e-01 	1.414938e-02 
3.638520e-01 	1.413872e-02 
3.640830e-01 	1.412811e-02 
3.643150e-01 	1.411747e-02 
3.645460e-01 	1.410689e-02 
3.647780e-01 	1.409628e-02 
3.650090e-01 	1.408573e-02 
3.652410e-01 	1.407514e-02 
3.654720e-01 	1.406462e-02 
3.657030e-01 	1.405410e-02 
3.659350e-01 	1.404355e-02 
3.661660e-01 	1.403306e-02 
3.663980e-01 	1.402254e-02 
3.666290e-01 	1.401207e-02 
3.668610e-01 	1.400158e-02 
3.670920e-01 	1.399114e-02 
3.673240e-01 	1.398067e-02 
3.675550e-01 	1.397025e-02 
3.677870e-01 	1.395980e-02 
3.680180e-01 	1.394941e-02 
3.682490e-01 	1.393903e-02 
3.684810e-01 	1.392862e-02 
3.687120e-01 	1.391827e-02 
3.689440e-01 	1.390788e-02 
3.691750e-01 	1.389756e-02 
3.694070e-01 	1.388719e-02 
3.696380e-01 	1.387689e-02 
3.698700e-01 	1.386655e-02 
3.701010e-01 	1.385627e-02 
3.703330e-01 	1.384596e-02 
3.705640e-01 	1.383570e-02 
3.707950e-01 	1.382545e-02 
3.710270e-01 	1.381518e-02 
3.712580e-01 	1.380496e-02 
3.714900e-01 	1.379470e-02 
3.717210e-01 	1.378450e-02 
3.719530e-01 	1.377427e-02 
3.721840e-01 	1.376410e-02 
3.724160e-01 	1.375389e-02 
3.726470e-01 	1.374374e-02 
3.728780e-01 	1.373360e-02 
3.731100e-01 	1.372343e-02 
3.733410e-01 	1.371332e-02 
3.735730e-01 	1.370317e-02 
3.738040e-01 	1.369308e-02 
3.740360e-01 	1.368295e-02 
3.742670e-01 	1.367288e-02 
3.744990e-01 	1.366278e-02 
3.747300e-01 	1.365274e-02 
3.749620e-01 	1.364266e-02 
3.751930e-01 	1.363263e-02 
3.754240e-01 	1.362262e-02 
3.756560e-01 	1.361258e-02 
3.758870e-01 	1.360259e-02 
3.761190e-01 	1.359257e-02 
3.763500e-01 	1.358260e-02 
3.765820e-01 	1.357260e-02 
3.768130e-01 	1.356266e-02 
3.770450e-01 	1.355268e-02 
3.772760e-01 	1.354276e-02 
3.775080e-01 	1.353281e-02 
3.777390e-01 	1.352291e-02 
3.779700e-01 	1.351303e-02 
3.782020e-01 	1.350311e-02 
3.784330e-01 	1.349324e-02 
3.786650e-01 	1.348335e-02 
3.788960e-01 	1.347350e-02 
3.791280e-01 	1.346363e-02 
3.793590e-01 	1.345381e-02 
3.795910e-01 	1.344396e-02 
3.798220e-01 	1.343416e-02 
3.800540e-01 	1.342434e-02 
3.802850e-01 	1.341456e-02 
3.805160e-01 	1.340480e-02 
3.807480e-01 	1.339500e-02 
3.809790e-01 	1.338526e-02 
3.812110e-01 	1.337549e-02 
3.814420e-01 	1.336577e-02 
3.816740e-01 	1.335602e-02 
3.819050e-01 	1.334632e-02 
3.821370e-01 	1.333660e-02 
3.823680e-01 	1.332692e-02 
3.826000e-01 	1.331722e-02 
3.828310e-01 	1.330757e-02 
3.830620e-01 	1.329793e-02 
3.832940e-01 	1.328825e-02 
3.835250e-01 	1.327863e-02 
3.837570e-01 	1.326899e-02 
3.839880e-01 	1.325939e-02 
3.842200e-01 	1.324976e-02 
3.844510e-01 	1.324019e-02 
3.846830e-01 	1.323058e-02 
3.849140e-01 	1.322103e-02 
3.851450e-01 	1.321149e-02 
3.853770e-01 	1.320192e-02 
3.856080e-01 	1.319240e-02 
3.858400e-01 	1.318285e-02 
3.860710e-01 	1.317335e-02 
3.863030e-01 	1.316383e-02 
3.865340e-01 	1.315435e-02 
3.867660e-01 	1.314485e-02 
3.869970e-01 	1.313539e-02 
3.872290e-01 	1.312591e-02 
3.874600e-01 	1.311648e-02 
3.876910e-01 	1.310706e-02 
3.879230e-01 	1.309761e-02 
3.881540e-01 	1.308821e-02 
3.883860e-01 	1.307878e-02 
3.886170e-01 	1.306941e-02 
3.888490e-01 	1.306000e-02 
3.890800e-01 	1.305065e-02 
3.893120e-01 	1.304126e-02 
3.895430e-01 	1.303193e-02 
3.897750e-01 	1.302257e-02 
3.900060e-01 	1.301326e-02 
3.902370e-01 	1.300396e-02 
3.904690e-01 	1.299463e-02 
3.907000e-01 	1.298536e-02 
3.909320e-01 	1.297605e-02 
3.911630e-01 	1.296679e-02 
3.913950e-01 	1.295751e-02 
3.916260e-01 	1.294828e-02 
3.918580e-01 	1.293901e-02 
3.920890e-01 	1.292980e-02 
3.923210e-01 	1.292056e-02 
3.925520e-01 	1.291137e-02 
3.927830e-01 	1.290220e-02 
3.930150e-01 	1.289299e-02 
3.932460e-01 	1.288383e-02 
3.934780e-01 	1.287465e-02 
3.937090e-01 	1.286551e-02 
3.939410e-01 	1.285635e-02 
3.941720e-01 	1.284723e-02 
3.944040e-01 	1.283809e-02 
3.946350e-01 	1.282900e-02 
3.948670e-01 	1.281988e-02 
3.950980e-01 	1.281081e-02 
3.953290e-01 	1.280175e-02 
3.955610e-01 	1.279266e-02 
3.957920e-01 	1.278363e-02 
3.960240e-01 	1.277456e-02 
3.962550e-01 	1.276554e-02 
3.964870e-01 	1.275650e-02 
3.967180e-01 	1.274750e-02 
3.969500e-01 	1.273848e-02 
3.971810e-01 	1.272951e-02 
3.974130e-01 	1.272050e-02 
3.976440e-01 	1.271155e-02 
3.978750e-01 	1.270261e-02 
3.981070e-01 	1.269364e-02 
3.983380e-01 	1.268471e-02 
3.985700e-01 	1.267576e-02 
3.988010e-01 	1.266686e-02 
3.990330e-01 	1.265793e-02 
3.992640e-01 	1.264905e-02 
3.994960e-01 	1.264014e-02 
3.997270e-01 	1.263128e-02 
3.999580e-01 	1.262243e-02 
4.001900e-01 	1.261356e-02 
4.004210e-01 	1.260473e-02 
4.006530e-01 	1.259587e-02 
4.008840e-01 	1.258706e-02 
4.011160e-01 	1.257822e-02 
4.013470e-01 	1.256943e-02 
4.015790e-01 	1.256062e-02 
4.018100e-01 	1.255185e-02 
4.020420e-01 	1.254305e-02 
4.022730e-01 	1.253430e-02 
4.025040e-01 	1.252557e-02 
4.027360e-01 	1.251680e-02 
4.029670e-01 	1.250808e-02 
4.031990e-01 	1.249934e-02 
4.034300e-01 	1.249064e-02 
4.036620e-01 	1.248191e-02 
4.038930e-01 	1.247323e-02 
4.041250e-01 	1.246453e-02 
4.043560e-01 	1.245587e-02 
4.045880e-01 	1.244718e-02 
4.048190e-01 	1.243854e-02 
4.050500e-01 	1.242991e-02 
4.052820e-01 	1.242126e-02 
4.055130e-01 	1.241265e-02 
4.057450e-01 	1.240401e-02 
4.059760e-01 	1.239542e-02 
4.062080e-01 	1.238680e-02 
4.064390e-01 	1.237823e-02 
4.066710e-01 	1.236963e-02 
4.069020e-01 	1.236108e-02 
4.071340e-01 	1.235250e-02 
4.073650e-01 	1.234397e-02 
4.075960e-01 	1.233544e-02 
4.078280e-01 	1.232689e-02 
4.080590e-01 	1.231839e-02 
4.082910e-01 	1.230985e-02 
4.085220e-01 	1.230137e-02 
4.087540e-01 	1.229285e-02 
4.089850e-01 	1.228439e-02 
4.092170e-01 	1.227589e-02 
4.094480e-01 	1.226744e-02 
4.096800e-01 	1.225896e-02 
4.099110e-01 	1.225053e-02 
4.101420e-01 	1.224211e-02 
4.103740e-01 	1.223366e-02 
4.106050e-01 	1.222525e-02 
4.108370e-01 	1.221682e-02 
4.110680e-01 	1.220843e-02 
4.113000e-01 	1.220002e-02 
4.115310e-01 	1.219165e-02 
4.117630e-01 	1.218325e-02 
4.119940e-01 	1.217490e-02 
4.122250e-01 	1.216655e-02 
4.124570e-01 	1.215818e-02 
4.126880e-01 	1.214985e-02 
4.129200e-01 	1.214150e-02 
4.131510e-01 	1.213319e-02 
4.133830e-01 	1.212485e-02 
4.136140e-01 	1.211656e-02 
4.138460e-01 	1.210824e-02 
4.140770e-01 	1.209996e-02 
4.143090e-01 	1.209166e-02 
4.145400e-01 	1.208340e-02 
4.147710e-01 	1.207514e-02 
4.150030e-01 	1.206686e-02 
4.152340e-01 	1.205863e-02 
4.154660e-01 	1.205037e-02 
4.156970e-01 	1.204215e-02 
4.159290e-01 	1.203390e-02 
4.161600e-01 	1.202570e-02 
4.163920e-01 	1.201746e-02 
4.166230e-01 	1.200928e-02 
4.168550e-01 	1.200106e-02 
4.170860e-01 	1.199289e-02 
4.173170e-01 	1.198473e-02 
4.175490e-01 	1.197654e-02 
4.177800e-01 	1.196839e-02 
4.180120e-01 	1.196021e-02 
4.182430e-01 	1.195208e-02 
4.184750e-01 	1.194392e-02 
4.187060e-01 	1.193580e-02 
4.189380e-01 	1.192765e-02 
4.191690e-01 	1.191955e-02 
4.194010e-01 	1.191142e-02 
4.196320e-01 	1.190333e-02 
4.198630e-01 	1.189525e-02 
4.200950e-01 	1.188714e-02 
4.203260e-01 	1.187908e-02 
4.205580e-01 	1.187099e-02 
4.207890e-01 	1.186293e-02 
4.210210e-01 	1.185486e-02 
4.212520e-01 	1.184682e-02 
4.214840e-01 	1.183875e-02 
4.217150e-01 	1.183073e-02 
4.219470e-01 	1.182268e-02 
4.221780e-01 	1.181467e-02 
4.224090e-01 	1.180667e-02 
4.226410e-01 	1.179864e-02 
4.228720e-01 	1.179065e-02 
4.231040e-01 	1.178264e-02 
4.233350e-01 	1.177466e-02 
4.235670e-01 	1.176666e-02 
4.237980e-01 	1.175870e-02 
4.240300e-01 	1.175071e-02 
4.242610e-01 	1.174276e-02 
4.244930e-01 	1.173479e-02 
4.247240e-01 	1.172685e-02 
4.249550e-01 	1.171893e-02 
4.251870e-01 	1.171097e-02 
4.254180e-01 	1.170305e-02 
4.256500e-01 	1.169511e-02 
4.258810e-01 	1.168721e-02 
4.261130e-01 	1.167928e-02 
4.263440e-01 	1.167139e-02 
4.265760e-01 	1.166347e-02 
4.268070e-01 	1.165559e-02 
4.270380e-01 	1.164772e-02 
4.272700e-01 	1.163982e-02 
4.275010e-01 	1.163197e-02 
4.277330e-01 	1.162408e-02 
4.279640e-01 	1.161623e-02 
4.281960e-01 	1.160836e-02 
4.284270e-01 	1.160052e-02 
4.286590e-01 	1.159266e-02 
4.288900e-01 	1.158484e-02 
4.291220e-01 	1.157699e-02 
4.293530e-01 	1.156917e-02 
4.295840e-01 	1.156137e-02 
4.298160e-01 	1.155353e-02 
4.300470e-01 	1.154574e-02 
4.302790e-01 	1.153792e-02 
4.305100e-01 	1.153014e-02 
4.307420e-01 	1.152232e-02 
4.309730e-01 	1.151455e-02 
4.312050e-01 	1.150675e-02 
4.314360e-01 	1.149899e-02 
4.316680e-01 	1.149121e-02 
4.318990e-01 	1.148346e-02 
4.321300e-01 	1.147571e-02 
4.323620e-01 	1.146794e-02 
4.325930e-01 	1.146021e-02 
4.328250e-01 	1.145245e-02 
4.330560e-01 	1.144472e-02 
4.332880e-01 	1.143697e-02 
4.335190e-01 	1.142926e-02 
4.337510e-01 	1.142152e-02 
4.339820e-01 	1.141382e-02 
4.342140e-01 	1.140609e-02 
4.344450e-01 	1.139840e-02 
4.346760e-01 	1.139072e-02 
4.349080e-01 	1.138301e-02 
4.351390e-01 	1.137533e-02 
4.353710e-01 	1.136763e-02 
4.356020e-01 	1.135996e-02 
4.358340e-01 	1.135227e-02 
4.360650e-01 	1.134462e-02 
4.362970e-01 	1.133693e-02 
4.365280e-01 	1.132929e-02 
4.367600e-01 	1.132162e-02 
4.369910e-01 	1.131398e-02 
4.372220e-01 	1.130635e-02 
4.374540e-01 	1.129870e-02 
4.376850e-01 	1.129108e-02 
4.379170e-01 	1.128343e-02 
4.381480e-01 	1.127582e-02 
4.383800e-01 	1.126818e-02 
4.386110e-01 	1.126058e-02 
4.388430e-01 	1.125296e-02 
4.390740e-01 	1.124537e-02 
4.393050e-01 	1.123778e-02 
4.395370e-01 	1.123017e-02 
4.397680e-01 	1.122259e-02 
4.400000e-01 	1.121499e-02 
4.402310e-01 	1.120742e-02 
4.404630e-01 	1.119983e-02 
4.406940e-01 	1.119228e-02 
4.409260e-01 	1.118469e-02 
4.411570e-01 	1.117714e-02 
4.413890e-01 	1.116957e-02 
4.416200e-01 	1.116203e-02 
4.418510e-01 	1.115450e-02 
4.420830e-01 	1.114694e-02 
4.423140e-01 	1.113942e-02 
4.425460e-01 	1.113187e-02 
4.427770e-01 	1.112436e-02 
4.430090e-01 	1.111682e-02 
4.432400e-01 	1.110931e-02 
4.434720e-01 	1.110178e-02 
4.437030e-01 	1.109429e-02 
4.439350e-01 	1.108677e-02 
4.441660e-01 	1.107929e-02 
4.443970e-01 	1.107181e-02 
4.446290e-01 	1.106430e-02 
4.448600e-01 	1.105683e-02 
4.450920e-01 	1.104934e-02 
4.453230e-01 	1.104188e-02 
4.455550e-01 	1.103439e-02 
4.457860e-01 	1.102694e-02 
4.460180e-01 	1.101947e-02 
4.462490e-01 	1.101203e-02 
4.464810e-01 	1.100456e-02 
4.467120e-01 	1.099713e-02 
4.469430e-01 	1.098971e-02 
4.471750e-01 	1.098225e-02 
4.474060e-01 	1.097484e-02 
4.476380e-01 	1.096740e-02 
4.478690e-01 	1.095999e-02 
4.481010e-01 	1.095256e-02 
4.483320e-01 	1.094517e-02 
4.485640e-01 	1.093774e-02 
4.487950e-01 	1.093036e-02 
4.490270e-01 	1.092295e-02 
4.492580e-01 	1.091557e-02 
4.494890e-01 	1.090820e-02 
4.497210e-01 	1.090080e-02 
4.499520e-01 	1.089344e-02 
4.501840e-01 	1.088606e-02 
4.504150e-01 	1.087871e-02 
4.506470e-01 	1.087133e-02 
4.508780e-01 	1.086399e-02 
4.511100e-01 	1.085663e-02 
4.513410e-01 	1.084930e-02 
4.515730e-01 	1.084194e-02 
4.518040e-01 	1.083462e-02 
4.520350e-01 	1.082731e-02 
4.522670e-01 	1.081997e-02 
4.524980e-01 	1.081267e-02 
4.527300e-01 	1.080534e-02 
4.529610e-01 	1.079805e-02 
4.531930e-01 	1.079073e-02 
4.534240e-01 	1.078345e-02 
4.536560e-01 	1.077614e-02 
4.538870e-01 	1.076887e-02 
4.541180e-01 	1.076160e-02 
4.543500e-01 	1.075431e-02 
4.545810e-01 	1.074706e-02 
4.548130e-01 	1.073978e-02 
4.550440e-01 	1.073254e-02 
4.552760e-01 	1.072527e-02 
4.555070e-01 	1.071804e-02 
4.557390e-01 	1.071078e-02 
4.559700e-01 	1.070356e-02 
4.562020e-01 	1.069631e-02 
4.564330e-01 	1.068910e-02 
4.566640e-01 	1.068190e-02 
4.568960e-01 	1.067467e-02 
4.571270e-01 	1.066748e-02 
4.573590e-01 	1.066026e-02 
4.575900e-01 	1.065308e-02 
4.578220e-01 	1.064588e-02 
4.580530e-01 	1.063871e-02 
4.582850e-01 	1.063151e-02 
4.585160e-01 	1.062436e-02 
4.587480e-01 	1.061717e-02 
4.589790e-01 	1.061003e-02 
4.592100e-01 	1.060289e-02 
4.594420e-01 	1.059572e-02 
4.596730e-01 	1.058860e-02 
4.599050e-01 	1.058144e-02 
4.601360e-01 	1.057433e-02 
4.603680e-01 	1.056719e-02 
4.605990e-01 	1.056009e-02 
4.608310e-01 	1.055296e-02 
4.610620e-01 	1.054587e-02 
4.612940e-01 	1.053875e-02 
4.615250e-01 	1.053167e-02 
4.617560e-01 	1.052460e-02 
4.619880e-01 	1.051750e-02 
4.622190e-01 	1.051044e-02 
4.624510e-01 	1.050335e-02 
4.626820e-01 	1.049631e-02 
4.629140e-01 	1.048923e-02 
4.631450e-01 	1.048220e-02 
4.633770e-01 	1.047514e-02 
4.636080e-01 	1.046811e-02 
4.638400e-01 	1.046106e-02 
4.640710e-01 	1.045405e-02 
4.643020e-01 	1.044705e-02 
4.645340e-01 	1.044002e-02 
4.647650e-01 	1.043303e-02 
4.649970e-01 	1.042601e-02 
4.652280e-01 	1.041903e-02 
4.654600e-01 	1.041203e-02 
4.656910e-01 	1.040506e-02 
4.659230e-01 	1.039807e-02 
4.661540e-01 	1.039111e-02 
4.663850e-01 	1.038416e-02 
4.666170e-01 	1.037719e-02 
4.668480e-01 	1.037026e-02 
4.670800e-01 	1.036330e-02 
4.673110e-01 	1.035637e-02 
4.675430e-01 	1.034943e-02 
4.677740e-01 	1.034252e-02 
4.680060e-01 	1.033558e-02 
4.682370e-01 	1.032869e-02 
4.684690e-01 	1.032176e-02 
4.687000e-01 	1.031488e-02 
4.689310e-01 	1.030800e-02 
4.691630e-01 	1.030110e-02 
4.693940e-01 	1.029423e-02 
4.696260e-01 	1.028735e-02 
4.698570e-01 	1.028049e-02 
4.700890e-01 	1.027362e-02 
4.703200e-01 	1.026678e-02 
4.705520e-01 	1.025992e-02 
4.707830e-01 	1.025309e-02 
4.710150e-01 	1.024624e-02 
4.712460e-01 	1.023943e-02 
4.714770e-01 	1.023262e-02 
4.717090e-01 	1.022579e-02 
4.719400e-01 	1.021900e-02 
4.721720e-01 	1.021218e-02 
4.724030e-01 	1.020540e-02 
4.726350e-01 	1.019860e-02 
4.728660e-01 	1.019183e-02 
4.730980e-01 	1.018504e-02 
4.733290e-01 	1.017829e-02 
4.735610e-01 	1.017151e-02 
4.737920e-01 	1.016477e-02 
4.740230e-01 	1.015804e-02 
4.742550e-01 	1.015128e-02 
4.744860e-01 	1.014456e-02 
4.747180e-01 	1.013782e-02 
4.749490e-01 	1.013111e-02 
4.751810e-01 	1.012438e-02 
4.754120e-01 	1.011768e-02 
4.756440e-01 	1.011097e-02 
4.758750e-01 	1.010429e-02 
4.761070e-01 	1.009759e-02 
4.763380e-01 	1.009092e-02 
4.765690e-01 	1.008426e-02 
4.768010e-01 	1.007758e-02 
4.770320e-01 	1.007093e-02 
4.772640e-01 	1.006426e-02 
4.774950e-01 	1.005763e-02 
4.777270e-01 	1.005097e-02 
4.779580e-01 	1.004436e-02 
4.781900e-01 	1.003771e-02 
4.784210e-01 	1.003111e-02 
4.786530e-01 	1.002448e-02 
4.788840e-01 	1.001789e-02 
4.791150e-01 	1.001131e-02 
4.793470e-01 	1.000470e-02 
4.795780e-01 	9.998130e-03 
4.798100e-01 	9.991538e-03 
4.800410e-01 	9.984981e-03 
4.802730e-01 	9.978404e-03 
4.805040e-01 	9.971861e-03 
4.807360e-01 	9.965298e-03 
4.809670e-01 	9.958770e-03 
4.811980e-01 	9.952249e-03 
4.814300e-01 	9.945707e-03 
4.816610e-01 	9.939200e-03 
4.818930e-01 	9.932672e-03 
4.821240e-01 	9.926180e-03 
4.823560e-01 	9.919667e-03 
4.825870e-01 	9.913189e-03 
4.828190e-01 	9.906690e-03 
4.830500e-01 	9.900226e-03 
4.832820e-01 	9.893742e-03 
4.835130e-01 	9.887293e-03 
4.837440e-01 	9.880851e-03 
4.839760e-01 	9.874389e-03 
4.842070e-01 	9.867962e-03 
4.844390e-01 	9.861514e-03 
4.846700e-01 	9.855101e-03 
4.849020e-01 	9.848668e-03 
4.851330e-01 	9.842270e-03 
4.853650e-01 	9.835852e-03 
4.855960e-01 	9.829469e-03 
4.858280e-01 	9.823065e-03 
4.860590e-01 	9.816696e-03 
4.862900e-01 	9.810334e-03 
4.865220e-01 	9.803952e-03 
4.867530e-01 	9.797605e-03 
4.869850e-01 	9.791237e-03 
4.872160e-01 	9.784904e-03 
4.874480e-01 	9.778551e-03 
4.876790e-01 	9.772232e-03 
4.879110e-01 	9.765892e-03 
4.881420e-01 	9.759586e-03 
4.883740e-01 	9.753260e-03 
4.886050e-01 	9.746968e-03 
4.888360e-01 	9.740682e-03 
4.890680e-01 	9.734376e-03 
4.892990e-01 	9.728103e-03 
4.895310e-01 	9.721809e-03 
4.897620e-01 	9.715549e-03 
4.899940e-01 	9.709267e-03 
4.902250e-01 	9.703018e-03 
4.904570e-01 	9.696748e-03 
4.906880e-01 	9.690511e-03 
4.909200e-01 	9.684252e-03 
4.911510e-01 	9.678025e-03 
4.913820e-01 	9.671803e-03 
4.916140e-01 	9.665560e-03 
4.918450e-01 	9.659349e-03 
4.920770e-01 	9.653115e-03 
4.923080e-01 	9.646913e-03 
4.925400e-01 	9.640688e-03 
4.927710e-01 	9.634495e-03 
4.930030e-01 	9.628279e-03 
4.932340e-01 	9.622094e-03 
4.934650e-01 	9.615913e-03 
4.936970e-01 	9.609709e-03 
4.939280e-01 	9.603535e-03 
4.941600e-01 	9.597338e-03 
4.943910e-01 	9.591170e-03 
4.946230e-01 	9.584980e-03 
4.948540e-01 	9.578818e-03 
4.950860e-01 	9.572634e-03 
4.953170e-01 	9.566478e-03 
4.955490e-01 	9.560298e-03 
4.957800e-01 	9.554148e-03 
4.960110e-01 	9.547999e-03 
4.962430e-01 	9.541826e-03 
4.964740e-01 	9.535682e-03 
4.967060e-01 	9.529513e-03 
4.969370e-01 	9.523372e-03 
4.971690e-01 	9.517206e-03 
4.974000e-01 	9.511068e-03 
4.976320e-01 	9.504904e-03 
4.978630e-01 	9.498769e-03 
4.980950e-01 	9.492607e-03 
4.983260e-01 	9.486473e-03 
4.985570e-01 	9.480339e-03 
4.987890e-01 	9.474180e-03 
4.990200e-01 	9.468047e-03 
4.992520e-01 	9.461888e-03 
4.994830e-01 	9.455755e-03 
4.997150e-01 	9.449596e-03 
4.999460e-01 	9.443462e-03 
