#q 	 Ifit_avg 
6.026000e-03 	1.000000e+00 
6.257000e-03 	9.977691e-01 
6.488000e-03 	9.955373e-01 
6.720000e-03 	9.933039e-01 
6.951000e-03 	9.910678e-01 
7.183000e-03 	9.888280e-01 
7.414000e-03 	9.865839e-01 
7.646000e-03 	9.843345e-01 
7.877000e-03 	9.820787e-01 
8.109000e-03 	9.798159e-01 
8.340000e-03 	9.775452e-01 
8.572000e-03 	9.752654e-01 
8.803000e-03 	9.729760e-01 
9.034000e-03 	9.706759e-01 
9.266000e-03 	9.683642e-01 
9.497000e-03 	9.660399e-01 
9.729000e-03 	9.637024e-01 
9.960000e-03 	9.613507e-01 
1.019200e-02 	9.589834e-01 
1.042300e-02 	9.566010e-01 
1.065500e-02 	9.542006e-01 
1.088600e-02 	9.517835e-01 
1.111800e-02 	9.493467e-01 
1.134900e-02 	9.468912e-01 
1.158000e-02 	9.444143e-01 
1.181200e-02 	9.419170e-01 
1.204300e-02 	9.393964e-01 
1.227500e-02 	9.368537e-01 
1.250600e-02 	9.342859e-01 
1.273800e-02 	9.316942e-01 
1.296900e-02 	9.290755e-01 
1.320100e-02 	9.264302e-01 
1.343200e-02 	9.237583e-01 
1.366400e-02 	9.210569e-01 
1.389500e-02 	9.183272e-01 
1.412600e-02 	9.155662e-01 
1.435800e-02 	9.127753e-01 
1.458900e-02 	9.099514e-01 
1.482100e-02 	9.070962e-01 
1.505200e-02 	9.042066e-01 
1.528400e-02 	9.012843e-01 
1.551500e-02 	8.983264e-01 
1.574700e-02 	8.953350e-01 
1.597800e-02 	8.923070e-01 
1.620900e-02 	8.892448e-01 
1.644100e-02 	8.861454e-01 
1.667200e-02 	8.830113e-01 
1.690400e-02 	8.798399e-01 
1.713500e-02 	8.766325e-01 
1.736700e-02 	8.733906e-01 
1.759800e-02 	8.701115e-01 
1.783000e-02 	8.667985e-01 
1.806100e-02 	8.634490e-01 
1.829200e-02 	8.600663e-01 
1.852400e-02 	8.566481e-01 
1.875500e-02 	8.531977e-01 
1.898700e-02 	8.497129e-01 
1.921800e-02 	8.461974e-01 
1.945000e-02 	8.426489e-01 
1.968100e-02 	8.390713e-01 
1.991300e-02 	8.354623e-01 
2.014400e-02 	8.318260e-01 
2.037600e-02 	8.281601e-01 
2.060700e-02 	8.244671e-01 
2.083800e-02 	8.207497e-01 
2.107000e-02 	8.170057e-01 
2.130100e-02 	8.132392e-01 
2.153300e-02 	8.094481e-01 
2.176400e-02 	8.056367e-01 
2.199600e-02 	8.018027e-01 
2.222700e-02 	7.979505e-01 
2.245900e-02 	7.940778e-01 
2.269000e-02 	7.901889e-01 
2.292200e-02 	7.862816e-01 
2.315300e-02 	7.823601e-01 
2.338500e-02 	7.784222e-01 
2.361600e-02 	7.744722e-01 
2.384700e-02 	7.705075e-01 
2.407900e-02 	7.665327e-01 
2.431000e-02 	7.625453e-01 
2.454200e-02 	7.585477e-01 
2.477300e-02 	7.545427e-01 
2.500500e-02 	7.505278e-01 
2.523600e-02 	7.465071e-01 
2.546800e-02 	7.424782e-01 
2.569900e-02 	7.384452e-01 
2.593100e-02 	7.344057e-01 
2.616200e-02 	7.303637e-01 
2.639300e-02 	7.263167e-01 
2.662500e-02 	7.222688e-01 
2.685600e-02 	7.182174e-01 
2.708800e-02 	7.141666e-01 
2.731900e-02 	7.101137e-01 
2.755100e-02 	7.060628e-01 
2.778200e-02 	7.020111e-01 
2.801400e-02 	6.979628e-01 
2.824500e-02 	6.939150e-01 
2.847700e-02 	6.898701e-01 
2.870800e-02 	6.858303e-01 
2.893900e-02 	6.817928e-01 
2.917100e-02 	6.777616e-01 
2.940200e-02 	6.737339e-01 
2.963400e-02 	6.697136e-01 
2.986500e-02 	6.656977e-01 
3.009700e-02 	6.616903e-01 
3.032800e-02 	6.576883e-01 
3.056000e-02 	6.536958e-01 
3.079100e-02 	6.497096e-01 
3.102200e-02 	6.457337e-01 
3.125400e-02 	6.417651e-01 
3.148500e-02 	6.378077e-01 
3.171700e-02 	6.338584e-01 
3.194800e-02 	6.299210e-01 
3.218000e-02 	6.259925e-01 
3.241100e-02 	6.220749e-01 
3.264300e-02 	6.181703e-01 
3.287400e-02 	6.142757e-01 
3.310600e-02 	6.103948e-01 
3.333700e-02 	6.065244e-01 
3.356800e-02 	6.026683e-01 
3.380000e-02 	5.988235e-01 
3.403100e-02 	5.949934e-01 
3.426300e-02 	5.911751e-01 
3.449400e-02 	5.873723e-01 
3.472600e-02 	5.835817e-01 
3.495700e-02 	5.798070e-01 
3.518900e-02 	5.760451e-01 
3.542000e-02 	5.722995e-01 
3.565200e-02 	5.685673e-01 
3.588300e-02 	5.648517e-01 
3.611400e-02 	5.611499e-01 
3.634600e-02 	5.574637e-01 
3.657700e-02 	5.537948e-01 
3.680900e-02 	5.501403e-01 
3.704000e-02 	5.465035e-01 
3.727200e-02 	5.428814e-01 
3.750300e-02 	5.392773e-01 
3.773500e-02 	5.356884e-01 
3.796600e-02 	5.321178e-01 
3.819800e-02 	5.285627e-01 
3.842900e-02 	5.250262e-01 
3.866000e-02 	5.215054e-01 
3.889200e-02 	5.180036e-01 
3.912300e-02 	5.145178e-01 
3.935500e-02 	5.110512e-01 
3.958600e-02 	5.076008e-01 
3.981800e-02 	5.041699e-01 
4.004900e-02 	5.007555e-01 
4.028100e-02 	4.973593e-01 
4.051200e-02 	4.939828e-01 
4.074400e-02 	4.906231e-01 
4.097500e-02 	4.872834e-01 
4.120600e-02 	4.839607e-01 
4.143800e-02 	4.806581e-01 
4.166900e-02 	4.773727e-01 
4.190100e-02 	4.741075e-01 
4.213200e-02 	4.708598e-01 
4.236400e-02 	4.676324e-01 
4.259500e-02 	4.644226e-01 
4.282700e-02 	4.612332e-01 
4.305800e-02 	4.580615e-01 
4.328900e-02 	4.549103e-01 
4.352100e-02 	4.517770e-01 
4.375200e-02 	4.486642e-01 
4.398400e-02 	4.455693e-01 
4.421500e-02 	4.424938e-01 
4.444700e-02 	4.394390e-01 
4.467800e-02 	4.364021e-01 
4.491000e-02 	4.333860e-01 
4.514100e-02 	4.303880e-01 
4.537300e-02 	4.274106e-01 
4.560400e-02 	4.244514e-01 
4.583500e-02 	4.215129e-01 
4.606700e-02 	4.185925e-01 
4.629800e-02 	4.156929e-01 
4.653000e-02 	4.128114e-01 
4.676100e-02 	4.099506e-01 
4.699300e-02 	4.071080e-01 
4.722400e-02 	4.042860e-01 
4.745600e-02 	4.014821e-01 
4.768700e-02 	3.986988e-01 
4.791900e-02 	3.959336e-01 
4.815000e-02 	3.931878e-01 
4.838100e-02 	3.904624e-01 
4.861300e-02 	3.877551e-01 
4.884400e-02 	3.850682e-01 
4.907600e-02 	3.823994e-01 
4.930700e-02 	3.797507e-01 
4.953900e-02 	3.771201e-01 
4.977000e-02 	3.745096e-01 
5.000200e-02 	3.719170e-01 
5.023300e-02 	3.693445e-01 
5.046500e-02 	3.667898e-01 
5.069600e-02 	3.642551e-01 
5.092700e-02 	3.617380e-01 
5.115900e-02 	3.592408e-01 
5.139000e-02 	3.567611e-01 
5.162200e-02 	3.543000e-01 
5.185300e-02 	3.518586e-01 
5.208500e-02 	3.494346e-01 
5.231600e-02 	3.470300e-01 
5.254800e-02 	3.446428e-01 
5.277900e-02 	3.422748e-01 
5.301100e-02 	3.399240e-01 
5.324200e-02 	3.375923e-01 
5.347300e-02 	3.352776e-01 
5.370500e-02 	3.329819e-01 
5.393600e-02 	3.307031e-01 
5.416800e-02 	3.284431e-01 
5.439900e-02 	3.261998e-01 
5.463100e-02 	3.239751e-01 
5.486200e-02 	3.217670e-01 
5.509300e-02 	3.195773e-01 
5.532500e-02 	3.174040e-01 
5.555700e-02 	3.152481e-01 
5.578800e-02 	3.131102e-01 
5.601900e-02 	3.109884e-01 
5.625100e-02 	3.088846e-01 
5.648200e-02 	3.067968e-01 
5.671400e-02 	3.047267e-01 
5.694500e-02 	3.026725e-01 
5.717700e-02 	3.006358e-01 
5.740800e-02 	2.986147e-01 
5.764000e-02 	2.966109e-01 
5.787100e-02 	2.946226e-01 
5.810200e-02 	2.926513e-01 
5.833400e-02 	2.906953e-01 
5.856500e-02 	2.887561e-01 
5.879700e-02 	2.868320e-01 
5.902800e-02 	2.849246e-01 
5.926000e-02 	2.830320e-01 
5.949100e-02 	2.811551e-01 
5.972300e-02 	2.792944e-01 
5.995400e-02 	2.774484e-01 
6.018600e-02 	2.756185e-01 
6.041700e-02 	2.738030e-01 
6.064800e-02 	2.720033e-01 
6.088000e-02 	2.702177e-01 
6.111100e-02 	2.684478e-01 
6.134300e-02 	2.666919e-01 
6.157400e-02 	2.649514e-01 
6.180600e-02 	2.632246e-01 
6.203700e-02 	2.615130e-01 
6.226900e-02 	2.598150e-01 
6.250000e-02 	2.581319e-01 
6.273100e-02 	2.564622e-01 
6.296300e-02 	2.548073e-01 
6.319400e-02 	2.531655e-01 
6.342600e-02 	2.515374e-01 
6.365700e-02 	2.499238e-01 
6.388900e-02 	2.483230e-01 
6.412000e-02 	2.467362e-01 
6.435200e-02 	2.451622e-01 
6.458300e-02 	2.436020e-01 
6.481500e-02 	2.420542e-01 
6.504600e-02 	2.405201e-01 
6.527800e-02 	2.389983e-01 
6.550900e-02 	2.374899e-01 
6.574000e-02 	2.359935e-01 
6.597200e-02 	2.345103e-01 
6.620300e-02 	2.330390e-01 
6.643500e-02 	2.315807e-01 
6.666600e-02 	2.301341e-01 
6.689800e-02 	2.287001e-01 
6.712900e-02 	2.272776e-01 
6.736100e-02 	2.258671e-01 
6.759200e-02 	2.244690e-01 
6.782400e-02 	2.230820e-01 
6.805500e-02 	2.217073e-01 
6.828600e-02 	2.203434e-01 
6.851800e-02 	2.189916e-01 
6.874900e-02 	2.176506e-01 
6.898100e-02 	2.163213e-01 
6.921200e-02 	2.150026e-01 
6.944400e-02 	2.136955e-01 
6.967500e-02 	2.123987e-01 
6.990700e-02 	2.111134e-01 
7.013800e-02 	2.098382e-01 
7.036900e-02 	2.085743e-01 
7.060100e-02 	2.073203e-01 
7.083200e-02 	2.060774e-01 
7.106400e-02 	2.048442e-01 
7.129500e-02 	2.036214e-01 
7.152700e-02 	2.024092e-01 
7.175800e-02 	2.012066e-01 
7.199000e-02 	2.000145e-01 
7.222100e-02 	1.988317e-01 
7.245300e-02 	1.976593e-01 
7.268400e-02 	1.964961e-01 
7.291500e-02 	1.953430e-01 
7.314700e-02 	1.941990e-01 
7.337800e-02 	1.930650e-01 
7.361000e-02 	1.919398e-01 
7.384100e-02 	1.908244e-01 
7.407300e-02 	1.897177e-01 
7.430400e-02 	1.886206e-01 
7.453600e-02 	1.875321e-01 
7.476700e-02 	1.864530e-01 
7.499900e-02 	1.853822e-01 
7.523000e-02 	1.843203e-01 
7.546100e-02 	1.832675e-01 
7.569300e-02 	1.822228e-01 
7.592400e-02 	1.811872e-01 
7.615600e-02 	1.801595e-01 
7.638700e-02 	1.791407e-01 
7.661900e-02 	1.781298e-01 
7.685000e-02 	1.771275e-01 
7.708200e-02 	1.761329e-01 
7.731300e-02 	1.751469e-01 
7.754500e-02 	1.741684e-01 
7.777600e-02 	1.731983e-01 
7.800700e-02 	1.722355e-01 
7.823900e-02 	1.712810e-01 
7.847000e-02 	1.703337e-01 
7.870200e-02 	1.693945e-01 
7.893300e-02 	1.684624e-01 
7.916500e-02 	1.675377e-01 
7.939600e-02 	1.666209e-01 
7.962800e-02 	1.657110e-01 
7.985900e-02 	1.648087e-01 
8.009100e-02 	1.639132e-01 
8.032200e-02 	1.630253e-01 
8.055300e-02 	1.621440e-01 
8.078500e-02 	1.612702e-01 
8.101600e-02 	1.604028e-01 
8.124800e-02 	1.595428e-01 
8.147900e-02 	1.586891e-01 
8.171100e-02 	1.578426e-01 
8.194200e-02 	1.570023e-01 
8.217400e-02 	1.561690e-01 
8.240500e-02 	1.553419e-01 
8.263600e-02 	1.545216e-01 
8.286800e-02 	1.537073e-01 
8.309900e-02 	1.528994e-01 
8.333100e-02 	1.520981e-01 
8.356200e-02 	1.513026e-01 
8.379400e-02 	1.505137e-01 
8.402500e-02 	1.497306e-01 
8.425700e-02 	1.489539e-01 
8.448800e-02 	1.481828e-01 
8.472000e-02 	1.474180e-01 
8.495100e-02 	1.466588e-01 
8.518200e-02 	1.459057e-01 
8.541400e-02 	1.451581e-01 
8.564500e-02 	1.444166e-01 
8.587700e-02 	1.436803e-01 
8.610800e-02 	1.429500e-01 
8.634000e-02 	1.422249e-01 
8.657100e-02 	1.415053e-01 
8.680300e-02 	1.407915e-01 
8.703400e-02 	1.400827e-01 
8.726500e-02 	1.393796e-01 
8.749700e-02 	1.386815e-01 
8.772800e-02 	1.379890e-01 
8.796000e-02 	1.373013e-01 
8.819100e-02 	1.366191e-01 
8.842300e-02 	1.359417e-01 
8.865400e-02 	1.352696e-01 
8.888600e-02 	1.346022e-01 
8.911700e-02 	1.339401e-01 
8.934900e-02 	1.332826e-01 
8.958000e-02 	1.326303e-01 
8.981200e-02 	1.319825e-01 
9.004300e-02 	1.313397e-01 
9.027400e-02 	1.307013e-01 
9.050600e-02 	1.300677e-01 
9.073700e-02 	1.294389e-01 
9.096900e-02 	1.288144e-01 
9.120000e-02 	1.281947e-01 
9.143200e-02 	1.275793e-01 
9.166300e-02 	1.269685e-01 
9.189500e-02 	1.263620e-01 
9.212600e-02 	1.257600e-01 
9.235800e-02 	1.251622e-01 
9.258900e-02 	1.245689e-01 
9.282000e-02 	1.239796e-01 
9.305200e-02 	1.233948e-01 
9.328300e-02 	1.228139e-01 
9.351500e-02 	1.222374e-01 
9.374600e-02 	1.216648e-01 
9.397800e-02 	1.210964e-01 
9.420900e-02 	1.205319e-01 
9.444100e-02 	1.199713e-01 
9.467200e-02 	1.194149e-01 
9.490400e-02 	1.188621e-01 
9.513500e-02 	1.183135e-01 
9.536600e-02 	1.177684e-01 
9.559800e-02 	1.172274e-01 
9.582900e-02 	1.166899e-01 
9.606100e-02 	1.161564e-01 
9.629200e-02 	1.156264e-01 
9.652400e-02 	1.151003e-01 
9.675500e-02 	1.145776e-01 
9.698700e-02 	1.140588e-01 
9.721800e-02 	1.135433e-01 
9.744900e-02 	1.130315e-01 
9.768100e-02 	1.125231e-01 
9.791200e-02 	1.120184e-01 
9.814400e-02 	1.115169e-01 
9.837500e-02 	1.110188e-01 
9.860700e-02 	1.105243e-01 
9.883800e-02 	1.100330e-01 
9.907000e-02 	1.095451e-01 
9.930100e-02 	1.090604e-01 
9.953300e-02 	1.085791e-01 
9.976400e-02 	1.081009e-01 
9.999500e-02 	1.076261e-01 
1.002270e-01 	1.071540e-01 
1.004580e-01 	1.066863e-01 
1.006900e-01 	1.062197e-01 
1.009210e-01 	1.057583e-01 
1.011530e-01 	1.052979e-01 
1.013840e-01 	1.048425e-01 
1.016160e-01 	1.043882e-01 
1.018470e-01 	1.039389e-01 
1.020780e-01 	1.034925e-01 
1.023100e-01 	1.030471e-01 
1.025410e-01 	1.026066e-01 
1.027730e-01 	1.021670e-01 
1.030040e-01 	1.017323e-01 
1.032360e-01 	1.012984e-01 
1.034670e-01 	1.008693e-01 
1.036990e-01 	1.004411e-01 
1.039300e-01 	1.000175e-01 
1.041620e-01 	9.959486e-02 
1.043930e-01 	9.917674e-02 
1.046240e-01 	9.876130e-02 
1.048560e-01 	9.834675e-02 
1.050870e-01 	9.793663e-02 
1.053190e-01 	9.752737e-02 
1.055500e-01 	9.712248e-02 
1.057820e-01 	9.671843e-02 
1.060130e-01 	9.631868e-02 
1.062450e-01 	9.591976e-02 
1.064760e-01 	9.552507e-02 
1.067080e-01 	9.513119e-02 
1.069390e-01 	9.474149e-02 
1.071700e-01 	9.435424e-02 
1.074020e-01 	9.396776e-02 
1.076330e-01 	9.358537e-02 
1.078650e-01 	9.320373e-02 
1.080960e-01 	9.282611e-02 
1.083280e-01 	9.244924e-02 
1.085590e-01 	9.207634e-02 
1.087910e-01 	9.170416e-02 
1.090220e-01 	9.133590e-02 
1.092540e-01 	9.096835e-02 
1.094850e-01 	9.060467e-02 
1.097160e-01 	9.024324e-02 
1.099480e-01 	8.988249e-02 
1.101790e-01 	8.952553e-02 
1.104110e-01 	8.916923e-02 
1.106420e-01 	8.881666e-02 
1.108740e-01 	8.846474e-02 
1.111050e-01 	8.811648e-02 
1.113370e-01 	8.776886e-02 
1.115680e-01 	8.742486e-02 
1.118000e-01 	8.708147e-02 
1.120310e-01 	8.674165e-02 
1.122620e-01 	8.640388e-02 
1.124940e-01 	8.606671e-02 
1.127250e-01 	8.573302e-02 
1.129570e-01 	8.539991e-02 
1.131880e-01 	8.507024e-02 
1.134200e-01 	8.474113e-02 
1.136510e-01 	8.441541e-02 
1.138830e-01 	8.409025e-02 
1.141140e-01 	8.376845e-02 
1.143460e-01 	8.344719e-02 
1.145770e-01 	8.312924e-02 
1.148080e-01 	8.281320e-02 
1.150400e-01 	8.249769e-02 
1.152710e-01 	8.218543e-02 
1.155030e-01 	8.187369e-02 
1.157340e-01 	8.156515e-02 
1.159660e-01 	8.125713e-02 
1.161970e-01 	8.095225e-02 
1.164290e-01 	8.064788e-02 
1.166600e-01 	8.034662e-02 
1.168910e-01 	8.004714e-02 
1.171230e-01 	7.974813e-02 
1.173540e-01 	7.945217e-02 
1.175860e-01 	7.915667e-02 
1.178170e-01 	7.886418e-02 
1.180490e-01 	7.857213e-02 
1.182800e-01 	7.828305e-02 
1.185120e-01 	7.799441e-02 
1.187430e-01 	7.770869e-02 
1.189750e-01 	7.742340e-02 
1.192060e-01 	7.714099e-02 
1.194370e-01 	7.686021e-02 
1.196690e-01 	7.657986e-02 
1.199000e-01 	7.630233e-02 
1.201320e-01 	7.602522e-02 
1.203630e-01 	7.575090e-02 
1.205950e-01 	7.547699e-02 
1.208260e-01 	7.520583e-02 
1.210580e-01 	7.493508e-02 
1.212890e-01 	7.466705e-02 
1.215210e-01 	7.439941e-02 
1.217520e-01 	7.413446e-02 
1.219830e-01 	7.387102e-02 
1.222150e-01 	7.360797e-02 
1.224460e-01 	7.334755e-02 
1.226780e-01 	7.308749e-02 
1.229090e-01 	7.283005e-02 
1.231410e-01 	7.257296e-02 
1.233720e-01 	7.231844e-02 
1.236040e-01 	7.206428e-02 
1.238350e-01 	7.181265e-02 
1.240670e-01 	7.156136e-02 
1.242980e-01 	7.131258e-02 
1.245290e-01 	7.106521e-02 
1.247610e-01 	7.081816e-02 
1.249920e-01 	7.057357e-02 
1.252240e-01 	7.032931e-02 
1.254550e-01 	7.008746e-02 
1.256870e-01 	6.984593e-02 
1.259180e-01 	6.960679e-02 
1.261500e-01 	6.936795e-02 
1.263810e-01 	6.913147e-02 
1.266130e-01 	6.889530e-02 
1.268440e-01 	6.866146e-02 
1.270750e-01 	6.842891e-02 
1.273070e-01 	6.819667e-02 
1.275380e-01 	6.796671e-02 
1.277700e-01 	6.773703e-02 
1.280010e-01 	6.750962e-02 
1.282330e-01 	6.728250e-02 
1.284640e-01 	6.705760e-02 
1.286960e-01 	6.683299e-02 
1.289270e-01 	6.661058e-02 
1.291580e-01 	6.638940e-02 
1.293900e-01 	6.616849e-02 
1.296210e-01 	6.594974e-02 
1.298530e-01 	6.573126e-02 
1.300840e-01 	6.551492e-02 
1.303160e-01 	6.529883e-02 
1.305470e-01 	6.508486e-02 
1.307790e-01 	6.487114e-02 
1.310100e-01 	6.465951e-02 
1.312420e-01 	6.444812e-02 
1.314730e-01 	6.423879e-02 
1.317040e-01 	6.403061e-02 
1.319360e-01 	6.382265e-02 
1.321670e-01 	6.361672e-02 
1.323990e-01 	6.341102e-02 
1.326300e-01 	6.320731e-02 
1.328620e-01 	6.300383e-02 
1.330930e-01 	6.280231e-02 
1.333250e-01 	6.260102e-02 
1.335560e-01 	6.240167e-02 
1.337880e-01 	6.220253e-02 
1.340190e-01 	6.200532e-02 
1.342500e-01 	6.180916e-02 
1.344820e-01 	6.161320e-02 
1.347130e-01 	6.141914e-02 
1.349450e-01 	6.122528e-02 
1.351760e-01 	6.103329e-02 
1.354080e-01 	6.084149e-02 
1.356390e-01 	6.065154e-02 
1.358710e-01 	6.046179e-02 
1.361020e-01 	6.027385e-02 
1.363340e-01 	6.008611e-02 
1.365650e-01 	5.990017e-02 
1.367960e-01 	5.971521e-02 
1.370280e-01 	5.953044e-02 
1.372590e-01 	5.934744e-02 
1.374910e-01 	5.916462e-02 
1.377220e-01 	5.898354e-02 
1.379540e-01 	5.880264e-02 
1.381850e-01 	5.862347e-02 
1.384170e-01 	5.844447e-02 
1.386480e-01 	5.826718e-02 
1.388800e-01 	5.809006e-02 
1.391110e-01 	5.791462e-02 
1.393420e-01 	5.774010e-02 
1.395740e-01 	5.756575e-02 
1.398050e-01 	5.739305e-02 
1.400370e-01 	5.722051e-02 
1.402680e-01 	5.704962e-02 
1.405000e-01 	5.687887e-02 
1.407310e-01 	5.670974e-02 
1.409630e-01 	5.654076e-02 
1.411940e-01 	5.637338e-02 
1.414260e-01 	5.620615e-02 
1.416570e-01 	5.604049e-02 
1.418880e-01 	5.587569e-02 
1.421200e-01 	5.571103e-02 
1.423510e-01 	5.554792e-02 
1.425830e-01 	5.538495e-02 
1.428140e-01 	5.522352e-02 
1.430460e-01 	5.506221e-02 
1.432770e-01 	5.490243e-02 
1.435090e-01 	5.474277e-02 
1.437400e-01 	5.458461e-02 
1.439710e-01 	5.442726e-02 
1.442030e-01 	5.427003e-02 
1.444340e-01 	5.411427e-02 
1.446660e-01 	5.395863e-02 
1.448970e-01 	5.380446e-02 
1.451290e-01 	5.365039e-02 
1.453600e-01 	5.349777e-02 
1.455920e-01 	5.334527e-02 
1.458230e-01 	5.319419e-02 
1.460550e-01 	5.304322e-02 
1.462860e-01 	5.289366e-02 
1.465170e-01 	5.274486e-02 
1.467490e-01 	5.259616e-02 
1.469800e-01 	5.244885e-02 
1.472120e-01 	5.230164e-02 
1.474430e-01 	5.215580e-02 
1.476750e-01 	5.201007e-02 
1.479060e-01 	5.186569e-02 
1.481380e-01 	5.172140e-02 
1.483690e-01 	5.157845e-02 
1.486010e-01 	5.143560e-02 
1.488320e-01 	5.129406e-02 
1.490630e-01 	5.115323e-02 
1.492950e-01 	5.101247e-02 
1.495260e-01 	5.087302e-02 
1.497580e-01 	5.073365e-02 
1.499890e-01 	5.059556e-02 
1.502210e-01 	5.045755e-02 
1.504520e-01 	5.032080e-02 
1.506840e-01 	5.018413e-02 
1.509150e-01 	5.004871e-02 
1.511470e-01 	4.991337e-02 
1.513780e-01 	4.977927e-02 
1.516090e-01 	4.964581e-02 
1.518410e-01 	4.951243e-02 
1.520720e-01 	4.938027e-02 
1.523040e-01 	4.924818e-02 
1.525350e-01 	4.911729e-02 
1.527670e-01 	4.898647e-02 
1.529980e-01 	4.885684e-02 
1.532300e-01 	4.872728e-02 
1.534610e-01 	4.859890e-02 
1.536930e-01 	4.847059e-02 
1.539240e-01 	4.834343e-02 
1.541550e-01 	4.821689e-02 
1.543870e-01 	4.809040e-02 
1.546180e-01 	4.796506e-02 
1.548500e-01 	4.783978e-02 
1.550810e-01 	4.771562e-02 
1.553130e-01 	4.759152e-02 
1.555440e-01 	4.746854e-02 
1.557760e-01 	4.734561e-02 
1.560070e-01 	4.722378e-02 
1.562380e-01 	4.710253e-02 
1.564700e-01 	4.698132e-02 
1.567010e-01 	4.686120e-02 
1.569330e-01 	4.674112e-02 
1.571640e-01 	4.662211e-02 
1.573960e-01 	4.650315e-02 
1.576270e-01 	4.638525e-02 
1.578590e-01 	4.626739e-02 
1.580900e-01 	4.615059e-02 
1.583220e-01 	4.603381e-02 
1.585530e-01 	4.591808e-02 
1.587840e-01 	4.580288e-02 
1.590160e-01 	4.568771e-02 
1.592470e-01 	4.557356e-02 
1.594790e-01 	4.545944e-02 
1.597100e-01 	4.534634e-02 
1.599420e-01 	4.523327e-02 
1.601730e-01 	4.512119e-02 
1.604050e-01 	4.500915e-02 
1.606360e-01 	4.489809e-02 
1.608680e-01 	4.478706e-02 
1.610990e-01 	4.467701e-02 
1.613300e-01 	4.456746e-02 
1.615620e-01 	4.445792e-02 
1.617930e-01 	4.434935e-02 
1.620250e-01 	4.424080e-02 
1.622560e-01 	4.413321e-02 
1.624880e-01 	4.402563e-02 
1.627190e-01 	4.391899e-02 
1.629510e-01 	4.381236e-02 
1.631820e-01 	4.370667e-02 
1.634140e-01 	4.360099e-02 
1.636450e-01 	4.349623e-02 
1.638760e-01 	4.339193e-02 
1.641080e-01 	4.328764e-02 
1.643390e-01 	4.318426e-02 
1.645710e-01 	4.308088e-02 
1.648020e-01 	4.297840e-02 
1.650340e-01 	4.287593e-02 
1.652650e-01 	4.277434e-02 
1.654970e-01 	4.267276e-02 
1.657280e-01 	4.257205e-02 
1.659600e-01 	4.247134e-02 
1.661910e-01 	4.237150e-02 
1.664220e-01 	4.227209e-02 
1.666540e-01 	4.217268e-02 
1.668850e-01 	4.207413e-02 
1.671170e-01 	4.197557e-02 
1.673480e-01 	4.187785e-02 
1.675800e-01 	4.178013e-02 
1.678110e-01 	4.168325e-02 
1.680430e-01 	4.158636e-02 
1.682740e-01 	4.149030e-02 
1.685060e-01 	4.139423e-02 
1.687370e-01 	4.129899e-02 
1.689680e-01 	4.120414e-02 
1.692000e-01 	4.110928e-02 
1.694310e-01 	4.101523e-02 
1.696630e-01 	4.092117e-02 
1.698940e-01 	4.082791e-02 
1.701260e-01 	4.073464e-02 
1.703570e-01 	4.064216e-02 
1.705890e-01 	4.054966e-02 
1.708200e-01 	4.045795e-02 
1.710510e-01 	4.036661e-02 
1.712830e-01 	4.027526e-02 
1.715140e-01 	4.018468e-02 
1.717460e-01 	4.009409e-02 
1.719770e-01 	4.000425e-02 
1.722090e-01 	3.991440e-02 
1.724400e-01 	3.982531e-02 
1.726720e-01 	3.973620e-02 
1.729030e-01 	3.964783e-02 
1.731350e-01 	3.955945e-02 
1.733660e-01 	3.947181e-02 
1.735970e-01 	3.938452e-02 
1.738290e-01 	3.929721e-02 
1.740600e-01 	3.921064e-02 
1.742920e-01 	3.912404e-02 
1.745230e-01 	3.903816e-02 
1.747550e-01 	3.895227e-02 
1.749860e-01 	3.886708e-02 
1.752180e-01 	3.878188e-02 
1.754490e-01 	3.869738e-02 
1.756810e-01 	3.861286e-02 
1.759120e-01 	3.852904e-02 
1.761430e-01 	3.844555e-02 
1.763750e-01 	3.836204e-02 
1.766060e-01 	3.827923e-02 
1.768380e-01 	3.819638e-02 
1.770690e-01 	3.811423e-02 
1.773010e-01 	3.803204e-02 
1.775320e-01 	3.795053e-02 
1.777640e-01 	3.786900e-02 
1.779950e-01 	3.778814e-02 
1.782270e-01 	3.770725e-02 
1.784580e-01 	3.762703e-02 
1.786890e-01 	3.754712e-02 
1.789210e-01 	3.746718e-02 
1.791520e-01 	3.738790e-02 
1.793840e-01 	3.730859e-02 
1.796150e-01 	3.722993e-02 
1.798470e-01 	3.715124e-02 
1.800780e-01 	3.707319e-02 
1.803100e-01 	3.699512e-02 
1.805410e-01 	3.691768e-02 
1.807730e-01 	3.684021e-02 
1.810040e-01 	3.676337e-02 
1.812350e-01 	3.668683e-02 
1.814670e-01 	3.661026e-02 
1.816980e-01 	3.653431e-02 
1.819300e-01 	3.645833e-02 
1.821610e-01 	3.638297e-02 
1.823930e-01 	3.630757e-02 
1.826240e-01 	3.623279e-02 
1.828560e-01 	3.615797e-02 
1.830870e-01 	3.608377e-02 
1.833180e-01 	3.600985e-02 
1.835500e-01 	3.593589e-02 
1.837810e-01 	3.586253e-02 
1.840130e-01 	3.578914e-02 
1.842440e-01 	3.571635e-02 
1.844760e-01 	3.564352e-02 
1.847070e-01 	3.557128e-02 
1.849390e-01 	3.549900e-02 
1.851700e-01 	3.542731e-02 
1.854020e-01 	3.535559e-02 
1.856330e-01 	3.528444e-02 
1.858640e-01 	3.521357e-02 
1.860960e-01 	3.514266e-02 
1.863270e-01 	3.507232e-02 
1.865590e-01 	3.500194e-02 
1.867900e-01 	3.493213e-02 
1.870220e-01 	3.486229e-02 
1.872530e-01 	3.479301e-02 
1.874850e-01 	3.472369e-02 
1.877160e-01 	3.465493e-02 
1.879480e-01 	3.458613e-02 
1.881790e-01 	3.451788e-02 
1.884100e-01 	3.444989e-02 
1.886420e-01 	3.438186e-02 
1.888730e-01 	3.431437e-02 
1.891050e-01 	3.424685e-02 
1.893360e-01 	3.417987e-02 
1.895680e-01 	3.411284e-02 
1.897990e-01 	3.404636e-02 
1.900310e-01 	3.397983e-02 
1.902620e-01 	3.391383e-02 
1.904940e-01 	3.384780e-02 
1.907250e-01 	3.378229e-02 
1.909560e-01 	3.371703e-02 
1.911880e-01 	3.365172e-02 
1.914190e-01 	3.358694e-02 
1.916510e-01 	3.352211e-02 
1.918820e-01 	3.345780e-02 
1.921140e-01 	3.339346e-02 
1.923450e-01 	3.332962e-02 
1.925770e-01 	3.326574e-02 
1.928080e-01 	3.320238e-02 
1.930400e-01 	3.313897e-02 
1.932710e-01 	3.307606e-02 
1.935020e-01 	3.301339e-02 
1.937340e-01 	3.295067e-02 
1.939650e-01 	3.288846e-02 
1.941970e-01 	3.282620e-02 
1.944280e-01 	3.276444e-02 
1.946600e-01 	3.270263e-02 
1.948910e-01 	3.264132e-02 
1.951230e-01 	3.257996e-02 
1.953540e-01 	3.251910e-02 
1.955860e-01 	3.245819e-02 
1.958170e-01 	3.239776e-02 
1.960480e-01 	3.233755e-02 
1.962800e-01 	3.227730e-02 
1.965110e-01 	3.221753e-02 
1.967430e-01 	3.215772e-02 
1.969740e-01 	3.209837e-02 
1.972060e-01 	3.203899e-02 
1.974370e-01 	3.198008e-02 
1.976690e-01 	3.192112e-02 
1.979000e-01 	3.186263e-02 
1.981310e-01 	3.180434e-02 
1.983630e-01 	3.174602e-02 
1.985940e-01 	3.168815e-02 
1.988260e-01 	3.163024e-02 
1.990570e-01 	3.157279e-02 
1.992890e-01 	3.151529e-02 
1.995200e-01 	3.145825e-02 
1.997520e-01 	3.140116e-02 
1.999830e-01 	3.134451e-02 
2.002150e-01 	3.128783e-02 
2.004460e-01 	3.123159e-02 
2.006770e-01 	3.117554e-02 
2.009090e-01 	3.111946e-02 
2.011400e-01 	3.106381e-02 
2.013720e-01 	3.100811e-02 
2.016030e-01 	3.095286e-02 
2.018350e-01 	3.089755e-02 
2.020660e-01 	3.084268e-02 
2.022980e-01 	3.078777e-02 
2.025290e-01 	3.073328e-02 
2.027610e-01 	3.067875e-02 
2.029920e-01 	3.062465e-02 
2.032230e-01 	3.057073e-02 
2.034550e-01 	3.051677e-02 
2.036860e-01 	3.046322e-02 
2.039180e-01 	3.040963e-02 
2.041490e-01 	3.035646e-02 
2.043810e-01 	3.030325e-02 
2.046120e-01 	3.025044e-02 
2.048440e-01 	3.019760e-02 
2.050750e-01 	3.014516e-02 
2.053070e-01 	3.009268e-02 
2.055380e-01 	3.004060e-02 
2.057690e-01 	2.998871e-02 
2.060010e-01 	2.993677e-02 
2.062320e-01 	2.988523e-02 
2.064640e-01 	2.983365e-02 
2.066950e-01 	2.978247e-02 
2.069270e-01 	2.973125e-02 
2.071580e-01 	2.968042e-02 
2.073900e-01 	2.962954e-02 
2.076210e-01 	2.957906e-02 
2.078530e-01 	2.952854e-02 
2.080840e-01 	2.947840e-02 
2.083150e-01 	2.942844e-02 
2.085470e-01 	2.937843e-02 
2.087780e-01 	2.932881e-02 
2.090100e-01 	2.927914e-02 
2.092410e-01 	2.922985e-02 
2.094730e-01 	2.918052e-02 
2.097040e-01 	2.913157e-02 
2.099360e-01 	2.908257e-02 
2.101670e-01 	2.903395e-02 
2.103980e-01 	2.898549e-02 
2.106300e-01 	2.893699e-02 
2.108610e-01 	2.888886e-02 
2.110930e-01 	2.884069e-02 
2.113240e-01 	2.879289e-02 
2.115560e-01 	2.874504e-02 
2.117870e-01 	2.869755e-02 
2.120190e-01 	2.865002e-02 
2.122500e-01 	2.860286e-02 
2.124820e-01 	2.855565e-02 
2.127130e-01 	2.850880e-02 
2.129440e-01 	2.846211e-02 
2.131760e-01 	2.841538e-02 
2.134070e-01 	2.836900e-02 
2.136390e-01 	2.832258e-02 
2.138700e-01 	2.827651e-02 
2.141020e-01 	2.823040e-02 
2.143330e-01 	2.818464e-02 
2.145650e-01 	2.813883e-02 
2.147960e-01 	2.809338e-02 
2.150280e-01 	2.804788e-02 
2.152590e-01 	2.800273e-02 
2.154900e-01 	2.795773e-02 
2.157220e-01 	2.791268e-02 
2.159530e-01 	2.786798e-02 
2.161850e-01 	2.782323e-02 
2.164160e-01 	2.777882e-02 
2.166480e-01 	2.773437e-02 
2.168790e-01 	2.769026e-02 
2.171110e-01 	2.764610e-02 
2.173420e-01 	2.760228e-02 
2.175740e-01 	2.755841e-02 
2.178050e-01 	2.751488e-02 
2.180360e-01 	2.747149e-02 
2.182680e-01 	2.742805e-02 
2.184990e-01 	2.738494e-02 
2.187310e-01 	2.734179e-02 
2.189620e-01 	2.729897e-02 
2.191940e-01 	2.725610e-02 
2.194250e-01 	2.721356e-02 
2.196570e-01 	2.717097e-02 
2.198880e-01 	2.712871e-02 
2.201200e-01 	2.708640e-02 
2.203510e-01 	2.704441e-02 
2.205820e-01 	2.700256e-02 
2.208140e-01 	2.696066e-02 
2.210450e-01 	2.691909e-02 
2.212770e-01 	2.687746e-02 
2.215080e-01 	2.683615e-02 
2.217400e-01 	2.679480e-02 
2.219710e-01 	2.675376e-02 
2.222030e-01 	2.671268e-02 
2.224340e-01 	2.667190e-02 
2.226660e-01 	2.663109e-02 
2.228970e-01 	2.659058e-02 
2.231280e-01 	2.655020e-02 
2.233600e-01 	2.650978e-02 
2.235910e-01 	2.646966e-02 
2.238230e-01 	2.642950e-02 
2.240540e-01 	2.638965e-02 
2.242860e-01 	2.634975e-02 
2.245170e-01 	2.631015e-02 
2.247490e-01 	2.627051e-02 
2.249800e-01 	2.623116e-02 
2.252110e-01 	2.619195e-02 
2.254430e-01 	2.615269e-02 
2.256740e-01 	2.611373e-02 
2.259060e-01 	2.607472e-02 
2.261370e-01 	2.603601e-02 
2.263690e-01 	2.599725e-02 
2.266000e-01 	2.595879e-02 
2.268320e-01 	2.592028e-02 
2.270630e-01 	2.588207e-02 
2.272950e-01 	2.584381e-02 
2.275260e-01 	2.580584e-02 
2.277570e-01 	2.576799e-02 
2.279890e-01 	2.573010e-02 
2.282200e-01 	2.569249e-02 
2.284520e-01 	2.565484e-02 
2.286830e-01 	2.561748e-02 
2.289150e-01 	2.558007e-02 
2.291460e-01 	2.554295e-02 
2.293780e-01 	2.550578e-02 
2.296090e-01 	2.546889e-02 
2.298410e-01 	2.543196e-02 
2.300720e-01 	2.539531e-02 
2.303030e-01 	2.535877e-02 
2.305350e-01 	2.532220e-02 
2.307660e-01 	2.528589e-02 
2.309980e-01 	2.524955e-02 
2.312290e-01 	2.521348e-02 
2.314610e-01 	2.517737e-02 
2.316920e-01 	2.514153e-02 
2.319240e-01 	2.510564e-02 
2.321550e-01 	2.507003e-02 
2.323870e-01 	2.503437e-02 
2.326180e-01 	2.499899e-02 
2.328490e-01 	2.496371e-02 
2.330810e-01 	2.492839e-02 
2.333120e-01 	2.489334e-02 
2.335440e-01 	2.485824e-02 
2.337750e-01 	2.482341e-02 
2.340070e-01 	2.478853e-02 
2.342380e-01 	2.475392e-02 
2.344700e-01 	2.471926e-02 
2.347010e-01 	2.468487e-02 
2.349330e-01 	2.465043e-02 
2.351640e-01 	2.461625e-02 
2.353950e-01 	2.458217e-02 
2.356270e-01 	2.454806e-02 
2.358580e-01 	2.451420e-02 
2.360900e-01 	2.448030e-02 
2.363210e-01 	2.444665e-02 
2.365530e-01 	2.441296e-02 
2.367840e-01 	2.437952e-02 
2.370160e-01 	2.434604e-02 
2.372470e-01 	2.431282e-02 
2.374780e-01 	2.427969e-02 
2.377100e-01 	2.424652e-02 
2.379410e-01 	2.421360e-02 
2.381730e-01 	2.418065e-02 
2.384040e-01 	2.414793e-02 
2.386360e-01 	2.411518e-02 
2.388670e-01 	2.408267e-02 
2.390990e-01 	2.405012e-02 
2.393300e-01 	2.401781e-02 
2.395620e-01 	2.398546e-02 
2.397930e-01 	2.395336e-02 
2.400240e-01 	2.392135e-02 
2.402560e-01 	2.388930e-02 
2.404870e-01 	2.385749e-02 
2.407190e-01 	2.382564e-02 
2.409500e-01 	2.379403e-02 
2.411820e-01 	2.376237e-02 
2.414130e-01 	2.373095e-02 
2.416450e-01 	2.369949e-02 
2.418760e-01 	2.366827e-02 
2.421080e-01 	2.363700e-02 
2.423390e-01 	2.360597e-02 
2.425700e-01 	2.357503e-02 
2.428020e-01 	2.354405e-02 
2.430330e-01 	2.351329e-02 
2.432650e-01 	2.348250e-02 
2.434960e-01 	2.345194e-02 
2.437280e-01 	2.342133e-02 
2.439590e-01 	2.339095e-02 
2.441910e-01 	2.336053e-02 
2.444220e-01 	2.333034e-02 
2.446540e-01 	2.330010e-02 
2.448850e-01 	2.327008e-02 
2.451160e-01 	2.324016e-02 
2.453480e-01 	2.321019e-02 
2.455790e-01 	2.318045e-02 
2.458110e-01 	2.315066e-02 
2.460420e-01 	2.312109e-02 
2.462740e-01 	2.309148e-02 
2.465050e-01 	2.306209e-02 
2.467370e-01 	2.303266e-02 
2.469680e-01 	2.300344e-02 
2.472000e-01 	2.297418e-02 
2.474310e-01 	2.294513e-02 
2.476620e-01 	2.291617e-02 
2.478940e-01 	2.288717e-02 
2.481250e-01 	2.285837e-02 
2.483570e-01 	2.282954e-02 
2.485880e-01 	2.280092e-02 
2.488200e-01 	2.277226e-02 
2.490510e-01 	2.274380e-02 
2.492830e-01 	2.271530e-02 
2.495140e-01 	2.268701e-02 
2.497460e-01 	2.265868e-02 
2.499770e-01 	2.263055e-02 
2.502080e-01 	2.260250e-02 
2.504400e-01 	2.257442e-02 
2.506710e-01 	2.254653e-02 
2.509030e-01 	2.251861e-02 
2.511340e-01 	2.249088e-02 
2.513660e-01 	2.246312e-02 
2.515970e-01 	2.243555e-02 
2.518290e-01 	2.240794e-02 
2.520600e-01 	2.238053e-02 
2.522910e-01 	2.235320e-02 
2.525230e-01 	2.232582e-02 
2.527540e-01 	2.229864e-02 
2.529860e-01 	2.227142e-02 
2.532170e-01 	2.224440e-02 
2.534490e-01 	2.221733e-02 
2.536800e-01 	2.219045e-02 
2.539120e-01 	2.216354e-02 
2.541430e-01 	2.213681e-02 
2.543750e-01 	2.211004e-02 
2.546060e-01 	2.208347e-02 
2.548370e-01 	2.205696e-02 
2.550690e-01 	2.203041e-02 
2.553000e-01 	2.200405e-02 
2.555320e-01 	2.197765e-02 
2.557630e-01 	2.195144e-02 
2.559950e-01 	2.192518e-02 
2.562260e-01 	2.189910e-02 
2.564580e-01 	2.187299e-02 
2.566890e-01 	2.184705e-02 
2.569210e-01 	2.182108e-02 
2.571520e-01 	2.179528e-02 
2.573830e-01 	2.176955e-02 
2.576150e-01 	2.174379e-02 
2.578460e-01 	2.171820e-02 
2.580780e-01 	2.169256e-02 
2.583090e-01 	2.166711e-02 
2.585410e-01 	2.164161e-02 
2.587720e-01 	2.161629e-02 
2.590040e-01 	2.159092e-02 
2.592350e-01 	2.156573e-02 
2.594670e-01 	2.154050e-02 
2.596980e-01 	2.151544e-02 
2.599290e-01 	2.149045e-02 
2.601610e-01 	2.146541e-02 
2.603920e-01 	2.144055e-02 
2.606240e-01 	2.141564e-02 
2.608550e-01 	2.139090e-02 
2.610870e-01 	2.136612e-02 
2.613180e-01 	2.134151e-02 
2.615500e-01 	2.131686e-02 
2.617810e-01 	2.129237e-02 
2.620130e-01 	2.126784e-02 
2.622440e-01 	2.124348e-02 
2.624750e-01 	2.121918e-02 
2.627070e-01 	2.119484e-02 
2.629380e-01 	2.117066e-02 
2.631700e-01 	2.114644e-02 
2.634010e-01 	2.112238e-02 
2.636330e-01 	2.109828e-02 
2.638640e-01 	2.107434e-02 
2.640960e-01 	2.105036e-02 
2.643270e-01 	2.102654e-02 
2.645580e-01 	2.100278e-02 
2.647900e-01 	2.097898e-02 
2.650210e-01 	2.095533e-02 
2.652530e-01 	2.093165e-02 
2.654840e-01 	2.090812e-02 
2.657160e-01 	2.088455e-02 
2.659470e-01 	2.086114e-02 
2.661790e-01 	2.083768e-02 
2.664100e-01 	2.081438e-02 
2.666420e-01 	2.079104e-02 
2.668730e-01 	2.076785e-02 
2.671040e-01 	2.074472e-02 
2.673360e-01 	2.072154e-02 
2.675670e-01 	2.069852e-02 
2.677990e-01 	2.067546e-02 
2.680300e-01 	2.065255e-02 
2.682620e-01 	2.062959e-02 
2.684930e-01 	2.060679e-02 
2.687250e-01 	2.058395e-02 
2.689560e-01 	2.056125e-02 
2.691880e-01 	2.053852e-02 
2.694190e-01 	2.051593e-02 
2.696500e-01 	2.049340e-02 
2.698820e-01 	2.047082e-02 
2.701130e-01 	2.044839e-02 
2.703450e-01 	2.042592e-02 
2.705760e-01 	2.040360e-02 
2.708080e-01 	2.038123e-02 
2.710390e-01 	2.035901e-02 
2.712710e-01 	2.033675e-02 
2.715020e-01 	2.031463e-02 
2.717340e-01 	2.029248e-02 
2.719650e-01 	2.027046e-02 
2.721960e-01 	2.024850e-02 
2.724280e-01 	2.022650e-02 
2.726590e-01 	2.020464e-02 
2.728910e-01 	2.018273e-02 
2.731220e-01 	2.016097e-02 
2.733540e-01 	2.013917e-02 
2.735850e-01 	2.011751e-02 
2.738170e-01 	2.009581e-02 
2.740480e-01 	2.007425e-02 
2.742800e-01 	2.005264e-02 
2.745110e-01 	2.003118e-02 
2.747420e-01 	2.000977e-02 
2.749740e-01 	1.998831e-02 
2.752050e-01 	1.996699e-02 
2.754370e-01 	1.994563e-02 
2.756680e-01 	1.992441e-02 
2.759000e-01 	1.990315e-02 
2.761310e-01 	1.988203e-02 
2.763630e-01 	1.986086e-02 
2.765940e-01 	1.983983e-02 
2.768260e-01 	1.981876e-02 
2.770570e-01 	1.979783e-02 
2.772880e-01 	1.977694e-02 
2.775200e-01 	1.975601e-02 
2.777510e-01 	1.973522e-02 
2.779830e-01 	1.971439e-02 
2.782140e-01 	1.969369e-02 
2.784460e-01 	1.967295e-02 
2.786770e-01 	1.965234e-02 
2.789090e-01 	1.963169e-02 
2.791400e-01 	1.961118e-02 
2.793710e-01 	1.959071e-02 
2.796030e-01 	1.957020e-02 
2.798340e-01 	1.954982e-02 
2.800660e-01 	1.952940e-02 
2.802970e-01 	1.950911e-02 
2.805290e-01 	1.948878e-02 
2.807600e-01 	1.946858e-02 
2.809920e-01 	1.944835e-02 
2.812230e-01 	1.942824e-02 
2.814550e-01 	1.940809e-02 
2.816860e-01 	1.938807e-02 
2.819170e-01 	1.936810e-02 
2.821490e-01 	1.934808e-02 
2.823800e-01 	1.932820e-02 
2.826120e-01 	1.930827e-02 
2.828430e-01 	1.928847e-02 
2.830750e-01 	1.926863e-02 
2.833060e-01 	1.924892e-02 
2.835380e-01 	1.922917e-02 
2.837690e-01 	1.920954e-02 
2.840010e-01 	1.918987e-02 
2.842320e-01 	1.917034e-02 
2.844630e-01 	1.915084e-02 
2.846950e-01 	1.913130e-02 
2.849260e-01 	1.911189e-02 
2.851580e-01 	1.909244e-02 
2.853890e-01 	1.907312e-02 
2.856210e-01 	1.905375e-02 
2.858520e-01 	1.903451e-02 
2.860840e-01 	1.901522e-02 
2.863150e-01 	1.899607e-02 
2.865470e-01 	1.897687e-02 
2.867780e-01 	1.895779e-02 
2.870090e-01 	1.893876e-02 
2.872410e-01 	1.891968e-02 
2.874720e-01 	1.890073e-02 
2.877040e-01 	1.888174e-02 
2.879350e-01 	1.886286e-02 
2.881670e-01 	1.884395e-02 
2.883980e-01 	1.882516e-02 
2.886300e-01 	1.880633e-02 
2.888610e-01 	1.878762e-02 
2.890930e-01 	1.876887e-02 
2.893240e-01 	1.875024e-02 
2.895550e-01 	1.873165e-02 
2.897870e-01 	1.871302e-02 
2.900180e-01 	1.869451e-02 
2.902500e-01 	1.867596e-02 
2.904810e-01 	1.865752e-02 
2.907130e-01 	1.863905e-02 
2.909440e-01 	1.862069e-02 
2.911760e-01 	1.860230e-02 
2.914070e-01 	1.858402e-02 
2.916380e-01 	1.856578e-02 
2.918700e-01 	1.854750e-02 
2.921010e-01 	1.852934e-02 
2.923330e-01 	1.851114e-02 
2.925640e-01 	1.849305e-02 
2.927960e-01 	1.847492e-02 
2.930270e-01 	1.845691e-02 
2.932590e-01 	1.843886e-02 
2.934900e-01 	1.842092e-02 
2.937220e-01 	1.840295e-02 
2.939530e-01 	1.838509e-02 
2.941840e-01 	1.836726e-02 
2.944160e-01 	1.834940e-02 
2.946470e-01 	1.833165e-02 
2.948790e-01 	1.831385e-02 
2.951100e-01 	1.829618e-02 
2.953420e-01 	1.827846e-02 
2.955730e-01 	1.826085e-02 
2.958050e-01 	1.824321e-02 
2.960360e-01 	1.822568e-02 
2.962680e-01 	1.820810e-02 
2.964990e-01 	1.819064e-02 
2.967300e-01 	1.817322e-02 
2.969620e-01 	1.815575e-02 
2.971930e-01 	1.813840e-02 
2.974250e-01 	1.812100e-02 
2.976560e-01 	1.810372e-02 
2.978880e-01 	1.808639e-02 
2.981190e-01 	1.806918e-02 
2.983510e-01 	1.805193e-02 
2.985820e-01 	1.803478e-02 
2.988140e-01 	1.801760e-02 
2.990450e-01 	1.800052e-02 
2.992760e-01 	1.798348e-02 
2.995080e-01 	1.796640e-02 
2.997390e-01 	1.794943e-02 
2.999710e-01 	1.793241e-02 
3.002020e-01 	1.791551e-02 
3.004340e-01 	1.789856e-02 
3.006650e-01 	1.788172e-02 
3.008970e-01 	1.786484e-02 
3.011280e-01 	1.784807e-02 
3.013600e-01 	1.783126e-02 
3.015910e-01 	1.781455e-02 
3.018220e-01 	1.779788e-02 
3.020540e-01 	1.778117e-02 
3.022850e-01 	1.776456e-02 
3.025170e-01 	1.774791e-02 
3.027480e-01 	1.773136e-02 
3.029800e-01 	1.771478e-02 
3.032110e-01 	1.769830e-02 
3.034430e-01 	1.768178e-02 
3.036740e-01 	1.766537e-02 
3.039050e-01 	1.764898e-02 
3.041370e-01 	1.763256e-02 
3.043680e-01 	1.761624e-02 
3.046000e-01 	1.759988e-02 
3.048310e-01 	1.758362e-02 
3.050630e-01 	1.756732e-02 
3.052940e-01 	1.755112e-02 
3.055260e-01 	1.753489e-02 
3.057570e-01 	1.751875e-02 
3.059890e-01 	1.750258e-02 
3.062200e-01 	1.748650e-02 
3.064510e-01 	1.747046e-02 
3.066830e-01 	1.745438e-02 
3.069140e-01 	1.743840e-02 
3.071460e-01 	1.742238e-02 
3.073770e-01 	1.740645e-02 
3.076090e-01 	1.739049e-02 
3.078400e-01 	1.737463e-02 
3.080720e-01 	1.735873e-02 
3.083030e-01 	1.734293e-02 
3.085350e-01 	1.732709e-02 
3.087660e-01 	1.731135e-02 
3.089970e-01 	1.729563e-02 
3.092290e-01 	1.727988e-02 
3.094600e-01 	1.726423e-02 
3.096920e-01 	1.724854e-02 
3.099230e-01 	1.723294e-02 
3.101550e-01 	1.721731e-02 
3.103860e-01 	1.720177e-02 
3.106180e-01 	1.718619e-02 
3.108490e-01 	1.717071e-02 
3.110810e-01 	1.715520e-02 
3.113120e-01 	1.713977e-02 
3.115430e-01 	1.712438e-02 
3.117750e-01 	1.710895e-02 
3.120060e-01 	1.709361e-02 
3.122380e-01 	1.707824e-02 
3.124690e-01 	1.706296e-02 
3.127010e-01 	1.704764e-02 
3.129320e-01 	1.703241e-02 
3.131640e-01 	1.701715e-02 
3.133950e-01 	1.700198e-02 
3.136270e-01 	1.698677e-02 
3.138580e-01 	1.697166e-02 
3.140890e-01 	1.695657e-02 
3.143210e-01 	1.694145e-02 
3.145520e-01 	1.692642e-02 
3.147840e-01 	1.691135e-02 
3.150150e-01 	1.689637e-02 
3.152470e-01 	1.688135e-02 
3.154780e-01 	1.686643e-02 
3.157100e-01 	1.685147e-02 
3.159410e-01 	1.683660e-02 
3.161730e-01 	1.682169e-02 
3.164040e-01 	1.680687e-02 
3.166350e-01 	1.679208e-02 
3.168670e-01 	1.677725e-02 
3.170980e-01 	1.676251e-02 
3.173300e-01 	1.674773e-02 
3.175610e-01 	1.673305e-02 
3.177930e-01 	1.671832e-02 
3.180240e-01 	1.670369e-02 
3.182560e-01 	1.668902e-02 
3.184870e-01 	1.667443e-02 
3.187180e-01 	1.665988e-02 
3.189500e-01 	1.664528e-02 
3.191810e-01 	1.663077e-02 
3.194130e-01 	1.661623e-02 
3.196440e-01 	1.660177e-02 
3.198760e-01 	1.658728e-02 
3.201070e-01 	1.657288e-02 
3.203390e-01 	1.655844e-02 
3.205700e-01 	1.654408e-02 
3.208020e-01 	1.652969e-02 
3.210330e-01 	1.651538e-02 
3.212640e-01 	1.650110e-02 
3.214960e-01 	1.648679e-02 
3.217270e-01 	1.647256e-02 
3.219590e-01 	1.645829e-02 
3.221900e-01 	1.644411e-02 
3.224220e-01 	1.642989e-02 
3.226530e-01 	1.641576e-02 
3.228850e-01 	1.640159e-02 
3.231160e-01 	1.638751e-02 
3.233480e-01 	1.637339e-02 
3.235790e-01 	1.635935e-02 
3.238100e-01 	1.634534e-02 
3.240420e-01 	1.633129e-02 
3.242730e-01 	1.631733e-02 
3.245050e-01 	1.630333e-02 
3.247360e-01 	1.628941e-02 
3.249680e-01 	1.627546e-02 
3.251990e-01 	1.626159e-02 
3.254310e-01 	1.624768e-02 
3.256620e-01 	1.623386e-02 
3.258940e-01 	1.622000e-02 
3.261250e-01 	1.620623e-02 
3.263560e-01 	1.619248e-02 
3.265880e-01 	1.617869e-02 
3.268190e-01 	1.616498e-02 
3.270510e-01 	1.615124e-02 
3.272820e-01 	1.613758e-02 
3.275140e-01 	1.612388e-02 
3.277450e-01 	1.611027e-02 
3.279770e-01 	1.609662e-02 
3.282080e-01 	1.608305e-02 
3.284400e-01 	1.606944e-02 
3.286710e-01 	1.605592e-02 
3.289020e-01 	1.604242e-02 
3.291340e-01 	1.602888e-02 
3.293650e-01 	1.601542e-02 
3.295970e-01 	1.600193e-02 
3.298280e-01 	1.598852e-02 
3.300600e-01 	1.597507e-02 
3.302910e-01 	1.596170e-02 
3.305230e-01 	1.594829e-02 
3.307540e-01 	1.593497e-02 
3.309850e-01 	1.592166e-02 
3.312170e-01 	1.590832e-02 
3.314480e-01 	1.589506e-02 
3.316800e-01 	1.588177e-02 
3.319110e-01 	1.586855e-02 
3.321430e-01 	1.585530e-02 
3.323740e-01 	1.584212e-02 
3.326060e-01 	1.582891e-02 
3.328370e-01 	1.581578e-02 
3.330690e-01 	1.580261e-02 
3.333000e-01 	1.578952e-02 
3.335310e-01 	1.577644e-02 
3.337630e-01 	1.576334e-02 
3.339940e-01 	1.575031e-02 
3.342260e-01 	1.573724e-02 
3.344570e-01 	1.572426e-02 
3.346890e-01 	1.571123e-02 
3.349200e-01 	1.569829e-02 
3.351520e-01 	1.568530e-02 
3.353830e-01 	1.567240e-02 
3.356150e-01 	1.565945e-02 
3.358460e-01 	1.564659e-02 
3.360770e-01 	1.563374e-02 
3.363090e-01 	1.562086e-02 
3.365400e-01 	1.560805e-02 
3.367720e-01 	1.559521e-02 
3.370030e-01 	1.558244e-02 
3.372350e-01 	1.556964e-02 
3.374660e-01 	1.555691e-02 
3.376980e-01 	1.554415e-02 
3.379290e-01 	1.553146e-02 
3.381610e-01 	1.551873e-02 
3.383920e-01 	1.550608e-02 
3.386230e-01 	1.549345e-02 
3.388550e-01 	1.548079e-02 
3.390860e-01 	1.546819e-02 
3.393180e-01 	1.545557e-02 
3.395490e-01 	1.544301e-02 
3.397810e-01 	1.543042e-02 
3.400120e-01 	1.541791e-02 
3.402440e-01 	1.540536e-02 
3.404750e-01 	1.539288e-02 
3.407070e-01 	1.538036e-02 
3.409380e-01 	1.536792e-02 
3.411690e-01 	1.535550e-02 
3.414010e-01 	1.534305e-02 
3.416320e-01 	1.533066e-02 
3.418640e-01 	1.531824e-02 
3.420950e-01 	1.530590e-02 
3.423270e-01 	1.529352e-02 
3.425580e-01 	1.528121e-02 
3.427900e-01 	1.526886e-02 
3.430210e-01 	1.525659e-02 
3.432530e-01 	1.524428e-02 
3.434840e-01 	1.523204e-02 
3.437150e-01 	1.521983e-02 
3.439470e-01 	1.520757e-02 
3.441780e-01 	1.519539e-02 
3.444100e-01 	1.518317e-02 
3.446410e-01 	1.517103e-02 
3.448730e-01 	1.515885e-02 
3.451040e-01 	1.514674e-02 
3.453360e-01 	1.513459e-02 
3.455670e-01 	1.512251e-02 
3.457980e-01 	1.511046e-02 
3.460300e-01 	1.509836e-02 
3.462610e-01 	1.508634e-02 
3.464930e-01 	1.507428e-02 
3.467240e-01 	1.506230e-02 
3.469560e-01 	1.505027e-02 
3.471870e-01 	1.503832e-02 
3.474190e-01 	1.502633e-02 
3.476500e-01 	1.501441e-02 
3.478820e-01 	1.500246e-02 
3.481130e-01 	1.499057e-02 
3.483440e-01 	1.497870e-02 
3.485760e-01 	1.496680e-02 
3.488070e-01 	1.495496e-02 
3.490390e-01 	1.494309e-02 
3.492700e-01 	1.493129e-02 
3.495020e-01 	1.491946e-02 
3.497330e-01 	1.490769e-02 
3.499650e-01 	1.489589e-02 
3.501960e-01 	1.488415e-02 
3.504280e-01 	1.487238e-02 
3.506590e-01 	1.486068e-02 
3.508900e-01 	1.484900e-02 
3.511220e-01 	1.483728e-02 
3.513530e-01 	1.482562e-02 
3.515850e-01 	1.481394e-02 
3.518160e-01 	1.480231e-02 
3.520480e-01 	1.479066e-02 
3.522790e-01 	1.477907e-02 
3.525110e-01 	1.476745e-02 
3.527420e-01 	1.475589e-02 
3.529740e-01 	1.474430e-02 
3.532050e-01 	1.473278e-02 
3.534360e-01 	1.472127e-02 
3.536680e-01 	1.470973e-02 
3.538990e-01 	1.469825e-02 
3.541310e-01 	1.468674e-02 
3.543620e-01 	1.467529e-02 
3.545940e-01 	1.466381e-02 
3.548250e-01 	1.465240e-02 
3.550570e-01 	1.464095e-02 
3.552880e-01 	1.462957e-02 
3.555200e-01 	1.461815e-02 
3.557510e-01 	1.460680e-02 
3.559820e-01 	1.459546e-02 
3.562140e-01 	1.458409e-02 
3.564450e-01 	1.457279e-02 
3.566770e-01 	1.456145e-02 
3.569080e-01 	1.455017e-02 
3.571400e-01 	1.453886e-02 
3.573710e-01 	1.452762e-02 
3.576030e-01 	1.451634e-02 
3.578340e-01 	1.450512e-02 
3.580650e-01 	1.449392e-02 
3.582970e-01 	1.448269e-02 
3.585280e-01 	1.447152e-02 
3.587600e-01 	1.446032e-02 
3.589910e-01 	1.444918e-02 
3.592230e-01 	1.443801e-02 
3.594540e-01 	1.442689e-02 
3.596860e-01 	1.441575e-02 
3.599170e-01 	1.440467e-02 
3.601490e-01 	1.439356e-02 
3.603800e-01 	1.438250e-02 
3.606110e-01 	1.437147e-02 
3.608430e-01 	1.436040e-02 
3.610740e-01 	1.434939e-02 
3.613060e-01 	1.433835e-02 
3.615370e-01 	1.432737e-02 
3.617690e-01 	1.431636e-02 
3.620000e-01 	1.430541e-02 
3.622320e-01 	1.429442e-02 
3.624630e-01 	1.428350e-02 
3.626950e-01 	1.427254e-02 
3.629260e-01 	1.426165e-02 
3.631570e-01 	1.425077e-02 
3.633890e-01 	1.423985e-02 
3.636200e-01 	1.422900e-02 
3.638520e-01 	1.421812e-02 
3.640830e-01 	1.420729e-02 
3.643150e-01 	1.419643e-02 
3.645460e-01 	1.418564e-02 
3.647780e-01 	1.417481e-02 
3.650090e-01 	1.416404e-02 
3.652410e-01 	1.415323e-02 
3.654720e-01 	1.414249e-02 
3.657030e-01 	1.413176e-02 
3.659350e-01 	1.412100e-02 
3.661660e-01 	1.411029e-02 
3.663980e-01 	1.409956e-02 
3.666290e-01 	1.408888e-02 
3.668610e-01 	1.407817e-02 
3.670920e-01 	1.406752e-02 
3.673240e-01 	1.405684e-02 
3.675550e-01 	1.404622e-02 
3.677870e-01 	1.403556e-02 
3.680180e-01 	1.402497e-02 
3.682490e-01 	1.401438e-02 
3.684810e-01 	1.400377e-02 
3.687120e-01 	1.399321e-02 
3.689440e-01 	1.398262e-02 
3.691750e-01 	1.397209e-02 
3.694070e-01 	1.396152e-02 
3.696380e-01 	1.395102e-02 
3.698700e-01 	1.394048e-02 
3.701010e-01 	1.393000e-02 
3.703330e-01 	1.391949e-02 
3.705640e-01 	1.390903e-02 
3.707950e-01 	1.389859e-02 
3.710270e-01 	1.388812e-02 
3.712580e-01 	1.387770e-02 
3.714900e-01 	1.386725e-02 
3.717210e-01 	1.385686e-02 
3.719530e-01 	1.384644e-02 
3.721840e-01 	1.383607e-02 
3.724160e-01 	1.382567e-02 
3.726470e-01 	1.381533e-02 
3.728780e-01 	1.380500e-02 
3.731100e-01 	1.379464e-02 
3.733410e-01 	1.378434e-02 
3.735730e-01 	1.377400e-02 
3.738040e-01 	1.376372e-02 
3.740360e-01 	1.375341e-02 
3.742670e-01 	1.374316e-02 
3.744990e-01 	1.373287e-02 
3.747300e-01 	1.372264e-02 
3.749620e-01 	1.371238e-02 
3.751930e-01 	1.370217e-02 
3.754240e-01 	1.369198e-02 
3.756560e-01 	1.368175e-02 
3.758870e-01 	1.367158e-02 
3.761190e-01 	1.366138e-02 
3.763500e-01 	1.365124e-02 
3.765820e-01 	1.364106e-02 
3.768130e-01 	1.363094e-02 
3.770450e-01 	1.362078e-02 
3.772760e-01 	1.361068e-02 
3.775080e-01 	1.360055e-02 
3.777390e-01 	1.359048e-02 
3.779700e-01 	1.358042e-02 
3.782020e-01 	1.357032e-02 
3.784330e-01 	1.356028e-02 
3.786650e-01 	1.355021e-02 
3.788960e-01 	1.354020e-02 
3.791280e-01 	1.353015e-02 
3.793590e-01 	1.352016e-02 
3.795910e-01 	1.351013e-02 
3.798220e-01 	1.350016e-02 
3.800540e-01 	1.349016e-02 
3.802850e-01 	1.348021e-02 
3.805160e-01 	1.347028e-02 
3.807480e-01 	1.346031e-02 
3.809790e-01 	1.345040e-02 
3.812110e-01 	1.344045e-02 
3.814420e-01 	1.343056e-02 
3.816740e-01 	1.342064e-02 
3.819050e-01 	1.341078e-02 
3.821370e-01 	1.340088e-02 
3.823680e-01 	1.339103e-02 
3.826000e-01 	1.338116e-02 
3.828310e-01 	1.337133e-02 
3.830620e-01 	1.336152e-02 
3.832940e-01 	1.335168e-02 
3.835250e-01 	1.334189e-02 
3.837570e-01 	1.333207e-02 
3.839880e-01 	1.332230e-02 
3.842200e-01 	1.331250e-02 
3.844510e-01 	1.330276e-02 
3.846830e-01 	1.329298e-02 
3.849140e-01 	1.328326e-02 
3.851450e-01 	1.327355e-02 
3.853770e-01 	1.326381e-02 
3.856080e-01 	1.325412e-02 
3.858400e-01 	1.324440e-02 
3.860710e-01 	1.323473e-02 
3.863030e-01 	1.322503e-02 
3.865340e-01 	1.321538e-02 
3.867660e-01 	1.320570e-02 
3.869970e-01 	1.319608e-02 
3.872290e-01 	1.318642e-02 
3.874600e-01 	1.317682e-02 
3.876910e-01 	1.316722e-02 
3.879230e-01 	1.315760e-02 
3.881540e-01 	1.314803e-02 
3.883860e-01 	1.313842e-02 
3.886170e-01 	1.312887e-02 
3.888490e-01 	1.311929e-02 
3.890800e-01 	1.310976e-02 
3.893120e-01 	1.310020e-02 
3.895430e-01 	1.309069e-02 
3.897750e-01 	1.308115e-02 
3.900060e-01 	1.307166e-02 
3.902370e-01 	1.306218e-02 
3.904690e-01 	1.305267e-02 
3.907000e-01 	1.304321e-02 
3.909320e-01 	1.303372e-02 
3.911630e-01 	1.302428e-02 
3.913950e-01 	1.301481e-02 
3.916260e-01 	1.300539e-02 
3.918580e-01 	1.299594e-02 
3.920890e-01 	1.298654e-02 
3.923210e-01 	1.297711e-02 
3.925520e-01 	1.296773e-02 
3.927830e-01 	1.295836e-02 
3.930150e-01 	1.294896e-02 
3.932460e-01 	1.293960e-02 
3.934780e-01 	1.293022e-02 
3.937090e-01 	1.292089e-02 
3.939410e-01 	1.291153e-02 
3.941720e-01 	1.290222e-02 
3.944040e-01 	1.289287e-02 
3.946350e-01 	1.288358e-02 
3.948670e-01 	1.287426e-02 
3.950980e-01 	1.286498e-02 
3.953290e-01 	1.285572e-02 
3.955610e-01 	1.284642e-02 
3.957920e-01 	1.283717e-02 
3.960240e-01 	1.282790e-02 
3.962550e-01 	1.281867e-02 
3.964870e-01 	1.280941e-02 
3.967180e-01 	1.280020e-02 
3.969500e-01 	1.279096e-02 
3.971810e-01 	1.278176e-02 
3.974130e-01 	1.277254e-02 
3.976440e-01 	1.276337e-02 
3.978750e-01 	1.275420e-02 
3.981070e-01 	1.274500e-02 
3.983380e-01 	1.273586e-02 
3.985700e-01 	1.272668e-02 
3.988010e-01 	1.271755e-02 
3.990330e-01 	1.270838e-02 
3.992640e-01 	1.269927e-02 
3.994960e-01 	1.269013e-02 
3.997270e-01 	1.268103e-02 
3.999580e-01 	1.267194e-02 
4.001900e-01 	1.266282e-02 
4.004210e-01 	1.265375e-02 
4.006530e-01 	1.264465e-02 
4.008840e-01 	1.263560e-02 
4.011160e-01 	1.262651e-02 
4.013470e-01 	1.261747e-02 
4.015790e-01 	1.260840e-02 
4.018100e-01 	1.259938e-02 
4.020420e-01 	1.259033e-02 
4.022730e-01 	1.258132e-02 
4.025040e-01 	1.257232e-02 
4.027360e-01 	1.256330e-02 
4.029670e-01 	1.255431e-02 
4.031990e-01 	1.254530e-02 
4.034300e-01 	1.253633e-02 
4.036620e-01 	1.252734e-02 
4.038930e-01 	1.251839e-02 
4.041250e-01 	1.250940e-02 
4.043560e-01 	1.250047e-02 
4.045880e-01 	1.249150e-02 
4.048190e-01 	1.248258e-02 
4.050500e-01 	1.247367e-02 
4.052820e-01 	1.246473e-02 
4.055130e-01 	1.245583e-02 
4.057450e-01 	1.244690e-02 
4.059760e-01 	1.243802e-02 
4.062080e-01 	1.242910e-02 
4.064390e-01 	1.242024e-02 
4.066710e-01 	1.241134e-02 
4.069020e-01 	1.240249e-02 
4.071340e-01 	1.239360e-02 
4.073650e-01 	1.238476e-02 
4.075960e-01 	1.237593e-02 
4.078280e-01 	1.236707e-02 
4.080590e-01 	1.235825e-02 
4.082910e-01 	1.234941e-02 
4.085220e-01 	1.234060e-02 
4.087540e-01 	1.233177e-02 
4.089850e-01 	1.232298e-02 
4.092170e-01 	1.231416e-02 
4.094480e-01 	1.230539e-02 
4.096800e-01 	1.229659e-02 
4.099110e-01 	1.228783e-02 
4.101420e-01 	1.227908e-02 
4.103740e-01 	1.227030e-02 
4.106050e-01 	1.226156e-02 
4.108370e-01 	1.225279e-02 
4.110680e-01 	1.224407e-02 
4.113000e-01 	1.223531e-02 
4.115310e-01 	1.222660e-02 
4.117630e-01 	1.221786e-02 
4.119940e-01 	1.220917e-02 
4.122250e-01 	1.220048e-02 
4.124570e-01 	1.219176e-02 
4.126880e-01 	1.218309e-02 
4.129200e-01 	1.217438e-02 
4.131510e-01 	1.216572e-02 
4.133830e-01 	1.215703e-02 
4.136140e-01 	1.214838e-02 
4.138460e-01 	1.213971e-02 
4.140770e-01 	1.213107e-02 
4.143090e-01 	1.212241e-02 
4.145400e-01 	1.211379e-02 
4.147710e-01 	1.210518e-02 
4.150030e-01 	1.209654e-02 
4.152340e-01 	1.208794e-02 
4.154660e-01 	1.207931e-02 
4.156970e-01 	1.207072e-02 
4.159290e-01 	1.206211e-02 
4.161600e-01 	1.205354e-02 
4.163920e-01 	1.204494e-02 
4.166230e-01 	1.203638e-02 
4.168550e-01 	1.202779e-02 
4.170860e-01 	1.201925e-02 
4.173170e-01 	1.201071e-02 
4.175490e-01 	1.200215e-02 
4.177800e-01 	1.199362e-02 
4.180120e-01 	1.198507e-02 
4.182430e-01 	1.197656e-02 
4.184750e-01 	1.196802e-02 
4.187060e-01 	1.195953e-02 
4.189380e-01 	1.195100e-02 
4.191690e-01 	1.194252e-02 
4.194010e-01 	1.193401e-02 
4.196320e-01 	1.192554e-02 
4.198630e-01 	1.191708e-02 
4.200950e-01 	1.190859e-02 
4.203260e-01 	1.190015e-02 
4.205580e-01 	1.189167e-02 
4.207890e-01 	1.188324e-02 
4.210210e-01 	1.187478e-02 
4.212520e-01 	1.186636e-02 
4.214840e-01 	1.185791e-02 
4.217150e-01 	1.184950e-02 
4.219470e-01 	1.184107e-02 
4.221780e-01 	1.183268e-02 
4.224090e-01 	1.182430e-02 
4.226410e-01 	1.181588e-02 
4.228720e-01 	1.180752e-02 
4.231040e-01 	1.179912e-02 
4.233350e-01 	1.179076e-02 
4.235670e-01 	1.178238e-02 
4.237980e-01 	1.177404e-02 
4.240300e-01 	1.176567e-02 
4.242610e-01 	1.175734e-02 
4.244930e-01 	1.174899e-02 
4.247240e-01 	1.174067e-02 
4.249550e-01 	1.173237e-02 
4.251870e-01 	1.172404e-02 
4.254180e-01 	1.171575e-02 
4.256500e-01 	1.170743e-02 
4.258810e-01 	1.169915e-02 
4.261130e-01 	1.169085e-02 
4.263440e-01 	1.168259e-02 
4.265760e-01 	1.167430e-02 
4.268070e-01 	1.166605e-02 
4.270380e-01 	1.165781e-02 
4.272700e-01 	1.164954e-02 
4.275010e-01 	1.164132e-02 
4.277330e-01 	1.163306e-02 
4.279640e-01 	1.162485e-02 
4.281960e-01 	1.161661e-02 
4.284270e-01 	1.160842e-02 
4.286590e-01 	1.160019e-02 
4.288900e-01 	1.159201e-02 
4.291220e-01 	1.158380e-02 
4.293530e-01 	1.157563e-02 
4.295840e-01 	1.156747e-02 
4.298160e-01 	1.155928e-02 
4.300470e-01 	1.155113e-02 
4.302790e-01 	1.154296e-02 
4.305100e-01 	1.153483e-02 
4.307420e-01 	1.152667e-02 
4.309730e-01 	1.151855e-02 
4.312050e-01 	1.151041e-02 
4.314360e-01 	1.150230e-02 
4.316680e-01 	1.149417e-02 
4.318990e-01 	1.148608e-02 
4.321300e-01 	1.147800e-02 
4.323620e-01 	1.146989e-02 
4.325930e-01 	1.146182e-02 
4.328250e-01 	1.145373e-02 
4.330560e-01 	1.144567e-02 
4.332880e-01 	1.143759e-02 
4.335190e-01 	1.142955e-02 
4.337510e-01 	1.142149e-02 
4.339820e-01 	1.141346e-02 
4.342140e-01 	1.140541e-02 
4.344450e-01 	1.139740e-02 
4.346760e-01 	1.138940e-02 
4.349080e-01 	1.138137e-02 
4.351390e-01 	1.137338e-02 
4.353710e-01 	1.136536e-02 
4.356020e-01 	1.135739e-02 
4.358340e-01 	1.134938e-02 
4.360650e-01 	1.134142e-02 
4.362970e-01 	1.133344e-02 
4.365280e-01 	1.132549e-02 
4.367600e-01 	1.131752e-02 
4.369910e-01 	1.130958e-02 
4.372220e-01 	1.130166e-02 
4.374540e-01 	1.129370e-02 
4.376850e-01 	1.128579e-02 
4.379170e-01 	1.127785e-02 
4.381480e-01 	1.126996e-02 
4.383800e-01 	1.126203e-02 
4.386110e-01 	1.125415e-02 
4.388430e-01 	1.124624e-02 
4.390740e-01 	1.123837e-02 
4.393050e-01 	1.123050e-02 
4.395370e-01 	1.122261e-02 
4.397680e-01 	1.121476e-02 
4.400000e-01 	1.120688e-02 
4.402310e-01 	1.119905e-02 
4.404630e-01 	1.119118e-02 
4.406940e-01 	1.118336e-02 
4.409260e-01 	1.117551e-02 
4.411570e-01 	1.116770e-02 
4.413890e-01 	1.115986e-02 
4.416200e-01 	1.115206e-02 
4.418510e-01 	1.114427e-02 
4.420830e-01 	1.113645e-02 
4.423140e-01 	1.112867e-02 
4.425460e-01 	1.112087e-02 
4.427770e-01 	1.111310e-02 
4.430090e-01 	1.110531e-02 
4.432400e-01 	1.109756e-02 
4.434720e-01 	1.108978e-02 
4.437030e-01 	1.108204e-02 
4.439350e-01 	1.107427e-02 
4.441660e-01 	1.106655e-02 
4.443970e-01 	1.105882e-02 
4.446290e-01 	1.105108e-02 
4.448600e-01 	1.104337e-02 
4.450920e-01 	1.103563e-02 
4.453230e-01 	1.102794e-02 
4.455550e-01 	1.102022e-02 
4.457860e-01 	1.101253e-02 
4.460180e-01 	1.100482e-02 
4.462490e-01 	1.099715e-02 
4.464810e-01 	1.098945e-02 
4.467120e-01 	1.098180e-02 
4.469430e-01 	1.097414e-02 
4.471750e-01 	1.096646e-02 
4.474060e-01 	1.095882e-02 
4.476380e-01 	1.095116e-02 
4.478690e-01 	1.094353e-02 
4.481010e-01 	1.093587e-02 
4.483320e-01 	1.092826e-02 
4.485640e-01 	1.092062e-02 
4.487950e-01 	1.091301e-02 
4.490270e-01 	1.090538e-02 
4.492580e-01 	1.089779e-02 
4.494890e-01 	1.089020e-02 
4.497210e-01 	1.088259e-02 
4.499520e-01 	1.087502e-02 
4.501840e-01 	1.086742e-02 
4.504150e-01 	1.085985e-02 
4.506470e-01 	1.085226e-02 
4.508780e-01 	1.084471e-02 
4.511100e-01 	1.083713e-02 
4.513410e-01 	1.082959e-02 
4.515730e-01 	1.082203e-02 
4.518040e-01 	1.081450e-02 
4.520350e-01 	1.080698e-02 
4.522670e-01 	1.079943e-02 
4.524980e-01 	1.079192e-02 
4.527300e-01 	1.078438e-02 
4.529610e-01 	1.077688e-02 
4.531930e-01 	1.076935e-02 
4.534240e-01 	1.076186e-02 
4.536560e-01 	1.075434e-02 
4.538870e-01 	1.074686e-02 
4.541180e-01 	1.073939e-02 
4.543500e-01 	1.073189e-02 
4.545810e-01 	1.072443e-02 
4.548130e-01 	1.071694e-02 
4.550440e-01 	1.070949e-02 
4.552760e-01 	1.070201e-02 
4.555070e-01 	1.069457e-02 
4.557390e-01 	1.068710e-02 
4.559700e-01 	1.067967e-02 
4.562020e-01 	1.067222e-02 
4.564330e-01 	1.066480e-02 
4.566640e-01 	1.065738e-02 
4.568960e-01 	1.064994e-02 
4.571270e-01 	1.064254e-02 
4.573590e-01 	1.063511e-02 
4.575900e-01 	1.062772e-02 
4.578220e-01 	1.062030e-02 
4.580530e-01 	1.061292e-02 
4.582850e-01 	1.060551e-02 
4.585160e-01 	1.059814e-02 
4.587480e-01 	1.059074e-02 
4.589790e-01 	1.058338e-02 
4.592100e-01 	1.057602e-02 
4.594420e-01 	1.056864e-02 
4.596730e-01 	1.056130e-02 
4.599050e-01 	1.055393e-02 
4.601360e-01 	1.054659e-02 
4.603680e-01 	1.053923e-02 
4.605990e-01 	1.053191e-02 
4.608310e-01 	1.052456e-02 
4.610620e-01 	1.051725e-02 
4.612940e-01 	1.050991e-02 
4.615250e-01 	1.050261e-02 
4.617560e-01 	1.049531e-02 
4.619880e-01 	1.048799e-02 
4.622190e-01 	1.048070e-02 
4.624510e-01 	1.047339e-02 
4.626820e-01 	1.046611e-02 
4.629140e-01 	1.045881e-02 
4.631450e-01 	1.045155e-02 
4.633770e-01 	1.044426e-02 
4.636080e-01 	1.043700e-02 
4.638400e-01 	1.042972e-02 
4.640710e-01 	1.042248e-02 
4.643020e-01 	1.041524e-02 
4.645340e-01 	1.040798e-02 
4.647650e-01 	1.040075e-02 
4.649970e-01 	1.039350e-02 
4.652280e-01 	1.038628e-02 
4.654600e-01 	1.037904e-02 
4.656910e-01 	1.037183e-02 
4.659230e-01 	1.036460e-02 
4.661540e-01 	1.035741e-02 
4.663850e-01 	1.035022e-02 
4.666170e-01 	1.034300e-02 
4.668480e-01 	1.033582e-02 
4.670800e-01 	1.032862e-02 
4.673110e-01 	1.032145e-02 
4.675430e-01 	1.031426e-02 
4.677740e-01 	1.030710e-02 
4.680060e-01 	1.029992e-02 
4.682370e-01 	1.029277e-02 
4.684690e-01 	1.028560e-02 
4.687000e-01 	1.027846e-02 
4.689310e-01 	1.027133e-02 
4.691630e-01 	1.026417e-02 
4.693940e-01 	1.025705e-02 
4.696260e-01 	1.024991e-02 
4.698570e-01 	1.024280e-02 
4.700890e-01 	1.023567e-02 
4.703200e-01 	1.022857e-02 
4.705520e-01 	1.022145e-02 
4.707830e-01 	1.021436e-02 
4.710150e-01 	1.020725e-02 
4.712460e-01 	1.020017e-02 
4.714770e-01 	1.019310e-02 
4.717090e-01 	1.018601e-02 
4.719400e-01 	1.017895e-02 
4.721720e-01 	1.017187e-02 
4.724030e-01 	1.016482e-02 
4.726350e-01 	1.015775e-02 
4.728660e-01 	1.015071e-02 
4.730980e-01 	1.014365e-02 
4.733290e-01 	1.013662e-02 
4.735610e-01 	1.012957e-02 
4.737920e-01 	1.012256e-02 
4.740230e-01 	1.011555e-02 
4.742550e-01 	1.010852e-02 
4.744860e-01 	1.010153e-02 
4.747180e-01 	1.009451e-02 
4.749490e-01 	1.008752e-02 
4.751810e-01 	1.008051e-02 
4.754120e-01 	1.007354e-02 
4.756440e-01 	1.006654e-02 
4.758750e-01 	1.005958e-02 
4.761070e-01 	1.005260e-02 
4.763380e-01 	1.004565e-02 
4.765690e-01 	1.003871e-02 
4.768010e-01 	1.003174e-02 
4.770320e-01 	1.002481e-02 
4.772640e-01 	1.001786e-02 
4.774950e-01 	1.001094e-02 
4.777270e-01 	1.000400e-02 
4.779580e-01 	9.997093e-03 
4.781900e-01 	9.990165e-03 
4.784210e-01 	9.983272e-03 
4.786530e-01 	9.976357e-03 
4.788840e-01 	9.969477e-03 
4.791150e-01 	9.962604e-03 
4.793470e-01 	9.955708e-03 
4.795780e-01 	9.948848e-03 
4.798100e-01 	9.941965e-03 
4.800410e-01 	9.935119e-03 
4.802730e-01 	9.928250e-03 
4.805040e-01 	9.921417e-03 
4.807360e-01 	9.914561e-03 
4.809670e-01 	9.907742e-03 
4.811980e-01 	9.900930e-03 
4.814300e-01 	9.894095e-03 
4.816610e-01 	9.887297e-03 
4.818930e-01 	9.880477e-03 
4.821240e-01 	9.873693e-03 
4.823560e-01 	9.866887e-03 
4.825870e-01 	9.860117e-03 
4.828190e-01 	9.853326e-03 
4.830500e-01 	9.846571e-03 
4.832820e-01 	9.839794e-03 
4.835130e-01 	9.833054e-03 
4.837440e-01 	9.826322e-03 
4.839760e-01 	9.819567e-03 
4.842070e-01 	9.812850e-03 
4.844390e-01 	9.806111e-03 
4.846700e-01 	9.799409e-03 
4.849020e-01 	9.792685e-03 
4.851330e-01 	9.785998e-03 
4.853650e-01 	9.779291e-03 
4.855960e-01 	9.772619e-03 
4.858280e-01 	9.765927e-03 
4.860590e-01 	9.759272e-03 
4.862900e-01 	9.752624e-03 
4.865220e-01 	9.745956e-03 
4.867530e-01 	9.739324e-03 
4.869850e-01 	9.732672e-03 
4.872160e-01 	9.726056e-03 
4.874480e-01 	9.719420e-03 
4.876790e-01 	9.712820e-03 
4.879110e-01 	9.706200e-03 
4.881420e-01 	9.699616e-03 
4.883740e-01 	9.693011e-03 
4.886050e-01 	9.686443e-03 
4.888360e-01 	9.679882e-03 
4.890680e-01 	9.673301e-03 
4.892990e-01 	9.666756e-03 
4.895310e-01 	9.660191e-03 
4.897620e-01 	9.653661e-03 
4.899940e-01 	9.647110e-03 
4.902250e-01 	9.640594e-03 
4.904570e-01 	9.634058e-03 
4.906880e-01 	9.627556e-03 
4.909200e-01 	9.621033e-03 
4.911510e-01 	9.614545e-03 
4.913820e-01 	9.608064e-03 
4.916140e-01 	9.601560e-03 
4.918450e-01 	9.595091e-03 
4.920770e-01 	9.588600e-03 
4.923080e-01 	9.582143e-03 
4.925400e-01 	9.575664e-03 
4.927710e-01 	9.569218e-03 
4.930030e-01 	9.562749e-03 
4.932340e-01 	9.556313e-03 
4.934650e-01 	9.549882e-03 
4.936970e-01 	9.543429e-03 
4.939280e-01 	9.537007e-03 
4.941600e-01 	9.530562e-03 
4.943910e-01 	9.524149e-03 
4.946230e-01 	9.517713e-03 
4.948540e-01 	9.511307e-03 
4.950860e-01 	9.504878e-03 
4.953170e-01 	9.498480e-03 
4.955490e-01 	9.492058e-03 
4.957800e-01 	9.485666e-03 
4.960110e-01 	9.479277e-03 
4.962430e-01 	9.472863e-03 
4.964740e-01 	9.466480e-03 
4.967060e-01 	9.460071e-03 
4.969370e-01 	9.453692e-03 
4.971690e-01 	9.447287e-03 
4.974000e-01 	9.440911e-03 
4.976320e-01 	9.434510e-03 
4.978630e-01 	9.428138e-03 
4.980950e-01 	9.421739e-03 
4.983260e-01 	9.415369e-03 
4.985570e-01 	9.408999e-03 
4.987890e-01 	9.402603e-03 
4.990200e-01 	9.396235e-03 
4.992520e-01 	9.389839e-03 
4.994830e-01 	9.383471e-03 
4.997150e-01 	9.377076e-03 
4.999460e-01 	9.370708e-03 
