#q 	 Ifit_avg 
5.352000e-03 	1.000000e+00 
5.651000e-03 	9.980410e-01 
5.950000e-03 	9.960808e-01 
6.249000e-03 	9.941182e-01 
6.548000e-03 	9.921520e-01 
6.847000e-03 	9.901808e-01 
7.146000e-03 	9.882030e-01 
7.445000e-03 	9.862184e-01 
7.744000e-03 	9.842260e-01 
8.043000e-03 	9.822224e-01 
8.342000e-03 	9.802092e-01 
8.641000e-03 	9.781824e-01 
8.940000e-03 	9.761428e-01 
9.239000e-03 	9.740885e-01 
9.538000e-03 	9.720183e-01 
9.837000e-03 	9.699309e-01 
1.013600e-02 	9.678266e-01 
1.043500e-02 	9.657013e-01 
1.073400e-02 	9.635552e-01 
1.103300e-02 	9.613870e-01 
1.133200e-02 	9.591956e-01 
1.163100e-02 	9.569796e-01 
1.193000e-02 	9.547380e-01 
1.222900e-02 	9.524693e-01 
1.252800e-02 	9.501725e-01 
1.282700e-02 	9.478463e-01 
1.312600e-02 	9.454894e-01 
1.342500e-02 	9.431007e-01 
1.372400e-02 	9.406789e-01 
1.402300e-02 	9.382227e-01 
1.432200e-02 	9.357311e-01 
1.462100e-02 	9.332027e-01 
1.492000e-02 	9.306363e-01 
1.521900e-02 	9.280308e-01 
1.551800e-02 	9.253851e-01 
1.581700e-02 	9.226981e-01 
1.611600e-02 	9.199687e-01 
1.641500e-02 	9.171960e-01 
1.671400e-02 	9.143792e-01 
1.701300e-02 	9.115174e-01 
1.731200e-02 	9.086101e-01 
1.761100e-02 	9.056567e-01 
1.791000e-02 	9.026568e-01 
1.820900e-02 	8.996101e-01 
1.850800e-02 	8.965165e-01 
1.880700e-02 	8.933760e-01 
1.910600e-02 	8.901887e-01 
1.940500e-02 	8.869549e-01 
1.970400e-02 	8.836748e-01 
2.000300e-02 	8.803491e-01 
2.030200e-02 	8.769783e-01 
2.060100e-02 	8.735631e-01 
2.090000e-02 	8.701043e-01 
2.119900e-02 	8.666027e-01 
2.149800e-02 	8.630594e-01 
2.179700e-02 	8.594754e-01 
2.209600e-02 	8.558516e-01 
2.239500e-02 	8.521893e-01 
2.269400e-02 	8.484896e-01 
2.299300e-02 	8.447538e-01 
2.329200e-02 	8.409831e-01 
2.359100e-02 	8.371788e-01 
2.389000e-02 	8.333420e-01 
2.418900e-02 	8.294740e-01 
2.448800e-02 	8.255763e-01 
2.478700e-02 	8.216499e-01 
2.508600e-02 	8.176963e-01 
2.538500e-02 	8.137167e-01 
2.568400e-02 	8.097124e-01 
2.598300e-02 	8.056846e-01 
2.628200e-02 	8.016345e-01 
2.658100e-02 	7.975633e-01 
2.688000e-02 	7.934724e-01 
2.717900e-02 	7.893627e-01 
2.747800e-02 	7.852357e-01 
2.777700e-02 	7.810923e-01 
2.807600e-02 	7.769337e-01 
2.837500e-02 	7.727610e-01 
2.867400e-02 	7.685753e-01 
2.897300e-02 	7.643777e-01 
2.927200e-02 	7.601692e-01 
2.957100e-02 	7.559508e-01 
2.987000e-02 	7.517235e-01 
3.016900e-02 	7.474883e-01 
3.046800e-02 	7.432461e-01 
3.076700e-02 	7.389979e-01 
3.106600e-02 	7.347445e-01 
3.136500e-02 	7.304868e-01 
3.166400e-02 	7.262256e-01 
3.196300e-02 	7.219619e-01 
3.226200e-02 	7.176965e-01 
3.256100e-02 	7.134300e-01 
3.286000e-02 	7.091631e-01 
3.315900e-02 	7.048968e-01 
3.345800e-02 	7.006316e-01 
3.375700e-02 	6.963684e-01 
3.405600e-02 	6.921077e-01 
3.435500e-02 	6.878503e-01 
3.465400e-02 	6.835966e-01 
3.495300e-02 	6.793475e-01 
3.525200e-02 	6.751033e-01 
3.555100e-02 	6.708647e-01 
3.585000e-02 	6.666324e-01 
3.614900e-02 	6.624069e-01 
3.644800e-02 	6.581886e-01 
3.674700e-02 	6.539782e-01 
3.704600e-02 	6.497760e-01 
3.734500e-02 	6.455826e-01 
3.764400e-02 	6.413984e-01 
3.794300e-02 	6.372238e-01 
3.824200e-02 	6.330594e-01 
3.854100e-02 	6.289056e-01 
3.884000e-02 	6.247629e-01 
3.913900e-02 	6.206316e-01 
3.943800e-02 	6.165120e-01 
3.973700e-02 	6.124047e-01 
4.003600e-02 	6.083099e-01 
4.033500e-02 	6.042280e-01 
4.063400e-02 	6.001594e-01 
4.093300e-02 	5.961044e-01 
4.123200e-02 	5.920634e-01 
4.153100e-02 	5.880366e-01 
4.183000e-02 	5.840245e-01 
4.212900e-02 	5.800273e-01 
4.242800e-02 	5.760454e-01 
4.272700e-02 	5.720790e-01 
4.302600e-02 	5.681284e-01 
4.332500e-02 	5.641940e-01 
4.362400e-02 	5.602758e-01 
4.392300e-02 	5.563743e-01 
4.422200e-02 	5.524897e-01 
4.452100e-02 	5.486222e-01 
4.482000e-02 	5.447722e-01 
4.511900e-02 	5.409398e-01 
4.541800e-02 	5.371252e-01 
4.571700e-02 	5.333288e-01 
4.601600e-02 	5.295506e-01 
4.631500e-02 	5.257910e-01 
4.661400e-02 	5.220500e-01 
4.691300e-02 	5.183280e-01 
4.721200e-02 	5.146251e-01 
4.751100e-02 	5.109415e-01 
4.781000e-02 	5.072774e-01 
4.810900e-02 	5.036329e-01 
4.840800e-02 	5.000083e-01 
4.870700e-02 	4.964036e-01 
4.900600e-02 	4.928191e-01 
4.930500e-02 	4.892549e-01 
4.960400e-02 	4.857110e-01 
4.990300e-02 	4.821877e-01 
5.020200e-02 	4.786850e-01 
5.050100e-02 	4.752030e-01 
5.080000e-02 	4.717420e-01 
5.109900e-02 	4.683020e-01 
5.139800e-02 	4.648832e-01 
5.169700e-02 	4.614856e-01 
5.199600e-02 	4.581093e-01 
5.229500e-02 	4.547544e-01 
5.259400e-02 	4.514210e-01 
5.289300e-02 	4.481091e-01 
5.319200e-02 	4.448187e-01 
5.349100e-02 	4.415500e-01 
5.379000e-02 	4.383030e-01 
5.408900e-02 	4.350778e-01 
5.438800e-02 	4.318744e-01 
5.468700e-02 	4.286929e-01 
5.498600e-02 	4.255334e-01 
5.528500e-02 	4.223958e-01 
5.558400e-02 	4.192801e-01 
5.588300e-02 	4.161865e-01 
5.618200e-02 	4.131148e-01 
5.648100e-02 	4.100651e-01 
5.678000e-02 	4.070374e-01 
5.707900e-02 	4.040317e-01 
5.737800e-02 	4.010480e-01 
5.767700e-02 	3.980863e-01 
5.797600e-02 	3.951466e-01 
5.827500e-02 	3.922290e-01 
5.857400e-02 	3.893333e-01 
5.887300e-02 	3.864596e-01 
5.917200e-02 	3.836077e-01 
5.947100e-02 	3.807777e-01 
5.977000e-02 	3.779696e-01 
6.006900e-02 	3.751831e-01 
6.036800e-02 	3.724184e-01 
6.066700e-02 	3.696753e-01 
6.096600e-02 	3.669539e-01 
6.126500e-02 	3.642541e-01 
6.156400e-02 	3.615758e-01 
6.186300e-02 	3.589191e-01 
6.216200e-02 	3.562838e-01 
6.246100e-02 	3.536699e-01 
6.276000e-02 	3.510772e-01 
6.306000e-02 	3.484972e-01 
6.335800e-02 	3.459554e-01 
6.365800e-02 	3.434175e-01 
6.395600e-02 	3.409174e-01 
6.425500e-02 	3.384297e-01 
6.455500e-02 	3.359545e-01 
6.485300e-02 	3.335164e-01 
6.515300e-02 	3.310825e-01 
6.545100e-02 	3.286852e-01 
6.575100e-02 	3.262923e-01 
6.604900e-02 	3.239356e-01 
6.634900e-02 	3.215833e-01 
6.664700e-02 	3.192667e-01 
6.694700e-02 	3.169547e-01 
6.724500e-02 	3.146778e-01 
6.754400e-02 	3.124130e-01 
6.784400e-02 	3.101603e-01 
6.814200e-02 	3.079420e-01 
6.844200e-02 	3.057283e-01 
6.874000e-02 	3.035484e-01 
6.904000e-02 	3.013731e-01 
6.933800e-02 	2.992311e-01 
6.963800e-02 	2.970937e-01 
6.993600e-02 	2.949892e-01 
7.023600e-02 	2.928893e-01 
7.053400e-02 	2.908217e-01 
7.083300e-02 	2.887655e-01 
7.113300e-02 	2.867207e-01 
7.143100e-02 	2.847077e-01 
7.173100e-02 	2.826992e-01 
7.202900e-02 	2.807219e-01 
7.232900e-02 	2.787491e-01 
7.262700e-02 	2.768070e-01 
7.292700e-02 	2.748693e-01 
7.322500e-02 	2.729619e-01 
7.352500e-02 	2.710588e-01 
7.382400e-02 	2.691790e-01 
7.412200e-02 	2.673224e-01 
7.442200e-02 	2.654700e-01 
7.472000e-02 	2.636465e-01 
7.502000e-02 	2.618272e-01 
7.531800e-02 	2.600363e-01 
7.561800e-02 	2.582496e-01 
7.591600e-02 	2.564908e-01 
7.621600e-02 	2.547361e-01 
7.651400e-02 	2.530089e-01 
7.681400e-02 	2.512857e-01 
7.711300e-02 	2.495839e-01 
7.741100e-02 	2.479030e-01 
7.771100e-02 	2.462261e-01 
7.800900e-02 	2.445754e-01 
7.830900e-02 	2.429287e-01 
7.860700e-02 	2.413077e-01 
7.890700e-02 	2.396906e-01 
7.920500e-02 	2.380987e-01 
7.950500e-02 	2.365105e-01 
7.980300e-02 	2.349472e-01 
8.010200e-02 	2.333927e-01 
8.040200e-02 	2.318471e-01 
8.070000e-02 	2.303257e-01 
8.100000e-02 	2.288078e-01 
8.129900e-02 	2.273087e-01 
8.159800e-02 	2.258231e-01 
8.189700e-02 	2.243508e-01 
8.219600e-02 	2.228919e-01 
8.249500e-02 	2.214460e-01 
8.279400e-02 	2.200132e-01 
8.309300e-02 	2.185932e-01 
8.339200e-02 	2.171859e-01 
8.369100e-02 	2.157913e-01 
8.399000e-02 	2.144091e-01 
8.428900e-02 	2.130392e-01 
8.458800e-02 	2.116815e-01 
8.488700e-02 	2.103359e-01 
8.518600e-02 	2.090023e-01 
8.548500e-02 	2.076805e-01 
8.578400e-02 	2.063705e-01 
8.608300e-02 	2.050721e-01 
8.638200e-02 	2.037852e-01 
8.668100e-02 	2.025097e-01 
8.698000e-02 	2.012456e-01 
8.727900e-02 	1.999926e-01 
8.757800e-02 	1.987508e-01 
8.787700e-02 	1.975200e-01 
8.817600e-02 	1.963000e-01 
8.847500e-02 	1.950909e-01 
8.877400e-02 	1.938924e-01 
8.907300e-02 	1.927045e-01 
8.937200e-02 	1.915270e-01 
8.967100e-02 	1.903599e-01 
8.997000e-02 	1.892029e-01 
9.026900e-02 	1.880561e-01 
9.056800e-02 	1.869192e-01 
9.086700e-02 	1.857921e-01 
9.116600e-02 	1.846749e-01 
9.146500e-02 	1.835672e-01 
9.176400e-02 	1.824692e-01 
9.206300e-02 	1.813806e-01 
9.236200e-02 	1.803015e-01 
9.266100e-02 	1.792316e-01 
9.296000e-02 	1.781709e-01 
9.325900e-02 	1.771194e-01 
9.355800e-02 	1.760769e-01 
9.385700e-02 	1.750433e-01 
9.415600e-02 	1.740186e-01 
9.445500e-02 	1.730026e-01 
9.475400e-02 	1.719954e-01 
9.505300e-02 	1.709967e-01 
9.535200e-02 	1.700065e-01 
9.565100e-02 	1.690247e-01 
9.595000e-02 	1.680512e-01 
9.624900e-02 	1.670859e-01 
9.654800e-02 	1.661287e-01 
9.684700e-02 	1.651796e-01 
9.714600e-02 	1.642384e-01 
9.744500e-02 	1.633051e-01 
9.774400e-02 	1.623795e-01 
9.804300e-02 	1.614616e-01 
9.834200e-02 	1.605513e-01 
9.864100e-02 	1.596486e-01 
9.894000e-02 	1.587533e-01 
9.923900e-02 	1.578655e-01 
9.953800e-02 	1.569849e-01 
9.983700e-02 	1.561117e-01 
1.001400e-01 	1.552341e-01 
1.004300e-01 	1.544009e-01 
1.007300e-01 	1.535461e-01 
1.010300e-01 	1.526982e-01 
1.013300e-01 	1.518573e-01 
1.016300e-01 	1.510233e-01 
1.019300e-01 	1.501960e-01 
1.022300e-01 	1.493755e-01 
1.025300e-01 	1.485617e-01 
1.028300e-01 	1.477544e-01 
1.031300e-01 	1.469536e-01 
1.034300e-01 	1.461593e-01 
1.037200e-01 	1.453975e-01 
1.040200e-01 	1.446156e-01 
1.043200e-01 	1.438399e-01 
1.046200e-01 	1.430704e-01 
1.049200e-01 	1.423070e-01 
1.052200e-01 	1.415496e-01 
1.055200e-01 	1.407982e-01 
1.058200e-01 	1.400527e-01 
1.061200e-01 	1.393131e-01 
1.064100e-01 	1.386037e-01 
1.067100e-01 	1.378755e-01 
1.070100e-01 	1.371530e-01 
1.073100e-01 	1.364362e-01 
1.076100e-01 	1.357250e-01 
1.079100e-01 	1.350194e-01 
1.082100e-01 	1.343192e-01 
1.085100e-01 	1.336245e-01 
1.088100e-01 	1.329352e-01 
1.091100e-01 	1.322512e-01 
1.094100e-01 	1.315725e-01 
1.097000e-01 	1.309214e-01 
1.100000e-01 	1.302529e-01 
1.103000e-01 	1.295896e-01 
1.106000e-01 	1.289313e-01 
1.109000e-01 	1.282780e-01 
1.112000e-01 	1.276297e-01 
1.115000e-01 	1.269863e-01 
1.118000e-01 	1.263477e-01 
1.121000e-01 	1.257139e-01 
1.123900e-01 	1.251057e-01 
1.126900e-01 	1.244812e-01 
1.129900e-01 	1.238613e-01 
1.132900e-01 	1.232460e-01 
1.135900e-01 	1.226354e-01 
1.138900e-01 	1.220293e-01 
1.141900e-01 	1.214276e-01 
1.144900e-01 	1.208305e-01 
1.147900e-01 	1.202378e-01 
1.150900e-01 	1.196495e-01 
1.153900e-01 	1.190656e-01 
1.156800e-01 	1.185052e-01 
1.159800e-01 	1.179298e-01 
1.162800e-01 	1.173586e-01 
1.165800e-01 	1.167916e-01 
1.168800e-01 	1.162287e-01 
1.171800e-01 	1.156700e-01 
1.174800e-01 	1.151153e-01 
1.177800e-01 	1.145647e-01 
1.180800e-01 	1.140181e-01 
1.183700e-01 	1.134934e-01 
1.186700e-01 	1.129545e-01 
1.189700e-01 	1.124194e-01 
1.192700e-01 	1.118882e-01 
1.195700e-01 	1.113608e-01 
1.198700e-01 	1.108371e-01 
1.201700e-01 	1.103171e-01 
1.204700e-01 	1.098009e-01 
1.207700e-01 	1.092883e-01 
1.210700e-01 	1.087793e-01 
1.213700e-01 	1.082739e-01 
1.216600e-01 	1.077887e-01 
1.219600e-01 	1.072903e-01 
1.222600e-01 	1.067954e-01 
1.225600e-01 	1.063039e-01 
1.228600e-01 	1.058159e-01 
1.231600e-01 	1.053312e-01 
1.234600e-01 	1.048500e-01 
1.237600e-01 	1.043722e-01 
1.240600e-01 	1.038976e-01 
1.243500e-01 	1.034421e-01 
1.246500e-01 	1.029740e-01 
1.249500e-01 	1.025092e-01 
1.252500e-01 	1.020476e-01 
1.255500e-01 	1.015892e-01 
1.258500e-01 	1.011340e-01 
1.261500e-01 	1.006818e-01 
1.264500e-01 	1.002328e-01 
1.267500e-01 	9.978680e-02 
1.270500e-01 	9.934385e-02 
1.273500e-01 	9.890391e-02 
1.276400e-01 	9.848147e-02 
1.279400e-01 	9.804736e-02 
1.282400e-01 	9.761619e-02 
1.285400e-01 	9.718793e-02 
1.288400e-01 	9.676256e-02 
1.291400e-01 	9.634007e-02 
1.294400e-01 	9.592042e-02 
1.297400e-01 	9.550359e-02 
1.300400e-01 	9.508957e-02 
1.303400e-01 	9.467833e-02 
1.306300e-01 	9.428342e-02 
1.309300e-01 	9.387759e-02 
1.312300e-01 	9.347447e-02 
1.315300e-01 	9.307404e-02 
1.318300e-01 	9.267628e-02 
1.321300e-01 	9.228117e-02 
1.324300e-01 	9.188869e-02 
1.327300e-01 	9.149882e-02 
1.330300e-01 	9.111152e-02 
1.333200e-01 	9.073957e-02 
1.336200e-01 	9.035730e-02 
1.339200e-01 	8.997755e-02 
1.342200e-01 	8.960030e-02 
1.345200e-01 	8.922553e-02 
1.348200e-01 	8.885322e-02 
1.351200e-01 	8.848335e-02 
1.354200e-01 	8.811590e-02 
1.357200e-01 	8.775084e-02 
1.360200e-01 	8.738816e-02 
1.363100e-01 	8.703982e-02 
1.366100e-01 	8.668175e-02 
1.369100e-01 	8.632600e-02 
1.372100e-01 	8.597255e-02 
1.375100e-01 	8.562137e-02 
1.378100e-01 	8.527244e-02 
1.381100e-01 	8.492573e-02 
1.384100e-01 	8.458123e-02 
1.387100e-01 	8.423893e-02 
1.390100e-01 	8.389879e-02 
1.393100e-01 	8.356082e-02 
1.396000e-01 	8.323614e-02 
1.399000e-01 	8.290237e-02 
1.402000e-01 	8.257070e-02 
1.405000e-01 	8.224113e-02 
1.408000e-01 	8.191364e-02 
1.411000e-01 	8.158821e-02 
1.414000e-01 	8.126483e-02 
1.417000e-01 	8.094348e-02 
1.420000e-01 	8.062416e-02 
1.423000e-01 	8.030684e-02 
1.425900e-01 	8.000199e-02 
1.428900e-01 	7.968857e-02 
1.431900e-01 	7.937712e-02 
1.434900e-01 	7.906762e-02 
1.437900e-01 	7.876005e-02 
1.440900e-01 	7.845441e-02 
1.443900e-01 	7.815068e-02 
1.446900e-01 	7.784885e-02 
1.449900e-01 	7.754890e-02 
1.452800e-01 	7.726073e-02 
1.455800e-01 	7.696445e-02 
1.458800e-01 	7.667002e-02 
1.461800e-01 	7.637743e-02 
1.464800e-01 	7.608666e-02 
1.467800e-01 	7.579771e-02 
1.470800e-01 	7.551055e-02 
1.473800e-01 	7.522518e-02 
1.476800e-01 	7.494157e-02 
1.479800e-01 	7.465972e-02 
1.482700e-01 	7.438891e-02 
1.485700e-01 	7.411044e-02 
1.488700e-01 	7.383368e-02 
1.491700e-01 	7.355861e-02 
1.494700e-01 	7.328520e-02 
1.497700e-01 	7.301345e-02 
1.500700e-01 	7.274333e-02 
1.503700e-01 	7.247483e-02 
1.506700e-01 	7.220794e-02 
1.509700e-01 	7.194264e-02 
1.512700e-01 	7.167891e-02 
1.515600e-01 	7.142547e-02 
1.518600e-01 	7.116481e-02 
1.521600e-01 	7.090569e-02 
1.524600e-01 	7.064809e-02 
1.527600e-01 	7.039202e-02 
1.530600e-01 	7.013744e-02 
1.533600e-01 	6.988436e-02 
1.536600e-01 	6.963275e-02 
1.539600e-01 	6.938262e-02 
1.542600e-01 	6.913394e-02 
1.545500e-01 	6.889493e-02 
1.548500e-01 	6.864910e-02 
1.551500e-01 	6.840470e-02 
1.554500e-01 	6.816172e-02 
1.557500e-01 	6.792016e-02 
1.560500e-01 	6.768001e-02 
1.563500e-01 	6.744126e-02 
1.566500e-01 	6.720390e-02 
1.569500e-01 	6.696793e-02 
1.572400e-01 	6.674113e-02 
1.575400e-01 	6.650786e-02 
1.578400e-01 	6.627595e-02 
1.581400e-01 	6.604539e-02 
1.584400e-01 	6.581617e-02 
1.587400e-01 	6.558829e-02 
1.590400e-01 	6.536172e-02 
1.593400e-01 	6.513647e-02 
1.596400e-01 	6.491251e-02 
1.599400e-01 	6.468984e-02 
1.602300e-01 	6.447581e-02 
1.605300e-01 	6.425564e-02 
1.608300e-01 	6.403673e-02 
1.611300e-01 	6.381907e-02 
1.614300e-01 	6.360263e-02 
1.617300e-01 	6.338743e-02 
1.620300e-01 	6.317343e-02 
1.623300e-01 	6.296065e-02 
1.626300e-01 	6.274905e-02 
1.629300e-01 	6.253863e-02 
1.632300e-01 	6.232939e-02 
1.635200e-01 	6.212823e-02 
1.638200e-01 	6.192127e-02 
1.641200e-01 	6.171545e-02 
1.644200e-01 	6.151077e-02 
1.647200e-01 	6.130723e-02 
1.650200e-01 	6.110480e-02 
1.653200e-01 	6.090349e-02 
1.656200e-01 	6.070329e-02 
1.659200e-01 	6.050418e-02 
1.662200e-01 	6.030616e-02 
1.665100e-01 	6.011578e-02 
1.668100e-01 	5.991988e-02 
1.671100e-01 	5.972505e-02 
1.674100e-01 	5.953128e-02 
1.677100e-01 	5.933856e-02 
1.680100e-01 	5.914687e-02 
1.683100e-01 	5.895622e-02 
1.686100e-01 	5.876659e-02 
1.689100e-01 	5.857798e-02 
1.692000e-01 	5.839661e-02 
1.695000e-01 	5.820997e-02 
1.698000e-01 	5.802432e-02 
1.701000e-01 	5.783966e-02 
1.704000e-01 	5.765598e-02 
1.707000e-01 	5.747328e-02 
1.710000e-01 	5.729154e-02 
1.713000e-01 	5.711076e-02 
1.716000e-01 	5.693093e-02 
1.719000e-01 	5.675206e-02 
1.721900e-01 	5.658004e-02 
1.724900e-01 	5.640301e-02 
1.727900e-01 	5.622690e-02 
1.730900e-01 	5.605172e-02 
1.733900e-01 	5.587745e-02 
1.736900e-01 	5.570409e-02 
1.739900e-01 	5.553163e-02 
1.742900e-01 	5.536006e-02 
1.745900e-01 	5.518938e-02 
1.748900e-01 	5.501957e-02 
1.751900e-01 	5.485064e-02 
1.754800e-01 	5.468815e-02 
1.757800e-01 	5.452091e-02 
1.760800e-01 	5.435452e-02 
1.763800e-01 	5.418898e-02 
1.766800e-01 	5.402429e-02 
1.769800e-01 	5.386043e-02 
1.772800e-01 	5.369741e-02 
1.775800e-01 	5.353521e-02 
1.778800e-01 	5.337384e-02 
1.781800e-01 	5.321328e-02 
1.784700e-01 	5.305885e-02 
1.787700e-01 	5.289989e-02 
1.790700e-01 	5.274174e-02 
1.793700e-01 	5.258438e-02 
1.796700e-01 	5.242781e-02 
1.799700e-01 	5.227202e-02 
1.802700e-01 	5.211702e-02 
1.805700e-01 	5.196279e-02 
1.808700e-01 	5.180933e-02 
1.811600e-01 	5.166172e-02 
1.814600e-01 	5.150976e-02 
1.817600e-01 	5.135855e-02 
1.820600e-01 	5.120810e-02 
1.823600e-01 	5.105839e-02 
1.826600e-01 	5.090942e-02 
1.829600e-01 	5.076119e-02 
1.832600e-01 	5.061368e-02 
1.835600e-01 	5.046690e-02 
1.838600e-01 	5.032083e-02 
1.841600e-01 	5.017548e-02 
1.844500e-01 	5.003565e-02 
1.847500e-01 	4.989169e-02 
1.850500e-01 	4.974843e-02 
1.853500e-01 	4.960585e-02 
1.856500e-01 	4.946397e-02 
1.859500e-01 	4.932277e-02 
1.862500e-01 	4.918225e-02 
1.865500e-01 	4.904240e-02 
1.868500e-01 	4.890322e-02 
1.871500e-01 	4.876470e-02 
1.874400e-01 	4.863142e-02 
1.877400e-01 	4.849419e-02 
1.880400e-01 	4.835761e-02 
1.883400e-01 	4.822167e-02 
1.886400e-01 	4.808637e-02 
1.889400e-01 	4.795171e-02 
1.892400e-01 	4.781768e-02 
1.895400e-01 	4.768428e-02 
1.898400e-01 	4.755150e-02 
1.901300e-01 	4.742373e-02 
1.904300e-01 	4.729217e-02 
1.907300e-01 	4.716123e-02 
1.910300e-01 	4.703089e-02 
1.913300e-01 	4.690116e-02 
1.916300e-01 	4.677204e-02 
1.919300e-01 	4.664352e-02 
1.922300e-01 	4.651559e-02 
1.925300e-01 	4.638826e-02 
1.928300e-01 	4.626152e-02 
1.931200e-01 	4.613957e-02 
1.934200e-01 	4.601399e-02 
1.937200e-01 	4.588898e-02 
1.940200e-01 	4.576456e-02 
1.943200e-01 	4.564071e-02 
1.946200e-01 	4.551743e-02 
1.949200e-01 	4.539472e-02 
1.952200e-01 	4.527258e-02 
1.955200e-01 	4.515099e-02 
1.958200e-01 	4.502997e-02 
1.961200e-01 	4.490950e-02 
1.964100e-01 	4.479357e-02 
1.967100e-01 	4.467419e-02 
1.970100e-01 	4.455535e-02 
1.973100e-01 	4.443705e-02 
1.976100e-01 	4.431929e-02 
1.979100e-01 	4.420207e-02 
1.982100e-01 	4.408538e-02 
1.985100e-01 	4.396922e-02 
1.988100e-01 	4.385359e-02 
1.991100e-01 	4.373848e-02 
1.994000e-01 	4.362770e-02 
1.997000e-01 	4.351360e-02 
2.000000e-01 	4.340002e-02 
2.003000e-01 	4.328695e-02 
2.006000e-01 	4.317439e-02 
2.009000e-01 	4.306233e-02 
2.012000e-01 	4.295077e-02 
2.015000e-01 	4.283970e-02 
2.018000e-01 	4.272913e-02 
2.020900e-01 	4.262271e-02 
2.023900e-01 	4.251310e-02 
2.026900e-01 	4.240397e-02 
2.029900e-01 	4.229533e-02 
2.032900e-01 	4.218716e-02 
2.035900e-01 	4.207946e-02 
2.038900e-01 	4.197224e-02 
2.041900e-01 	4.186548e-02 
2.044900e-01 	4.175920e-02 
2.047900e-01 	4.165337e-02 
2.050800e-01 	4.155151e-02 
2.053800e-01 	4.144659e-02 
2.056800e-01 	4.134213e-02 
2.059800e-01 	4.123812e-02 
2.062800e-01 	4.113457e-02 
2.065800e-01 	4.103146e-02 
2.068800e-01 	4.092880e-02 
2.071800e-01 	4.082659e-02 
2.074800e-01 	4.072482e-02 
2.077800e-01 	4.062349e-02 
2.080800e-01 	4.052260e-02 
2.083700e-01 	4.042549e-02 
2.086700e-01 	4.032546e-02 
2.089700e-01 	4.022585e-02 
2.092700e-01 	4.012668e-02 
2.095700e-01 	4.002794e-02 
2.098700e-01 	3.992962e-02 
2.101700e-01 	3.983172e-02 
2.104700e-01 	3.973424e-02 
2.107700e-01 	3.963718e-02 
2.110700e-01 	3.954054e-02 
2.113600e-01 	3.944751e-02 
2.116600e-01 	3.935168e-02 
2.119600e-01 	3.925625e-02 
2.122600e-01 	3.916124e-02 
2.125600e-01 	3.906663e-02 
2.128600e-01 	3.897242e-02 
2.131600e-01 	3.887861e-02 
2.134600e-01 	3.878520e-02 
2.137600e-01 	3.869218e-02 
2.140500e-01 	3.860264e-02 
2.143500e-01 	3.851040e-02 
2.146500e-01 	3.841854e-02 
2.149500e-01 	3.832707e-02 
2.152500e-01 	3.823598e-02 
2.155500e-01 	3.814528e-02 
2.158500e-01 	3.805496e-02 
2.161500e-01 	3.796501e-02 
2.164500e-01 	3.787544e-02 
2.167500e-01 	3.778625e-02 
2.170400e-01 	3.770038e-02 
2.173400e-01 	3.761191e-02 
2.176400e-01 	3.752381e-02 
2.179400e-01 	3.743608e-02 
2.182400e-01 	3.734871e-02 
2.185400e-01 	3.726170e-02 
2.188400e-01 	3.717504e-02 
2.191400e-01 	3.708875e-02 
2.194400e-01 	3.700281e-02 
2.197400e-01 	3.691721e-02 
2.200400e-01 	3.683197e-02 
2.203300e-01 	3.674990e-02 
2.206300e-01 	3.666534e-02 
2.209300e-01 	3.658112e-02 
2.212300e-01 	3.649724e-02 
2.215300e-01 	3.641371e-02 
2.218300e-01 	3.633050e-02 
2.221300e-01 	3.624764e-02 
2.224300e-01 	3.616511e-02 
2.227300e-01 	3.608291e-02 
2.230300e-01 	3.600104e-02 
2.233200e-01 	3.592222e-02 
2.236200e-01 	3.584100e-02 
2.239200e-01 	3.576010e-02 
2.242200e-01 	3.567953e-02 
2.245200e-01 	3.559928e-02 
2.248200e-01 	3.551935e-02 
2.251200e-01 	3.543974e-02 
2.254200e-01 	3.536045e-02 
2.257200e-01 	3.528147e-02 
2.260100e-01 	3.520543e-02 
2.263100e-01 	3.512706e-02 
2.266100e-01 	3.504901e-02 
2.269100e-01 	3.497126e-02 
2.272100e-01 	3.489383e-02 
2.275100e-01 	3.481669e-02 
2.278100e-01 	3.473986e-02 
2.281100e-01 	3.466332e-02 
2.284100e-01 	3.458709e-02 
2.287100e-01 	3.451115e-02 
2.290000e-01 	3.443803e-02 
2.293000e-01 	3.436267e-02 
2.296000e-01 	3.428760e-02 
2.299000e-01 	3.421282e-02 
2.302000e-01 	3.413833e-02 
2.305000e-01 	3.406412e-02 
2.308000e-01 	3.399020e-02 
2.311000e-01 	3.391657e-02 
2.314000e-01 	3.384321e-02 
2.317000e-01 	3.377014e-02 
2.320000e-01 	3.369734e-02 
2.322900e-01 	3.362724e-02 
2.325900e-01 	3.355498e-02 
2.328900e-01 	3.348300e-02 
2.331900e-01 	3.341130e-02 
2.334900e-01 	3.333986e-02 
2.337900e-01 	3.326869e-02 
2.340900e-01 	3.319779e-02 
2.343900e-01 	3.312715e-02 
2.346900e-01 	3.305678e-02 
2.349800e-01 	3.298900e-02 
2.352800e-01 	3.291914e-02 
2.355800e-01 	3.284954e-02 
2.358800e-01 	3.278020e-02 
2.361800e-01 	3.271111e-02 
2.364800e-01 	3.264227e-02 
2.367800e-01 	3.257369e-02 
2.370800e-01 	3.250535e-02 
2.373800e-01 	3.243727e-02 
2.376800e-01 	3.236943e-02 
2.379700e-01 	3.230408e-02 
2.382700e-01 	3.223672e-02 
2.385700e-01 	3.216960e-02 
2.388700e-01 	3.210272e-02 
2.391700e-01 	3.203608e-02 
2.394700e-01 	3.196968e-02 
2.397700e-01 	3.190352e-02 
2.400700e-01 	3.183759e-02 
2.403700e-01 	3.177189e-02 
2.406700e-01 	3.170642e-02 
2.409700e-01 	3.164119e-02 
2.412600e-01 	3.157834e-02 
2.415600e-01 	3.151355e-02 
2.418600e-01 	3.144899e-02 
2.421600e-01 	3.138465e-02 
2.424600e-01 	3.132053e-02 
2.427600e-01 	3.125664e-02 
2.430600e-01 	3.119296e-02 
2.433600e-01 	3.112950e-02 
2.436600e-01 	3.106626e-02 
2.439600e-01 	3.100324e-02 
2.442500e-01 	3.094252e-02 
2.445500e-01 	3.087991e-02 
2.448500e-01 	3.081751e-02 
2.451500e-01 	3.075533e-02 
2.454500e-01 	3.069335e-02 
2.457500e-01 	3.063158e-02 
2.460500e-01 	3.057002e-02 
2.463500e-01 	3.050866e-02 
2.466500e-01 	3.044751e-02 
2.469400e-01 	3.038858e-02 
2.472400e-01 	3.032783e-02 
2.475400e-01 	3.026727e-02 
2.478400e-01 	3.020691e-02 
2.481400e-01 	3.014675e-02 
2.484400e-01 	3.008678e-02 
2.487400e-01 	3.002701e-02 
2.490400e-01 	2.996744e-02 
2.493400e-01 	2.990806e-02 
2.496400e-01 	2.984887e-02 
2.499300e-01 	2.979183e-02 
2.502300e-01 	2.973301e-02 
2.505300e-01 	2.967439e-02 
2.508300e-01 	2.961595e-02 
2.511300e-01 	2.955769e-02 
2.514300e-01 	2.949963e-02 
2.517300e-01 	2.944174e-02 
2.520300e-01 	2.938404e-02 
2.523300e-01 	2.932652e-02 
2.526300e-01 	2.926918e-02 
2.529300e-01 	2.921202e-02 
2.532200e-01 	2.915694e-02 
2.535200e-01 	2.910013e-02 
2.538200e-01 	2.904350e-02 
2.541200e-01 	2.898704e-02 
2.544200e-01 	2.893076e-02 
2.547200e-01 	2.887465e-02 
2.550200e-01 	2.881871e-02 
2.553200e-01 	2.876294e-02 
2.556200e-01 	2.870734e-02 
2.559200e-01 	2.865191e-02 
2.562200e-01 	2.859665e-02 
2.565100e-01 	2.854339e-02 
2.568100e-01 	2.848846e-02 
2.571100e-01 	2.843369e-02 
2.574100e-01 	2.837908e-02 
2.577100e-01 	2.832463e-02 
2.580100e-01 	2.827035e-02 
2.583100e-01 	2.821623e-02 
2.586100e-01 	2.816226e-02 
2.589100e-01 	2.810846e-02 
2.592100e-01 	2.805481e-02 
2.595000e-01 	2.800310e-02 
2.598000e-01 	2.794975e-02 
2.601000e-01 	2.789656e-02 
2.604000e-01 	2.784353e-02 
2.607000e-01 	2.779064e-02 
2.610000e-01 	2.773791e-02 
2.613000e-01 	2.768533e-02 
2.616000e-01 	2.763290e-02 
2.619000e-01 	2.758061e-02 
2.622000e-01 	2.752848e-02 
2.624900e-01 	2.747823e-02 
2.627900e-01 	2.742638e-02 
2.630900e-01 	2.737468e-02 
2.633900e-01 	2.732313e-02 
2.636900e-01 	2.727172e-02 
2.639900e-01 	2.722046e-02 
2.642900e-01 	2.716934e-02 
2.645900e-01 	2.711836e-02 
2.648900e-01 	2.706752e-02 
2.651900e-01 	2.701683e-02 
2.654800e-01 	2.696796e-02 
2.657800e-01 	2.691754e-02 
2.660800e-01 	2.686726e-02 
2.663800e-01 	2.681712e-02 
2.666800e-01 	2.676712e-02 
2.669800e-01 	2.671725e-02 
2.672800e-01 	2.666753e-02 
2.675800e-01 	2.661794e-02 
2.678800e-01 	2.656848e-02 
2.681700e-01 	2.652081e-02 
2.684700e-01 	2.647162e-02 
2.687700e-01 	2.642257e-02 
2.690700e-01 	2.637365e-02 
2.693700e-01 	2.632486e-02 
2.696700e-01 	2.627621e-02 
2.699700e-01 	2.622769e-02 
2.702700e-01 	2.617930e-02 
2.705700e-01 	2.613104e-02 
2.708700e-01 	2.608291e-02 
2.711600e-01 	2.603651e-02 
2.714600e-01 	2.598864e-02 
2.717600e-01 	2.594090e-02 
2.720600e-01 	2.589328e-02 
2.723600e-01 	2.584579e-02 
2.726600e-01 	2.579843e-02 
2.729600e-01 	2.575119e-02 
2.732600e-01 	2.570408e-02 
2.735600e-01 	2.565710e-02 
2.738600e-01 	2.561024e-02 
2.741500e-01 	2.556506e-02 
2.744500e-01 	2.551844e-02 
2.747500e-01 	2.547194e-02 
2.750500e-01 	2.542557e-02 
2.753500e-01 	2.537932e-02 
2.756500e-01 	2.533319e-02 
2.759500e-01 	2.528718e-02 
2.762500e-01 	2.524129e-02 
2.765500e-01 	2.519552e-02 
2.768500e-01 	2.514987e-02 
2.771400e-01 	2.510585e-02 
2.774400e-01 	2.506044e-02 
2.777400e-01 	2.501514e-02 
2.780400e-01 	2.496995e-02 
2.783400e-01 	2.492488e-02 
2.786400e-01 	2.487993e-02 
2.789400e-01 	2.483510e-02 
2.792400e-01 	2.479038e-02 
2.795400e-01 	2.474577e-02 
2.798400e-01 	2.470128e-02 
2.801400e-01 	2.465690e-02 
2.804300e-01 	2.461411e-02 
2.807300e-01 	2.456996e-02 
2.810300e-01 	2.452592e-02 
2.813300e-01 	2.448199e-02 
2.816300e-01 	2.443817e-02 
2.819300e-01 	2.439447e-02 
2.822300e-01 	2.435087e-02 
2.825300e-01 	2.430739e-02 
2.828300e-01 	2.426402e-02 
2.831300e-01 	2.422076e-02 
2.834200e-01 	2.417905e-02 
2.837200e-01 	2.413601e-02 
2.840200e-01 	2.409307e-02 
2.843200e-01 	2.405025e-02 
2.846200e-01 	2.400753e-02 
2.849200e-01 	2.396493e-02 
2.852200e-01 	2.392243e-02 
2.855200e-01 	2.388004e-02 
2.858200e-01 	2.383776e-02 
2.861200e-01 	2.379558e-02 
2.864100e-01 	2.375491e-02 
2.867100e-01 	2.371295e-02 
2.870100e-01 	2.367109e-02 
2.873100e-01 	2.362934e-02 
2.876100e-01 	2.358769e-02 
2.879100e-01 	2.354615e-02 
2.882100e-01 	2.350471e-02 
2.885100e-01 	2.346338e-02 
2.888100e-01 	2.342215e-02 
2.891100e-01 	2.338103e-02 
2.894000e-01 	2.334137e-02 
2.897000e-01 	2.330045e-02 
2.900000e-01 	2.325964e-02 
2.903000e-01 	2.321892e-02 
2.906000e-01 	2.317831e-02 
2.909000e-01 	2.313780e-02 
2.912000e-01 	2.309739e-02 
2.915000e-01 	2.305709e-02 
2.918000e-01 	2.301688e-02 
2.920900e-01 	2.297811e-02 
2.923900e-01 	2.293811e-02 
2.926900e-01 	2.289820e-02 
2.929900e-01 	2.285839e-02 
2.932900e-01 	2.281868e-02 
2.935900e-01 	2.277908e-02 
2.938900e-01 	2.273957e-02 
2.941900e-01 	2.270016e-02 
2.944900e-01 	2.266084e-02 
2.947900e-01 	2.262163e-02 
2.950800e-01 	2.258381e-02 
2.953800e-01 	2.254479e-02 
2.956800e-01 	2.250586e-02 
2.959800e-01 	2.246703e-02 
2.962800e-01 	2.242830e-02 
2.965800e-01 	2.238966e-02 
2.968800e-01 	2.235112e-02 
2.971800e-01 	2.231267e-02 
2.974800e-01 	2.227432e-02 
2.977800e-01 	2.223607e-02 
2.980700e-01 	2.219917e-02 
2.983700e-01 	2.216110e-02 
2.986700e-01 	2.212313e-02 
2.989700e-01 	2.208524e-02 
2.992700e-01 	2.204745e-02 
2.995700e-01 	2.200976e-02 
2.998700e-01 	2.197215e-02 
3.001700e-01 	2.193464e-02 
3.004700e-01 	2.189722e-02 
3.007700e-01 	2.185990e-02 
3.010700e-01 	2.182266e-02 
3.013600e-01 	2.178675e-02 
3.016600e-01 	2.174970e-02 
3.019600e-01 	2.171273e-02 
3.022600e-01 	2.167586e-02 
3.025600e-01 	2.163907e-02 
3.028600e-01 	2.160238e-02 
3.031600e-01 	2.156577e-02 
3.034600e-01 	2.152926e-02 
3.037600e-01 	2.149283e-02 
3.040600e-01 	2.145649e-02 
3.043500e-01 	2.142144e-02 
3.046500e-01 	2.138528e-02 
3.049500e-01 	2.134920e-02 
3.052500e-01 	2.131321e-02 
3.055500e-01 	2.127731e-02 
3.058500e-01 	2.124149e-02 
3.061500e-01 	2.120576e-02 
3.064500e-01 	2.117012e-02 
3.067500e-01 	2.113456e-02 
3.070500e-01 	2.109909e-02 
3.073400e-01 	2.106488e-02 
3.076400e-01 	2.102957e-02 
3.079400e-01 	2.099436e-02 
3.082400e-01 	2.095922e-02 
3.085400e-01 	2.092417e-02 
3.088400e-01 	2.088921e-02 
3.091400e-01 	2.085433e-02 
3.094400e-01 	2.081953e-02 
3.097400e-01 	2.078482e-02 
3.100400e-01 	2.075019e-02 
3.103300e-01 	2.071679e-02 
3.106300e-01 	2.068232e-02 
3.109300e-01 	2.064794e-02 
3.112300e-01 	2.061363e-02 
3.115300e-01 	2.057941e-02 
3.118300e-01 	2.054527e-02 
3.121300e-01 	2.051121e-02 
3.124300e-01 	2.047724e-02 
3.127300e-01 	2.044334e-02 
3.130200e-01 	2.041065e-02 
3.133200e-01 	2.037692e-02 
3.136200e-01 	2.034326e-02 
3.139200e-01 	2.030968e-02 
3.142200e-01 	2.027618e-02 
3.145200e-01 	2.024276e-02 
3.148200e-01 	2.020942e-02 
3.151200e-01 	2.017616e-02 
3.154200e-01 	2.014298e-02 
3.157200e-01 	2.010988e-02 
3.160100e-01 	2.007795e-02 
3.163100e-01 	2.004500e-02 
3.166100e-01 	2.001212e-02 
3.169100e-01 	1.997933e-02 
3.172100e-01 	1.994661e-02 
3.175100e-01 	1.991396e-02 
3.178100e-01 	1.988139e-02 
3.181100e-01 	1.984890e-02 
3.184100e-01 	1.981649e-02 
3.187100e-01 	1.978415e-02 
3.190000e-01 	1.975296e-02 
3.193000e-01 	1.972077e-02 
3.196000e-01 	1.968865e-02 
3.199000e-01 	1.965660e-02 
3.202000e-01 	1.962464e-02 
3.205000e-01 	1.959274e-02 
3.208000e-01 	1.956092e-02 
3.211000e-01 	1.952917e-02 
3.214000e-01 	1.949750e-02 
3.217000e-01 	1.946590e-02 
3.219900e-01 	1.943542e-02 
3.222900e-01 	1.940396e-02 
3.225900e-01 	1.937257e-02 
3.228900e-01 	1.934126e-02 
3.231900e-01 	1.931002e-02 
3.234900e-01 	1.927885e-02 
3.237900e-01 	1.924775e-02 
3.240900e-01 	1.921672e-02 
3.243900e-01 	1.918577e-02 
3.246900e-01 	1.915488e-02 
3.249900e-01 	1.912407e-02 
3.252800e-01 	1.909435e-02 
3.255800e-01 	1.906368e-02 
3.258800e-01 	1.903307e-02 
3.261800e-01 	1.900254e-02 
3.264800e-01 	1.897207e-02 
3.267800e-01 	1.894168e-02 
3.270800e-01 	1.891135e-02 
3.273800e-01 	1.888109e-02 
3.276800e-01 	1.885091e-02 
3.279800e-01 	1.882079e-02 
3.282700e-01 	1.879174e-02 
3.285700e-01 	1.876175e-02 
3.288700e-01 	1.873184e-02 
3.291700e-01 	1.870199e-02 
3.294700e-01 	1.867221e-02 
3.297700e-01 	1.864250e-02 
3.300700e-01 	1.861285e-02 
3.303700e-01 	1.858328e-02 
3.306700e-01 	1.855377e-02 
3.309700e-01 	1.852432e-02 
3.312600e-01 	1.849593e-02 
3.315600e-01 	1.846661e-02 
3.318600e-01 	1.843737e-02 
3.321600e-01 	1.840819e-02 
3.324600e-01 	1.837908e-02 
3.327600e-01 	1.835003e-02 
3.330600e-01 	1.832105e-02 
3.333600e-01 	1.829214e-02 
3.336600e-01 	1.826329e-02 
3.339600e-01 	1.823450e-02 
3.342500e-01 	1.820674e-02 
3.345500e-01 	1.817808e-02 
3.348500e-01 	1.814949e-02 
3.351500e-01 	1.812096e-02 
3.354500e-01 	1.809249e-02 
3.357500e-01 	1.806410e-02 
3.360500e-01 	1.803576e-02 
3.363500e-01 	1.800749e-02 
3.366500e-01 	1.797928e-02 
3.369400e-01 	1.795207e-02 
3.372400e-01 	1.792399e-02 
3.375400e-01 	1.789597e-02 
3.378400e-01 	1.786801e-02 
3.381400e-01 	1.784012e-02 
3.384400e-01 	1.781229e-02 
3.387400e-01 	1.778452e-02 
3.390400e-01 	1.775681e-02 
3.393400e-01 	1.772917e-02 
3.396400e-01 	1.770158e-02 
3.399300e-01 	1.767498e-02 
3.402300e-01 	1.764752e-02 
3.405300e-01 	1.762012e-02 
3.408300e-01 	1.759278e-02 
3.411300e-01 	1.756551e-02 
3.414300e-01 	1.753829e-02 
3.417300e-01 	1.751114e-02 
3.420300e-01 	1.748404e-02 
3.423300e-01 	1.745701e-02 
3.426300e-01 	1.743004e-02 
3.429200e-01 	1.740402e-02 
3.432200e-01 	1.737717e-02 
3.435200e-01 	1.735038e-02 
3.438200e-01 	1.732364e-02 
3.441200e-01 	1.729697e-02 
3.444200e-01 	1.727036e-02 
3.447200e-01 	1.724380e-02 
3.450200e-01 	1.721730e-02 
3.453200e-01 	1.719087e-02 
3.456200e-01 	1.716449e-02 
3.459100e-01 	1.713904e-02 
3.462100e-01 	1.711278e-02 
3.465100e-01 	1.708657e-02 
3.468100e-01 	1.706043e-02 
3.471100e-01 	1.703434e-02 
3.474100e-01 	1.700830e-02 
3.477100e-01 	1.698233e-02 
3.480100e-01 	1.695641e-02 
3.483100e-01 	1.693055e-02 
3.486100e-01 	1.690475e-02 
3.489100e-01 	1.687900e-02 
3.492000e-01 	1.685416e-02 
3.495000e-01 	1.682853e-02 
3.498000e-01 	1.680295e-02 
3.501000e-01 	1.677742e-02 
3.504000e-01 	1.675195e-02 
3.507000e-01 	1.672654e-02 
3.510000e-01 	1.670118e-02 
3.513000e-01 	1.667588e-02 
3.516000e-01 	1.665063e-02 
3.519000e-01 	1.662543e-02 
3.521900e-01 	1.660113e-02 
3.524900e-01 	1.657604e-02 
3.527900e-01 	1.655101e-02 
3.530900e-01 	1.652603e-02 
3.533900e-01 	1.650110e-02 
3.536900e-01 	1.647623e-02 
3.539900e-01 	1.645141e-02 
3.542900e-01 	1.642665e-02 
3.545900e-01 	1.640194e-02 
3.548900e-01 	1.637728e-02 
3.551800e-01 	1.635349e-02 
3.554800e-01 	1.632893e-02 
3.557800e-01 	1.630443e-02 
3.560800e-01 	1.627998e-02 
3.563800e-01 	1.625558e-02 
3.566800e-01 	1.623123e-02 
3.569800e-01 	1.620693e-02 
3.572800e-01 	1.618269e-02 
3.575800e-01 	1.615850e-02 
3.578700e-01 	1.613516e-02 
3.581700e-01 	1.611107e-02 
3.584700e-01 	1.608703e-02 
3.587700e-01 	1.606304e-02 
3.590700e-01 	1.603910e-02 
3.593700e-01 	1.601521e-02 
3.596700e-01 	1.599138e-02 
3.599700e-01 	1.596759e-02 
3.602700e-01 	1.594386e-02 
3.605700e-01 	1.592017e-02 
3.608600e-01 	1.589733e-02 
3.611600e-01 	1.587374e-02 
3.614600e-01 	1.585021e-02 
3.617600e-01 	1.582673e-02 
3.620600e-01 	1.580330e-02 
3.623600e-01 	1.577992e-02 
3.626600e-01 	1.575659e-02 
3.629600e-01 	1.573331e-02 
3.632600e-01 	1.571009e-02 
3.635600e-01 	1.568691e-02 
3.638500e-01 	1.566456e-02 
3.641500e-01 	1.564148e-02 
3.644500e-01 	1.561846e-02 
3.647500e-01 	1.559549e-02 
3.650500e-01 	1.557257e-02 
3.653500e-01 	1.554970e-02 
3.656500e-01 	1.552689e-02 
3.659500e-01 	1.550412e-02 
3.662500e-01 	1.548141e-02 
3.665500e-01 	1.545875e-02 
3.668400e-01 	1.543689e-02 
3.671400e-01 	1.541433e-02 
3.674400e-01 	1.539183e-02 
3.677400e-01 	1.536937e-02 
3.680400e-01 	1.534697e-02 
3.683400e-01 	1.532462e-02 
3.686400e-01 	1.530232e-02 
3.689400e-01 	1.528008e-02 
3.692400e-01 	1.525789e-02 
3.695400e-01 	1.523575e-02 
3.698400e-01 	1.521367e-02 
3.701300e-01 	1.519237e-02 
3.704300e-01 	1.517039e-02 
3.707300e-01 	1.514846e-02 
3.710300e-01 	1.512659e-02 
3.713300e-01 	1.510476e-02 
3.716300e-01 	1.508299e-02 
3.719300e-01 	1.506128e-02 
3.722300e-01 	1.503961e-02 
3.725300e-01 	1.501800e-02 
3.728300e-01 	1.499643e-02 
3.731200e-01 	1.497564e-02 
3.734200e-01 	1.495418e-02 
3.737200e-01 	1.493276e-02 
3.740200e-01 	1.491140e-02 
3.743200e-01 	1.489008e-02 
3.746200e-01 	1.486882e-02 
3.749200e-01 	1.484760e-02 
3.752200e-01 	1.482642e-02 
3.755200e-01 	1.480529e-02 
3.758200e-01 	1.478420e-02 
3.761100e-01 	1.476386e-02 
3.764100e-01 	1.474285e-02 
3.767100e-01 	1.472189e-02 
3.770100e-01 	1.470096e-02 
3.773100e-01 	1.468007e-02 
3.776100e-01 	1.465922e-02 
3.779100e-01 	1.463841e-02 
3.782100e-01 	1.461762e-02 
3.785100e-01 	1.459687e-02 
3.788100e-01 	1.457616e-02 
3.791000e-01 	1.455616e-02 
3.794000e-01 	1.453550e-02 
3.797000e-01 	1.451487e-02 
3.800000e-01 	1.449427e-02 
3.803000e-01 	1.447369e-02 
3.806000e-01 	1.445314e-02 
3.809000e-01 	1.443261e-02 
3.812000e-01 	1.441210e-02 
3.815000e-01 	1.439161e-02 
3.817900e-01 	1.437182e-02 
3.820900e-01 	1.435137e-02 
3.823900e-01 	1.433094e-02 
3.826900e-01 	1.431052e-02 
3.829900e-01 	1.429012e-02 
3.832900e-01 	1.426973e-02 
3.835900e-01 	1.424935e-02 
3.838900e-01 	1.422899e-02 
3.841900e-01 	1.420863e-02 
3.844900e-01 	1.418828e-02 
3.847800e-01 	1.416862e-02 
3.850800e-01 	1.414828e-02 
3.853800e-01 	1.412795e-02 
3.856800e-01 	1.410763e-02 
3.859800e-01 	1.408730e-02 
3.865800e-01 	1.404666e-02 
