#q 	 Ifit_avg 
9.738000e-03 	1.000000e+00 
1.001400e-02 	9.965490e-01 
1.029100e-02 	9.930979e-01 
1.056800e-02 	9.896449e-01 
1.084400e-02 	9.861878e-01 
1.112100e-02 	9.827280e-01 
1.139800e-02 	9.792621e-01 
1.167400e-02 	9.757916e-01 
1.195100e-02 	9.723143e-01 
1.222700e-02 	9.688279e-01 
1.250400e-02 	9.653341e-01 
1.278100e-02 	9.618304e-01 
1.305700e-02 	9.583148e-01 
1.333400e-02 	9.547887e-01 
1.361100e-02 	9.512486e-01 
1.388700e-02 	9.476962e-01 
1.416400e-02 	9.441291e-01 
1.444100e-02 	9.405451e-01 
1.471700e-02 	9.369458e-01 
1.499400e-02 	9.333289e-01 
1.527000e-02 	9.296921e-01 
1.554700e-02 	9.260371e-01 
1.582400e-02 	9.223616e-01 
1.610000e-02 	9.186632e-01 
1.637700e-02 	9.149437e-01 
1.665400e-02 	9.111994e-01 
1.693000e-02 	9.074320e-01 
1.720700e-02 	9.036392e-01 
1.748300e-02 	8.998186e-01 
1.776000e-02 	8.959721e-01 
1.803700e-02 	8.920972e-01 
1.831300e-02 	8.881916e-01 
1.859000e-02 	8.842572e-01 
1.886700e-02 	8.802902e-01 
1.914300e-02 	8.762928e-01 
1.942000e-02 	8.722625e-01 
1.969700e-02 	8.681973e-01 
1.997300e-02 	8.640996e-01 
2.025000e-02 	8.599673e-01 
2.052700e-02 	8.557986e-01 
2.080300e-02 	8.515964e-01 
2.108000e-02 	8.473575e-01 
2.135600e-02 	8.430851e-01 
2.163300e-02 	8.387778e-01 
2.191000e-02 	8.344345e-01 
2.218600e-02 	8.300588e-01 
2.246300e-02 	8.256497e-01 
2.274000e-02 	8.212064e-01 
2.301600e-02 	8.167330e-01 
2.329300e-02 	8.122288e-01 
2.357000e-02 	8.076932e-01 
2.384600e-02 	8.031307e-01 
2.412300e-02 	7.985391e-01 
2.439900e-02 	7.939231e-01 
2.467600e-02 	7.892822e-01 
2.495300e-02 	7.846163e-01 
2.522900e-02 	7.799301e-01 
2.550600e-02 	7.752233e-01 
2.578300e-02 	7.704957e-01 
2.605900e-02 	7.657523e-01 
2.633600e-02 	7.609911e-01 
2.661300e-02 	7.562170e-01 
2.688900e-02 	7.514298e-01 
2.716600e-02 	7.466294e-01 
2.744200e-02 	7.418206e-01 
2.771900e-02 	7.370032e-01 
2.799600e-02 	7.321769e-01 
2.827200e-02 	7.273467e-01 
2.854900e-02 	7.225105e-01 
2.882600e-02 	7.176731e-01 
2.910200e-02 	7.128343e-01 
2.937900e-02 	7.079935e-01 
2.965600e-02 	7.031556e-01 
2.993200e-02 	6.983201e-01 
3.020900e-02 	6.934864e-01 
3.048500e-02 	6.886593e-01 
3.076200e-02 	6.838365e-01 
3.103900e-02 	6.790224e-01 
3.131500e-02 	6.742165e-01 
3.159200e-02 	6.694180e-01 
3.186900e-02 	6.646314e-01 
3.214500e-02 	6.598560e-01 
3.242200e-02 	6.550909e-01 
3.269900e-02 	6.503405e-01 
3.297500e-02 	6.456038e-01 
3.325200e-02 	6.408801e-01 
3.352800e-02 	6.361735e-01 
3.380500e-02 	6.314813e-01 
3.408200e-02 	6.268077e-01 
3.435800e-02 	6.221515e-01 
3.463500e-02 	6.175119e-01 
3.491200e-02 	6.128927e-01 
3.518800e-02 	6.082930e-01 
3.546500e-02 	6.037115e-01 
3.574200e-02 	5.991522e-01 
3.601800e-02 	5.946122e-01 
3.629500e-02 	5.900953e-01 
3.657100e-02 	5.856005e-01 
3.684800e-02 	5.811264e-01 
3.712500e-02 	5.766768e-01 
3.740100e-02 	5.722504e-01 
3.767800e-02 	5.678461e-01 
3.795500e-02 	5.634674e-01 
3.823100e-02 	5.591115e-01 
3.850800e-02 	5.547819e-01 
3.878400e-02 	5.504773e-01 
3.906100e-02 	5.461965e-01 
3.933800e-02 	5.419427e-01 
3.961400e-02 	5.377149e-01 
3.989100e-02 	5.335116e-01 
4.016800e-02 	5.293363e-01 
4.044400e-02 	5.251874e-01 
4.072100e-02 	5.210639e-01 
4.099800e-02 	5.169688e-01 
4.127400e-02 	5.128994e-01 
4.155100e-02 	5.088587e-01 
4.182800e-02 	5.048456e-01 
4.210400e-02 	5.008587e-01 
4.238100e-02 	4.969009e-01 
4.265700e-02 	4.929710e-01 
4.293400e-02 	4.890678e-01 
4.321100e-02 	4.851940e-01 
4.348700e-02 	4.813471e-01 
4.376400e-02 	4.775298e-01 
4.404100e-02 	4.737409e-01 
4.431700e-02 	4.699792e-01 
4.459400e-02 	4.662473e-01 
4.487100e-02 	4.625439e-01 
4.514700e-02 	4.588678e-01 
4.542400e-02 	4.552217e-01 
4.570100e-02 	4.516029e-01 
4.597700e-02 	4.480142e-01 
4.625400e-02 	4.444542e-01 
4.653000e-02 	4.409216e-01 
4.680700e-02 	4.374190e-01 
4.708400e-02 	4.339450e-01 
4.736000e-02 	4.304985e-01 
4.763700e-02 	4.270819e-01 
4.791300e-02 	4.236940e-01 
4.819000e-02 	4.203334e-01 
4.846700e-02 	4.170026e-01 
4.874400e-02 	4.136992e-01 
4.902000e-02 	4.104253e-01 
4.929700e-02 	4.071799e-01 
4.957300e-02 	4.039616e-01 
4.985000e-02 	4.007727e-01 
5.012700e-02 	3.976121e-01 
5.040300e-02 	3.944784e-01 
5.068000e-02 	3.913738e-01 
5.095700e-02 	3.882961e-01 
5.123300e-02 	3.852473e-01 
5.151000e-02 	3.822261e-01 
5.178700e-02 	3.792315e-01 
5.206300e-02 	3.762655e-01 
5.234000e-02 	3.733269e-01 
5.261600e-02 	3.704145e-01 
5.289300e-02 	3.675302e-01 
5.317000e-02 	3.646719e-01 
5.344600e-02 	3.618414e-01 
5.372300e-02 	3.590377e-01 
5.400000e-02 	3.562595e-01 
5.427600e-02 	3.535087e-01 
5.455300e-02 	3.507842e-01 
5.483000e-02 	3.480848e-01 
5.510600e-02 	3.454123e-01 
5.538300e-02 	3.427657e-01 
5.565900e-02 	3.401437e-01 
5.593600e-02 	3.375481e-01 
5.621300e-02 	3.349768e-01 
5.648900e-02 	3.324315e-01 
5.676600e-02 	3.299112e-01 
5.704300e-02 	3.274146e-01 
5.731900e-02 	3.249436e-01 
5.759600e-02 	3.224969e-01 
5.787300e-02 	3.200736e-01 
5.814900e-02 	3.176751e-01 
5.842600e-02 	3.152996e-01 
5.870200e-02 	3.129485e-01 
5.897900e-02 	3.106209e-01 
5.925600e-02 	3.083156e-01 
5.953200e-02 	3.060342e-01 
5.980900e-02 	3.037756e-01 
6.008600e-02 	3.015388e-01 
6.036200e-02 	2.993253e-01 
6.063900e-02 	2.971332e-01 
6.091600e-02 	2.949639e-01 
6.119200e-02 	2.928165e-01 
6.146900e-02 	2.906899e-01 
6.174500e-02 	2.885855e-01 
6.202200e-02 	2.865023e-01 
6.229900e-02 	2.844394e-01 
6.257500e-02 	2.823980e-01 
6.285200e-02 	2.803772e-01 
6.312900e-02 	2.783762e-01 
6.340500e-02 	2.763961e-01 
6.368200e-02 	2.744353e-01 
6.395900e-02 	2.724950e-01 
6.423500e-02 	2.705743e-01 
6.451200e-02 	2.686722e-01 
6.478800e-02 	2.667901e-01 
6.506500e-02 	2.649269e-01 
6.534200e-02 	2.630818e-01 
6.561800e-02 	2.612560e-01 
6.589500e-02 	2.594480e-01 
6.617200e-02 	2.576588e-01 
6.644800e-02 	2.558876e-01 
6.672500e-02 	2.541335e-01 
6.700200e-02 	2.523977e-01 
6.727800e-02 	2.506793e-01 
6.755500e-02 	2.489773e-01 
6.783100e-02 	2.472930e-01 
6.810800e-02 	2.456249e-01 
6.838500e-02 	2.439740e-01 
6.866100e-02 	2.423396e-01 
6.893800e-02 	2.407207e-01 
6.921500e-02 	2.391186e-01 
6.949100e-02 	2.375323e-01 
6.976800e-02 	2.359611e-01 
7.004400e-02 	2.344059e-01 
7.032100e-02 	2.328661e-01 
7.059800e-02 	2.313408e-01 
7.087400e-02 	2.298310e-01 
7.115100e-02 	2.283354e-01 
7.142800e-02 	2.268550e-01 
7.170400e-02 	2.253890e-01 
7.198100e-02 	2.239367e-01 
7.225800e-02 	2.224990e-01 
7.253400e-02 	2.210751e-01 
7.281100e-02 	2.196645e-01 
7.308800e-02 	2.182680e-01 
7.336400e-02 	2.168844e-01 
7.364100e-02 	2.155145e-01 
7.391700e-02 	2.141577e-01 
7.419400e-02 	2.128134e-01 
7.447100e-02 	2.114824e-01 
7.474700e-02 	2.101640e-01 
7.502400e-02 	2.088575e-01 
7.530100e-02 	2.075638e-01 
7.557700e-02 	2.062818e-01 
7.585400e-02 	2.050123e-01 
7.613100e-02 	2.037547e-01 
7.640700e-02 	2.025083e-01 
7.668400e-02 	2.012740e-01 
7.696000e-02 	2.000511e-01 
7.723700e-02 	1.988391e-01 
7.751400e-02 	1.976387e-01 
7.779000e-02 	1.964494e-01 
7.806700e-02 	1.952705e-01 
7.834400e-02 	1.941028e-01 
7.862000e-02 	1.929453e-01 
7.889700e-02 	1.917988e-01 
7.917400e-02 	1.906627e-01 
7.945000e-02 	1.895364e-01 
7.972700e-02 	1.884207e-01 
8.000300e-02 	1.873150e-01 
8.028000e-02 	1.862189e-01 
8.055700e-02 	1.851329e-01 
8.083300e-02 	1.840563e-01 
8.111000e-02 	1.829896e-01 
8.138700e-02 	1.819323e-01 
8.166300e-02 	1.808840e-01 
8.194000e-02 	1.798453e-01 
8.221700e-02 	1.788157e-01 
8.249300e-02 	1.777947e-01 
8.277000e-02 	1.767831e-01 
8.304700e-02 	1.757799e-01 
8.332300e-02 	1.747858e-01 
8.360000e-02 	1.738004e-01 
8.387600e-02 	1.728231e-01 
8.415300e-02 	1.718547e-01 
8.443000e-02 	1.708946e-01 
8.470600e-02 	1.699425e-01 
8.498300e-02 	1.689988e-01 
8.526000e-02 	1.680633e-01 
8.553600e-02 	1.671353e-01 
8.581300e-02 	1.662156e-01 
8.608900e-02 	1.653033e-01 
8.636600e-02 	1.643991e-01 
8.664300e-02 	1.635025e-01 
8.691900e-02 	1.626131e-01 
8.719600e-02 	1.617316e-01 
8.747300e-02 	1.608575e-01 
8.774900e-02 	1.599904e-01 
8.802600e-02 	1.591309e-01 
8.830300e-02 	1.582782e-01 
8.857900e-02 	1.574330e-01 
8.885600e-02 	1.565947e-01 
8.913300e-02 	1.557631e-01 
8.940900e-02 	1.549386e-01 
8.968600e-02 	1.541209e-01 
8.996200e-02 	1.533096e-01 
9.023900e-02 	1.525052e-01 
9.051600e-02 	1.517072e-01 
9.079200e-02 	1.509159e-01 
9.106900e-02 	1.501311e-01 
9.134600e-02 	1.493523e-01 
9.162200e-02 	1.485802e-01 
9.189900e-02 	1.478143e-01 
9.217600e-02 	1.470544e-01 
9.245200e-02 	1.463008e-01 
9.272900e-02 	1.455533e-01 
9.300500e-02 	1.448115e-01 
9.328200e-02 	1.440759e-01 
9.355900e-02 	1.433459e-01 
9.383500e-02 	1.426220e-01 
9.411200e-02 	1.419038e-01 
9.438900e-02 	1.411910e-01 
9.466500e-02 	1.404841e-01 
9.494200e-02 	1.397828e-01 
9.521800e-02 	1.390868e-01 
9.549500e-02 	1.383965e-01 
9.577200e-02 	1.377114e-01 
9.604800e-02 	1.370319e-01 
9.632500e-02 	1.363578e-01 
9.660200e-02 	1.356887e-01 
9.687800e-02 	1.350250e-01 
9.715500e-02 	1.343666e-01 
9.743200e-02 	1.337130e-01 
9.770800e-02 	1.330647e-01 
9.798500e-02 	1.324212e-01 
9.826200e-02 	1.317828e-01 
9.853800e-02 	1.311494e-01 
9.881500e-02 	1.305207e-01 
9.909100e-02 	1.298969e-01 
9.936800e-02 	1.292780e-01 
9.964500e-02 	1.286636e-01 
9.992100e-02 	1.280541e-01 
1.001980e-01 	1.274490e-01 
1.004750e-01 	1.268479e-01 
1.007510e-01 	1.262536e-01 
1.010280e-01 	1.256616e-01 
1.013040e-01 	1.250763e-01 
1.015810e-01 	1.244932e-01 
1.018580e-01 	1.239146e-01 
1.021340e-01 	1.233424e-01 
1.024110e-01 	1.227725e-01 
1.026880e-01 	1.222068e-01 
1.029640e-01 	1.216473e-01 
1.032410e-01 	1.210901e-01 
1.035180e-01 	1.205369e-01 
1.037940e-01 	1.199899e-01 
1.040710e-01 	1.194450e-01 
1.043480e-01 	1.189042e-01 
1.046240e-01 	1.183693e-01 
1.049010e-01 	1.178365e-01 
1.051770e-01 	1.173094e-01 
1.054540e-01 	1.167844e-01 
1.057310e-01 	1.162633e-01 
1.060070e-01 	1.157478e-01 
1.062840e-01 	1.152343e-01 
1.065610e-01 	1.147246e-01 
1.068370e-01 	1.142203e-01 
1.071140e-01 	1.137180e-01 
1.073910e-01 	1.132192e-01 
1.076670e-01 	1.127259e-01 
1.079440e-01 	1.122344e-01 
1.082200e-01 	1.117482e-01 
1.084970e-01 	1.112637e-01 
1.087740e-01 	1.107827e-01 
1.090500e-01 	1.103069e-01 
1.093270e-01 	1.098327e-01 
1.096040e-01 	1.093620e-01 
1.098800e-01 	1.088963e-01 
1.101570e-01 	1.084323e-01 
1.104340e-01 	1.079715e-01 
1.107100e-01 	1.075157e-01 
1.109870e-01 	1.070614e-01 
1.112630e-01 	1.066120e-01 
1.115400e-01 	1.061642e-01 
1.118170e-01 	1.057195e-01 
1.120930e-01 	1.052796e-01 
1.123700e-01 	1.048411e-01 
1.126470e-01 	1.044058e-01 
1.129230e-01 	1.039750e-01 
1.132000e-01 	1.035457e-01 
1.134770e-01 	1.031194e-01 
1.137530e-01 	1.026975e-01 
1.140300e-01 	1.022771e-01 
1.143060e-01 	1.018610e-01 
1.145830e-01 	1.014463e-01 
1.148600e-01 	1.010345e-01 
1.151360e-01 	1.006269e-01 
1.154130e-01 	1.002207e-01 
1.156900e-01 	9.981722e-02 
1.159660e-01 	9.941795e-02 
1.162430e-01 	9.901995e-02 
1.165200e-01 	9.862467e-02 
1.167960e-01 	9.823349e-02 
1.170730e-01 	9.784356e-02 
1.173490e-01 	9.745768e-02 
1.176260e-01 	9.707303e-02 
1.179030e-01 	9.669098e-02 
1.181790e-01 	9.631289e-02 
1.184560e-01 	9.593598e-02 
1.187330e-01 	9.556160e-02 
1.190090e-01 	9.519107e-02 
1.192860e-01 	9.482167e-02 
1.195630e-01 	9.445472e-02 
1.198390e-01 	9.409152e-02 
1.201160e-01 	9.372940e-02 
1.203920e-01 	9.337096e-02 
1.206690e-01 	9.301357e-02 
1.209460e-01 	9.265852e-02 
1.212220e-01 	9.230705e-02 
1.214990e-01 	9.195661e-02 
1.217760e-01 	9.160845e-02 
1.220520e-01 	9.126379e-02 
1.223290e-01 	9.092012e-02 
1.226060e-01 	9.057867e-02 
1.228820e-01 	9.024066e-02 
1.231590e-01 	8.990362e-02 
1.234350e-01 	8.956995e-02 
1.237120e-01 	8.923723e-02 
1.239890e-01 	8.890665e-02 
1.242650e-01 	8.857937e-02 
1.245420e-01 	8.825299e-02 
1.248190e-01 	8.792870e-02 
1.250950e-01 	8.760762e-02 
1.253720e-01 	8.728743e-02 
1.256490e-01 	8.696926e-02 
1.259250e-01 	8.665423e-02 
1.262020e-01 	8.634006e-02 
1.264780e-01 	8.602899e-02 
1.267550e-01 	8.571875e-02 
1.270320e-01 	8.541045e-02 
1.273080e-01 	8.510517e-02 
1.275850e-01 	8.480070e-02 
1.278620e-01 	8.449812e-02 
1.281380e-01 	8.419849e-02 
1.284150e-01 	8.389964e-02 
1.286920e-01 	8.360263e-02 
1.289680e-01 	8.330850e-02 
1.292450e-01 	8.301512e-02 
1.295210e-01 	8.272460e-02 
1.297980e-01 	8.243480e-02 
1.300750e-01 	8.214678e-02 
1.303510e-01 	8.186154e-02 
1.306280e-01 	8.157702e-02 
1.309050e-01 	8.129422e-02 
1.311810e-01 	8.101416e-02 
1.314580e-01 	8.073478e-02 
1.317350e-01 	8.045710e-02 
1.320110e-01 	8.018209e-02 
1.322880e-01 	7.990774e-02 
1.325640e-01 	7.963603e-02 
1.328410e-01 	7.936497e-02 
1.331180e-01 	7.909554e-02 
1.333940e-01 	7.882868e-02 
1.336710e-01 	7.856245e-02 
1.339480e-01 	7.829781e-02 
1.342240e-01 	7.803568e-02 
1.345010e-01 	7.777416e-02 
1.347780e-01 	7.751419e-02 
1.350540e-01 	7.725668e-02 
1.353310e-01 	7.699976e-02 
1.356070e-01 	7.674526e-02 
1.358840e-01 	7.649133e-02 
1.361610e-01 	7.623888e-02 
1.364370e-01 	7.598880e-02 
1.367140e-01 	7.573928e-02 
1.369910e-01 	7.549120e-02 
1.372670e-01 	7.524544e-02 
1.375440e-01 	7.500022e-02 
1.378210e-01 	7.475642e-02 
1.380970e-01 	7.451489e-02 
1.383740e-01 	7.427388e-02 
1.386500e-01 	7.403512e-02 
1.389270e-01 	7.379686e-02 
1.392040e-01 	7.355996e-02 
1.394800e-01 	7.332526e-02 
1.397570e-01 	7.309106e-02 
1.400340e-01 	7.285818e-02 
1.403100e-01 	7.262746e-02 
1.405870e-01 	7.239720e-02 
1.408640e-01 	7.216825e-02 
1.411400e-01 	7.194140e-02 
1.414170e-01 	7.171501e-02 
1.416940e-01 	7.148988e-02 
1.419700e-01 	7.126682e-02 
1.422470e-01 	7.104421e-02 
1.425230e-01 	7.082364e-02 
1.428000e-01 	7.060350e-02 
1.430770e-01 	7.038459e-02 
1.433530e-01 	7.016767e-02 
1.436300e-01 	6.995118e-02 
1.439070e-01 	6.973588e-02 
1.441830e-01 	6.952255e-02 
1.444600e-01 	6.930961e-02 
1.447370e-01 	6.909785e-02 
1.450130e-01 	6.888801e-02 
1.452900e-01 	6.867856e-02 
1.455660e-01 	6.847101e-02 
1.458430e-01 	6.826384e-02 
1.461200e-01 	6.805779e-02 
1.463960e-01 	6.785360e-02 
1.466730e-01 	6.764978e-02 
1.469500e-01 	6.744705e-02 
1.472260e-01 	6.724615e-02 
1.475030e-01 	6.704560e-02 
1.477800e-01 	6.684613e-02 
1.480560e-01 	6.664844e-02 
1.483330e-01 	6.645110e-02 
1.486090e-01 	6.625553e-02 
1.488860e-01 	6.606029e-02 
1.491630e-01 	6.586610e-02 
1.494390e-01 	6.567364e-02 
1.497160e-01 	6.548151e-02 
1.499930e-01 	6.529041e-02 
1.502690e-01 	6.510101e-02 
1.505460e-01 	6.491193e-02 
1.508230e-01 	6.472386e-02 
1.510990e-01 	6.453745e-02 
1.513760e-01 	6.435134e-02 
1.516520e-01 	6.416688e-02 
1.519290e-01 	6.398272e-02 
1.522060e-01 	6.379952e-02 
1.524820e-01 	6.361792e-02 
1.527590e-01 	6.343661e-02 
1.530360e-01 	6.325623e-02 
1.533120e-01 	6.307743e-02 
1.535890e-01 	6.289890e-02 
1.538660e-01 	6.272128e-02 
1.541420e-01 	6.254521e-02 
1.544190e-01 	6.236940e-02 
1.546950e-01 	6.219513e-02 
1.549720e-01 	6.202111e-02 
1.552490e-01 	6.184798e-02 
1.555250e-01 	6.167636e-02 
1.558020e-01 	6.150499e-02 
1.560790e-01 	6.133450e-02 
1.563550e-01 	6.116548e-02 
1.566320e-01 	6.099672e-02 
1.569090e-01 	6.082881e-02 
1.571850e-01 	6.066235e-02 
1.574620e-01 	6.049613e-02 
1.577380e-01 	6.033135e-02 
1.580150e-01 	6.016681e-02 
1.582920e-01 	6.000309e-02 
1.585680e-01 	5.984078e-02 
1.588450e-01 	5.967870e-02 
1.591220e-01 	5.951743e-02 
1.593980e-01 	5.935754e-02 
1.596750e-01 	5.919787e-02 
1.599520e-01 	5.903900e-02 
1.602280e-01 	5.888147e-02 
1.605050e-01 	5.872416e-02 
1.607810e-01 	5.856819e-02 
1.610580e-01 	5.841242e-02 
1.613350e-01 	5.825741e-02 
1.616110e-01 	5.810372e-02 
1.618880e-01 	5.795023e-02 
1.621650e-01 	5.779749e-02 
1.624410e-01 	5.764604e-02 
1.627180e-01 	5.749479e-02 
1.629950e-01 	5.734428e-02 
1.632710e-01 	5.719504e-02 
1.635480e-01 	5.704599e-02 
1.638240e-01 	5.689819e-02 
1.641010e-01 	5.675058e-02 
1.643780e-01 	5.660368e-02 
1.646540e-01 	5.645802e-02 
1.649310e-01 	5.631254e-02 
1.652080e-01 	5.616776e-02 
1.654840e-01 	5.602419e-02 
1.657610e-01 	5.588079e-02 
1.660380e-01 	5.573809e-02 
1.663140e-01 	5.559657e-02 
1.665910e-01 	5.545522e-02 
1.668670e-01 	5.531506e-02 
1.671440e-01 	5.517505e-02 
1.674210e-01 	5.503572e-02 
1.676970e-01 	5.489754e-02 
1.679740e-01 	5.475952e-02 
1.682510e-01 	5.462216e-02 
1.685270e-01 	5.448594e-02 
1.688040e-01 	5.434987e-02 
1.690810e-01 	5.421444e-02 
1.693570e-01 	5.408013e-02 
1.696340e-01 	5.394598e-02 
1.699100e-01 	5.381294e-02 
1.701870e-01 	5.368004e-02 
1.704640e-01 	5.354777e-02 
1.707400e-01 	5.341660e-02 
1.710170e-01 	5.328556e-02 
1.712940e-01 	5.315515e-02 
1.715700e-01 	5.302581e-02 
1.718470e-01 	5.289662e-02 
1.721240e-01 	5.276803e-02 
1.724000e-01 	5.264050e-02 
1.726770e-01 	5.251311e-02 
1.729530e-01 	5.238677e-02 
1.732300e-01 	5.226057e-02 
1.735070e-01 	5.213495e-02 
1.737830e-01 	5.201038e-02 
1.740600e-01 	5.188593e-02 
1.743370e-01 	5.176206e-02 
1.746130e-01 	5.163921e-02 
1.748900e-01 	5.151649e-02 
1.751670e-01 	5.139434e-02 
1.754430e-01 	5.127319e-02 
1.757200e-01 	5.115217e-02 
1.759960e-01 	5.103214e-02 
1.762730e-01 	5.091223e-02 
1.765500e-01 	5.079288e-02 
1.768260e-01 	5.067450e-02 
1.771030e-01 	5.055624e-02 
1.773800e-01 	5.043853e-02 
1.776560e-01 	5.032177e-02 
1.779330e-01 	5.020514e-02 
1.782100e-01 	5.008903e-02 
1.784860e-01 	4.997388e-02 
1.787630e-01 	4.985884e-02 
1.790400e-01 	4.974432e-02 
1.793160e-01 	4.963073e-02 
1.795930e-01 	4.951726e-02 
1.798690e-01 	4.940471e-02 
1.801460e-01 	4.929227e-02 
1.804230e-01 	4.918034e-02 
1.806990e-01 	4.906932e-02 
1.809760e-01 	4.895840e-02 
1.812530e-01 	4.884800e-02 
1.815290e-01 	4.873848e-02 
1.818060e-01 	4.862907e-02 
1.820830e-01 	4.852016e-02 
1.823590e-01 	4.841213e-02 
1.826360e-01 	4.830420e-02 
1.829120e-01 	4.819715e-02 
1.831890e-01 	4.809020e-02 
1.834660e-01 	4.798373e-02 
1.837420e-01 	4.787813e-02 
1.840190e-01 	4.777262e-02 
1.842960e-01 	4.766759e-02 
1.845720e-01 	4.756341e-02 
1.848490e-01 	4.745932e-02 
1.851260e-01 	4.735571e-02 
1.854020e-01 	4.725294e-02 
1.856790e-01 	4.715025e-02 
1.859550e-01 	4.704840e-02 
1.862320e-01 	4.694664e-02 
1.865090e-01 	4.684534e-02 
1.867850e-01 	4.674486e-02 
1.870620e-01 	4.664446e-02 
1.873390e-01 	4.654452e-02 
1.876150e-01 	4.644538e-02 
1.878920e-01 	4.634633e-02 
1.881690e-01 	4.624772e-02 
1.884450e-01 	4.614990e-02 
1.887220e-01 	4.605217e-02 
1.889980e-01 	4.595522e-02 
1.892750e-01 	4.585836e-02 
1.895520e-01 	4.576193e-02 
1.898280e-01 	4.566627e-02 
1.901050e-01 	4.557069e-02 
1.903820e-01 	4.547554e-02 
1.906580e-01 	4.538115e-02 
1.909350e-01 	4.528683e-02 
1.912120e-01 	4.519293e-02 
1.914880e-01 	4.509978e-02 
1.917650e-01 	4.500670e-02 
1.920410e-01 	4.491436e-02 
1.923180e-01 	4.482209e-02 
1.925950e-01 	4.473023e-02 
1.928710e-01 	4.463909e-02 
1.931480e-01 	4.454803e-02 
1.934250e-01 	4.445736e-02 
1.937010e-01 	4.436741e-02 
1.939780e-01 	4.427752e-02 
1.942550e-01 	4.418803e-02 
1.945310e-01 	4.409925e-02 
1.948080e-01 	4.401053e-02 
1.950840e-01 	4.392252e-02 
1.953610e-01 	4.383456e-02 
1.956380e-01 	4.374699e-02 
1.959140e-01 	4.366011e-02 
1.961910e-01 	4.357330e-02 
1.964680e-01 	4.348685e-02 
1.967440e-01 	4.340109e-02 
1.970210e-01 	4.331539e-02 
1.972980e-01 	4.323006e-02 
1.975740e-01 	4.314539e-02 
1.978510e-01 	4.306079e-02 
1.981270e-01 	4.297685e-02 
1.984040e-01 	4.289296e-02 
1.986810e-01 	4.280943e-02 
1.989570e-01 	4.272656e-02 
1.992340e-01 	4.264373e-02 
1.995110e-01 	4.256126e-02 
1.997870e-01 	4.247943e-02 
2.000640e-01 	4.239765e-02 
2.003410e-01 	4.231621e-02 
2.006170e-01 	4.223540e-02 
2.008940e-01 	4.215464e-02 
2.011700e-01 	4.207450e-02 
2.014470e-01 	4.199441e-02 
2.017240e-01 	4.191465e-02 
2.020000e-01 	4.183550e-02 
2.022770e-01 	4.175640e-02 
2.025540e-01 	4.167762e-02 
2.028300e-01 	4.159944e-02 
2.031070e-01 	4.152130e-02 
2.033840e-01 	4.144348e-02 
2.036600e-01 	4.136626e-02 
2.039370e-01 	4.128907e-02 
2.042130e-01 	4.121248e-02 
2.044900e-01 	4.113592e-02 
2.047670e-01 	4.105967e-02 
2.050430e-01 	4.098400e-02 
2.053200e-01 	4.090836e-02 
2.055970e-01 	4.083303e-02 
2.058730e-01 	4.075827e-02 
2.061500e-01 	4.068355e-02 
2.064270e-01 	4.060912e-02 
2.067030e-01 	4.053526e-02 
2.069800e-01 	4.046143e-02 
2.072560e-01 	4.038816e-02 
2.075330e-01 	4.031492e-02 
2.078100e-01 	4.024197e-02 
2.080860e-01 	4.016957e-02 
2.083630e-01 	4.009720e-02 
2.086400e-01 	4.002512e-02 
2.089160e-01 	3.995357e-02 
2.091930e-01 	3.988206e-02 
2.094700e-01 	3.981082e-02 
2.097460e-01 	3.974012e-02 
2.100230e-01 	3.966944e-02 
2.102990e-01 	3.959929e-02 
2.105760e-01 	3.952916e-02 
2.108530e-01 	3.945930e-02 
2.111290e-01 	3.938997e-02 
2.114060e-01 	3.932065e-02 
2.116830e-01 	3.925160e-02 
2.119590e-01 	3.918306e-02 
2.122360e-01 	3.911454e-02 
2.125130e-01 	3.904629e-02 
2.127890e-01 	3.897854e-02 
2.130660e-01 	3.891080e-02 
2.133420e-01 	3.884356e-02 
2.136190e-01 	3.877634e-02 
2.138960e-01 	3.870938e-02 
2.141720e-01 	3.864290e-02 
2.144490e-01 	3.857645e-02 
2.147260e-01 	3.851024e-02 
2.150020e-01 	3.844452e-02 
2.152790e-01 	3.837881e-02 
2.155560e-01 	3.831335e-02 
2.158320e-01 	3.824837e-02 
2.161090e-01 	3.818340e-02 
2.163860e-01 	3.811868e-02 
2.166620e-01 	3.805443e-02 
2.169390e-01 	3.799019e-02 
2.172150e-01 	3.792642e-02 
2.174920e-01 	3.786266e-02 
2.177690e-01 	3.779913e-02 
2.180450e-01 	3.773607e-02 
2.183220e-01 	3.767302e-02 
2.185990e-01 	3.761020e-02 
2.188750e-01 	3.754784e-02 
2.191520e-01 	3.748549e-02 
2.194290e-01 	3.742336e-02 
2.197050e-01 	3.736169e-02 
2.199820e-01 	3.730003e-02 
2.202580e-01 	3.723881e-02 
2.205350e-01 	3.717760e-02 
2.208120e-01 	3.711661e-02 
2.210880e-01 	3.705607e-02 
2.213650e-01 	3.699553e-02 
2.216420e-01 	3.693521e-02 
2.219180e-01 	3.687533e-02 
2.221950e-01 	3.681545e-02 
2.224720e-01 	3.675578e-02 
2.227480e-01 	3.669655e-02 
2.230250e-01 	3.663732e-02 
2.233010e-01 	3.657852e-02 
2.235780e-01 	3.651972e-02 
2.238550e-01 	3.646113e-02 
2.241310e-01 	3.640297e-02 
2.244080e-01 	3.634480e-02 
2.246850e-01 	3.628685e-02 
2.249610e-01 	3.622931e-02 
2.252380e-01 	3.617177e-02 
2.255150e-01 	3.611443e-02 
2.257910e-01 	3.605752e-02 
2.260680e-01 	3.600059e-02 
2.263440e-01 	3.594408e-02 
2.266210e-01 	3.588757e-02 
2.268980e-01 	3.583126e-02 
2.271740e-01 	3.577535e-02 
2.274510e-01 	3.571944e-02 
2.277280e-01 	3.566373e-02 
2.280040e-01 	3.560842e-02 
2.282810e-01 	3.555311e-02 
2.285580e-01 	3.549799e-02 
2.288340e-01 	3.544327e-02 
2.291110e-01 	3.538855e-02 
2.293870e-01 	3.533421e-02 
2.296640e-01 	3.527987e-02 
2.299410e-01 	3.522573e-02 
2.302170e-01 	3.517197e-02 
2.304940e-01 	3.511820e-02 
2.307710e-01 	3.506463e-02 
2.310470e-01 	3.501144e-02 
2.313240e-01 	3.495824e-02 
2.316010e-01 	3.490523e-02 
2.318770e-01 	3.485259e-02 
2.321540e-01 	3.479995e-02 
2.324300e-01 	3.474768e-02 
2.327070e-01 	3.469541e-02 
2.329840e-01 	3.464332e-02 
2.332600e-01 	3.459160e-02 
2.335370e-01 	3.453987e-02 
2.338140e-01 	3.448832e-02 
2.340900e-01 	3.443713e-02 
2.343670e-01 	3.438594e-02 
2.346440e-01 	3.433492e-02 
2.349200e-01 	3.428427e-02 
2.351970e-01 	3.423360e-02 
2.354730e-01 	3.418329e-02 
2.357500e-01 	3.413297e-02 
2.360270e-01 	3.408283e-02 
2.363030e-01 	3.403304e-02 
2.365800e-01 	3.398324e-02 
2.368570e-01 	3.393360e-02 
2.371330e-01 	3.388432e-02 
2.374100e-01 	3.383503e-02 
2.376870e-01 	3.378590e-02 
2.379630e-01 	3.373712e-02 
2.382400e-01 	3.368833e-02 
2.385160e-01 	3.363988e-02 
2.387930e-01 	3.359142e-02 
2.390700e-01 	3.354312e-02 
2.393460e-01 	3.349516e-02 
2.396230e-01 	3.344718e-02 
2.399000e-01 	3.339937e-02 
2.401760e-01 	3.335190e-02 
2.404530e-01 	3.330441e-02 
2.407300e-01 	3.325708e-02 
2.410060e-01 	3.321008e-02 
2.412830e-01 	3.316306e-02 
2.415590e-01 	3.311638e-02 
2.418360e-01 	3.306968e-02 
2.421130e-01 	3.302313e-02 
2.423890e-01 	3.297691e-02 
2.426660e-01 	3.293068e-02 
2.429430e-01 	3.288460e-02 
2.432190e-01 	3.283883e-02 
2.434960e-01 	3.279306e-02 
2.437730e-01 	3.274743e-02 
2.440490e-01 	3.270212e-02 
2.443260e-01 	3.265679e-02 
2.446020e-01 	3.261178e-02 
2.448790e-01 	3.256674e-02 
2.451560e-01 	3.252186e-02 
2.454320e-01 	3.247729e-02 
2.457090e-01 	3.243270e-02 
2.459860e-01 	3.238825e-02 
2.462620e-01 	3.234411e-02 
2.465390e-01 	3.229995e-02 
2.468160e-01 	3.225594e-02 
2.470920e-01 	3.221222e-02 
2.473690e-01 	3.216849e-02 
2.476450e-01 	3.212506e-02 
2.479220e-01 	3.208160e-02 
2.481990e-01 	3.203829e-02 
2.484750e-01 	3.199527e-02 
2.487520e-01 	3.195224e-02 
2.490290e-01 	3.190934e-02 
2.493050e-01 	3.186673e-02 
2.495820e-01 	3.182411e-02 
2.498590e-01 	3.178162e-02 
2.501350e-01 	3.173941e-02 
2.504120e-01 	3.169719e-02 
2.506890e-01 	3.165510e-02 
2.509650e-01 	3.161330e-02 
2.512420e-01 	3.157147e-02 
2.515180e-01 	3.152993e-02 
2.517950e-01 	3.148837e-02 
2.520720e-01 	3.144694e-02 
2.523480e-01 	3.140579e-02 
2.526250e-01 	3.136462e-02 
2.529020e-01 	3.132358e-02 
2.531780e-01 	3.128282e-02 
2.534550e-01 	3.124203e-02 
2.537320e-01 	3.120137e-02 
2.540080e-01 	3.116099e-02 
2.542850e-01 	3.112058e-02 
2.545610e-01 	3.108045e-02 
2.548380e-01 	3.104029e-02 
2.551150e-01 	3.100026e-02 
2.553910e-01 	3.096050e-02 
2.556680e-01 	3.092071e-02 
2.559450e-01 	3.088105e-02 
2.562210e-01 	3.084165e-02 
2.564980e-01 	3.080224e-02 
2.567750e-01 	3.076294e-02 
2.570510e-01 	3.072390e-02 
2.573280e-01 	3.068485e-02 
2.576040e-01 	3.064605e-02 
2.578810e-01 	3.060723e-02 
2.581580e-01 	3.056853e-02 
2.584340e-01 	3.053009e-02 
2.587110e-01 	3.049162e-02 
2.589880e-01 	3.045327e-02 
2.592640e-01 	3.041517e-02 
2.595410e-01 	3.037705e-02 
2.598180e-01 	3.033905e-02 
2.600940e-01 	3.030130e-02 
2.603710e-01 	3.026352e-02 
2.606470e-01 	3.022599e-02 
2.609240e-01 	3.018844e-02 
2.612010e-01 	3.015100e-02 
2.614770e-01 	3.011381e-02 
2.617540e-01 	3.007659e-02 
2.620310e-01 	3.003948e-02 
2.623070e-01 	3.000262e-02 
2.625840e-01 	2.996573e-02 
2.628610e-01 	2.992895e-02 
2.631370e-01 	2.989242e-02 
2.634140e-01 	2.985586e-02 
2.636900e-01 	2.981954e-02 
2.639670e-01 	2.978319e-02 
2.642440e-01 	2.974695e-02 
2.645200e-01 	2.971095e-02 
2.647970e-01 	2.967492e-02 
2.650740e-01 	2.963900e-02 
2.653500e-01 	2.960332e-02 
2.656270e-01 	2.956761e-02 
2.659040e-01 	2.953200e-02 
2.661800e-01 	2.949663e-02 
2.664570e-01 	2.946123e-02 
2.667330e-01 	2.942606e-02 
2.670100e-01 	2.939087e-02 
2.672870e-01 	2.935578e-02 
2.675630e-01 	2.932091e-02 
2.678400e-01 	2.928603e-02 
2.681170e-01 	2.925124e-02 
2.683930e-01 	2.921668e-02 
2.686700e-01 	2.918209e-02 
2.689470e-01 	2.914760e-02 
2.692230e-01 	2.911334e-02 
2.695000e-01 	2.907904e-02 
2.697760e-01 	2.904497e-02 
2.700530e-01 	2.901088e-02 
2.703300e-01 	2.897688e-02 
2.706060e-01 	2.894310e-02 
2.708830e-01 	2.890929e-02 
2.711600e-01 	2.887558e-02 
2.714360e-01 	2.884209e-02 
2.717130e-01 	2.880857e-02 
2.719900e-01 	2.877514e-02 
2.722660e-01 	2.874193e-02 
2.725430e-01 	2.870869e-02 
2.728190e-01 	2.867566e-02 
2.730960e-01 	2.864261e-02 
2.733730e-01 	2.860965e-02 
2.736490e-01 	2.857690e-02 
2.739260e-01 	2.854412e-02 
2.742030e-01 	2.851144e-02 
2.744790e-01 	2.847896e-02 
2.747560e-01 	2.844645e-02 
2.750330e-01 	2.841404e-02 
2.753090e-01 	2.838183e-02 
2.755860e-01 	2.834959e-02 
2.758620e-01 	2.831756e-02 
2.761390e-01 	2.828551e-02 
2.764160e-01 	2.825354e-02 
2.766920e-01 	2.822177e-02 
2.769690e-01 	2.818998e-02 
2.772460e-01 	2.815827e-02 
2.775220e-01 	2.812676e-02 
2.777990e-01 	2.809523e-02 
2.780760e-01 	2.806378e-02 
2.783520e-01 	2.803253e-02 
2.786290e-01 	2.800126e-02 
2.789050e-01 	2.797018e-02 
2.791820e-01 	2.793907e-02 
2.794590e-01 	2.790805e-02 
2.797350e-01 	2.787722e-02 
2.800120e-01 	2.784636e-02 
2.802890e-01 	2.781559e-02 
2.805650e-01 	2.778501e-02 
2.808420e-01 	2.775440e-02 
2.811190e-01 	2.772388e-02 
2.813950e-01 	2.769354e-02 
2.816720e-01 	2.766318e-02 
2.819480e-01 	2.763301e-02 
2.822250e-01 	2.760281e-02 
2.825020e-01 	2.757268e-02 
2.827780e-01 	2.754275e-02 
2.830550e-01 	2.751279e-02 
2.833320e-01 	2.748290e-02 
2.836080e-01 	2.745321e-02 
2.838850e-01 	2.742348e-02 
2.841620e-01 	2.739383e-02 
2.844380e-01 	2.736436e-02 
2.847150e-01 	2.733487e-02 
2.849910e-01 	2.730556e-02 
2.852680e-01 	2.727621e-02 
2.855450e-01 	2.724695e-02 
2.858210e-01 	2.721786e-02 
2.860980e-01 	2.718875e-02 
2.863750e-01 	2.715971e-02 
2.866510e-01 	2.713085e-02 
2.869280e-01 	2.710196e-02 
2.872050e-01 	2.707315e-02 
2.874810e-01 	2.704451e-02 
2.877580e-01 	2.701584e-02 
2.880350e-01 	2.698725e-02 
2.883110e-01 	2.695883e-02 
2.885880e-01 	2.693038e-02 
2.888640e-01 	2.690211e-02 
2.891410e-01 	2.687380e-02 
2.894180e-01 	2.684557e-02 
2.896940e-01 	2.681751e-02 
2.899710e-01 	2.678942e-02 
2.902480e-01 	2.676140e-02 
2.905240e-01 	2.673355e-02 
2.908010e-01 	2.670567e-02 
2.910780e-01 	2.667786e-02 
2.913540e-01 	2.665022e-02 
2.916310e-01 	2.662255e-02 
2.919070e-01 	2.659504e-02 
2.921840e-01 	2.656751e-02 
2.924610e-01 	2.654004e-02 
2.927370e-01 	2.651274e-02 
2.930140e-01 	2.648540e-02 
2.932910e-01 	2.645814e-02 
2.935670e-01 	2.643103e-02 
2.938440e-01 	2.640390e-02 
2.941210e-01 	2.637683e-02 
2.943970e-01 	2.634992e-02 
2.946740e-01 	2.632298e-02 
2.949500e-01 	2.629621e-02 
2.952270e-01 	2.626939e-02 
2.955040e-01 	2.624265e-02 
2.957800e-01 	2.621606e-02 
2.960570e-01 	2.618944e-02 
2.963340e-01 	2.616288e-02 
2.966100e-01 	2.613648e-02 
2.968870e-01 	2.611005e-02 
2.971640e-01 	2.608368e-02 
2.974400e-01 	2.605747e-02 
2.977170e-01 	2.603122e-02 
2.979930e-01 	2.600513e-02 
2.982700e-01 	2.597900e-02 
2.985470e-01 	2.595293e-02 
2.988230e-01 	2.592702e-02 
2.991000e-01 	2.590108e-02 
2.993770e-01 	2.587519e-02 
2.996530e-01 	2.584945e-02 
2.999300e-01 	2.582368e-02 
3.002070e-01 	2.579797e-02 
3.004830e-01 	2.577241e-02 
3.007600e-01 	2.574682e-02 
3.010360e-01 	2.572137e-02 
3.013130e-01 	2.569589e-02 
3.015900e-01 	2.567046e-02 
3.018660e-01 	2.564519e-02 
3.021430e-01 	2.561987e-02 
3.024200e-01 	2.559461e-02 
3.026960e-01 	2.556950e-02 
3.029730e-01 	2.554436e-02 
3.032500e-01 	2.551926e-02 
3.035260e-01 	2.549431e-02 
3.038030e-01 	2.546933e-02 
3.040790e-01 	2.544449e-02 
3.043560e-01 	2.541961e-02 
3.046330e-01 	2.539478e-02 
3.049090e-01 	2.537010e-02 
3.051860e-01 	2.534537e-02 
3.054630e-01 	2.532070e-02 
3.057390e-01 	2.529617e-02 
3.060160e-01 	2.527161e-02 
3.062930e-01 	2.524709e-02 
3.065690e-01 	2.522271e-02 
3.068460e-01 	2.519829e-02 
3.071220e-01 	2.517402e-02 
3.073990e-01 	2.514970e-02 
3.076760e-01 	2.512543e-02 
3.079520e-01 	2.510130e-02 
3.082290e-01 	2.507713e-02 
3.085060e-01 	2.505301e-02 
3.087820e-01 	2.502902e-02 
3.090590e-01 	2.500500e-02 
3.093360e-01 	2.498102e-02 
3.096120e-01 	2.495718e-02 
3.098890e-01 	2.493329e-02 
3.101650e-01 	2.490954e-02 
3.104420e-01 	2.488576e-02 
3.107190e-01 	2.486201e-02 
3.109950e-01 	2.483840e-02 
3.112720e-01 	2.481475e-02 
3.115490e-01 	2.479114e-02 
3.118250e-01 	2.476767e-02 
3.121020e-01 	2.474415e-02 
3.123790e-01 	2.472068e-02 
3.126550e-01 	2.469734e-02 
3.129320e-01 	2.467396e-02 
3.132080e-01 	2.465071e-02 
3.134850e-01 	2.462742e-02 
3.137620e-01 	2.460417e-02 
3.140380e-01 	2.458104e-02 
3.143150e-01 	2.455788e-02 
3.145920e-01 	2.453476e-02 
3.148680e-01 	2.451177e-02 
3.151450e-01 	2.448873e-02 
3.154220e-01 	2.446574e-02 
3.156980e-01 	2.444288e-02 
3.159750e-01 	2.441997e-02 
3.162510e-01 	2.439718e-02 
3.165280e-01 	2.437436e-02 
3.168050e-01 	2.435157e-02 
3.170810e-01 	2.432891e-02 
3.173580e-01 	2.430621e-02 
3.176350e-01 	2.428354e-02 
3.179110e-01 	2.426100e-02 
3.181880e-01 	2.423842e-02 
3.184650e-01 	2.421588e-02 
3.187410e-01 	2.419346e-02 
3.190180e-01 	2.417099e-02 
3.192940e-01 	2.414865e-02 
3.195710e-01 	2.412626e-02 
3.198480e-01 	2.410391e-02 
3.201240e-01 	2.408169e-02 
3.204010e-01 	2.405942e-02 
3.206780e-01 	2.403718e-02 
3.209540e-01 	2.401507e-02 
3.212310e-01 	2.399292e-02 
3.215080e-01 	2.397080e-02 
3.217840e-01 	2.394880e-02 
3.220610e-01 	2.392675e-02 
3.223370e-01 	2.390483e-02 
3.226140e-01 	2.388286e-02 
3.228910e-01 	2.386093e-02 
3.231670e-01 	2.383911e-02 
3.234440e-01 	2.381726e-02 
3.237210e-01 	2.379544e-02 
3.239970e-01 	2.377373e-02 
3.242740e-01 	2.375198e-02 
3.245510e-01 	2.373027e-02 
3.248270e-01 	2.370867e-02 
3.251040e-01 	2.368703e-02 
3.253810e-01 	2.366543e-02 
3.256570e-01 	2.364394e-02 
3.259340e-01 	2.362241e-02 
3.262100e-01 	2.360099e-02 
3.264870e-01 	2.357953e-02 
3.267640e-01 	2.355810e-02 
3.270400e-01 	2.353679e-02 
3.273170e-01 	2.351543e-02 
3.275940e-01 	2.349411e-02 
3.278700e-01 	2.347290e-02 
3.281470e-01 	2.345165e-02 
3.284240e-01 	2.343043e-02 
3.287000e-01 	2.340932e-02 
3.289770e-01 	2.338817e-02 
3.292530e-01 	2.336713e-02 
3.295300e-01 	2.334605e-02 
3.298070e-01 	2.332500e-02 
3.300830e-01 	2.330406e-02 
3.303600e-01 	2.328308e-02 
3.306370e-01 	2.326213e-02 
3.309130e-01 	2.324129e-02 
3.311900e-01 	2.322041e-02 
3.314670e-01 	2.319956e-02 
3.317430e-01 	2.317882e-02 
3.320200e-01 	2.315804e-02 
3.322960e-01 	2.313736e-02 
3.325730e-01 	2.311664e-02 
3.328500e-01 	2.309595e-02 
3.331260e-01 	2.307537e-02 
3.334030e-01 	2.305475e-02 
3.336800e-01 	2.303416e-02 
3.339560e-01 	2.301367e-02 
3.342330e-01 	2.299314e-02 
3.345100e-01 	2.297264e-02 
3.347860e-01 	2.295225e-02 
3.350630e-01 	2.293182e-02 
3.353390e-01 	2.291149e-02 
3.356160e-01 	2.289111e-02 
3.358930e-01 	2.287077e-02 
3.361690e-01 	2.285054e-02 
3.364460e-01 	2.283025e-02 
3.367230e-01 	2.281000e-02 
3.369990e-01 	2.278986e-02 
3.372760e-01 	2.276967e-02 
3.375530e-01 	2.274951e-02 
3.378290e-01 	2.272945e-02 
3.381060e-01 	2.270935e-02 
3.383820e-01 	2.268936e-02 
3.386590e-01 	2.266932e-02 
3.389360e-01 	2.264931e-02 
3.392120e-01 	2.262940e-02 
3.394890e-01 	2.260945e-02 
3.397660e-01 	2.258953e-02 
3.400420e-01 	2.256971e-02 
3.403190e-01 	2.254984e-02 
3.405960e-01 	2.253001e-02 
3.408720e-01 	2.251027e-02 
3.411490e-01 	2.249049e-02 
3.414250e-01 	2.247081e-02 
3.417020e-01 	2.245109e-02 
3.419790e-01 	2.243140e-02 
3.422550e-01 	2.241180e-02 
3.425320e-01 	2.239217e-02 
3.428090e-01 	2.237256e-02 
3.430850e-01 	2.235305e-02 
3.433620e-01 	2.233349e-02 
3.436390e-01 	2.231397e-02 
3.439150e-01 	2.229454e-02 
3.441920e-01 	2.227507e-02 
3.444680e-01 	2.225569e-02 
3.447450e-01 	2.223627e-02 
3.450220e-01 	2.221688e-02 
3.452980e-01 	2.219759e-02 
3.455750e-01 	2.217825e-02 
3.458520e-01 	2.215894e-02 
3.461280e-01 	2.213973e-02 
3.464050e-01 	2.212047e-02 
3.466820e-01 	2.210124e-02 
3.469580e-01 	2.208210e-02 
3.472350e-01 	2.206293e-02 
3.475110e-01 	2.204384e-02 
3.477880e-01 	2.202472e-02 
3.480650e-01 	2.200562e-02 
3.483410e-01 	2.198661e-02 
3.486180e-01 	2.196756e-02 
3.488950e-01 	2.194854e-02 
3.491710e-01 	2.192961e-02 
3.494480e-01 	2.191064e-02 
3.497250e-01 	2.189169e-02 
3.500010e-01 	2.187284e-02 
3.502780e-01 	2.185394e-02 
3.505540e-01 	2.183514e-02 
3.508310e-01 	2.181629e-02 
3.511080e-01 	2.179747e-02 
3.513840e-01 	2.177874e-02 
3.516610e-01 	2.175996e-02 
3.519380e-01 	2.174122e-02 
3.522140e-01 	2.172256e-02 
3.524910e-01 	2.170386e-02 
3.527680e-01 	2.168518e-02 
3.530440e-01 	2.166660e-02 
3.533210e-01 	2.164797e-02 
3.535970e-01 	2.162944e-02 
3.538740e-01 	2.161086e-02 
3.541510e-01 	2.159230e-02 
3.544270e-01 	2.157384e-02 
3.547040e-01 	2.155533e-02 
3.549810e-01 	2.153685e-02 
3.552570e-01 	2.151845e-02 
3.555340e-01 	2.150002e-02 
3.558110e-01 	2.148160e-02 
3.560870e-01 	2.146328e-02 
3.563640e-01 	2.144491e-02 
3.566400e-01 	2.142663e-02 
3.569170e-01 	2.140831e-02 
3.571940e-01 	2.139001e-02 
3.574700e-01 	2.137180e-02 
3.577470e-01 	2.135355e-02 
3.580240e-01 	2.133532e-02 
3.583000e-01 	2.131718e-02 
3.585770e-01 	2.129900e-02 
3.588540e-01 	2.128084e-02 
3.591300e-01 	2.126277e-02 
3.594070e-01 	2.124465e-02 
3.596830e-01 	2.122662e-02 
3.599600e-01 	2.120855e-02 
3.602370e-01 	2.119050e-02 
3.605130e-01 	2.117254e-02 
3.607900e-01 	2.115454e-02 
3.610670e-01 	2.113655e-02 
3.613430e-01 	2.111866e-02 
3.616200e-01 	2.110072e-02 
3.618970e-01 	2.108280e-02 
3.621730e-01 	2.106497e-02 
3.624500e-01 	2.104710e-02 
3.627270e-01 	2.102925e-02 
3.630030e-01 	2.101149e-02 
3.632800e-01 	2.099368e-02 
3.635560e-01 	2.097596e-02 
3.638330e-01 	2.095819e-02 
3.641100e-01 	2.094045e-02 
3.643860e-01 	2.092279e-02 
3.646630e-01 	2.090510e-02 
3.649400e-01 	2.088742e-02 
3.652160e-01 	2.086983e-02 
3.654930e-01 	2.085219e-02 
3.657700e-01 	2.083458e-02 
3.660460e-01 	2.081705e-02 
3.663230e-01 	2.079948e-02 
3.665990e-01 	2.078199e-02 
3.668760e-01 	2.076446e-02 
3.671530e-01 	2.074695e-02 
3.674290e-01 	2.072953e-02 
3.677060e-01 	2.071206e-02 
3.679830e-01 	2.069462e-02 
3.682590e-01 	2.067726e-02 
3.685360e-01 	2.065985e-02 
3.688130e-01 	2.064247e-02 
3.690890e-01 	2.062517e-02 
3.693660e-01 	2.060783e-02 
3.696420e-01 	2.059057e-02 
3.699190e-01 	2.057327e-02 
3.701960e-01 	2.055599e-02 
3.704720e-01 	2.053879e-02 
3.707490e-01 	2.052155e-02 
3.710260e-01 	2.050433e-02 
3.713020e-01 	2.048719e-02 
3.715790e-01 	2.047001e-02 
3.718560e-01 	2.045285e-02 
3.721320e-01 	2.043577e-02 
3.724090e-01 	2.041865e-02 
3.726850e-01 	2.040162e-02 
3.729620e-01 	2.038454e-02 
3.732390e-01 	2.036747e-02 
3.735150e-01 	2.035050e-02 
3.737920e-01 	2.033347e-02 
3.740690e-01 	2.031647e-02 
3.743450e-01 	2.029955e-02 
3.746220e-01 	2.028259e-02 
3.748990e-01 	2.026564e-02 
3.751750e-01 	2.024878e-02 
3.754520e-01 	2.023187e-02 
3.757280e-01 	2.021505e-02 
3.760050e-01 	2.019818e-02 
3.762820e-01 	2.018133e-02 
3.765580e-01 	2.016456e-02 
3.768350e-01 	2.014775e-02 
3.771120e-01 	2.013096e-02 
3.773880e-01 	2.011425e-02 
3.776650e-01 	2.009750e-02 
3.779420e-01 	2.008076e-02 
3.782180e-01 	2.006410e-02 
3.784950e-01 	2.004741e-02 
3.787710e-01 	2.003079e-02 
3.790480e-01 	2.001412e-02 
3.793250e-01 	1.999748e-02 
3.796010e-01 	1.998092e-02 
3.798780e-01 	1.996431e-02 
3.801550e-01 	1.994772e-02 
3.804310e-01 	1.993121e-02 
3.807080e-01 	1.991466e-02 
3.809850e-01 	1.989813e-02 
3.812610e-01 	1.988168e-02 
3.815380e-01 	1.986518e-02 
3.818140e-01 	1.984876e-02 
3.820910e-01 	1.983230e-02 
3.823680e-01 	1.981585e-02 
3.826440e-01 	1.979949e-02 
3.829210e-01 	1.978308e-02 
3.831980e-01 	1.976669e-02 
3.834740e-01 	1.975037e-02 
3.837510e-01 	1.973402e-02 
3.840280e-01 	1.971768e-02 
3.843040e-01 	1.970141e-02 
3.845810e-01 	1.968511e-02 
3.848570e-01 	1.966888e-02 
3.851340e-01 	1.965261e-02 
3.854110e-01 	1.963635e-02 
3.856870e-01 	1.962017e-02 
3.859640e-01 	1.960395e-02 
3.862410e-01 	1.958775e-02 
3.865170e-01 	1.957162e-02 
3.867940e-01 	1.955545e-02 
3.870710e-01 	1.953929e-02 
3.873470e-01 	1.952321e-02 
3.876240e-01 	1.950709e-02 
3.879000e-01 	1.949104e-02 
3.881770e-01 	1.947495e-02 
3.884540e-01 	1.945887e-02 
3.887300e-01 	1.944287e-02 
3.890070e-01 	1.942683e-02 
3.892840e-01 	1.941080e-02 
3.895600e-01 	1.939484e-02 
3.898370e-01 	1.937885e-02 
3.901140e-01 	1.936287e-02 
3.903900e-01 	1.934696e-02 
3.906670e-01 	1.933101e-02 
3.909430e-01 	1.931513e-02 
3.912200e-01 	1.929921e-02 
3.914970e-01 	1.928330e-02 
3.917730e-01 	1.926747e-02 
3.920500e-01 	1.925160e-02 
3.923270e-01 	1.923574e-02 
3.926030e-01 	1.921995e-02 
3.928800e-01 	1.920412e-02 
3.931570e-01 	1.918830e-02 
3.934330e-01 	1.917256e-02 
3.937100e-01 	1.915677e-02 
3.939860e-01 	1.914105e-02 
3.942630e-01 	1.912530e-02 
3.945400e-01 	1.910955e-02 
3.948160e-01 	1.909388e-02 
3.950930e-01 	1.907816e-02 
3.953700e-01 	1.906246e-02 
3.956460e-01 	1.904683e-02 
3.959230e-01 	1.903115e-02 
3.962000e-01 	1.901549e-02 
3.964760e-01 	1.899990e-02 
3.967530e-01 	1.898427e-02 
3.970290e-01 	1.896870e-02 
3.973060e-01 	1.895310e-02 
3.975830e-01 	1.893750e-02 
3.978590e-01 	1.892198e-02 
3.981360e-01 	1.890641e-02 
3.984130e-01 	1.889086e-02 
3.986890e-01 	1.887537e-02 
3.989660e-01 	1.885984e-02 
3.992430e-01 	1.884433e-02 
3.995190e-01 	1.882888e-02 
3.997960e-01 	1.881339e-02 
4.000730e-01 	1.879791e-02 
4.003490e-01 	1.878250e-02 
4.006260e-01 	1.876705e-02 
4.009020e-01 	1.875166e-02 
4.011790e-01 	1.873623e-02 
4.014560e-01 	1.872082e-02 
4.017320e-01 	1.870547e-02 
4.020090e-01 	1.869008e-02 
4.022860e-01 	1.867470e-02 
4.025620e-01 	1.865938e-02 
4.028390e-01 	1.864403e-02 
4.031160e-01 	1.862868e-02 
4.033920e-01 	1.861341e-02 
4.036690e-01 	1.859808e-02 
4.039450e-01 	1.858283e-02 
4.042220e-01 	1.856753e-02 
4.044990e-01 	1.855224e-02 
4.047750e-01 	1.853702e-02 
4.050520e-01 	1.852176e-02 
4.053290e-01 	1.850650e-02 
4.056050e-01 	1.849132e-02 
4.058820e-01 	1.847608e-02 
4.061590e-01 	1.846086e-02 
4.064350e-01 	1.844571e-02 
4.067120e-01 	1.843051e-02 
4.069880e-01 	1.841538e-02 
4.072650e-01 	1.840020e-02 
4.075420e-01 	1.838503e-02 
4.078180e-01 	1.836993e-02 
4.080950e-01 	1.835478e-02 
4.083720e-01 	1.833965e-02 
4.086480e-01 	1.832458e-02 
4.089250e-01 	1.830946e-02 
4.092020e-01 	1.829436e-02 
4.094780e-01 	1.827932e-02 
4.097550e-01 	1.826424e-02 
4.100310e-01 	1.824922e-02 
4.103080e-01 	1.823416e-02 
4.105850e-01 	1.821910e-02 
4.108610e-01 	1.820411e-02 
4.111380e-01 	1.818908e-02 
4.114150e-01 	1.817406e-02 
4.116910e-01 	1.815910e-02 
4.119680e-01 	1.814410e-02 
4.122450e-01 	1.812911e-02 
4.125210e-01 	1.811418e-02 
4.127980e-01 	1.809921e-02 
4.130740e-01 	1.808430e-02 
4.133510e-01 	1.806935e-02 
4.136280e-01 	1.805440e-02 
4.139040e-01 	1.803952e-02 
4.141810e-01 	1.802460e-02 
4.144580e-01 	1.800969e-02 
4.147340e-01 	1.799484e-02 
4.150110e-01 	1.797994e-02 
4.152880e-01 	1.796506e-02 
4.155640e-01 	1.795024e-02 
4.158410e-01 	1.793537e-02 
4.161170e-01 	1.792057e-02 
4.163940e-01 	1.790572e-02 
4.166710e-01 	1.789088e-02 
4.169470e-01 	1.787611e-02 
4.172240e-01 	1.786129e-02 
4.175010e-01 	1.784649e-02 
4.177770e-01 	1.783174e-02 
4.180540e-01 	1.781695e-02 
4.183310e-01 	1.780217e-02 
4.186070e-01 	1.778745e-02 
4.188840e-01 	1.777269e-02 
4.191600e-01 	1.775799e-02 
4.194370e-01 	1.774325e-02 
4.197140e-01 	1.772852e-02 
4.199900e-01 	1.771385e-02 
4.202670e-01 	1.769914e-02 
4.205440e-01 	1.768443e-02 
4.208200e-01 	1.766979e-02 
4.210970e-01 	1.765511e-02 
4.213740e-01 	1.764044e-02 
4.216500e-01 	1.762582e-02 
4.219270e-01 	1.761117e-02 
4.222030e-01 	1.759657e-02 
4.224800e-01 	1.758194e-02 
4.227570e-01 	1.756731e-02 
4.230330e-01 	1.755275e-02 
4.233100e-01 	1.753814e-02 
4.235870e-01 	1.752355e-02 
4.238630e-01 	1.750901e-02 
4.241400e-01 	1.749443e-02 
4.244170e-01 	1.747987e-02 
4.246930e-01 	1.746536e-02 
4.249700e-01 	1.745082e-02 
4.252460e-01 	1.743633e-02 
4.255230e-01 	1.742180e-02 
4.258000e-01 	1.740728e-02 
4.260760e-01 	1.739283e-02 
4.263530e-01 	1.737833e-02 
4.266300e-01 	1.736384e-02 
4.269060e-01 	1.734942e-02 
4.271830e-01 	1.733495e-02 
4.274600e-01 	1.732049e-02 
4.277360e-01 	1.730610e-02 
4.280130e-01 	1.729166e-02 
4.282890e-01 	1.727729e-02 
4.285660e-01 	1.726287e-02 
4.288430e-01 	1.724846e-02 
4.291190e-01 	1.723412e-02 
4.293960e-01 	1.721973e-02 
4.296730e-01 	1.720535e-02 
4.299490e-01 	1.719104e-02 
4.302260e-01 	1.717668e-02 
4.305030e-01 	1.716234e-02 
4.307790e-01 	1.714805e-02 
4.310560e-01 	1.713373e-02 
4.313320e-01 	1.711947e-02 
4.316090e-01 	1.710516e-02 
4.318860e-01 	1.709087e-02 
4.321620e-01 	1.707664e-02 
4.324390e-01 	1.706236e-02 
4.327160e-01 	1.704810e-02 
4.329920e-01 	1.703390e-02 
4.332690e-01 	1.701966e-02 
4.335460e-01 	1.700543e-02 
4.338220e-01 	1.699126e-02 
4.340990e-01 	1.697705e-02 
4.343750e-01 	1.696291e-02 
4.346520e-01 	1.694872e-02 
4.349290e-01 	1.693454e-02 
4.352050e-01 	1.692043e-02 
4.354820e-01 	1.690628e-02 
4.357590e-01 	1.689213e-02 
4.360350e-01 	1.687805e-02 
4.363120e-01 	1.686393e-02 
4.365890e-01 	1.684982e-02 
4.368650e-01 	1.683577e-02 
4.371420e-01 	1.682168e-02 
4.374190e-01 	1.680760e-02 
4.376950e-01 	1.679358e-02 
4.379720e-01 	1.677952e-02 
4.382480e-01 	1.676553e-02 
4.385250e-01 	1.675149e-02 
4.388020e-01 	1.673747e-02 
4.390780e-01 	1.672350e-02 
4.393550e-01 	1.670950e-02 
4.396320e-01 	1.669551e-02 
4.399080e-01 	1.668158e-02 
4.401850e-01 	1.666761e-02 
4.404620e-01 	1.665365e-02 
4.407380e-01 	1.663975e-02 
4.410150e-01 	1.662581e-02 
4.412910e-01 	1.661194e-02 
4.415680e-01 	1.659802e-02 
4.418450e-01 	1.658412e-02 
4.421210e-01 	1.657027e-02 
4.423980e-01 	1.655639e-02 
4.426750e-01 	1.654252e-02 
4.429510e-01 	1.652871e-02 
4.432280e-01 	1.651486e-02 
4.435050e-01 	1.650102e-02 
4.437810e-01 	1.648724e-02 
4.440580e-01 	1.647342e-02 
4.443340e-01 	1.645966e-02 
4.446110e-01 	1.644587e-02 
4.448880e-01 	1.643208e-02 
4.451640e-01 	1.641836e-02 
4.454410e-01 	1.640459e-02 
4.457180e-01 	1.639084e-02 
4.459940e-01 	1.637715e-02 
4.462710e-01 	1.636342e-02 
4.465480e-01 	1.634970e-02 
4.468240e-01 	1.633604e-02 
4.471010e-01 	1.632234e-02 
4.473770e-01 	1.630870e-02 
4.476540e-01 	1.629502e-02 
4.479310e-01 	1.628136e-02 
4.482070e-01 	1.626775e-02 
4.484840e-01 	1.625411e-02 
4.487610e-01 	1.624047e-02 
4.490370e-01 	1.622690e-02 
4.493140e-01 	1.621329e-02 
4.495910e-01 	1.619968e-02 
4.498670e-01 	1.618614e-02 
4.501440e-01 	1.617256e-02 
4.504200e-01 	1.615904e-02 
4.506970e-01 	1.614548e-02 
4.509740e-01 	1.613193e-02 
4.512500e-01 	1.611844e-02 
4.515270e-01 	1.610491e-02 
4.518040e-01 	1.609140e-02 
4.520800e-01 	1.607794e-02 
4.523570e-01 	1.606444e-02 
4.526340e-01 	1.605096e-02 
4.529100e-01 	1.603753e-02 
4.531870e-01 	1.602407e-02 
4.534630e-01 	1.601066e-02 
4.537400e-01 	1.599722e-02 
4.540170e-01 	1.598379e-02 
4.542930e-01 	1.597041e-02 
4.545700e-01 	1.595700e-02 
4.548470e-01 	1.594360e-02 
4.551230e-01 	1.593026e-02 
4.554000e-01 	1.591688e-02 
4.556770e-01 	1.590351e-02 
4.559530e-01 	1.589020e-02 
4.562300e-01 	1.587685e-02 
4.565060e-01 	1.586356e-02 
4.567830e-01 	1.585023e-02 
4.570600e-01 	1.583691e-02 
4.573360e-01 	1.582365e-02 
4.576130e-01 	1.581036e-02 
4.578900e-01 	1.579707e-02 
4.581660e-01 	1.578385e-02 
4.584430e-01 	1.577058e-02 
4.587200e-01 	1.575733e-02 
4.589960e-01 	1.574413e-02 
4.592730e-01 	1.573090e-02 
4.595490e-01 	1.571772e-02 
4.598260e-01 	1.570451e-02 
4.601030e-01 	1.569131e-02 
4.603790e-01 	1.567817e-02 
4.606560e-01 	1.566499e-02 
4.609330e-01 	1.565182e-02 
4.612090e-01 	1.563871e-02 
4.614860e-01 	1.562556e-02 
4.617630e-01 	1.561242e-02 
4.620390e-01 	1.559934e-02 
4.623160e-01 	1.558622e-02 
4.625920e-01 	1.557316e-02 
4.628690e-01 	1.556007e-02 
4.631460e-01 	1.554698e-02 
4.634220e-01 	1.553395e-02 
4.636990e-01 	1.552089e-02 
4.639760e-01 	1.550783e-02 
4.642520e-01 	1.549484e-02 
4.645290e-01 	1.548181e-02 
4.648060e-01 	1.546878e-02 
4.650820e-01 	1.545582e-02 
4.653590e-01 	1.544282e-02 
4.656350e-01 	1.542988e-02 
4.659120e-01 	1.541690e-02 
4.661890e-01 	1.540393e-02 
4.664650e-01 	1.539102e-02 
4.667420e-01 	1.537807e-02 
4.670190e-01 	1.536514e-02 
4.672950e-01 	1.535226e-02 
4.675720e-01 	1.533934e-02 
4.678490e-01 	1.532644e-02 
4.681250e-01 	1.531359e-02 
4.684020e-01 	1.530071e-02 
4.686780e-01 	1.528788e-02 
4.689550e-01 	1.527502e-02 
4.692320e-01 	1.526217e-02 
4.695080e-01 	1.524938e-02 
4.697850e-01 	1.523655e-02 
4.700620e-01 	1.522373e-02 
4.703380e-01 	1.521097e-02 
4.706150e-01 	1.519818e-02 
4.708920e-01 	1.518539e-02 
4.711680e-01 	1.517266e-02 
4.714450e-01 	1.515990e-02 
4.717210e-01 	1.514719e-02 
4.719980e-01 	1.513445e-02 
4.722750e-01 	1.512172e-02 
4.725510e-01 	1.510904e-02 
4.728280e-01 	1.509633e-02 
4.731050e-01 	1.508364e-02 
4.733810e-01 	1.507099e-02 
4.736580e-01 	1.505832e-02 
4.739350e-01 	1.504565e-02 
4.742110e-01 	1.503304e-02 
4.744880e-01 	1.502040e-02 
4.747650e-01 	1.500777e-02 
4.750410e-01 	1.499519e-02 
4.753180e-01 	1.498258e-02 
4.755940e-01 	1.497003e-02 
4.758710e-01 	1.495744e-02 
4.761480e-01 	1.494486e-02 
4.764240e-01 	1.493234e-02 
4.767010e-01 	1.491978e-02 
4.769780e-01 	1.490724e-02 
4.772540e-01 	1.489475e-02 
4.775310e-01 	1.488223e-02 
4.778080e-01 	1.486972e-02 
4.780840e-01 	1.485727e-02 
4.783610e-01 	1.484478e-02 
4.786370e-01 	1.483235e-02 
4.789140e-01 	1.481989e-02 
4.791910e-01 	1.480744e-02 
4.794670e-01 	1.479504e-02 
4.797440e-01 	1.478262e-02 
4.800210e-01 	1.477020e-02 
4.802970e-01 	1.475784e-02 
4.805740e-01 	1.474545e-02 
4.808510e-01 	1.473307e-02 
4.811270e-01 	1.472075e-02 
4.814040e-01 	1.470839e-02 
4.816800e-01 	1.469609e-02 
4.819570e-01 	1.468376e-02 
4.822340e-01 	1.467145e-02 
4.825100e-01 	1.465919e-02 
4.827870e-01 	1.464689e-02 
4.830640e-01 	1.463462e-02 
4.833400e-01 	1.462239e-02 
4.836170e-01 	1.461014e-02 
4.838940e-01 	1.459790e-02 
4.841700e-01 	1.458572e-02 
4.844470e-01 	1.457350e-02 
4.847230e-01 	1.456135e-02 
4.850000e-01 	1.454916e-02 
4.852770e-01 	1.453698e-02 
4.855530e-01 	1.452487e-02 
4.858300e-01 	1.451272e-02 
4.861070e-01 	1.450059e-02 
4.863830e-01 	1.448851e-02 
4.866600e-01 	1.447640e-02 
4.869370e-01 	1.446431e-02 
4.872130e-01 	1.445228e-02 
4.874900e-01 	1.444021e-02 
4.877660e-01 	1.442820e-02 
4.880430e-01 	1.441616e-02 
4.883200e-01 	1.440414e-02 
4.885960e-01 	1.439217e-02 
4.888730e-01 	1.438017e-02 
4.891500e-01 	1.436818e-02 
4.894260e-01 	1.435625e-02 
4.897030e-01 	1.434429e-02 
4.899800e-01 	1.433234e-02 
4.902560e-01 	1.432045e-02 
4.905330e-01 	1.430852e-02 
4.908090e-01 	1.429665e-02 
4.910860e-01 	1.428474e-02 
4.913630e-01 	1.427285e-02 
4.916390e-01 	1.426101e-02 
4.919160e-01 	1.424914e-02 
4.921930e-01 	1.423727e-02 
4.924690e-01 	1.422546e-02 
4.927460e-01 	1.421362e-02 
4.930230e-01 	1.420178e-02 
4.932990e-01 	1.418999e-02 
4.935760e-01 	1.417817e-02 
4.938520e-01 	1.416640e-02 
4.941290e-01 	1.415459e-02 
4.944060e-01 	1.414279e-02 
4.946820e-01 	1.413104e-02 
4.949590e-01 	1.411925e-02 
4.952360e-01 	1.410747e-02 
4.955120e-01 	1.409574e-02 
4.957890e-01 	1.408396e-02 
4.960660e-01 	1.407220e-02 
4.963420e-01 	1.406047e-02 
4.966190e-01 	1.404871e-02 
4.968950e-01 	1.403700e-02 
4.971720e-01 	1.402525e-02 
4.974490e-01 	1.401349e-02 
4.977250e-01 	1.400179e-02 
4.980020e-01 	1.399004e-02 
4.982790e-01 	1.397829e-02 
4.985550e-01 	1.396659e-02 
4.988320e-01 	1.395485e-02 
4.991090e-01 	1.394311e-02 
4.993850e-01 	1.393141e-02 
4.996620e-01 	1.391966e-02 
4.999380e-01 	1.390796e-02 
