#q 	 Ifit_avg 
6.026000e-03 	1.000000e+00 
6.257000e-03 	9.992864e-01 
6.488000e-03 	9.985726e-01 
6.720000e-03 	9.978584e-01 
6.951000e-03 	9.971436e-01 
7.183000e-03 	9.964280e-01 
7.414000e-03 	9.957114e-01 
7.646000e-03 	9.949936e-01 
7.877000e-03 	9.942744e-01 
8.109000e-03 	9.935535e-01 
8.340000e-03 	9.928307e-01 
8.572000e-03 	9.921059e-01 
8.803000e-03 	9.913789e-01 
9.034000e-03 	9.906494e-01 
9.266000e-03 	9.899172e-01 
9.497000e-03 	9.891820e-01 
9.729000e-03 	9.884438e-01 
9.960000e-03 	9.877024e-01 
1.019200e-02 	9.869572e-01 
1.042300e-02 	9.862087e-01 
1.065500e-02 	9.854559e-01 
1.088600e-02 	9.846992e-01 
1.111800e-02 	9.839380e-01 
1.134900e-02 	9.831724e-01 
1.158000e-02 	9.824018e-01 
1.181200e-02 	9.816266e-01 
1.204300e-02 	9.808458e-01 
1.227500e-02 	9.800600e-01 
1.250600e-02 	9.792683e-01 
1.273800e-02 	9.784711e-01 
1.296900e-02 	9.776676e-01 
1.320100e-02 	9.768578e-01 
1.343200e-02 	9.760420e-01 
1.366400e-02 	9.752191e-01 
1.389500e-02 	9.743898e-01 
1.412600e-02 	9.735531e-01 
1.435800e-02 	9.727095e-01 
1.458900e-02 	9.718580e-01 
1.482100e-02 	9.709993e-01 
1.505200e-02 	9.701323e-01 
1.528400e-02 	9.692575e-01 
1.551500e-02 	9.683741e-01 
1.574700e-02 	9.674826e-01 
1.597800e-02 	9.665820e-01 
1.620900e-02 	9.656729e-01 
1.644100e-02 	9.647542e-01 
1.667200e-02 	9.638266e-01 
1.690400e-02 	9.628890e-01 
1.713500e-02 	9.619417e-01 
1.736700e-02 	9.609849e-01 
1.759800e-02 	9.600175e-01 
1.783000e-02 	9.590401e-01 
1.806100e-02 	9.580518e-01 
1.829200e-02 	9.570531e-01 
1.852400e-02 	9.560430e-01 
1.875500e-02 	9.550221e-01 
1.898700e-02 	9.539894e-01 
1.921800e-02 	9.529456e-01 
1.945000e-02 	9.518895e-01 
1.968100e-02 	9.508218e-01 
1.991300e-02 	9.497416e-01 
2.014400e-02 	9.486493e-01 
2.037600e-02 	9.475440e-01 
2.060700e-02 	9.464260e-01 
2.083800e-02 	9.452954e-01 
2.107000e-02 	9.441511e-01 
2.130100e-02 	9.429940e-01 
2.153300e-02 	9.418228e-01 
2.176400e-02 	9.406384e-01 
2.199600e-02 	9.394395e-01 
2.222700e-02 	9.382271e-01 
2.245900e-02 	9.369999e-01 
2.269000e-02 	9.357589e-01 
2.292200e-02 	9.345027e-01 
2.315300e-02 	9.332325e-01 
2.338500e-02 	9.319469e-01 
2.361600e-02 	9.306471e-01 
2.384700e-02 	9.293318e-01 
2.407900e-02 	9.280023e-01 
2.431000e-02 	9.266573e-01 
2.454200e-02 	9.252975e-01 
2.477300e-02 	9.239234e-01 
2.500500e-02 	9.225341e-01 
2.523600e-02 	9.211309e-01 
2.546800e-02 	9.197126e-01 
2.569900e-02 	9.182807e-01 
2.593100e-02 	9.168340e-01 
2.616200e-02 	9.153739e-01 
2.639300e-02 	9.138993e-01 
2.662500e-02 	9.124116e-01 
2.685600e-02 	9.109096e-01 
2.708800e-02 	9.093949e-01 
2.731900e-02 	9.078662e-01 
2.755100e-02 	9.063250e-01 
2.778200e-02 	9.047702e-01 
2.801400e-02 	9.032031e-01 
2.824500e-02 	9.016227e-01 
2.847700e-02 	9.000297e-01 
2.870800e-02 	8.984250e-01 
2.893900e-02 	8.968073e-01 
2.917100e-02 	8.951782e-01 
2.940200e-02 	8.935364e-01 
2.963400e-02 	8.918835e-01 
2.986500e-02 	8.902182e-01 
3.009700e-02 	8.885420e-01 
3.032800e-02 	8.868537e-01 
3.056000e-02 	8.851549e-01 
3.079100e-02 	8.834442e-01 
3.102200e-02 	8.817234e-01 
3.125400e-02 	8.799909e-01 
3.148500e-02 	8.782485e-01 
3.171700e-02 	8.764949e-01 
3.194800e-02 	8.747316e-01 
3.218000e-02 	8.729573e-01 
3.241100e-02 	8.711729e-01 
3.264300e-02 	8.693794e-01 
3.287400e-02 	8.675752e-01 
3.310600e-02 	8.657622e-01 
3.333700e-02 	8.639388e-01 
3.356800e-02 	8.621069e-01 
3.380000e-02 	8.602650e-01 
3.403100e-02 	8.584147e-01 
3.426300e-02 	8.565547e-01 
3.449400e-02 	8.546867e-01 
3.472600e-02 	8.528093e-01 
3.495700e-02 	8.509241e-01 
3.518900e-02 	8.490298e-01 
3.542000e-02 	8.471280e-01 
3.565200e-02 	8.452173e-01 
3.588300e-02 	8.432995e-01 
3.611400e-02 	8.413730e-01 
3.634600e-02 	8.394389e-01 
3.657700e-02 	8.374981e-01 
3.680900e-02 	8.355490e-01 
3.704000e-02 	8.335935e-01 
3.727200e-02 	8.316301e-01 
3.750300e-02 	8.296605e-01 
3.773500e-02 	8.276833e-01 
3.796600e-02 	8.257001e-01 
3.819800e-02 	8.237096e-01 
3.842900e-02 	8.217135e-01 
3.866000e-02 	8.197102e-01 
3.889200e-02 	8.177016e-01 
3.912300e-02 	8.156860e-01 
3.935500e-02 	8.136655e-01 
3.958600e-02 	8.116382e-01 
3.981800e-02 	8.096062e-01 
4.004900e-02 	8.075677e-01 
4.028100e-02 	8.055238e-01 
4.051200e-02 	8.034755e-01 
4.074400e-02 	8.014212e-01 
4.097500e-02 	7.993626e-01 
4.120600e-02 	7.972981e-01 
4.143800e-02 	7.952296e-01 
4.166900e-02 	7.931554e-01 
4.190100e-02 	7.910774e-01 
4.213200e-02 	7.889938e-01 
4.236400e-02 	7.869067e-01 
4.259500e-02 	7.848143e-01 
4.282700e-02 	7.827185e-01 
4.305800e-02 	7.806175e-01 
4.328900e-02 	7.785133e-01 
4.352100e-02 	7.764040e-01 
4.375200e-02 	7.742917e-01 
4.398400e-02 	7.721744e-01 
4.421500e-02 	7.700533e-01 
4.444700e-02 	7.679292e-01 
4.467800e-02 	7.658004e-01 
4.491000e-02 	7.636689e-01 
4.514100e-02 	7.615328e-01 
4.537300e-02 	7.593941e-01 
4.560400e-02 	7.572509e-01 
4.583500e-02 	7.551053e-01 
4.606700e-02 	7.529553e-01 
4.629800e-02 	7.508029e-01 
4.653000e-02 	7.486464e-01 
4.676100e-02 	7.464876e-01 
4.699300e-02 	7.443248e-01 
4.722400e-02 	7.421598e-01 
4.745600e-02 	7.399908e-01 
4.768700e-02 	7.378199e-01 
4.791900e-02 	7.356452e-01 
4.815000e-02 	7.334676e-01 
4.838100e-02 	7.312882e-01 
4.861300e-02 	7.291052e-01 
4.884400e-02 	7.269205e-01 
4.907600e-02 	7.247322e-01 
4.930700e-02 	7.225424e-01 
4.953900e-02 	7.203492e-01 
4.977000e-02 	7.181546e-01 
5.000200e-02 	7.159566e-01 
5.023300e-02 	7.137574e-01 
5.046500e-02 	7.115550e-01 
5.069600e-02 	7.093514e-01 
5.092700e-02 	7.071447e-01 
5.115900e-02 	7.049370e-01 
5.139000e-02 	7.027264e-01 
5.162200e-02 	7.005139e-01 
5.185300e-02 	6.983004e-01 
5.208500e-02 	6.960843e-01 
5.231600e-02 	6.938673e-01 
5.254800e-02 	6.916478e-01 
5.277900e-02 	6.894276e-01 
5.301100e-02 	6.872049e-01 
5.324200e-02 	6.849816e-01 
5.347300e-02 	6.827560e-01 
5.370500e-02 	6.805300e-01 
5.393600e-02 	6.783017e-01 
5.416800e-02 	6.760732e-01 
5.439900e-02 	6.738425e-01 
5.463100e-02 	6.716116e-01 
5.486200e-02 	6.693787e-01 
5.509300e-02 	6.671458e-01 
5.532500e-02 	6.649109e-01 
5.555700e-02 	6.626752e-01 
5.578800e-02 	6.604396e-01 
5.601900e-02 	6.582022e-01 
5.625100e-02 	6.559651e-01 
5.648200e-02 	6.537264e-01 
5.671400e-02 	6.514881e-01 
5.694500e-02 	6.492482e-01 
5.717700e-02 	6.470089e-01 
5.740800e-02 	6.447681e-01 
5.764000e-02 	6.425280e-01 
5.787100e-02 	6.402866e-01 
5.810200e-02 	6.380459e-01 
5.833400e-02 	6.358040e-01 
5.856500e-02 	6.335630e-01 
5.879700e-02 	6.313210e-01 
5.902800e-02 	6.290799e-01 
5.926000e-02 	6.268379e-01 
5.949100e-02 	6.245960e-01 
5.972300e-02 	6.223552e-01 
5.995400e-02 	6.201137e-01 
6.018600e-02 	6.178734e-01 
6.041700e-02 	6.156324e-01 
6.064800e-02 	6.133929e-01 
6.088000e-02 	6.111528e-01 
6.111100e-02 	6.089142e-01 
6.134300e-02 	6.066752e-01 
6.157400e-02 	6.044378e-01 
6.180600e-02 	6.022001e-01 
6.203700e-02 	5.999641e-01 
6.226900e-02 	5.977279e-01 
6.250000e-02 	5.954936e-01 
6.273100e-02 	5.932593e-01 
6.296300e-02 	5.910269e-01 
6.319400e-02 	5.887946e-01 
6.342600e-02 	5.865633e-01 
6.365700e-02 	5.843343e-01 
6.388900e-02 	5.821055e-01 
6.412000e-02 	5.798789e-01 
6.435200e-02 	5.776527e-01 
6.458300e-02 	5.754289e-01 
6.481500e-02 	5.732056e-01 
6.504600e-02 	5.709848e-01 
6.527800e-02 	5.687646e-01 
6.550900e-02 	5.665470e-01 
6.574000e-02 	5.643301e-01 
6.597200e-02 	5.621160e-01 
6.620300e-02 	5.599028e-01 
6.643500e-02 	5.576923e-01 
6.666600e-02 	5.554829e-01 
6.689800e-02 	5.532764e-01 
6.712900e-02 	5.510711e-01 
6.736100e-02 	5.488678e-01 
6.759200e-02 	5.466677e-01 
6.782400e-02 	5.444689e-01 
6.805500e-02 	5.422733e-01 
6.828600e-02 	5.400791e-01 
6.851800e-02 	5.378883e-01 
6.874900e-02 	5.356990e-01 
6.898100e-02 	5.335132e-01 
6.921200e-02 	5.313290e-01 
6.944400e-02 	5.291484e-01 
6.967500e-02 	5.269696e-01 
6.990700e-02 	5.247945e-01 
7.013800e-02 	5.226213e-01 
7.036900e-02 	5.204519e-01 
7.060100e-02 	5.182845e-01 
7.083200e-02 	5.161210e-01 
7.106400e-02 	5.139596e-01 
7.129500e-02 	5.118013e-01 
7.152700e-02 	5.096471e-01 
7.175800e-02 	5.074952e-01 
7.199000e-02 	5.053475e-01 
7.222100e-02 	5.032021e-01 
7.245300e-02 	5.010610e-01 
7.268400e-02 	4.989225e-01 
7.291500e-02 	4.967883e-01 
7.314700e-02 	4.946567e-01 
7.337800e-02 	4.925297e-01 
7.361000e-02 	4.904053e-01 
7.384100e-02 	4.882856e-01 
7.407300e-02 	4.861687e-01 
7.430400e-02 	4.840565e-01 
7.453600e-02 	4.819472e-01 
7.476700e-02 	4.798428e-01 
7.499900e-02 	4.777413e-01 
7.523000e-02 	4.756438e-01 
7.546100e-02 	4.735512e-01 
7.569300e-02 	4.714618e-01 
7.592400e-02 	4.693774e-01 
7.615600e-02 	4.672961e-01 
7.638700e-02 	4.652200e-01 
7.661900e-02 	4.631471e-01 
7.685000e-02 	4.610794e-01 
7.708200e-02 	4.590150e-01 
7.731300e-02 	4.569559e-01 
7.754500e-02 	4.549002e-01 
7.777600e-02 	4.528499e-01 
7.800700e-02 	4.508031e-01 
7.823900e-02 	4.487616e-01 
7.847000e-02 	4.467238e-01 
7.870200e-02 	4.446915e-01 
7.893300e-02 	4.426628e-01 
7.916500e-02 	4.406388e-01 
7.939600e-02 	4.386204e-01 
7.962800e-02 	4.366057e-01 
7.985900e-02 	4.345967e-01 
8.009100e-02 	4.325916e-01 
8.032200e-02 	4.305921e-01 
8.055300e-02 	4.285966e-01 
8.078500e-02 	4.266067e-01 
8.101600e-02 	4.246208e-01 
8.124800e-02 	4.226407e-01 
8.147900e-02 	4.206646e-01 
8.171100e-02 	4.186943e-01 
8.194200e-02 	4.167281e-01 
8.217400e-02 	4.147677e-01 
8.240500e-02 	4.128115e-01 
8.263600e-02 	4.108611e-01 
8.286800e-02 	4.089149e-01 
8.309900e-02 	4.069738e-01 
8.333100e-02 	4.050386e-01 
8.356200e-02 	4.031077e-01 
8.379400e-02 	4.011828e-01 
8.402500e-02 	3.992622e-01 
8.425700e-02 	3.973476e-01 
8.448800e-02 	3.954374e-01 
8.472000e-02 	3.935333e-01 
8.495100e-02 	3.916336e-01 
8.518200e-02 	3.897400e-01 
8.541400e-02 	3.878509e-01 
8.564500e-02 	3.859680e-01 
8.587700e-02 	3.840895e-01 
8.610800e-02 	3.822173e-01 
8.634000e-02 	3.803496e-01 
8.657100e-02 	3.784874e-01 
8.680300e-02 	3.766314e-01 
8.703400e-02 	3.747800e-01 
8.726500e-02 	3.729349e-01 
8.749700e-02 	3.710945e-01 
8.772800e-02 	3.692604e-01 
8.796000e-02 	3.674311e-01 
8.819100e-02 	3.656081e-01 
8.842300e-02 	3.637898e-01 
8.865400e-02 	3.619779e-01 
8.888600e-02 	3.601709e-01 
8.911700e-02 	3.583703e-01 
8.934900e-02 	3.565745e-01 
8.958000e-02 	3.547852e-01 
8.981200e-02 	3.530008e-01 
9.004300e-02 	3.512228e-01 
9.027400e-02 	3.494498e-01 
9.050600e-02 	3.476826e-01 
9.073700e-02 	3.459219e-01 
9.096900e-02 	3.441662e-01 
9.120000e-02 	3.424171e-01 
9.143200e-02 	3.406731e-01 
9.166300e-02 	3.389356e-01 
9.189500e-02 	3.372032e-01 
9.212600e-02 	3.354775e-01 
9.235800e-02 	3.337568e-01 
9.258900e-02 	3.320428e-01 
9.282000e-02 	3.303339e-01 
9.305200e-02 	3.286317e-01 
9.328300e-02 	3.269346e-01 
9.351500e-02 	3.252442e-01 
9.374600e-02 	3.235590e-01 
9.397800e-02 	3.218805e-01 
9.420900e-02 	3.202071e-01 
9.444100e-02 	3.185398e-01 
9.467200e-02 	3.168791e-01 
9.490400e-02 	3.152237e-01 
9.513500e-02 	3.135750e-01 
9.536600e-02 	3.119316e-01 
9.559800e-02 	3.102949e-01 
9.582900e-02 	3.086635e-01 
9.606100e-02 	3.070388e-01 
9.629200e-02 	3.054195e-01 
9.652400e-02 	3.038070e-01 
9.675500e-02 	3.021998e-01 
9.698700e-02 	3.005994e-01 
9.721800e-02 	2.990044e-01 
9.744900e-02 	2.974162e-01 
9.768100e-02 	2.958334e-01 
9.791200e-02 	2.942574e-01 
9.814400e-02 	2.926868e-01 
9.837500e-02 	2.911223e-01 
9.860700e-02 	2.895646e-01 
9.883800e-02 	2.880124e-01 
9.907000e-02 	2.864669e-01 
9.930100e-02 	2.849268e-01 
9.953300e-02 	2.833935e-01 
9.976400e-02 	2.818657e-01 
9.999500e-02 	2.803445e-01 
1.002270e-01 	2.788282e-01 
1.004580e-01 	2.773219e-01 
1.006900e-01 	2.758152e-01 
1.009210e-01 	2.743210e-01 
1.011530e-01 	2.728265e-01 
1.013840e-01 	2.713445e-01 
1.016160e-01 	2.698622e-01 
1.018470e-01 	2.683923e-01 
1.020780e-01 	2.669286e-01 
1.023100e-01 	2.654645e-01 
1.025410e-01 	2.640129e-01 
1.027730e-01 	2.625610e-01 
1.030040e-01 	2.611215e-01 
1.032360e-01 	2.596819e-01 
1.034670e-01 	2.582545e-01 
1.036990e-01 	2.568270e-01 
1.039300e-01 	2.554117e-01 
1.041620e-01 	2.539964e-01 
1.043930e-01 	2.525932e-01 
1.046240e-01 	2.511961e-01 
1.048560e-01 	2.497990e-01 
1.050870e-01 	2.484140e-01 
1.053190e-01 	2.470291e-01 
1.055500e-01 	2.456561e-01 
1.057820e-01 	2.442833e-01 
1.060130e-01 	2.429224e-01 
1.062450e-01 	2.415617e-01 
1.064760e-01 	2.402129e-01 
1.067080e-01 	2.388643e-01 
1.069390e-01 	2.375276e-01 
1.071700e-01 	2.361968e-01 
1.074020e-01 	2.348664e-01 
1.076330e-01 	2.335476e-01 
1.078650e-01 	2.322292e-01 
1.080960e-01 	2.309225e-01 
1.083280e-01 	2.296162e-01 
1.085590e-01 	2.283215e-01 
1.087910e-01 	2.270272e-01 
1.090220e-01 	2.257444e-01 
1.092540e-01 	2.244621e-01 
1.094850e-01 	2.231913e-01 
1.097160e-01 	2.219264e-01 
1.099480e-01 	2.206620e-01 
1.101790e-01 	2.194090e-01 
1.104110e-01 	2.181566e-01 
1.106420e-01 	2.169154e-01 
1.108740e-01 	2.156748e-01 
1.111050e-01 	2.144455e-01 
1.113370e-01 	2.132168e-01 
1.115680e-01 	2.119992e-01 
1.118000e-01 	2.107823e-01 
1.120310e-01 	2.095765e-01 
1.122620e-01 	2.083765e-01 
1.124940e-01 	2.071773e-01 
1.127250e-01 	2.059890e-01 
1.129570e-01 	2.048015e-01 
1.131880e-01 	2.036249e-01 
1.134200e-01 	2.024491e-01 
1.136510e-01 	2.012842e-01 
1.138830e-01 	2.001200e-01 
1.141140e-01 	1.989667e-01 
1.143460e-01 	1.978142e-01 
1.145770e-01 	1.966724e-01 
1.148080e-01 	1.955364e-01 
1.150400e-01 	1.944013e-01 
1.152710e-01 	1.932768e-01 
1.155030e-01 	1.921533e-01 
1.157340e-01 	1.910403e-01 
1.159660e-01 	1.899283e-01 
1.161970e-01 	1.888268e-01 
1.164290e-01 	1.877262e-01 
1.166600e-01 	1.866361e-01 
1.168910e-01 	1.855516e-01 
1.171230e-01 	1.844681e-01 
1.173540e-01 	1.833949e-01 
1.175860e-01 	1.823227e-01 
1.178170e-01 	1.812608e-01 
1.180490e-01 	1.801998e-01 
1.182800e-01 	1.791490e-01 
1.185120e-01 	1.780993e-01 
1.187430e-01 	1.770596e-01 
1.189750e-01 	1.760209e-01 
1.192060e-01 	1.749922e-01 
1.194370e-01 	1.739690e-01 
1.196690e-01 	1.729469e-01 
1.199000e-01 	1.719346e-01 
1.201320e-01 	1.709235e-01 
1.203630e-01 	1.699221e-01 
1.205950e-01 	1.689218e-01 
1.208260e-01 	1.679312e-01 
1.210580e-01 	1.669417e-01 
1.212890e-01 	1.659619e-01 
1.215210e-01 	1.649832e-01 
1.217520e-01 	1.640140e-01 
1.219830e-01 	1.630502e-01 
1.222150e-01 	1.620875e-01 
1.224460e-01 	1.611342e-01 
1.226780e-01 	1.601821e-01 
1.229090e-01 	1.592393e-01 
1.231410e-01 	1.582978e-01 
1.233720e-01 	1.573655e-01 
1.236040e-01 	1.564343e-01 
1.238350e-01 	1.555124e-01 
1.240670e-01 	1.545917e-01 
1.242980e-01 	1.536802e-01 
1.245290e-01 	1.527737e-01 
1.247610e-01 	1.518685e-01 
1.249920e-01 	1.509723e-01 
1.252240e-01 	1.500773e-01 
1.254550e-01 	1.491913e-01 
1.256870e-01 	1.483064e-01 
1.259180e-01 	1.474305e-01 
1.261500e-01 	1.465558e-01 
1.263810e-01 	1.456898e-01 
1.266130e-01 	1.448252e-01 
1.268440e-01 	1.439692e-01 
1.270750e-01 	1.431181e-01 
1.273070e-01 	1.422684e-01 
1.275380e-01 	1.414272e-01 
1.277700e-01 	1.405872e-01 
1.280010e-01 	1.397558e-01 
1.282330e-01 	1.389257e-01 
1.284640e-01 	1.381040e-01 
1.286960e-01 	1.372836e-01 
1.289270e-01 	1.364715e-01 
1.291580e-01 	1.356642e-01 
1.293900e-01 	1.348583e-01 
1.296210e-01 	1.340605e-01 
1.298530e-01 	1.332641e-01 
1.300840e-01 	1.324758e-01 
1.303160e-01 	1.316889e-01 
1.305470e-01 	1.309100e-01 
1.307790e-01 	1.301324e-01 
1.310100e-01 	1.293629e-01 
1.312420e-01 	1.285947e-01 
1.314730e-01 	1.278344e-01 
1.317040e-01 	1.270787e-01 
1.319360e-01 	1.263244e-01 
1.321670e-01 	1.255778e-01 
1.323990e-01 	1.248326e-01 
1.326300e-01 	1.240952e-01 
1.328620e-01 	1.233591e-01 
1.330930e-01 	1.226306e-01 
1.333250e-01 	1.219036e-01 
1.335560e-01 	1.211841e-01 
1.337880e-01 	1.204660e-01 
1.340190e-01 	1.197554e-01 
1.342500e-01 	1.190492e-01 
1.344820e-01 	1.183443e-01 
1.347130e-01 	1.176469e-01 
1.349450e-01 	1.169508e-01 
1.351760e-01 	1.162621e-01 
1.354080e-01 	1.155747e-01 
1.356390e-01 	1.148946e-01 
1.358710e-01 	1.142159e-01 
1.361020e-01 	1.135443e-01 
1.363340e-01 	1.128741e-01 
1.365650e-01 	1.122110e-01 
1.367960e-01 	1.115521e-01 
1.370280e-01 	1.108945e-01 
1.372590e-01 	1.102439e-01 
1.374910e-01 	1.095947e-01 
1.377220e-01 	1.089524e-01 
1.379540e-01 	1.083114e-01 
1.381850e-01 	1.076773e-01 
1.384170e-01 	1.070445e-01 
1.386480e-01 	1.064185e-01 
1.388800e-01 	1.057938e-01 
1.391110e-01 	1.051758e-01 
1.393420e-01 	1.045618e-01 
1.395740e-01 	1.039491e-01 
1.398050e-01 	1.033430e-01 
1.400370e-01 	1.027383e-01 
1.402680e-01 	1.021400e-01 
1.405000e-01 	1.015431e-01 
1.407310e-01 	1.009526e-01 
1.409630e-01 	1.003634e-01 
1.411940e-01 	9.978056e-02 
1.414260e-01 	9.919904e-02 
1.416570e-01 	9.862381e-02 
1.418880e-01 	9.805235e-02 
1.421200e-01 	9.748219e-02 
1.423510e-01 	9.691821e-02 
1.425830e-01 	9.635552e-02 
1.428140e-01 	9.579895e-02 
1.430460e-01 	9.524367e-02 
1.432770e-01 	9.469444e-02 
1.435090e-01 	9.414649e-02 
1.437400e-01 	9.360453e-02 
1.439710e-01 	9.306617e-02 
1.442030e-01 	9.252909e-02 
1.444340e-01 	9.199789e-02 
1.446660e-01 	9.146797e-02 
1.448970e-01 	9.094388e-02 
1.451290e-01 	9.042104e-02 
1.453600e-01 	8.990397e-02 
1.455920e-01 	8.938816e-02 
1.458230e-01 	8.887803e-02 
1.460550e-01 	8.836916e-02 
1.462860e-01 	8.786592e-02 
1.465170e-01 	8.736608e-02 
1.467490e-01 	8.686748e-02 
1.469800e-01 	8.637441e-02 
1.472120e-01 	8.588258e-02 
1.474430e-01 	8.539620e-02 
1.476750e-01 	8.491106e-02 
1.479060e-01 	8.443132e-02 
1.481380e-01 	8.395279e-02 
1.483690e-01 	8.347960e-02 
1.486010e-01 	8.300762e-02 
1.488320e-01 	8.254091e-02 
1.490630e-01 	8.207740e-02 
1.492950e-01 	8.161510e-02 
1.495260e-01 	8.115797e-02 
1.497580e-01 	8.070203e-02 
1.499890e-01 	8.025119e-02 
1.502210e-01 	7.980155e-02 
1.504520e-01 	7.935694e-02 
1.506840e-01 	7.891352e-02 
1.509150e-01 	7.847507e-02 
1.511470e-01 	7.803780e-02 
1.513780e-01 	7.760545e-02 
1.516090e-01 	7.717610e-02 
1.518410e-01 	7.674791e-02 
1.520720e-01 	7.632455e-02 
1.523040e-01 	7.590234e-02 
1.525350e-01 	7.548489e-02 
1.527670e-01 	7.506858e-02 
1.529980e-01 	7.465698e-02 
1.532300e-01 	7.424650e-02 
1.534610e-01 	7.384067e-02 
1.536930e-01 	7.343597e-02 
1.539240e-01 	7.303585e-02 
1.541550e-01 	7.263856e-02 
1.543870e-01 	7.224238e-02 
1.546180e-01 	7.185071e-02 
1.548500e-01 	7.146013e-02 
1.550810e-01 	7.107400e-02 
1.553130e-01 	7.068896e-02 
1.555440e-01 	7.030831e-02 
1.557760e-01 	6.992873e-02 
1.560070e-01 	6.955350e-02 
1.562380e-01 	6.918094e-02 
1.564700e-01 	6.880944e-02 
1.567010e-01 	6.844220e-02 
1.569330e-01 	6.807601e-02 
1.571640e-01 	6.771401e-02 
1.573960e-01 	6.735305e-02 
1.576270e-01 	6.699624e-02 
1.578590e-01 	6.664045e-02 
1.580900e-01 	6.628875e-02 
1.583220e-01 	6.593807e-02 
1.585530e-01 	6.559142e-02 
1.587840e-01 	6.524726e-02 
1.590160e-01 	6.490410e-02 
1.592470e-01 	6.456489e-02 
1.594790e-01 	6.422667e-02 
1.597100e-01 	6.389235e-02 
1.599420e-01 	6.355901e-02 
1.601730e-01 	6.322951e-02 
1.604050e-01 	6.290098e-02 
1.606360e-01 	6.257625e-02 
1.608680e-01 	6.225249e-02 
1.610990e-01 	6.193247e-02 
1.613300e-01 	6.161479e-02 
1.615620e-01 	6.129805e-02 
1.617930e-01 	6.098499e-02 
1.620250e-01 	6.067288e-02 
1.622560e-01 	6.036439e-02 
1.624880e-01 	6.005684e-02 
1.627190e-01 	5.975286e-02 
1.629510e-01 	5.944981e-02 
1.631820e-01 	5.915029e-02 
1.634140e-01 	5.885169e-02 
1.636450e-01 	5.855656e-02 
1.638760e-01 	5.826361e-02 
1.641080e-01 	5.797157e-02 
1.643390e-01 	5.768293e-02 
1.645710e-01 	5.739519e-02 
1.648020e-01 	5.711081e-02 
1.650340e-01 	5.682731e-02 
1.652650e-01 	5.654713e-02 
1.654970e-01 	5.626783e-02 
1.657280e-01 	5.599179e-02 
1.659600e-01 	5.571661e-02 
1.661910e-01 	5.544466e-02 
1.664220e-01 	5.517472e-02 
1.666540e-01 	5.490563e-02 
1.668850e-01 	5.463969e-02 
1.671170e-01 	5.437458e-02 
1.673480e-01 	5.411259e-02 
1.675800e-01 	5.385141e-02 
1.678110e-01 	5.359330e-02 
1.680430e-01 	5.333600e-02 
1.682740e-01 	5.308172e-02 
1.685060e-01 	5.282823e-02 
1.687370e-01 	5.257772e-02 
1.689680e-01 	5.232907e-02 
1.692000e-01 	5.208120e-02 
1.694310e-01 	5.183623e-02 
1.696630e-01 	5.159203e-02 
1.698940e-01 	5.135070e-02 
1.701260e-01 	5.111011e-02 
1.703570e-01 	5.087235e-02 
1.705890e-01 	5.063532e-02 
1.708200e-01 	5.040107e-02 
1.710510e-01 	5.016856e-02 
1.712830e-01 	4.993677e-02 
1.715140e-01 	4.970769e-02 
1.717460e-01 	4.947933e-02 
1.719770e-01 	4.925366e-02 
1.722090e-01 	4.902869e-02 
1.724400e-01 	4.880636e-02 
1.726720e-01 	4.858474e-02 
1.729030e-01 	4.836572e-02 
1.731350e-01 	4.814740e-02 
1.733660e-01 	4.793164e-02 
1.735970e-01 	4.771750e-02 
1.738290e-01 	4.750403e-02 
1.740600e-01 	4.729308e-02 
1.742920e-01 	4.708281e-02 
1.745230e-01 	4.687500e-02 
1.747550e-01 	4.666787e-02 
1.749860e-01 	4.646317e-02 
1.752180e-01 	4.625913e-02 
1.754490e-01 	4.605749e-02 
1.756810e-01 	4.585650e-02 
1.759120e-01 	4.565788e-02 
1.761430e-01 	4.546074e-02 
1.763750e-01 	4.526424e-02 
1.766060e-01 	4.507005e-02 
1.768380e-01 	4.487649e-02 
1.770690e-01 	4.468521e-02 
1.773010e-01 	4.449455e-02 
1.775320e-01 	4.430614e-02 
1.777640e-01 	4.411833e-02 
1.779950e-01 	4.393275e-02 
1.782270e-01 	4.374777e-02 
1.784580e-01 	4.356498e-02 
1.786890e-01 	4.338356e-02 
1.789210e-01 	4.320273e-02 
1.791520e-01 	4.302405e-02 
1.793840e-01 	4.284595e-02 
1.796150e-01 	4.266995e-02 
1.798470e-01 	4.249453e-02 
1.800780e-01 	4.232119e-02 
1.803100e-01 	4.214842e-02 
1.805410e-01 	4.197769e-02 
1.807730e-01 	4.180752e-02 
1.810040e-01 	4.163937e-02 
1.812350e-01 	4.147248e-02 
1.814670e-01 	4.130614e-02 
1.816980e-01 	4.114177e-02 
1.819300e-01 	4.097794e-02 
1.821610e-01 	4.081605e-02 
1.823930e-01 	4.065468e-02 
1.826240e-01 	4.049522e-02 
1.828560e-01 	4.033629e-02 
1.830870e-01 	4.017923e-02 
1.833180e-01 	4.002335e-02 
1.835500e-01 	3.986797e-02 
1.837810e-01 	3.971443e-02 
1.840130e-01 	3.956139e-02 
1.842440e-01 	3.941015e-02 
1.844760e-01 	3.925939e-02 
1.847070e-01 	3.911041e-02 
1.849390e-01 	3.896191e-02 
1.851700e-01 	3.881515e-02 
1.854020e-01 	3.866886e-02 
1.856330e-01 	3.852429e-02 
1.858640e-01 	3.838079e-02 
1.860960e-01 	3.823775e-02 
1.863270e-01 	3.809638e-02 
1.865590e-01 	3.795546e-02 
1.867900e-01 	3.781619e-02 
1.870220e-01 	3.767734e-02 
1.872530e-01 	3.754012e-02 
1.874850e-01 	3.740333e-02 
1.877160e-01 	3.726812e-02 
1.879480e-01 	3.713333e-02 
1.881790e-01 	3.700010e-02 
1.884100e-01 	3.686785e-02 
1.886420e-01 	3.673599e-02 
1.888730e-01 	3.660566e-02 
1.891050e-01 	3.647572e-02 
1.893360e-01 	3.634727e-02 
1.895680e-01 	3.621921e-02 
1.897990e-01 	3.609262e-02 
1.900310e-01 	3.596641e-02 
1.902620e-01 	3.584166e-02 
1.904940e-01 	3.571727e-02 
1.907250e-01 	3.559433e-02 
1.909560e-01 	3.547227e-02 
1.911880e-01 	3.535058e-02 
1.914190e-01 	3.523030e-02 
1.916510e-01 	3.511037e-02 
1.918820e-01 	3.499183e-02 
1.921140e-01 	3.487364e-02 
1.923450e-01 	3.475681e-02 
1.925770e-01 	3.464034e-02 
1.928080e-01 	3.452520e-02 
1.930400e-01 	3.441041e-02 
1.932710e-01 	3.429694e-02 
1.935020e-01 	3.418429e-02 
1.937340e-01 	3.407197e-02 
1.939650e-01 	3.396095e-02 
1.941970e-01 	3.385026e-02 
1.944280e-01 	3.374084e-02 
1.946600e-01 	3.363175e-02 
1.948910e-01 	3.352392e-02 
1.951230e-01 	3.341640e-02 
1.953540e-01 	3.331012e-02 
1.955860e-01 	3.320415e-02 
1.958170e-01 	3.309941e-02 
1.960480e-01 	3.299542e-02 
1.962800e-01 	3.289173e-02 
1.965110e-01 	3.278924e-02 
1.967430e-01 	3.268705e-02 
1.969740e-01 	3.258603e-02 
1.972060e-01 	3.248531e-02 
1.974370e-01 	3.238575e-02 
1.976690e-01 	3.228647e-02 
1.979000e-01 	3.218833e-02 
1.981310e-01 	3.209090e-02 
1.983630e-01 	3.199375e-02 
1.985940e-01 	3.189771e-02 
1.988260e-01 	3.180194e-02 
1.990570e-01 	3.170727e-02 
1.992890e-01 	3.161286e-02 
1.995200e-01 	3.151954e-02 
1.997520e-01 	3.142647e-02 
1.999830e-01 	3.133447e-02 
2.002150e-01 	3.124272e-02 
2.004460e-01 	3.115202e-02 
2.006770e-01 	3.106195e-02 
2.009090e-01 	3.097214e-02 
2.011400e-01 	3.088334e-02 
2.013720e-01 	3.079478e-02 
2.016030e-01 	3.070722e-02 
2.018350e-01 	3.061989e-02 
2.020660e-01 	3.053355e-02 
2.022980e-01 	3.044743e-02 
2.025290e-01 	3.036228e-02 
2.027610e-01 	3.027736e-02 
2.029920e-01 	3.019338e-02 
2.032230e-01 	3.010998e-02 
2.034550e-01 	3.002679e-02 
2.036860e-01 	2.994452e-02 
2.039180e-01 	2.986246e-02 
2.041490e-01 	2.978131e-02 
2.043810e-01 	2.970036e-02 
2.046120e-01 	2.962030e-02 
2.048440e-01 	2.954043e-02 
2.050750e-01 	2.946145e-02 
2.053070e-01 	2.938265e-02 
2.055380e-01 	2.930471e-02 
2.057690e-01 	2.922729e-02 
2.060010e-01 	2.915005e-02 
2.062320e-01 	2.907364e-02 
2.064640e-01 	2.899741e-02 
2.066950e-01 	2.892201e-02 
2.069270e-01 	2.884677e-02 
2.071580e-01 	2.877234e-02 
2.073900e-01 	2.869807e-02 
2.076210e-01 	2.862460e-02 
2.078530e-01 	2.855128e-02 
2.080840e-01 	2.847875e-02 
2.083150e-01 	2.840669e-02 
2.085470e-01 	2.833477e-02 
2.087780e-01 	2.826363e-02 
2.090100e-01 	2.819263e-02 
2.092410e-01 	2.812240e-02 
2.094730e-01 	2.805231e-02 
2.097040e-01 	2.798297e-02 
2.099360e-01 	2.791377e-02 
2.101670e-01 	2.784531e-02 
2.103980e-01 	2.777728e-02 
2.106300e-01 	2.770940e-02 
2.108610e-01 	2.764223e-02 
2.110930e-01 	2.757520e-02 
2.113240e-01 	2.750889e-02 
2.115560e-01 	2.744270e-02 
2.117870e-01 	2.737722e-02 
2.120190e-01 	2.731188e-02 
2.122500e-01 	2.724722e-02 
2.124820e-01 	2.718269e-02 
2.127130e-01 	2.711885e-02 
2.129440e-01 	2.705540e-02 
2.131760e-01 	2.699208e-02 
2.134070e-01 	2.692942e-02 
2.136390e-01 	2.686689e-02 
2.138700e-01 	2.680502e-02 
2.141020e-01 	2.674326e-02 
2.143330e-01 	2.668216e-02 
2.145650e-01 	2.662117e-02 
2.147960e-01 	2.656081e-02 
2.150280e-01 	2.650058e-02 
2.152590e-01 	2.644097e-02 
2.154900e-01 	2.638173e-02 
2.157220e-01 	2.632259e-02 
2.159530e-01 	2.626408e-02 
2.161850e-01 	2.620567e-02 
2.164160e-01 	2.614786e-02 
2.166480e-01 	2.609016e-02 
2.168790e-01 	2.603306e-02 
2.171110e-01 	2.597606e-02 
2.173420e-01 	2.591964e-02 
2.175740e-01 	2.586332e-02 
2.178050e-01 	2.580759e-02 
2.180360e-01 	2.575218e-02 
2.182680e-01 	2.569687e-02 
2.184990e-01 	2.564212e-02 
2.187310e-01 	2.558747e-02 
2.189620e-01 	2.553337e-02 
2.191940e-01 	2.547935e-02 
2.194250e-01 	2.542589e-02 
2.196570e-01 	2.537250e-02 
2.198880e-01 	2.531966e-02 
2.201200e-01 	2.526689e-02 
2.203510e-01 	2.521466e-02 
2.205820e-01 	2.516272e-02 
2.208140e-01 	2.511086e-02 
2.210450e-01 	2.505952e-02 
2.212770e-01 	2.500825e-02 
2.215080e-01 	2.495749e-02 
2.217400e-01 	2.490679e-02 
2.219710e-01 	2.485659e-02 
2.222030e-01 	2.480646e-02 
2.224340e-01 	2.475682e-02 
2.226660e-01 	2.470724e-02 
2.228970e-01 	2.465814e-02 
2.231280e-01 	2.460931e-02 
2.233600e-01 	2.456053e-02 
2.235910e-01 	2.451223e-02 
2.238230e-01 	2.446397e-02 
2.240540e-01 	2.441618e-02 
2.242860e-01 	2.436844e-02 
2.245170e-01 	2.432115e-02 
2.247490e-01 	2.427391e-02 
2.249800e-01 	2.422711e-02 
2.252110e-01 	2.418056e-02 
2.254430e-01 	2.413405e-02 
2.256740e-01 	2.408797e-02 
2.259060e-01 	2.404193e-02 
2.261370e-01 	2.399633e-02 
2.263690e-01 	2.395076e-02 
2.266000e-01 	2.390562e-02 
2.268320e-01 	2.386051e-02 
2.270630e-01 	2.381582e-02 
2.272950e-01 	2.377116e-02 
2.275260e-01 	2.372692e-02 
2.277570e-01 	2.368291e-02 
2.279890e-01 	2.363892e-02 
2.282200e-01 	2.359534e-02 
2.284520e-01 	2.355179e-02 
2.286830e-01 	2.350865e-02 
2.289150e-01 	2.346553e-02 
2.291460e-01 	2.342281e-02 
2.293780e-01 	2.338012e-02 
2.296090e-01 	2.333782e-02 
2.298410e-01 	2.329555e-02 
2.300720e-01 	2.325367e-02 
2.303030e-01 	2.321199e-02 
2.305350e-01 	2.317034e-02 
2.307660e-01 	2.312907e-02 
2.309980e-01 	2.308783e-02 
2.312290e-01 	2.304696e-02 
2.314610e-01 	2.300611e-02 
2.316920e-01 	2.296564e-02 
2.319240e-01 	2.292519e-02 
2.321550e-01 	2.288510e-02 
2.323870e-01 	2.284504e-02 
2.326180e-01 	2.280534e-02 
2.328490e-01 	2.276583e-02 
2.330810e-01 	2.272634e-02 
2.333120e-01 	2.268721e-02 
2.335440e-01 	2.264809e-02 
2.337750e-01 	2.260933e-02 
2.340070e-01 	2.257058e-02 
2.342380e-01 	2.253218e-02 
2.344700e-01 	2.249380e-02 
2.347010e-01 	2.245576e-02 
2.349330e-01 	2.241773e-02 
2.351640e-01 	2.238005e-02 
2.353950e-01 	2.234253e-02 
2.356270e-01 	2.230503e-02 
2.358580e-01 	2.226787e-02 
2.360900e-01 	2.223071e-02 
2.363210e-01 	2.219388e-02 
2.365530e-01 	2.215706e-02 
2.367840e-01 	2.212056e-02 
2.370160e-01 	2.208408e-02 
2.372470e-01 	2.204791e-02 
2.374780e-01 	2.201190e-02 
2.377100e-01 	2.197590e-02 
2.379410e-01 	2.194021e-02 
2.381730e-01 	2.190453e-02 
2.384040e-01 	2.186916e-02 
2.386360e-01 	2.183379e-02 
2.388670e-01 	2.179872e-02 
2.390990e-01 	2.176366e-02 
2.393300e-01 	2.172890e-02 
2.395620e-01 	2.169413e-02 
2.397930e-01 	2.165967e-02 
2.400240e-01 	2.162535e-02 
2.402560e-01 	2.159102e-02 
2.404870e-01 	2.155699e-02 
2.407190e-01 	2.152295e-02 
2.409500e-01 	2.148920e-02 
2.411820e-01 	2.145545e-02 
2.414130e-01 	2.142198e-02 
2.416450e-01 	2.138850e-02 
2.418760e-01 	2.135529e-02 
2.421080e-01 	2.132208e-02 
2.423390e-01 	2.128915e-02 
2.425700e-01 	2.125634e-02 
2.428020e-01 	2.122352e-02 
2.430330e-01 	2.119098e-02 
2.432650e-01 	2.115841e-02 
2.434960e-01 	2.112612e-02 
2.437280e-01 	2.109381e-02 
2.439590e-01 	2.106176e-02 
2.441910e-01 	2.102969e-02 
2.444220e-01 	2.099788e-02 
2.446540e-01 	2.096606e-02 
2.448850e-01 	2.093449e-02 
2.451160e-01 	2.090304e-02 
2.453480e-01 	2.087157e-02 
2.455790e-01 	2.084036e-02 
2.458110e-01 	2.080913e-02 
2.460420e-01 	2.077815e-02 
2.462740e-01 	2.074715e-02 
2.465050e-01 	2.071639e-02 
2.467370e-01 	2.068563e-02 
2.469680e-01 	2.065510e-02 
2.472000e-01 	2.062456e-02 
2.474310e-01 	2.059426e-02 
2.476620e-01 	2.056407e-02 
2.478940e-01 	2.053387e-02 
2.481250e-01 	2.050390e-02 
2.483570e-01 	2.047392e-02 
2.485880e-01 	2.044417e-02 
2.488200e-01 	2.041441e-02 
2.490510e-01 	2.038488e-02 
2.492830e-01 	2.035533e-02 
2.495140e-01 	2.032601e-02 
2.497460e-01 	2.029668e-02 
2.499770e-01 	2.026758e-02 
2.502080e-01 	2.023858e-02 
2.504400e-01 	2.020956e-02 
2.506710e-01 	2.018077e-02 
2.509030e-01 	2.015195e-02 
2.511340e-01 	2.012337e-02 
2.513660e-01 	2.009476e-02 
2.515970e-01 	2.006638e-02 
2.518290e-01 	2.003797e-02 
2.520600e-01 	2.000979e-02 
2.522910e-01 	1.998171e-02 
2.525230e-01 	1.995360e-02 
2.527540e-01 	1.992572e-02 
2.529860e-01 	1.989781e-02 
2.532170e-01 	1.987011e-02 
2.534490e-01 	1.984240e-02 
2.536800e-01 	1.981490e-02 
2.539120e-01 	1.978737e-02 
2.541430e-01 	1.976006e-02 
2.543750e-01 	1.973273e-02 
2.546060e-01 	1.970560e-02 
2.548370e-01 	1.967857e-02 
2.550690e-01 	1.965151e-02 
2.553000e-01 	1.962466e-02 
2.555320e-01 	1.959779e-02 
2.557630e-01 	1.957112e-02 
2.559950e-01 	1.954443e-02 
2.562260e-01 	1.951793e-02 
2.564580e-01 	1.949142e-02 
2.566890e-01 	1.946510e-02 
2.569210e-01 	1.943876e-02 
2.571520e-01 	1.941262e-02 
2.573830e-01 	1.938656e-02 
2.576150e-01 	1.936048e-02 
2.578460e-01 	1.933459e-02 
2.580780e-01 	1.930867e-02 
2.583090e-01 	1.928295e-02 
2.585410e-01 	1.925720e-02 
2.587720e-01 	1.923165e-02 
2.590040e-01 	1.920606e-02 
2.592350e-01 	1.918067e-02 
2.594670e-01 	1.915524e-02 
2.596980e-01 	1.913001e-02 
2.599290e-01 	1.910485e-02 
2.601610e-01 	1.907966e-02 
2.603920e-01 	1.905466e-02 
2.606240e-01 	1.902963e-02 
2.608550e-01 	1.900478e-02 
2.610870e-01 	1.897990e-02 
2.613180e-01 	1.895520e-02 
2.615500e-01 	1.893047e-02 
2.617810e-01 	1.890592e-02 
2.620130e-01 	1.888134e-02 
2.622440e-01 	1.885694e-02 
2.624750e-01 	1.883260e-02 
2.627070e-01 	1.880824e-02 
2.629380e-01 	1.878405e-02 
2.631700e-01 	1.875983e-02 
2.634010e-01 	1.873579e-02 
2.636330e-01 	1.871171e-02 
2.638640e-01 	1.868781e-02 
2.640960e-01 	1.866387e-02 
2.643270e-01 	1.864011e-02 
2.645580e-01 	1.861642e-02 
2.647900e-01 	1.859269e-02 
2.650210e-01 	1.856914e-02 
2.652530e-01 	1.854555e-02 
2.654840e-01 	1.852213e-02 
2.657160e-01 	1.849868e-02 
2.659470e-01 	1.847540e-02 
2.661790e-01 	1.845209e-02 
2.664100e-01 	1.842894e-02 
2.666420e-01 	1.840577e-02 
2.668730e-01 	1.838275e-02 
2.671040e-01 	1.835981e-02 
2.673360e-01 	1.833683e-02 
2.675670e-01 	1.831402e-02 
2.677990e-01 	1.829117e-02 
2.680300e-01 	1.826849e-02 
2.682620e-01 	1.824577e-02 
2.684930e-01 	1.822322e-02 
2.687250e-01 	1.820063e-02 
2.689560e-01 	1.817821e-02 
2.691880e-01 	1.815575e-02 
2.694190e-01 	1.813345e-02 
2.696500e-01 	1.811122e-02 
2.698820e-01 	1.808895e-02 
2.701130e-01 	1.806685e-02 
2.703450e-01 	1.804470e-02 
2.705760e-01 	1.802272e-02 
2.708080e-01 	1.800070e-02 
2.710390e-01 	1.797884e-02 
2.712710e-01 	1.795695e-02 
2.715020e-01 	1.793521e-02 
2.717340e-01 	1.791344e-02 
2.719650e-01 	1.789182e-02 
2.721960e-01 	1.787027e-02 
2.724280e-01 	1.784868e-02 
2.726590e-01 	1.782724e-02 
2.728910e-01 	1.780577e-02 
2.731220e-01 	1.778445e-02 
2.733540e-01 	1.776309e-02 
2.735850e-01 	1.774189e-02 
2.738170e-01 	1.772066e-02 
2.740480e-01 	1.769957e-02 
2.742800e-01 	1.767845e-02 
2.745110e-01 	1.765747e-02 
2.747420e-01 	1.763656e-02 
2.749740e-01 	1.761561e-02 
2.752050e-01 	1.759481e-02 
2.754370e-01 	1.757397e-02 
2.756680e-01 	1.755328e-02 
2.759000e-01 	1.753255e-02 
2.761310e-01 	1.751197e-02 
2.763630e-01 	1.749136e-02 
2.765940e-01 	1.747089e-02 
2.768260e-01 	1.745038e-02 
2.770570e-01 	1.743002e-02 
2.772880e-01 	1.740971e-02 
2.775200e-01 	1.738937e-02 
2.777510e-01 	1.736916e-02 
2.779830e-01 	1.734893e-02 
2.782140e-01 	1.732883e-02 
2.784460e-01 	1.730870e-02 
2.786770e-01 	1.728870e-02 
2.789090e-01 	1.726868e-02 
2.791400e-01 	1.724879e-02 
2.793710e-01 	1.722895e-02 
2.796030e-01 	1.720908e-02 
2.798340e-01 	1.718934e-02 
2.800660e-01 	1.716957e-02 
2.802970e-01 	1.714994e-02 
2.805290e-01 	1.713027e-02 
2.807600e-01 	1.711074e-02 
2.809920e-01 	1.709117e-02 
2.812230e-01 	1.707174e-02 
2.814550e-01 	1.705227e-02 
2.816860e-01 	1.703294e-02 
2.819170e-01 	1.701365e-02 
2.821490e-01 	1.699433e-02 
2.823800e-01 	1.697515e-02 
2.826120e-01 	1.695593e-02 
2.828430e-01 	1.693684e-02 
2.830750e-01 	1.691772e-02 
2.833060e-01 	1.689873e-02 
2.835380e-01 	1.687971e-02 
2.837690e-01 	1.686081e-02 
2.840010e-01 	1.684188e-02 
2.842320e-01 	1.682309e-02 
2.844630e-01 	1.680434e-02 
2.846950e-01 	1.678555e-02 
2.849260e-01 	1.676690e-02 
2.851580e-01 	1.674821e-02 
2.853890e-01 	1.672965e-02 
2.856210e-01 	1.671105e-02 
2.858520e-01 	1.669259e-02 
2.860840e-01 	1.667409e-02 
2.863150e-01 	1.665571e-02 
2.865470e-01 	1.663731e-02 
2.867780e-01 	1.661902e-02 
2.870090e-01 	1.660079e-02 
2.872410e-01 	1.658252e-02 
2.874720e-01 	1.656437e-02 
2.877040e-01 	1.654620e-02 
2.879350e-01 	1.652814e-02 
2.881670e-01 	1.651005e-02 
2.883980e-01 	1.649209e-02 
2.886300e-01 	1.647409e-02 
2.888610e-01 	1.645622e-02 
2.890930e-01 	1.643831e-02 
2.893240e-01 	1.642052e-02 
2.895550e-01 	1.640278e-02 
2.897870e-01 	1.638501e-02 
2.900180e-01 	1.636735e-02 
2.902500e-01 	1.634967e-02 
2.904810e-01 	1.633210e-02 
2.907130e-01 	1.631450e-02 
2.909440e-01 	1.629702e-02 
2.911760e-01 	1.627950e-02 
2.914070e-01 	1.626211e-02 
2.916380e-01 	1.624476e-02 
2.918700e-01 	1.622737e-02 
2.921010e-01 	1.621010e-02 
2.923330e-01 	1.619280e-02 
2.925640e-01 	1.617562e-02 
2.927960e-01 	1.615840e-02 
2.930270e-01 	1.614130e-02 
2.932590e-01 	1.612417e-02 
2.934900e-01 	1.610715e-02 
2.937220e-01 	1.609010e-02 
2.939530e-01 	1.607317e-02 
2.941840e-01 	1.605627e-02 
2.944160e-01 	1.603934e-02 
2.946470e-01 	1.602253e-02 
2.948790e-01 	1.600569e-02 
2.951100e-01 	1.598895e-02 
2.953420e-01 	1.597219e-02 
2.955730e-01 	1.595554e-02 
2.958050e-01 	1.593885e-02 
2.960360e-01 	1.592228e-02 
2.962680e-01 	1.590568e-02 
2.964990e-01 	1.588918e-02 
2.967300e-01 	1.587273e-02 
2.969620e-01 	1.585624e-02 
2.971930e-01 	1.583986e-02 
2.974250e-01 	1.582346e-02 
2.976560e-01 	1.580716e-02 
2.978880e-01 	1.579083e-02 
2.981190e-01 	1.577461e-02 
2.983510e-01 	1.575835e-02 
2.985820e-01 	1.574221e-02 
2.988140e-01 	1.572603e-02 
2.990450e-01 	1.570996e-02 
2.992760e-01 	1.569393e-02 
2.995080e-01 	1.567787e-02 
2.997390e-01 	1.566191e-02 
2.999710e-01 	1.564593e-02 
3.002020e-01 	1.563005e-02 
3.004340e-01 	1.561414e-02 
3.006650e-01 	1.559833e-02 
3.008970e-01 	1.558249e-02 
3.011280e-01 	1.556676e-02 
3.013600e-01 	1.555100e-02 
3.015910e-01 	1.553535e-02 
3.018220e-01 	1.551973e-02 
3.020540e-01 	1.550407e-02 
3.022850e-01 	1.548853e-02 
3.025170e-01 	1.547295e-02 
3.027480e-01 	1.545748e-02 
3.029800e-01 	1.544198e-02 
3.032110e-01 	1.542658e-02 
3.034430e-01 	1.541114e-02 
3.036740e-01 	1.539582e-02 
3.039050e-01 	1.538052e-02 
3.041370e-01 	1.536520e-02 
3.043680e-01 	1.534998e-02 
3.046000e-01 	1.533473e-02 
3.048310e-01 	1.531958e-02 
3.050630e-01 	1.530440e-02 
3.052940e-01 	1.528932e-02 
3.055260e-01 	1.527421e-02 
3.057570e-01 	1.525921e-02 
3.059890e-01 	1.524417e-02 
3.062200e-01 	1.522923e-02 
3.064510e-01 	1.521432e-02 
3.066830e-01 	1.519939e-02 
3.069140e-01 	1.518456e-02 
3.071460e-01 	1.516969e-02 
3.073770e-01 	1.515492e-02 
3.076090e-01 	1.514013e-02 
3.078400e-01 	1.512543e-02 
3.080720e-01 	1.511070e-02 
3.083030e-01 	1.509607e-02 
3.085350e-01 	1.508141e-02 
3.087660e-01 	1.506685e-02 
3.089970e-01 	1.505231e-02 
3.092290e-01 	1.503775e-02 
3.094600e-01 	1.502329e-02 
3.096920e-01 	1.500880e-02 
3.099230e-01 	1.499440e-02 
3.101550e-01 	1.497997e-02 
3.103860e-01 	1.496564e-02 
3.106180e-01 	1.495128e-02 
3.108490e-01 	1.493701e-02 
3.110810e-01 	1.492271e-02 
3.113120e-01 	1.490851e-02 
3.115430e-01 	1.489434e-02 
3.117750e-01 	1.488014e-02 
3.120060e-01 	1.486603e-02 
3.122380e-01 	1.485189e-02 
3.124690e-01 	1.483785e-02 
3.127010e-01 	1.482378e-02 
3.129320e-01 	1.480980e-02 
3.131640e-01 	1.479579e-02 
3.133950e-01 	1.478187e-02 
3.136270e-01 	1.476793e-02 
3.138580e-01 	1.475407e-02 
3.140890e-01 	1.474025e-02 
3.143210e-01 	1.472639e-02 
3.145520e-01 	1.471263e-02 
3.147840e-01 	1.469884e-02 
3.150150e-01 	1.468514e-02 
3.152470e-01 	1.467141e-02 
3.154780e-01 	1.465777e-02 
3.157100e-01 	1.464410e-02 
3.159410e-01 	1.463052e-02 
3.161730e-01 	1.461691e-02 
3.164040e-01 	1.460339e-02 
3.166350e-01 	1.458990e-02 
3.168670e-01 	1.457638e-02 
3.170980e-01 	1.456295e-02 
3.173300e-01 	1.454949e-02 
3.175610e-01 	1.453612e-02 
3.177930e-01 	1.452272e-02 
3.180240e-01 	1.450940e-02 
3.182560e-01 	1.449606e-02 
3.184870e-01 	1.448281e-02 
3.187180e-01 	1.446958e-02 
3.189500e-01 	1.445632e-02 
3.191810e-01 	1.444316e-02 
3.194130e-01 	1.442996e-02 
3.196440e-01 	1.441685e-02 
3.198760e-01 	1.440371e-02 
3.201070e-01 	1.439066e-02 
3.203390e-01 	1.437758e-02 
3.205700e-01 	1.436458e-02 
3.208020e-01 	1.435156e-02 
3.210330e-01 	1.433862e-02 
3.212640e-01 	1.432571e-02 
3.214960e-01 	1.431277e-02 
3.217270e-01 	1.429991e-02 
3.219590e-01 	1.428703e-02 
3.221900e-01 	1.427423e-02 
3.224220e-01 	1.426141e-02 
3.226530e-01 	1.424866e-02 
3.228850e-01 	1.423589e-02 
3.231160e-01 	1.422320e-02 
3.233480e-01 	1.421049e-02 
3.235790e-01 	1.419786e-02 
3.238100e-01 	1.418525e-02 
3.240420e-01 	1.417262e-02 
3.242730e-01 	1.416007e-02 
3.245050e-01 	1.414749e-02 
3.247360e-01 	1.413499e-02 
3.249680e-01 	1.412247e-02 
3.251990e-01 	1.411003e-02 
3.254310e-01 	1.409756e-02 
3.256620e-01 	1.408517e-02 
3.258940e-01 	1.407275e-02 
3.261250e-01 	1.406042e-02 
3.263560e-01 	1.404811e-02 
3.265880e-01 	1.403577e-02 
3.268190e-01 	1.402351e-02 
3.270510e-01 	1.401123e-02 
3.272820e-01 	1.399903e-02 
3.275140e-01 	1.398679e-02 
3.277450e-01 	1.397464e-02 
3.279770e-01 	1.396246e-02 
3.282080e-01 	1.395036e-02 
3.284400e-01 	1.393823e-02 
3.286710e-01 	1.392618e-02 
3.289020e-01 	1.391416e-02 
3.291340e-01 	1.390211e-02 
3.293650e-01 	1.389013e-02 
3.295970e-01 	1.387813e-02 
3.298280e-01 	1.386621e-02 
3.300600e-01 	1.385426e-02 
3.302910e-01 	1.384239e-02 
3.305230e-01 	1.383049e-02 
3.307540e-01 	1.381866e-02 
3.309850e-01 	1.380686e-02 
3.312170e-01 	1.379504e-02 
3.314480e-01 	1.378329e-02 
3.316800e-01 	1.377151e-02 
3.319110e-01 	1.375981e-02 
3.321430e-01 	1.374809e-02 
3.323740e-01 	1.373644e-02 
3.326060e-01 	1.372476e-02 
3.328370e-01 	1.371315e-02 
3.330690e-01 	1.370152e-02 
3.333000e-01 	1.368997e-02 
3.335310e-01 	1.367844e-02 
3.337630e-01 	1.366688e-02 
3.339940e-01 	1.365540e-02 
3.342260e-01 	1.364388e-02 
3.344570e-01 	1.363245e-02 
3.346890e-01 	1.362099e-02 
3.349200e-01 	1.360960e-02 
3.351520e-01 	1.359818e-02 
3.353830e-01 	1.358684e-02 
3.356150e-01 	1.357547e-02 
3.358460e-01 	1.356417e-02 
3.360770e-01 	1.355290e-02 
3.363090e-01 	1.354160e-02 
3.365400e-01 	1.353037e-02 
3.367720e-01 	1.351911e-02 
3.370030e-01 	1.350793e-02 
3.372350e-01 	1.349672e-02 
3.374660e-01 	1.348559e-02 
3.376980e-01 	1.347442e-02 
3.379290e-01 	1.346333e-02 
3.381610e-01 	1.345221e-02 
3.383920e-01 	1.344117e-02 
3.386230e-01 	1.343014e-02 
3.388550e-01 	1.341909e-02 
3.390860e-01 	1.340811e-02 
3.393180e-01 	1.339711e-02 
3.395490e-01 	1.338617e-02 
3.397810e-01 	1.337521e-02 
3.400120e-01 	1.336432e-02 
3.402440e-01 	1.335340e-02 
3.404750e-01 	1.334256e-02 
3.407070e-01 	1.333168e-02 
3.409380e-01 	1.332088e-02 
3.411690e-01 	1.331010e-02 
3.414010e-01 	1.329929e-02 
3.416320e-01 	1.328855e-02 
3.418640e-01 	1.327779e-02 
3.420950e-01 	1.326709e-02 
3.423270e-01 	1.325637e-02 
3.425580e-01 	1.324571e-02 
3.427900e-01 	1.323504e-02 
3.430210e-01 	1.322443e-02 
3.432530e-01 	1.321379e-02 
3.434840e-01 	1.320322e-02 
3.437150e-01 	1.319267e-02 
3.439470e-01 	1.318210e-02 
3.441780e-01 	1.317159e-02 
3.444100e-01 	1.316106e-02 
3.446410e-01 	1.315060e-02 
3.448730e-01 	1.314011e-02 
3.451040e-01 	1.312968e-02 
3.453360e-01 	1.311924e-02 
3.455670e-01 	1.310885e-02 
3.457980e-01 	1.309849e-02 
3.460300e-01 	1.308810e-02 
3.462610e-01 	1.307778e-02 
3.464930e-01 	1.306744e-02 
3.467240e-01 	1.305716e-02 
3.469560e-01 	1.304685e-02 
3.471870e-01 	1.303661e-02 
3.474190e-01 	1.302634e-02 
3.476500e-01 	1.301614e-02 
3.478820e-01 	1.300592e-02 
3.481130e-01 	1.299575e-02 
3.483440e-01 	1.298561e-02 
3.485760e-01 	1.297545e-02 
3.488070e-01 	1.296534e-02 
3.490390e-01 	1.295522e-02 
3.492700e-01 	1.294515e-02 
3.495020e-01 	1.293506e-02 
3.497330e-01 	1.292504e-02 
3.499650e-01 	1.291499e-02 
3.501960e-01 	1.290500e-02 
3.504280e-01 	1.289499e-02 
3.506590e-01 	1.288504e-02 
3.508900e-01 	1.287511e-02 
3.511220e-01 	1.286516e-02 
3.513530e-01 	1.285527e-02 
3.515850e-01 	1.284535e-02 
3.518160e-01 	1.283550e-02 
3.520480e-01 	1.282562e-02 
3.522790e-01 	1.281581e-02 
3.525110e-01 	1.280597e-02 
3.527420e-01 	1.279619e-02 
3.529740e-01 	1.278639e-02 
3.532050e-01 	1.277664e-02 
3.534360e-01 	1.276692e-02 
3.536680e-01 	1.275717e-02 
3.538990e-01 	1.274749e-02 
3.541310e-01 	1.273778e-02 
3.543620e-01 	1.272813e-02 
3.545940e-01 	1.271845e-02 
3.548250e-01 	1.270884e-02 
3.550570e-01 	1.269920e-02 
3.552880e-01 	1.268962e-02 
3.555200e-01 	1.268002e-02 
3.557510e-01 	1.267048e-02 
3.559820e-01 	1.266096e-02 
3.562140e-01 	1.265141e-02 
3.564450e-01 	1.264192e-02 
3.566770e-01 	1.263241e-02 
3.569080e-01 	1.262296e-02 
3.571400e-01 	1.261348e-02 
3.573710e-01 	1.260406e-02 
3.576030e-01 	1.259462e-02 
3.578340e-01 	1.258524e-02 
3.580650e-01 	1.257587e-02 
3.582970e-01 	1.256648e-02 
3.585280e-01 	1.255715e-02 
3.587600e-01 	1.254780e-02 
3.589910e-01 	1.253850e-02 
3.592230e-01 	1.252918e-02 
3.594540e-01 	1.251992e-02 
3.596860e-01 	1.251064e-02 
3.599170e-01 	1.250141e-02 
3.601490e-01 	1.249216e-02 
3.603800e-01 	1.248296e-02 
3.606110e-01 	1.247379e-02 
3.608430e-01 	1.246459e-02 
3.610740e-01 	1.245544e-02 
3.613060e-01 	1.244628e-02 
3.615370e-01 	1.243717e-02 
3.617690e-01 	1.242803e-02 
3.620000e-01 	1.241895e-02 
3.622320e-01 	1.240985e-02 
3.624630e-01 	1.240081e-02 
3.626950e-01 	1.239174e-02 
3.629260e-01 	1.238273e-02 
3.631570e-01 	1.237374e-02 
3.633890e-01 	1.236472e-02 
3.636200e-01 	1.235575e-02 
3.638520e-01 	1.234677e-02 
3.640830e-01 	1.233784e-02 
3.643150e-01 	1.232889e-02 
3.645460e-01 	1.231999e-02 
3.647780e-01 	1.231107e-02 
3.650090e-01 	1.230220e-02 
3.652410e-01 	1.229331e-02 
3.654720e-01 	1.228447e-02 
3.657030e-01 	1.227566e-02 
3.659350e-01 	1.226681e-02 
3.661660e-01 	1.225803e-02 
3.663980e-01 	1.224922e-02 
3.666290e-01 	1.224046e-02 
3.668610e-01 	1.223168e-02 
3.670920e-01 	1.222296e-02 
3.673240e-01 	1.221421e-02 
3.675550e-01 	1.220551e-02 
3.677870e-01 	1.219680e-02 
3.680180e-01 	1.218813e-02 
3.682490e-01 	1.217949e-02 
3.684810e-01 	1.217082e-02 
3.687120e-01 	1.216220e-02 
3.689440e-01 	1.215356e-02 
3.691750e-01 	1.214497e-02 
3.694070e-01 	1.213636e-02 
3.696380e-01 	1.212781e-02 
3.698700e-01 	1.211923e-02 
3.701010e-01 	1.211070e-02 
3.703330e-01 	1.210215e-02 
3.705640e-01 	1.209365e-02 
3.707950e-01 	1.208517e-02 
3.710270e-01 	1.207667e-02 
3.712580e-01 	1.206822e-02 
3.714900e-01 	1.205974e-02 
3.717210e-01 	1.205132e-02 
3.719530e-01 	1.204288e-02 
3.721840e-01 	1.203448e-02 
3.724160e-01 	1.202607e-02 
3.726470e-01 	1.201770e-02 
3.728780e-01 	1.200935e-02 
3.731100e-01 	1.200098e-02 
3.733410e-01 	1.199266e-02 
3.735730e-01 	1.198432e-02 
3.738040e-01 	1.197603e-02 
3.740360e-01 	1.196772e-02 
3.742670e-01 	1.195945e-02 
3.744990e-01 	1.195117e-02 
3.747300e-01 	1.194293e-02 
3.749620e-01 	1.193468e-02 
3.751930e-01 	1.192647e-02 
3.754240e-01 	1.191828e-02 
3.756560e-01 	1.191007e-02 
3.758870e-01 	1.190190e-02 
3.761190e-01 	1.189372e-02 
3.763500e-01 	1.188558e-02 
3.765820e-01 	1.187743e-02 
3.768130e-01 	1.186932e-02 
3.770450e-01 	1.186119e-02 
3.772760e-01 	1.185311e-02 
3.775080e-01 	1.184501e-02 
3.777390e-01 	1.183695e-02 
3.779700e-01 	1.182892e-02 
3.782020e-01 	1.182086e-02 
3.784330e-01 	1.181284e-02 
3.786650e-01 	1.180481e-02 
3.788960e-01 	1.179683e-02 
3.791280e-01 	1.178882e-02 
3.793590e-01 	1.178086e-02 
3.795910e-01 	1.177289e-02 
3.798220e-01 	1.176496e-02 
3.800540e-01 	1.175700e-02 
3.802850e-01 	1.174910e-02 
3.805160e-01 	1.174121e-02 
3.807480e-01 	1.173330e-02 
3.809790e-01 	1.172543e-02 
3.812110e-01 	1.171755e-02 
3.814420e-01 	1.170971e-02 
3.816740e-01 	1.170185e-02 
3.819050e-01 	1.169404e-02 
3.821370e-01 	1.168621e-02 
3.823680e-01 	1.167842e-02 
3.826000e-01 	1.167062e-02 
3.828310e-01 	1.166286e-02 
3.830620e-01 	1.165511e-02 
3.832940e-01 	1.164734e-02 
3.835250e-01 	1.163962e-02 
3.837570e-01 	1.163188e-02 
3.839880e-01 	1.162419e-02 
3.842200e-01 	1.161647e-02 
3.844510e-01 	1.160880e-02 
3.846830e-01 	1.160111e-02 
3.849140e-01 	1.159346e-02 
3.851450e-01 	1.158583e-02 
3.853770e-01 	1.157818e-02 
3.856080e-01 	1.157057e-02 
3.858400e-01 	1.156294e-02 
3.860710e-01 	1.155536e-02 
3.863030e-01 	1.154776e-02 
3.865340e-01 	1.154020e-02 
3.867660e-01 	1.153262e-02 
3.869970e-01 	1.152509e-02 
3.872290e-01 	1.151754e-02 
3.874600e-01 	1.151003e-02 
3.876910e-01 	1.150253e-02 
3.879230e-01 	1.149502e-02 
3.881540e-01 	1.148755e-02 
3.883860e-01 	1.148006e-02 
3.886170e-01 	1.147261e-02 
3.888490e-01 	1.146514e-02 
3.890800e-01 	1.145772e-02 
3.893120e-01 	1.145027e-02 
3.895430e-01 	1.144287e-02 
3.897750e-01 	1.143545e-02 
3.900060e-01 	1.142808e-02 
3.902370e-01 	1.142071e-02 
3.904690e-01 	1.141333e-02 
3.907000e-01 	1.140599e-02 
3.909320e-01 	1.139863e-02 
3.911630e-01 	1.139131e-02 
3.913950e-01 	1.138398e-02 
3.916260e-01 	1.137668e-02 
3.918580e-01 	1.136937e-02 
3.920890e-01 	1.136210e-02 
3.923210e-01 	1.135481e-02 
3.925520e-01 	1.134756e-02 
3.927830e-01 	1.134033e-02 
3.930150e-01 	1.133307e-02 
3.932460e-01 	1.132586e-02 
3.934780e-01 	1.131863e-02 
3.937090e-01 	1.131144e-02 
3.939410e-01 	1.130423e-02 
3.941720e-01 	1.129706e-02 
3.944040e-01 	1.128988e-02 
3.946350e-01 	1.128273e-02 
3.948670e-01 	1.127557e-02 
3.950980e-01 	1.126845e-02 
3.953290e-01 	1.126133e-02 
3.955610e-01 	1.125420e-02 
3.957920e-01 	1.124712e-02 
3.960240e-01 	1.124001e-02 
3.962550e-01 	1.123294e-02 
3.964870e-01 	1.122585e-02 
3.967180e-01 	1.121881e-02 
3.969500e-01 	1.121175e-02 
3.971810e-01 	1.120472e-02 
3.974130e-01 	1.119768e-02 
3.976440e-01 	1.119068e-02 
3.978750e-01 	1.118369e-02 
3.981070e-01 	1.117668e-02 
3.983380e-01 	1.116971e-02 
3.985700e-01 	1.116272e-02 
3.988010e-01 	1.115578e-02 
3.990330e-01 	1.114881e-02 
3.992640e-01 	1.114188e-02 
3.994960e-01 	1.113494e-02 
3.997270e-01 	1.112803e-02 
3.999580e-01 	1.112114e-02 
4.001900e-01 	1.111422e-02 
4.004210e-01 	1.110735e-02 
4.006530e-01 	1.110046e-02 
4.008840e-01 	1.109361e-02 
4.011160e-01 	1.108673e-02 
4.013470e-01 	1.107990e-02 
4.015790e-01 	1.107305e-02 
4.018100e-01 	1.106624e-02 
4.020420e-01 	1.105941e-02 
4.022730e-01 	1.105262e-02 
4.025040e-01 	1.104584e-02 
4.027360e-01 	1.103904e-02 
4.029670e-01 	1.103228e-02 
4.031990e-01 	1.102550e-02 
4.034300e-01 	1.101876e-02 
4.036620e-01 	1.101200e-02 
4.038930e-01 	1.100528e-02 
4.041250e-01 	1.099854e-02 
4.043560e-01 	1.099184e-02 
4.045880e-01 	1.098512e-02 
4.048190e-01 	1.097844e-02 
4.050500e-01 	1.097177e-02 
4.052820e-01 	1.096508e-02 
4.055130e-01 	1.095843e-02 
4.057450e-01 	1.095176e-02 
4.059760e-01 	1.094513e-02 
4.062080e-01 	1.093848e-02 
4.064390e-01 	1.093187e-02 
4.066710e-01 	1.092524e-02 
4.069020e-01 	1.091864e-02 
4.071340e-01 	1.091203e-02 
4.073650e-01 	1.090546e-02 
4.075960e-01 	1.089890e-02 
4.078280e-01 	1.089232e-02 
4.080590e-01 	1.088577e-02 
4.082910e-01 	1.087921e-02 
4.085220e-01 	1.087268e-02 
4.087540e-01 	1.086614e-02 
4.089850e-01 	1.085963e-02 
4.092170e-01 	1.085311e-02 
4.094480e-01 	1.084662e-02 
4.096800e-01 	1.084011e-02 
4.099110e-01 	1.083365e-02 
4.101420e-01 	1.082719e-02 
4.103740e-01 	1.082071e-02 
4.106050e-01 	1.081427e-02 
4.108370e-01 	1.080781e-02 
4.110680e-01 	1.080139e-02 
4.113000e-01 	1.079494e-02 
4.115310e-01 	1.078854e-02 
4.117630e-01 	1.078212e-02 
4.119940e-01 	1.077573e-02 
4.122250e-01 	1.076936e-02 
4.124570e-01 	1.076296e-02 
4.126880e-01 	1.075660e-02 
4.129200e-01 	1.075023e-02 
4.131510e-01 	1.074388e-02 
4.133830e-01 	1.073753e-02 
4.136140e-01 	1.073120e-02 
4.138460e-01 	1.072486e-02 
4.140770e-01 	1.071856e-02 
4.143090e-01 	1.071223e-02 
4.145400e-01 	1.070595e-02 
4.147710e-01 	1.069967e-02 
4.150030e-01 	1.069337e-02 
4.152340e-01 	1.068711e-02 
4.154660e-01 	1.068083e-02 
4.156970e-01 	1.067459e-02 
4.159290e-01 	1.066833e-02 
4.161600e-01 	1.066210e-02 
4.163920e-01 	1.065586e-02 
4.166230e-01 	1.064965e-02 
4.168550e-01 	1.064342e-02 
4.170860e-01 	1.063723e-02 
4.173170e-01 	1.063105e-02 
4.175490e-01 	1.062485e-02 
4.177800e-01 	1.061868e-02 
4.180120e-01 	1.061250e-02 
4.182430e-01 	1.060635e-02 
4.184750e-01 	1.060018e-02 
4.187060e-01 	1.059405e-02 
4.189380e-01 	1.058790e-02 
4.191690e-01 	1.058179e-02 
4.194010e-01 	1.057566e-02 
4.196320e-01 	1.056956e-02 
4.198630e-01 	1.056347e-02 
4.200950e-01 	1.055736e-02 
4.203260e-01 	1.055129e-02 
4.205580e-01 	1.054520e-02 
4.207890e-01 	1.053914e-02 
4.210210e-01 	1.053307e-02 
4.212520e-01 	1.052703e-02 
4.214840e-01 	1.052097e-02 
4.217150e-01 	1.051494e-02 
4.219470e-01 	1.050890e-02 
4.221780e-01 	1.050290e-02 
4.224090e-01 	1.049690e-02 
4.226410e-01 	1.049088e-02 
4.228720e-01 	1.048490e-02 
4.231040e-01 	1.047890e-02 
4.233350e-01 	1.047293e-02 
4.235670e-01 	1.046694e-02 
4.237980e-01 	1.046099e-02 
4.240300e-01 	1.045503e-02 
4.242610e-01 	1.044909e-02 
4.244930e-01 	1.044314e-02 
4.247240e-01 	1.043722e-02 
4.249550e-01 	1.043131e-02 
4.251870e-01 	1.042538e-02 
4.254180e-01 	1.041949e-02 
4.256500e-01 	1.041357e-02 
4.258810e-01 	1.040769e-02 
4.261130e-01 	1.040180e-02 
4.263440e-01 	1.039593e-02 
4.265760e-01 	1.039005e-02 
4.268070e-01 	1.038420e-02 
4.270380e-01 	1.037836e-02 
4.272700e-01 	1.037251e-02 
4.275010e-01 	1.036668e-02 
4.277330e-01 	1.036084e-02 
4.279640e-01 	1.035503e-02 
4.281960e-01 	1.034920e-02 
4.284270e-01 	1.034341e-02 
4.286590e-01 	1.033760e-02 
4.288900e-01 	1.033182e-02 
4.291220e-01 	1.032602e-02 
4.293530e-01 	1.032026e-02 
4.295840e-01 	1.031450e-02 
4.298160e-01 	1.030873e-02 
4.300470e-01 	1.030299e-02 
4.302790e-01 	1.029723e-02 
4.305100e-01 	1.029150e-02 
4.307420e-01 	1.028576e-02 
4.309730e-01 	1.028005e-02 
4.312050e-01 	1.027432e-02 
4.314360e-01 	1.026863e-02 
4.316680e-01 	1.026291e-02 
4.318990e-01 	1.025723e-02 
4.321300e-01 	1.025156e-02 
4.323620e-01 	1.024587e-02 
4.325930e-01 	1.024021e-02 
4.328250e-01 	1.023453e-02 
4.330560e-01 	1.022889e-02 
4.332880e-01 	1.022322e-02 
4.335190e-01 	1.021759e-02 
4.337510e-01 	1.021195e-02 
4.339820e-01 	1.020633e-02 
4.342140e-01 	1.020070e-02 
4.344450e-01 	1.019510e-02 
4.346760e-01 	1.018950e-02 
4.349080e-01 	1.018389e-02 
4.351390e-01 	1.017831e-02 
4.353710e-01 	1.017272e-02 
4.356020e-01 	1.016715e-02 
4.358340e-01 	1.016157e-02 
4.360650e-01 	1.015602e-02 
4.362970e-01 	1.015045e-02 
4.365280e-01 	1.014491e-02 
4.367600e-01 	1.013936e-02 
4.369910e-01 	1.013384e-02 
4.372220e-01 	1.012832e-02 
4.374540e-01 	1.012279e-02 
4.376850e-01 	1.011729e-02 
4.379170e-01 	1.011177e-02 
4.381480e-01 	1.010628e-02 
4.383800e-01 	1.010078e-02 
4.386110e-01 	1.009530e-02 
4.388430e-01 	1.008981e-02 
4.390740e-01 	1.008435e-02 
4.393050e-01 	1.007890e-02 
4.395370e-01 	1.007343e-02 
4.397680e-01 	1.006799e-02 
4.400000e-01 	1.006253e-02 
4.402310e-01 	1.005711e-02 
4.404630e-01 	1.005167e-02 
4.406940e-01 	1.004625e-02 
4.409260e-01 	1.004082e-02 
4.411570e-01 	1.003543e-02 
4.413890e-01 	1.003001e-02 
4.416200e-01 	1.002463e-02 
4.418510e-01 	1.001925e-02 
4.420830e-01 	1.001385e-02 
4.423140e-01 	1.000849e-02 
4.425460e-01 	1.000311e-02 
4.427770e-01 	9.997755e-03 
4.430090e-01 	9.992387e-03 
4.432400e-01 	9.987048e-03 
4.434720e-01 	9.981693e-03 
4.437030e-01 	9.976368e-03 
4.439350e-01 	9.971026e-03 
4.441660e-01 	9.965714e-03 
4.443970e-01 	9.960409e-03 
4.446290e-01 	9.955087e-03 
4.448600e-01 	9.949794e-03 
4.450920e-01 	9.944485e-03 
4.453230e-01 	9.939206e-03 
4.455550e-01 	9.933910e-03 
4.457860e-01 	9.928643e-03 
4.460180e-01 	9.923360e-03 
4.462490e-01 	9.918106e-03 
4.464810e-01 	9.912836e-03 
4.467120e-01 	9.907595e-03 
4.469430e-01 	9.902360e-03 
4.471750e-01 	9.897109e-03 
4.474060e-01 	9.891887e-03 
4.476380e-01 	9.886649e-03 
4.478690e-01 	9.881439e-03 
4.481010e-01 	9.876213e-03 
4.483320e-01 	9.871016e-03 
4.485640e-01 	9.865803e-03 
4.487950e-01 	9.860618e-03 
4.490270e-01 	9.855417e-03 
4.492580e-01 	9.850245e-03 
4.494890e-01 	9.845079e-03 
4.497210e-01 	9.839897e-03 
4.499520e-01 	9.834743e-03 
4.501840e-01 	9.829573e-03 
4.504150e-01 	9.824431e-03 
4.506470e-01 	9.819273e-03 
4.508780e-01 	9.814143e-03 
4.511100e-01 	9.808997e-03 
4.513410e-01 	9.803880e-03 
4.515730e-01 	9.798746e-03 
4.518040e-01 	9.793640e-03 
4.520350e-01 	9.788540e-03 
4.522670e-01 	9.783424e-03 
4.524980e-01 	9.778336e-03 
4.527300e-01 	9.773232e-03 
4.529610e-01 	9.768155e-03 
4.531930e-01 	9.763063e-03 
4.534240e-01 	9.757998e-03 
4.536560e-01 	9.752917e-03 
4.538870e-01 	9.747864e-03 
4.541180e-01 	9.742817e-03 
4.543500e-01 	9.737753e-03 
4.545810e-01 	9.732717e-03 
4.548130e-01 	9.727665e-03 
4.550440e-01 	9.722640e-03 
4.552760e-01 	9.717599e-03 
4.555070e-01 	9.712586e-03 
4.557390e-01 	9.707556e-03 
4.559700e-01 	9.702553e-03 
4.562020e-01 	9.697535e-03 
4.564330e-01 	9.692544e-03 
4.566640e-01 	9.687558e-03 
4.568960e-01 	9.682556e-03 
4.571270e-01 	9.677581e-03 
4.573590e-01 	9.672590e-03 
4.575900e-01 	9.667626e-03 
4.578220e-01 	9.662646e-03 
4.580530e-01 	9.657692e-03 
4.582850e-01 	9.652723e-03 
4.585160e-01 	9.647780e-03 
4.587480e-01 	9.642821e-03 
4.589790e-01 	9.637889e-03 
4.592100e-01 	9.632962e-03 
4.594420e-01 	9.628019e-03 
4.596730e-01 	9.623103e-03 
4.599050e-01 	9.618170e-03 
4.601360e-01 	9.613264e-03 
4.603680e-01 	9.608342e-03 
4.605990e-01 	9.603446e-03 
4.608310e-01 	9.598535e-03 
4.610620e-01 	9.593649e-03 
4.612940e-01 	9.588747e-03 
4.615250e-01 	9.583872e-03 
4.617560e-01 	9.579001e-03 
4.619880e-01 	9.574115e-03 
4.622190e-01 	9.569254e-03 
4.624510e-01 	9.564378e-03 
4.626820e-01 	9.559527e-03 
4.629140e-01 	9.554661e-03 
4.631450e-01 	9.549820e-03 
4.633770e-01 	9.544963e-03 
4.636080e-01 	9.540132e-03 
4.638400e-01 	9.535285e-03 
4.640710e-01 	9.530464e-03 
4.643020e-01 	9.525648e-03 
4.645340e-01 	9.520815e-03 
4.647650e-01 	9.516008e-03 
4.649970e-01 	9.511186e-03 
4.652280e-01 	9.506389e-03 
4.654600e-01 	9.501575e-03 
4.656910e-01 	9.496788e-03 
4.659230e-01 	9.491984e-03 
4.661540e-01 	9.487207e-03 
4.663850e-01 	9.482433e-03 
4.666170e-01 	9.477644e-03 
4.668480e-01 	9.472881e-03 
4.670800e-01 	9.468101e-03 
4.673110e-01 	9.463347e-03 
4.675430e-01 	9.458577e-03 
4.677740e-01 	9.453833e-03 
4.680060e-01 	9.449073e-03 
4.682370e-01 	9.444338e-03 
4.684690e-01 	9.439587e-03 
4.687000e-01 	9.434862e-03 
4.689310e-01 	9.430141e-03 
4.691630e-01 	9.425405e-03 
4.693940e-01 	9.420694e-03 
4.696260e-01 	9.415968e-03 
4.698570e-01 	9.411266e-03 
4.700890e-01 	9.406549e-03 
4.703200e-01 	9.401858e-03 
4.705520e-01 	9.397150e-03 
4.707830e-01 	9.392468e-03 
4.710150e-01 	9.387771e-03 
4.712460e-01 	9.383098e-03 
4.714770e-01 	9.378430e-03 
4.717090e-01 	9.373747e-03 
4.719400e-01 	9.369089e-03 
4.721720e-01 	9.364415e-03 
4.724030e-01 	9.359767e-03 
4.726350e-01 	9.355103e-03 
4.728660e-01 	9.350464e-03 
4.730980e-01 	9.345810e-03 
4.733290e-01 	9.341181e-03 
4.735610e-01 	9.336536e-03 
4.737920e-01 	9.331917e-03 
4.740230e-01 	9.327302e-03 
4.742550e-01 	9.322672e-03 
4.744860e-01 	9.318067e-03 
4.747180e-01 	9.313447e-03 
4.749490e-01 	9.308852e-03 
4.751810e-01 	9.304241e-03 
4.754120e-01 	9.299656e-03 
4.756440e-01 	9.295055e-03 
4.758750e-01 	9.290479e-03 
4.761070e-01 	9.285888e-03 
4.763380e-01 	9.281322e-03 
4.765690e-01 	9.276761e-03 
4.768010e-01 	9.272185e-03 
4.770320e-01 	9.267633e-03 
4.772640e-01 	9.263067e-03 
4.774950e-01 	9.258525e-03 
4.777270e-01 	9.253969e-03 
4.779580e-01 	9.249437e-03 
4.781900e-01 	9.244891e-03 
4.784210e-01 	9.240368e-03 
4.786530e-01 	9.235832e-03 
4.788840e-01 	9.231320e-03 
4.791150e-01 	9.226812e-03 
4.793470e-01 	9.222290e-03 
4.795780e-01 	9.217793e-03 
4.798100e-01 	9.213281e-03 
4.800410e-01 	9.208794e-03 
4.802730e-01 	9.204292e-03 
4.805040e-01 	9.199814e-03 
4.807360e-01 	9.195322e-03 
4.809670e-01 	9.190854e-03 
4.811980e-01 	9.186391e-03 
4.814300e-01 	9.181914e-03 
4.816610e-01 	9.177461e-03 
4.818930e-01 	9.172994e-03 
4.821240e-01 	9.168551e-03 
4.823560e-01 	9.164094e-03 
4.825870e-01 	9.159660e-03 
4.828190e-01 	9.155213e-03 
4.830500e-01 	9.150789e-03 
4.832820e-01 	9.146351e-03 
4.835130e-01 	9.141937e-03 
4.837440e-01 	9.137527e-03 
4.839760e-01 	9.133103e-03 
4.842070e-01 	9.128703e-03 
4.844390e-01 	9.124288e-03 
4.846700e-01 	9.119896e-03 
4.849020e-01 	9.115490e-03 
4.851330e-01 	9.111107e-03 
4.853650e-01 	9.106709e-03 
4.855960e-01 	9.102335e-03 
4.858280e-01 	9.097945e-03 
4.860590e-01 	9.093579e-03 
4.862900e-01 	9.089216e-03 
4.865220e-01 	9.084838e-03 
4.867530e-01 	9.080483e-03 
4.869850e-01 	9.076113e-03 
4.872160e-01 	9.071766e-03 
4.874480e-01 	9.067403e-03 
4.876790e-01 	9.063063e-03 
4.879110e-01 	9.058707e-03 
4.881420e-01 	9.054373e-03 
4.883740e-01 	9.050024e-03 
4.886050e-01 	9.045697e-03 
4.888360e-01 	9.041373e-03 
4.890680e-01 	9.037033e-03 
4.892990e-01 	9.032716e-03 
4.895310e-01 	9.028382e-03 
4.897620e-01 	9.024070e-03 
4.899940e-01 	9.019742e-03 
4.902250e-01 	9.015436e-03 
4.904570e-01 	9.011113e-03 
4.906880e-01 	9.006812e-03 
4.909200e-01 	9.002495e-03 
4.911510e-01 	8.998199e-03 
4.913820e-01 	8.993905e-03 
4.916140e-01 	8.989595e-03 
4.918450e-01 	8.985306e-03 
4.920770e-01 	8.981001e-03 
4.923080e-01 	8.976716e-03 
4.925400e-01 	8.972414e-03 
4.927710e-01 	8.968133e-03 
4.930030e-01 	8.963836e-03 
4.932340e-01 	8.959559e-03 
4.934650e-01 	8.955283e-03 
4.936970e-01 	8.950991e-03 
4.939280e-01 	8.946719e-03 
4.941600e-01 	8.942430e-03 
4.943910e-01 	8.938161e-03 
4.946230e-01 	8.933874e-03 
4.948540e-01 	8.929608e-03 
4.950860e-01 	8.925324e-03 
4.953170e-01 	8.921060e-03 
4.955490e-01 	8.916779e-03 
4.957800e-01 	8.912517e-03 
4.960110e-01 	8.908257e-03 
4.962430e-01 	8.903978e-03 
4.964740e-01 	8.899719e-03 
4.967060e-01 	8.895442e-03 
4.969370e-01 	8.891185e-03 
4.971690e-01 	8.886909e-03 
4.974000e-01 	8.882653e-03 
4.976320e-01 	8.878378e-03 
4.978630e-01 	8.874123e-03 
4.980950e-01 	8.869849e-03 
4.983260e-01 	8.865594e-03 
4.985570e-01 	8.861339e-03 
4.987890e-01 	8.857066e-03 
4.990200e-01 	8.852811e-03 
4.992520e-01 	8.848538e-03 
4.994830e-01 	8.844283e-03 
4.997150e-01 	8.840010e-03 
4.999460e-01 	8.835755e-03 
