#q 	 Ifit_avg 
6.026000e-03 	1.000000e+00 
6.257000e-03 	9.974101e-01 
6.488000e-03 	9.948193e-01 
6.720000e-03 	9.922264e-01 
6.951000e-03 	9.896302e-01 
7.183000e-03 	9.870297e-01 
7.414000e-03 	9.844239e-01 
7.646000e-03 	9.818117e-01 
7.877000e-03 	9.791918e-01 
8.109000e-03 	9.765635e-01 
8.340000e-03 	9.739255e-01 
8.572000e-03 	9.712767e-01 
8.803000e-03 	9.686162e-01 
9.034000e-03 	9.659428e-01 
9.266000e-03 	9.632554e-01 
9.497000e-03 	9.605529e-01 
9.729000e-03 	9.578344e-01 
9.960000e-03 	9.550987e-01 
1.019200e-02 	9.523442e-01 
1.042300e-02 	9.495715e-01 
1.065500e-02 	9.467772e-01 
1.088600e-02 	9.439626e-01 
1.111800e-02 	9.411242e-01 
1.134900e-02 	9.382633e-01 
1.158000e-02 	9.353766e-01 
1.181200e-02 	9.324652e-01 
1.204300e-02 	9.295258e-01 
1.227500e-02 	9.265596e-01 
1.250600e-02 	9.235632e-01 
1.273800e-02 	9.205380e-01 
1.296900e-02 	9.174803e-01 
1.320100e-02 	9.143903e-01 
1.343200e-02 	9.112685e-01 
1.366400e-02 	9.081110e-01 
1.389500e-02 	9.049197e-01 
1.412600e-02 	9.016909e-01 
1.435800e-02 	8.984266e-01 
1.458900e-02 	8.951231e-01 
1.482100e-02 	8.917828e-01 
1.505200e-02 	8.884020e-01 
1.528400e-02 	8.849834e-01 
1.551500e-02 	8.815235e-01 
1.574700e-02 	8.780251e-01 
1.597800e-02 	8.744852e-01 
1.620900e-02 	8.709068e-01 
1.644100e-02 	8.672868e-01 
1.667200e-02 	8.636288e-01 
1.690400e-02 	8.599299e-01 
1.713500e-02 	8.561921e-01 
1.736700e-02 	8.524177e-01 
1.759800e-02 	8.486039e-01 
1.783000e-02 	8.447550e-01 
1.806100e-02 	8.408682e-01 
1.829200e-02 	8.369480e-01 
1.852400e-02 	8.329920e-01 
1.875500e-02 	8.290044e-01 
1.898700e-02 	8.249830e-01 
1.921800e-02 	8.209325e-01 
1.945000e-02 	8.168503e-01 
1.968100e-02 	8.127414e-01 
1.991300e-02 	8.086034e-01 
2.014400e-02 	8.044411e-01 
2.037600e-02 	8.002523e-01 
2.060700e-02 	7.960400e-01 
2.083800e-02 	7.918074e-01 
2.107000e-02 	7.875522e-01 
2.130100e-02 	7.832792e-01 
2.153300e-02 	7.789863e-01 
2.176400e-02 	7.746782e-01 
2.199600e-02 	7.703527e-01 
2.222700e-02 	7.660147e-01 
2.245900e-02 	7.616618e-01 
2.269000e-02 	7.572989e-01 
2.292200e-02 	7.529234e-01 
2.315300e-02 	7.485404e-01 
2.338500e-02 	7.441472e-01 
2.361600e-02 	7.397488e-01 
2.384700e-02 	7.353424e-01 
2.407900e-02 	7.309329e-01 
2.431000e-02 	7.265177e-01 
2.454200e-02 	7.220996e-01 
2.477300e-02 	7.176815e-01 
2.500500e-02 	7.132607e-01 
2.523600e-02 	7.088418e-01 
2.546800e-02 	7.044221e-01 
2.569900e-02 	7.000062e-01 
2.593100e-02 	6.955911e-01 
2.616200e-02 	6.911815e-01 
2.639300e-02 	6.867745e-01 
2.662500e-02 	6.823746e-01 
2.685600e-02 	6.779787e-01 
2.708800e-02 	6.735916e-01 
2.731900e-02 	6.692100e-01 
2.755100e-02 	6.648384e-01 
2.778200e-02 	6.604738e-01 
2.801400e-02 	6.561205e-01 
2.824500e-02 	6.517755e-01 
2.847700e-02 	6.474412e-01 
2.870800e-02 	6.431200e-01 
2.893900e-02 	6.388089e-01 
2.917100e-02 	6.345121e-01 
2.940200e-02 	6.302263e-01 
2.963400e-02 	6.259559e-01 
2.986500e-02 	6.216975e-01 
3.009700e-02 	6.174555e-01 
3.032800e-02 	6.132265e-01 
3.056000e-02 	6.090146e-01 
3.079100e-02 	6.048167e-01 
3.102200e-02 	6.006367e-01 
3.125400e-02 	5.964715e-01 
3.148500e-02 	5.923250e-01 
3.171700e-02 	5.881941e-01 
3.194800e-02 	5.840826e-01 
3.218000e-02 	5.799873e-01 
3.241100e-02 	5.759104e-01 
3.264300e-02 	5.718538e-01 
3.287400e-02 	5.678144e-01 
3.310600e-02 	5.637960e-01 
3.333700e-02 	5.597954e-01 
3.356800e-02 	5.558162e-01 
3.380000e-02 	5.518554e-01 
3.403100e-02 	5.479164e-01 
3.426300e-02 	5.439963e-01 
3.449400e-02 	5.400985e-01 
3.472600e-02 	5.362200e-01 
3.495700e-02 	5.323643e-01 
3.518900e-02 	5.285281e-01 
3.542000e-02 	5.247152e-01 
3.565200e-02 	5.209222e-01 
3.588300e-02 	5.171526e-01 
3.611400e-02 	5.134034e-01 
3.634600e-02 	5.096762e-01 
3.657700e-02 	5.059730e-01 
3.680900e-02 	5.022905e-01 
3.704000e-02 	4.986321e-01 
3.727200e-02 	4.949947e-01 
3.750300e-02 	4.913816e-01 
3.773500e-02 	4.877898e-01 
3.796600e-02 	4.842224e-01 
3.819800e-02 	4.806765e-01 
3.842900e-02 	4.771552e-01 
3.866000e-02 	4.736556e-01 
3.889200e-02 	4.701806e-01 
3.912300e-02 	4.667275e-01 
3.935500e-02 	4.632992e-01 
3.958600e-02 	4.598929e-01 
3.981800e-02 	4.565114e-01 
4.004900e-02 	4.531520e-01 
4.028100e-02 	4.498160e-01 
4.051200e-02 	4.465051e-01 
4.074400e-02 	4.432163e-01 
4.097500e-02 	4.399524e-01 
4.120600e-02 	4.367108e-01 
4.143800e-02 	4.334941e-01 
4.166900e-02 	4.302996e-01 
4.190100e-02 	4.271300e-01 
4.213200e-02 	4.239826e-01 
4.236400e-02 	4.208602e-01 
4.259500e-02 	4.177599e-01 
4.282700e-02 	4.146844e-01 
4.305800e-02 	4.116311e-01 
4.328900e-02 	4.086025e-01 
4.352100e-02 	4.055961e-01 
4.375200e-02 	4.026142e-01 
4.398400e-02 	3.996544e-01 
4.421500e-02 	3.967179e-01 
4.444700e-02 	3.938058e-01 
4.467800e-02 	3.909156e-01 
4.491000e-02 	3.880497e-01 
4.514100e-02 	3.852055e-01 
4.537300e-02 	3.823855e-01 
4.560400e-02 	3.795871e-01 
4.583500e-02 	3.768127e-01 
4.606700e-02 	3.740597e-01 
4.629800e-02 	3.713306e-01 
4.653000e-02 	3.686227e-01 
4.676100e-02 	3.659385e-01 
4.699300e-02 	3.632754e-01 
4.722400e-02 	3.606356e-01 
4.745600e-02 	3.580168e-01 
4.768700e-02 	3.554211e-01 
4.791900e-02 	3.528461e-01 
4.815000e-02 	3.502929e-01 
4.838100e-02 	3.477625e-01 
4.861300e-02 	3.452526e-01 
4.884400e-02 	3.427652e-01 
4.907600e-02 	3.402980e-01 
4.930700e-02 	3.378530e-01 
4.953900e-02 	3.354280e-01 
4.977000e-02 	3.330250e-01 
5.000200e-02 	3.306418e-01 
5.023300e-02 	3.282803e-01 
5.046500e-02 	3.259383e-01 
5.069600e-02 	3.236177e-01 
5.092700e-02 	3.213165e-01 
5.115900e-02 	3.190363e-01 
5.139000e-02 	3.167752e-01 
5.162200e-02 	3.145340e-01 
5.185300e-02 	3.123134e-01 
5.208500e-02 	3.101115e-01 
5.231600e-02 	3.079301e-01 
5.254800e-02 	3.057670e-01 
5.277900e-02 	3.036240e-01 
5.301100e-02 	3.014990e-01 
5.324200e-02 	2.993939e-01 
5.347300e-02 	2.973066e-01 
5.370500e-02 	2.952388e-01 
5.393600e-02 	2.931885e-01 
5.416800e-02 	2.911574e-01 
5.439900e-02 	2.891437e-01 
5.463100e-02 	2.871488e-01 
5.486200e-02 	2.851709e-01 
5.509300e-02 	2.832116e-01 
5.532500e-02 	2.812689e-01 
5.555700e-02 	2.793438e-01 
5.578800e-02 	2.774367e-01 
5.601900e-02 	2.755459e-01 
5.625100e-02 	2.736730e-01 
5.648200e-02 	2.718160e-01 
5.671400e-02 	2.699766e-01 
5.694500e-02 	2.681529e-01 
5.717700e-02 	2.663465e-01 
5.740800e-02 	2.645555e-01 
5.764000e-02 	2.627814e-01 
5.787100e-02 	2.610225e-01 
5.810200e-02 	2.592802e-01 
5.833400e-02 	2.575528e-01 
5.856500e-02 	2.558417e-01 
5.879700e-02 	2.541452e-01 
5.902800e-02 	2.524647e-01 
5.926000e-02 	2.507986e-01 
5.949100e-02 	2.491475e-01 
5.972300e-02 	2.475119e-01 
5.995400e-02 	2.458904e-01 
6.018600e-02 	2.442841e-01 
6.041700e-02 	2.426915e-01 
6.064800e-02 	2.411138e-01 
6.088000e-02 	2.395496e-01 
6.111100e-02 	2.380001e-01 
6.134300e-02 	2.364637e-01 
6.157400e-02 	2.349417e-01 
6.180600e-02 	2.334326e-01 
6.203700e-02 	2.319377e-01 
6.226900e-02 	2.304554e-01 
6.250000e-02 	2.289869e-01 
6.273100e-02 	2.275308e-01 
6.296300e-02 	2.260884e-01 
6.319400e-02 	2.246581e-01 
6.342600e-02 	2.232404e-01 
6.365700e-02 	2.218360e-01 
6.388900e-02 	2.204433e-01 
6.412000e-02 	2.190635e-01 
6.435200e-02 	2.176953e-01 
6.458300e-02 	2.163396e-01 
6.481500e-02 	2.149953e-01 
6.504600e-02 	2.136634e-01 
6.527800e-02 	2.123426e-01 
6.550900e-02 	2.110339e-01 
6.574000e-02 	2.097360e-01 
6.597200e-02 	2.084501e-01 
6.620300e-02 	2.071748e-01 
6.643500e-02 	2.059112e-01 
6.666600e-02 	2.046580e-01 
6.689800e-02 	2.034162e-01 
6.712900e-02 	2.021846e-01 
6.736100e-02 	2.009636e-01 
6.759200e-02 	1.997537e-01 
6.782400e-02 	1.985537e-01 
6.805500e-02 	1.973646e-01 
6.828600e-02 	1.961851e-01 
6.851800e-02 	1.950163e-01 
6.874900e-02 	1.938570e-01 
6.898100e-02 	1.927081e-01 
6.921200e-02 	1.915684e-01 
6.944400e-02 	1.904390e-01 
6.967500e-02 	1.893186e-01 
6.990700e-02 	1.882083e-01 
7.013800e-02 	1.871069e-01 
7.036900e-02 	1.860152e-01 
7.060100e-02 	1.849324e-01 
7.083200e-02 	1.838591e-01 
7.106400e-02 	1.827944e-01 
7.129500e-02 	1.817386e-01 
7.152700e-02 	1.806921e-01 
7.175800e-02 	1.796540e-01 
7.199000e-02 	1.786249e-01 
7.222100e-02 	1.776039e-01 
7.245300e-02 	1.765919e-01 
7.268400e-02 	1.755879e-01 
7.291500e-02 	1.745926e-01 
7.314700e-02 	1.736052e-01 
7.337800e-02 	1.726264e-01 
7.361000e-02 	1.716552e-01 
7.384100e-02 	1.706925e-01 
7.407300e-02 	1.697372e-01 
7.430400e-02 	1.687902e-01 
7.453600e-02 	1.678506e-01 
7.476700e-02 	1.669190e-01 
7.499900e-02 	1.659947e-01 
7.523000e-02 	1.650779e-01 
7.546100e-02 	1.641689e-01 
7.569300e-02 	1.632669e-01 
7.592400e-02 	1.623727e-01 
7.615600e-02 	1.614853e-01 
7.638700e-02 	1.606054e-01 
7.661900e-02 	1.597323e-01 
7.685000e-02 	1.588666e-01 
7.708200e-02 	1.580075e-01 
7.731300e-02 	1.571557e-01 
7.754500e-02 	1.563103e-01 
7.777600e-02 	1.554721e-01 
7.800700e-02 	1.546402e-01 
7.823900e-02 	1.538154e-01 
7.847000e-02 	1.529967e-01 
7.870200e-02 	1.521849e-01 
7.893300e-02 	1.513791e-01 
7.916500e-02 	1.505798e-01 
7.939600e-02 	1.497871e-01 
7.962800e-02 	1.490003e-01 
7.985900e-02 	1.482200e-01 
8.009100e-02 	1.474456e-01 
8.032200e-02 	1.466776e-01 
8.055300e-02 	1.459152e-01 
8.078500e-02 	1.451592e-01 
8.101600e-02 	1.444088e-01 
8.124800e-02 	1.436646e-01 
8.147900e-02 	1.429258e-01 
8.171100e-02 	1.421931e-01 
8.194200e-02 	1.414658e-01 
8.217400e-02 	1.407445e-01 
8.240500e-02 	1.400283e-01 
8.263600e-02 	1.393181e-01 
8.286800e-02 	1.386129e-01 
8.309900e-02 	1.379132e-01 
8.333100e-02 	1.372192e-01 
8.356200e-02 	1.365301e-01 
8.379400e-02 	1.358467e-01 
8.402500e-02 	1.351681e-01 
8.425700e-02 	1.344951e-01 
8.448800e-02 	1.338269e-01 
8.472000e-02 	1.331640e-01 
8.495100e-02 	1.325059e-01 
8.518200e-02 	1.318531e-01 
8.541400e-02 	1.312049e-01 
8.564500e-02 	1.305619e-01 
8.587700e-02 	1.299234e-01 
8.610800e-02 	1.292900e-01 
8.634000e-02 	1.286611e-01 
8.657100e-02 	1.280369e-01 
8.680300e-02 	1.274175e-01 
8.703400e-02 	1.268026e-01 
8.726500e-02 	1.261925e-01 
8.749700e-02 	1.255866e-01 
8.772800e-02 	1.249856e-01 
8.796000e-02 	1.243887e-01 
8.819100e-02 	1.237965e-01 
8.842300e-02 	1.232084e-01 
8.865400e-02 	1.226249e-01 
8.888600e-02 	1.220455e-01 
8.911700e-02 	1.214706e-01 
8.934900e-02 	1.208996e-01 
8.958000e-02 	1.203331e-01 
8.981200e-02 	1.197705e-01 
9.004300e-02 	1.192123e-01 
9.027400e-02 	1.186578e-01 
9.050600e-02 	1.181074e-01 
9.073700e-02 	1.175612e-01 
9.096900e-02 	1.170187e-01 
9.120000e-02 	1.164804e-01 
9.143200e-02 	1.159458e-01 
9.166300e-02 	1.154152e-01 
9.189500e-02 	1.148882e-01 
9.212600e-02 	1.143653e-01 
9.235800e-02 	1.138458e-01 
9.258900e-02 	1.133303e-01 
9.282000e-02 	1.128183e-01 
9.305200e-02 	1.123102e-01 
9.328300e-02 	1.118054e-01 
9.351500e-02 	1.113045e-01 
9.374600e-02 	1.108069e-01 
9.397800e-02 	1.103131e-01 
9.420900e-02 	1.098225e-01 
9.444100e-02 	1.093354e-01 
9.467200e-02 	1.088519e-01 
9.490400e-02 	1.083716e-01 
9.513500e-02 	1.078948e-01 
9.536600e-02 	1.074212e-01 
9.559800e-02 	1.069511e-01 
9.582900e-02 	1.064840e-01 
9.606100e-02 	1.060205e-01 
9.629200e-02 	1.055599e-01 
9.652400e-02 	1.051027e-01 
9.675500e-02 	1.046485e-01 
9.698700e-02 	1.041977e-01 
9.721800e-02 	1.037497e-01 
9.744900e-02 	1.033051e-01 
9.768100e-02 	1.028633e-01 
9.791200e-02 	1.024247e-01 
9.814400e-02 	1.019889e-01 
9.837500e-02 	1.015561e-01 
9.860700e-02 	1.011264e-01 
9.883800e-02 	1.006995e-01 
9.907000e-02 	1.002756e-01 
9.930100e-02 	9.985438e-02 
9.953300e-02 	9.943619e-02 
9.976400e-02 	9.902063e-02 
9.999500e-02 	9.860803e-02 
1.002270e-01 	9.819784e-02 
1.004580e-01 	9.779145e-02 
1.006900e-01 	9.738603e-02 
1.009210e-01 	9.698505e-02 
1.011530e-01 	9.658501e-02 
1.013840e-01 	9.618934e-02 
1.016160e-01 	9.579459e-02 
1.018470e-01 	9.540413e-02 
1.020780e-01 	9.501624e-02 
1.023100e-01 	9.462923e-02 
1.025410e-01 	9.424642e-02 
1.027730e-01 	9.386446e-02 
1.030040e-01 	9.348663e-02 
1.032360e-01 	9.310964e-02 
1.034670e-01 	9.273672e-02 
1.036990e-01 	9.236461e-02 
1.039300e-01 	9.199650e-02 
1.041620e-01 	9.162918e-02 
1.043930e-01 	9.126580e-02 
1.046240e-01 	9.090475e-02 
1.048560e-01 	9.054447e-02 
1.050870e-01 	9.018802e-02 
1.053190e-01 	8.983232e-02 
1.055500e-01 	8.948040e-02 
1.057820e-01 	8.912920e-02 
1.060130e-01 	8.878173e-02 
1.062450e-01 	8.843497e-02 
1.064760e-01 	8.809188e-02 
1.067080e-01 	8.774947e-02 
1.069390e-01 	8.741067e-02 
1.071700e-01 	8.707400e-02 
1.074020e-01 	8.673797e-02 
1.076330e-01 	8.640548e-02 
1.078650e-01 	8.607363e-02 
1.080960e-01 	8.574525e-02 
1.083280e-01 	8.541749e-02 
1.085590e-01 	8.509316e-02 
1.087910e-01 	8.476944e-02 
1.090220e-01 	8.444909e-02 
1.092540e-01 	8.412933e-02 
1.094850e-01 	8.381291e-02 
1.097160e-01 	8.349842e-02 
1.099480e-01 	8.318450e-02 
1.101790e-01 	8.287383e-02 
1.104110e-01 	8.256372e-02 
1.106420e-01 	8.225682e-02 
1.108740e-01 	8.195045e-02 
1.111050e-01 	8.164725e-02 
1.113370e-01 	8.134457e-02 
1.115680e-01 	8.104500e-02 
1.118000e-01 	8.074594e-02 
1.120310e-01 	8.044994e-02 
1.122620e-01 	8.015570e-02 
1.124940e-01 	7.986195e-02 
1.127250e-01 	7.957118e-02 
1.129570e-01 	7.928088e-02 
1.131880e-01 	7.899354e-02 
1.134200e-01 	7.870664e-02 
1.136510e-01 	7.842267e-02 
1.138830e-01 	7.813913e-02 
1.141140e-01 	7.785847e-02 
1.143460e-01 	7.757825e-02 
1.145770e-01 	7.730086e-02 
1.148080e-01 	7.702510e-02 
1.150400e-01 	7.674976e-02 
1.152710e-01 	7.647720e-02 
1.155030e-01 	7.620506e-02 
1.157340e-01 	7.593566e-02 
1.159660e-01 	7.566666e-02 
1.161970e-01 	7.540037e-02 
1.164290e-01 	7.513447e-02 
1.166600e-01 	7.487124e-02 
1.168910e-01 	7.460951e-02 
1.171230e-01 	7.434814e-02 
1.173540e-01 	7.408938e-02 
1.175860e-01 	7.383098e-02 
1.178170e-01 	7.357515e-02 
1.180490e-01 	7.331966e-02 
1.182800e-01 	7.306671e-02 
1.185120e-01 	7.281409e-02 
1.187430e-01 	7.256398e-02 
1.189750e-01 	7.231419e-02 
1.192060e-01 	7.206686e-02 
1.194370e-01 	7.182092e-02 
1.196690e-01 	7.157528e-02 
1.199000e-01 	7.133207e-02 
1.201320e-01 	7.108917e-02 
1.203630e-01 	7.084866e-02 
1.205950e-01 	7.060846e-02 
1.208260e-01 	7.037061e-02 
1.210580e-01 	7.013306e-02 
1.212890e-01 	6.989784e-02 
1.215210e-01 	6.966291e-02 
1.217520e-01 	6.943028e-02 
1.219830e-01 	6.919893e-02 
1.222150e-01 	6.896785e-02 
1.224460e-01 	6.873902e-02 
1.226780e-01 	6.851046e-02 
1.229090e-01 	6.828414e-02 
1.231410e-01 	6.805807e-02 
1.233720e-01 	6.783420e-02 
1.236040e-01 	6.761059e-02 
1.238350e-01 	6.738916e-02 
1.240670e-01 	6.716797e-02 
1.242980e-01 	6.694893e-02 
1.245290e-01 	6.673107e-02 
1.247610e-01 	6.651344e-02 
1.249920e-01 	6.629793e-02 
1.252240e-01 	6.608264e-02 
1.254550e-01 	6.586943e-02 
1.256870e-01 	6.565644e-02 
1.259180e-01 	6.544551e-02 
1.261500e-01 	6.523479e-02 
1.263810e-01 	6.502610e-02 
1.266130e-01 	6.481762e-02 
1.268440e-01 	6.461114e-02 
1.270750e-01 	6.440576e-02 
1.273070e-01 	6.420058e-02 
1.275380e-01 	6.399737e-02 
1.277700e-01 	6.379436e-02 
1.280010e-01 	6.359329e-02 
1.282330e-01 	6.339242e-02 
1.284640e-01 	6.319347e-02 
1.286960e-01 	6.299471e-02 
1.289270e-01 	6.279786e-02 
1.291580e-01 	6.260203e-02 
1.293900e-01 	6.240640e-02 
1.296210e-01 	6.221263e-02 
1.298530e-01 	6.201904e-02 
1.300840e-01 	6.182730e-02 
1.303160e-01 	6.163573e-02 
1.305470e-01 	6.144599e-02 
1.307790e-01 	6.125642e-02 
1.310100e-01 	6.106865e-02 
1.312420e-01 	6.088104e-02 
1.314730e-01 	6.069522e-02 
1.317040e-01 	6.051036e-02 
1.319360e-01 	6.032566e-02 
1.321670e-01 	6.014271e-02 
1.323990e-01 	5.995991e-02 
1.326300e-01 	5.977884e-02 
1.328620e-01 	5.959792e-02 
1.330930e-01 	5.941871e-02 
1.333250e-01 	5.923965e-02 
1.335560e-01 	5.906227e-02 
1.337880e-01 	5.888504e-02 
1.340190e-01 	5.870949e-02 
1.342500e-01 	5.853482e-02 
1.344820e-01 	5.836030e-02 
1.347130e-01 	5.818743e-02 
1.349450e-01 	5.801469e-02 
1.351760e-01 	5.784357e-02 
1.354080e-01 	5.767260e-02 
1.356390e-01 	5.750323e-02 
1.358710e-01 	5.733399e-02 
1.361020e-01 	5.716634e-02 
1.363340e-01 	5.699882e-02 
1.365650e-01 	5.683287e-02 
1.367960e-01 	5.666776e-02 
1.370280e-01 	5.650278e-02 
1.372590e-01 	5.633934e-02 
1.374910e-01 	5.617602e-02 
1.377220e-01 	5.601423e-02 
1.379540e-01 	5.585256e-02 
1.381850e-01 	5.569239e-02 
1.384170e-01 	5.553234e-02 
1.386480e-01 	5.537378e-02 
1.388800e-01 	5.521534e-02 
1.391110e-01 	5.505837e-02 
1.393420e-01 	5.490218e-02 
1.395740e-01 	5.474611e-02 
1.398050e-01 	5.459148e-02 
1.400370e-01 	5.443696e-02 
1.402680e-01 	5.428387e-02 
1.405000e-01 	5.413089e-02 
1.407310e-01 	5.397932e-02 
1.409630e-01 	5.382786e-02 
1.411940e-01 	5.367779e-02 
1.414260e-01 	5.352782e-02 
1.416570e-01 	5.337924e-02 
1.418880e-01 	5.323139e-02 
1.421200e-01 	5.308364e-02 
1.423510e-01 	5.293725e-02 
1.425830e-01 	5.279095e-02 
1.428140e-01 	5.264599e-02 
1.430460e-01 	5.250113e-02 
1.432770e-01 	5.235759e-02 
1.435090e-01 	5.221415e-02 
1.437400e-01 	5.207201e-02 
1.439710e-01 	5.193058e-02 
1.442030e-01 	5.178922e-02 
1.444340e-01 	5.164915e-02 
1.446660e-01 	5.150917e-02 
1.448970e-01 	5.137047e-02 
1.451290e-01 	5.123185e-02 
1.453600e-01 	5.109449e-02 
1.455920e-01 	5.095721e-02 
1.458230e-01 	5.082119e-02 
1.460550e-01 	5.068524e-02 
1.462860e-01 	5.055054e-02 
1.465170e-01 	5.041648e-02 
1.467490e-01 	5.028250e-02 
1.469800e-01 	5.014974e-02 
1.472120e-01 	5.001706e-02 
1.474430e-01 	4.988558e-02 
1.476750e-01 	4.975417e-02 
1.479060e-01 	4.962396e-02 
1.481380e-01 	4.949382e-02 
1.483690e-01 	4.936485e-02 
1.486010e-01 	4.923595e-02 
1.488320e-01 	4.910822e-02 
1.490630e-01 	4.898110e-02 
1.492950e-01 	4.885404e-02 
1.495260e-01 	4.872812e-02 
1.497580e-01 	4.860226e-02 
1.499890e-01 	4.847754e-02 
1.502210e-01 	4.835287e-02 
1.504520e-01 	4.822932e-02 
1.506840e-01 	4.810582e-02 
1.509150e-01 	4.798343e-02 
1.511470e-01 	4.786109e-02 
1.513780e-01 	4.773986e-02 
1.516090e-01 	4.761919e-02 
1.518410e-01 	4.749856e-02 
1.520720e-01 	4.737902e-02 
1.523040e-01 	4.725953e-02 
1.525350e-01 	4.714110e-02 
1.527670e-01 	4.702272e-02 
1.529980e-01 	4.690539e-02 
1.532300e-01 	4.678811e-02 
1.534610e-01 	4.667188e-02 
1.536930e-01 	4.655568e-02 
1.539240e-01 	4.644052e-02 
1.541550e-01 	4.632589e-02 
1.543870e-01 	4.621129e-02 
1.546180e-01 	4.609771e-02 
1.548500e-01 	4.598417e-02 
1.550810e-01 	4.587163e-02 
1.553130e-01 	4.575911e-02 
1.555440e-01 	4.564760e-02 
1.557760e-01 	4.553611e-02 
1.560070e-01 	4.542560e-02 
1.562380e-01 	4.531560e-02 
1.564700e-01 	4.520562e-02 
1.567010e-01 	4.509661e-02 
1.569330e-01 	4.498762e-02 
1.571640e-01 	4.487959e-02 
1.573960e-01 	4.477158e-02 
1.576270e-01 	4.466452e-02 
1.578590e-01 	4.455748e-02 
1.580900e-01 	4.445138e-02 
1.583220e-01 	4.434529e-02 
1.585530e-01 	4.424014e-02 
1.587840e-01 	4.413545e-02 
1.590160e-01 	4.403077e-02 
1.592470e-01 	4.392701e-02 
1.594790e-01 	4.382326e-02 
1.597100e-01 	4.372042e-02 
1.599420e-01 	4.361759e-02 
1.601730e-01 	4.351565e-02 
1.604050e-01 	4.341372e-02 
1.606360e-01 	4.331268e-02 
1.608680e-01 	4.321164e-02 
1.610990e-01 	4.311148e-02 
1.613300e-01 	4.301176e-02 
1.615620e-01 	4.291204e-02 
1.617930e-01 	4.281318e-02 
1.620250e-01 	4.271433e-02 
1.622560e-01 	4.261632e-02 
1.624880e-01 	4.251832e-02 
1.627190e-01 	4.242116e-02 
1.629510e-01 	4.232399e-02 
1.631820e-01 	4.222766e-02 
1.634140e-01 	4.213133e-02 
1.636450e-01 	4.203582e-02 
1.638760e-01 	4.194071e-02 
1.641080e-01 	4.184560e-02 
1.643390e-01 	4.175130e-02 
1.645710e-01 	4.165699e-02 
1.648020e-01 	4.156348e-02 
1.650340e-01 	4.146997e-02 
1.652650e-01 	4.137724e-02 
1.654970e-01 	4.128451e-02 
1.657280e-01 	4.119256e-02 
1.659600e-01 	4.110059e-02 
1.661910e-01 	4.100940e-02 
1.664220e-01 	4.091859e-02 
1.666540e-01 	4.082777e-02 
1.668850e-01 	4.073771e-02 
1.671170e-01 	4.064763e-02 
1.673480e-01 	4.055830e-02 
1.675800e-01 	4.046896e-02 
1.678110e-01 	4.038037e-02 
1.680430e-01 	4.029176e-02 
1.682740e-01 	4.020389e-02 
1.685060e-01 	4.011600e-02 
1.687370e-01 	4.002884e-02 
1.689680e-01 	3.994204e-02 
1.692000e-01 	3.985521e-02 
1.694310e-01 	3.976911e-02 
1.696630e-01 	3.968298e-02 
1.698940e-01 	3.959756e-02 
1.701260e-01 	3.951213e-02 
1.703570e-01 	3.942740e-02 
1.705890e-01 	3.934264e-02 
1.708200e-01 	3.925858e-02 
1.710510e-01 	3.917486e-02 
1.712830e-01 	3.909111e-02 
1.715140e-01 	3.900805e-02 
1.717460e-01 	3.892495e-02 
1.719770e-01 	3.884255e-02 
1.722090e-01 	3.876011e-02 
1.724400e-01 	3.867835e-02 
1.726720e-01 	3.859656e-02 
1.729030e-01 	3.851544e-02 
1.731350e-01 	3.843428e-02 
1.733660e-01 	3.835379e-02 
1.735970e-01 	3.827361e-02 
1.738290e-01 	3.819340e-02 
1.740600e-01 	3.811384e-02 
1.742920e-01 	3.803425e-02 
1.745230e-01 	3.795530e-02 
1.747550e-01 	3.787632e-02 
1.749860e-01 	3.779798e-02 
1.752180e-01 	3.771960e-02 
1.754490e-01 	3.764186e-02 
1.756810e-01 	3.756407e-02 
1.759120e-01 	3.748692e-02 
1.761430e-01 	3.741006e-02 
1.763750e-01 	3.733316e-02 
1.766060e-01 	3.725689e-02 
1.768380e-01 	3.718057e-02 
1.770690e-01 	3.710486e-02 
1.773010e-01 	3.702912e-02 
1.775320e-01 	3.695398e-02 
1.777640e-01 	3.687880e-02 
1.779950e-01 	3.680423e-02 
1.782270e-01 	3.672961e-02 
1.784580e-01 	3.665559e-02 
1.786890e-01 	3.658184e-02 
1.789210e-01 	3.650805e-02 
1.791520e-01 	3.643485e-02 
1.793840e-01 	3.636161e-02 
1.796150e-01 	3.628895e-02 
1.798470e-01 	3.621624e-02 
1.800780e-01 	3.614411e-02 
1.803100e-01 	3.607194e-02 
1.805410e-01 	3.600034e-02 
1.807730e-01 	3.592870e-02 
1.810040e-01 	3.585762e-02 
1.812350e-01 	3.578680e-02 
1.814670e-01 	3.571594e-02 
1.816980e-01 	3.564564e-02 
1.819300e-01 	3.557529e-02 
1.821610e-01 	3.550550e-02 
1.823930e-01 	3.543566e-02 
1.826240e-01 	3.536638e-02 
1.828560e-01 	3.529704e-02 
1.830870e-01 	3.522826e-02 
1.833180e-01 	3.515972e-02 
1.835500e-01 	3.509114e-02 
1.837810e-01 	3.502310e-02 
1.840130e-01 	3.495501e-02 
1.842440e-01 	3.488746e-02 
1.844760e-01 	3.481986e-02 
1.847070e-01 	3.475279e-02 
1.849390e-01 	3.468568e-02 
1.851700e-01 	3.461909e-02 
1.854020e-01 	3.455246e-02 
1.856330e-01 	3.448635e-02 
1.858640e-01 	3.442047e-02 
1.860960e-01 	3.435455e-02 
1.863270e-01 	3.428914e-02 
1.865590e-01 	3.422369e-02 
1.867900e-01 	3.415875e-02 
1.870220e-01 	3.409376e-02 
1.872530e-01 	3.402928e-02 
1.874850e-01 	3.396475e-02 
1.877160e-01 	3.390073e-02 
1.879480e-01 	3.383665e-02 
1.881790e-01 	3.377308e-02 
1.884100e-01 	3.370973e-02 
1.886420e-01 	3.364633e-02 
1.888730e-01 	3.358343e-02 
1.891050e-01 	3.352048e-02 
1.893360e-01 	3.345801e-02 
1.895680e-01 	3.339550e-02 
1.897990e-01 	3.333348e-02 
1.900310e-01 	3.327140e-02 
1.902620e-01 	3.320981e-02 
1.904940e-01 	3.314817e-02 
1.907250e-01 	3.308701e-02 
1.909560e-01 	3.302606e-02 
1.911880e-01 	3.296506e-02 
1.914190e-01 	3.290453e-02 
1.916510e-01 	3.284396e-02 
1.918820e-01 	3.278385e-02 
1.921140e-01 	3.272370e-02 
1.923450e-01 	3.266401e-02 
1.925770e-01 	3.260427e-02 
1.928080e-01 	3.254500e-02 
1.930400e-01 	3.248568e-02 
1.932710e-01 	3.242681e-02 
1.935020e-01 	3.236815e-02 
1.937340e-01 	3.230944e-02 
1.939650e-01 	3.225119e-02 
1.941970e-01 	3.219289e-02 
1.944280e-01 	3.213503e-02 
1.946600e-01 	3.207713e-02 
1.948910e-01 	3.201968e-02 
1.951230e-01 	3.196218e-02 
1.953540e-01 	3.190512e-02 
1.955860e-01 	3.184801e-02 
1.958170e-01 	3.179135e-02 
1.960480e-01 	3.173488e-02 
1.962800e-01 	3.167837e-02 
1.965110e-01 	3.162229e-02 
1.967430e-01 	3.156616e-02 
1.969740e-01 	3.151046e-02 
1.972060e-01 	3.145472e-02 
1.974370e-01 	3.139941e-02 
1.976690e-01 	3.134405e-02 
1.979000e-01 	3.128912e-02 
1.981310e-01 	3.123437e-02 
1.983630e-01 	3.117958e-02 
1.985940e-01 	3.112521e-02 
1.988260e-01 	3.107079e-02 
1.990570e-01 	3.101679e-02 
1.992890e-01 	3.096274e-02 
1.995200e-01 	3.090911e-02 
1.997520e-01 	3.085543e-02 
1.999830e-01 	3.080216e-02 
2.002150e-01 	3.074884e-02 
2.004460e-01 	3.069593e-02 
2.006770e-01 	3.064320e-02 
2.009090e-01 	3.059043e-02 
2.011400e-01 	3.053805e-02 
2.013720e-01 	3.048563e-02 
2.016030e-01 	3.043361e-02 
2.018350e-01 	3.038154e-02 
2.020660e-01 	3.032987e-02 
2.022980e-01 	3.027815e-02 
2.025290e-01 	3.022682e-02 
2.027610e-01 	3.017545e-02 
2.029920e-01 	3.012447e-02 
2.032230e-01 	3.007366e-02 
2.034550e-01 	3.002280e-02 
2.036860e-01 	2.997234e-02 
2.039180e-01 	2.992182e-02 
2.041490e-01 	2.987169e-02 
2.043810e-01 	2.982151e-02 
2.046120e-01 	2.977172e-02 
2.048440e-01 	2.972187e-02 
2.050750e-01 	2.967241e-02 
2.053070e-01 	2.962290e-02 
2.055380e-01 	2.957377e-02 
2.057690e-01 	2.952481e-02 
2.060010e-01 	2.947579e-02 
2.062320e-01 	2.942715e-02 
2.064640e-01 	2.937847e-02 
2.066950e-01 	2.933015e-02 
2.069270e-01 	2.928179e-02 
2.071580e-01 	2.923379e-02 
2.073900e-01 	2.918575e-02 
2.076210e-01 	2.913808e-02 
2.078530e-01 	2.909036e-02 
2.080840e-01 	2.904300e-02 
2.083150e-01 	2.899580e-02 
2.085470e-01 	2.894855e-02 
2.087780e-01 	2.890167e-02 
2.090100e-01 	2.885473e-02 
2.092410e-01 	2.880815e-02 
2.094730e-01 	2.876153e-02 
2.097040e-01 	2.871526e-02 
2.099360e-01 	2.866894e-02 
2.101670e-01 	2.862297e-02 
2.103980e-01 	2.857716e-02 
2.106300e-01 	2.853129e-02 
2.108610e-01 	2.848578e-02 
2.110930e-01 	2.844022e-02 
2.113240e-01 	2.839500e-02 
2.115560e-01 	2.834974e-02 
2.117870e-01 	2.830482e-02 
2.120190e-01 	2.825986e-02 
2.122500e-01 	2.821523e-02 
2.124820e-01 	2.817056e-02 
2.127130e-01 	2.812623e-02 
2.129440e-01 	2.808204e-02 
2.131760e-01 	2.803780e-02 
2.134070e-01 	2.799390e-02 
2.136390e-01 	2.794996e-02 
2.138700e-01 	2.790635e-02 
2.141020e-01 	2.786269e-02 
2.143330e-01 	2.781936e-02 
2.145650e-01 	2.777599e-02 
2.147960e-01 	2.773294e-02 
2.150280e-01 	2.768985e-02 
2.152590e-01 	2.764709e-02 
2.154900e-01 	2.760446e-02 
2.157220e-01 	2.756179e-02 
2.159530e-01 	2.751944e-02 
2.161850e-01 	2.747704e-02 
2.164160e-01 	2.743497e-02 
2.166480e-01 	2.739284e-02 
2.168790e-01 	2.735104e-02 
2.171110e-01 	2.730919e-02 
2.173420e-01 	2.726766e-02 
2.175740e-01 	2.722608e-02 
2.178050e-01 	2.718482e-02 
2.180360e-01 	2.714369e-02 
2.182680e-01 	2.710251e-02 
2.184990e-01 	2.706165e-02 
2.187310e-01 	2.702074e-02 
2.189620e-01 	2.698014e-02 
2.191940e-01 	2.693949e-02 
2.194250e-01 	2.689915e-02 
2.196570e-01 	2.685877e-02 
2.198880e-01 	2.681869e-02 
2.201200e-01 	2.677857e-02 
2.203510e-01 	2.673875e-02 
2.205820e-01 	2.669905e-02 
2.208140e-01 	2.665932e-02 
2.210450e-01 	2.661988e-02 
2.212770e-01 	2.658040e-02 
2.215080e-01 	2.654122e-02 
2.217400e-01 	2.650199e-02 
2.219710e-01 	2.646306e-02 
2.222030e-01 	2.642408e-02 
2.224340e-01 	2.638540e-02 
2.226660e-01 	2.634668e-02 
2.228970e-01 	2.630825e-02 
2.231280e-01 	2.626993e-02 
2.233600e-01 	2.623158e-02 
2.235910e-01 	2.619352e-02 
2.238230e-01 	2.615541e-02 
2.240540e-01 	2.611758e-02 
2.242860e-01 	2.607972e-02 
2.245170e-01 	2.604214e-02 
2.247490e-01 	2.600452e-02 
2.249800e-01 	2.596717e-02 
2.252110e-01 	2.592995e-02 
2.254430e-01 	2.589268e-02 
2.256740e-01 	2.585570e-02 
2.259060e-01 	2.581867e-02 
2.261370e-01 	2.578191e-02 
2.263690e-01 	2.574512e-02 
2.266000e-01 	2.570860e-02 
2.268320e-01 	2.567203e-02 
2.270630e-01 	2.563574e-02 
2.272950e-01 	2.559941e-02 
2.275260e-01 	2.556335e-02 
2.277570e-01 	2.552740e-02 
2.279890e-01 	2.549141e-02 
2.282200e-01 	2.545568e-02 
2.284520e-01 	2.541992e-02 
2.286830e-01 	2.538442e-02 
2.289150e-01 	2.534887e-02 
2.291460e-01 	2.531360e-02 
2.293780e-01 	2.527828e-02 
2.296090e-01 	2.524322e-02 
2.298410e-01 	2.520812e-02 
2.300720e-01 	2.517328e-02 
2.303030e-01 	2.513855e-02 
2.305350e-01 	2.510378e-02 
2.307660e-01 	2.506926e-02 
2.309980e-01 	2.503470e-02 
2.312290e-01 	2.500040e-02 
2.314610e-01 	2.496606e-02 
2.316920e-01 	2.493196e-02 
2.319240e-01 	2.489783e-02 
2.321550e-01 	2.486395e-02 
2.323870e-01 	2.483002e-02 
2.326180e-01 	2.479635e-02 
2.328490e-01 	2.476278e-02 
2.330810e-01 	2.472916e-02 
2.333120e-01 	2.469579e-02 
2.335440e-01 	2.466238e-02 
2.337750e-01 	2.462922e-02 
2.340070e-01 	2.459601e-02 
2.342380e-01 	2.456304e-02 
2.344700e-01 	2.453003e-02 
2.347010e-01 	2.449726e-02 
2.349330e-01 	2.446445e-02 
2.351640e-01 	2.443187e-02 
2.353950e-01 	2.439939e-02 
2.356270e-01 	2.436687e-02 
2.358580e-01 	2.433459e-02 
2.360900e-01 	2.430226e-02 
2.363210e-01 	2.427016e-02 
2.365530e-01 	2.423802e-02 
2.367840e-01 	2.420611e-02 
2.370160e-01 	2.417416e-02 
2.372470e-01 	2.414244e-02 
2.374780e-01 	2.411082e-02 
2.377100e-01 	2.407914e-02 
2.379410e-01 	2.404770e-02 
2.381730e-01 	2.401621e-02 
2.384040e-01 	2.398495e-02 
2.386360e-01 	2.395364e-02 
2.388670e-01 	2.392256e-02 
2.390990e-01 	2.389144e-02 
2.393300e-01 	2.386053e-02 
2.395620e-01 	2.382959e-02 
2.397930e-01 	2.379886e-02 
2.400240e-01 	2.376822e-02 
2.402560e-01 	2.373754e-02 
2.404870e-01 	2.370708e-02 
2.407190e-01 	2.367657e-02 
2.409500e-01 	2.364628e-02 
2.411820e-01 	2.361595e-02 
2.414130e-01 	2.358583e-02 
2.416450e-01 	2.355567e-02 
2.418760e-01 	2.352572e-02 
2.421080e-01 	2.349572e-02 
2.423390e-01 	2.346594e-02 
2.425700e-01 	2.343624e-02 
2.428020e-01 	2.340649e-02 
2.430330e-01 	2.337696e-02 
2.432650e-01 	2.334738e-02 
2.434960e-01 	2.331801e-02 
2.437280e-01 	2.328859e-02 
2.439590e-01 	2.325938e-02 
2.441910e-01 	2.323012e-02 
2.444220e-01 	2.320107e-02 
2.446540e-01 	2.317197e-02 
2.448850e-01 	2.314308e-02 
2.451160e-01 	2.311426e-02 
2.453480e-01 	2.308539e-02 
2.455790e-01 	2.305673e-02 
2.458110e-01 	2.302802e-02 
2.460420e-01 	2.299951e-02 
2.462740e-01 	2.297096e-02 
2.465050e-01 	2.294260e-02 
2.467370e-01 	2.291419e-02 
2.469680e-01 	2.288599e-02 
2.472000e-01 	2.285773e-02 
2.474310e-01 	2.282967e-02 
2.476620e-01 	2.280168e-02 
2.478940e-01 	2.277365e-02 
2.481250e-01 	2.274580e-02 
2.483570e-01 	2.271791e-02 
2.485880e-01 	2.269022e-02 
2.488200e-01 	2.266247e-02 
2.490510e-01 	2.263492e-02 
2.492830e-01 	2.260732e-02 
2.495140e-01 	2.257990e-02 
2.497460e-01 	2.255244e-02 
2.499770e-01 	2.252517e-02 
2.502080e-01 	2.249797e-02 
2.504400e-01 	2.247073e-02 
2.506710e-01 	2.244367e-02 
2.509030e-01 	2.241656e-02 
2.511340e-01 	2.238964e-02 
2.513660e-01 	2.236267e-02 
2.515970e-01 	2.233589e-02 
2.518290e-01 	2.230906e-02 
2.520600e-01 	2.228241e-02 
2.522910e-01 	2.225583e-02 
2.525230e-01 	2.222921e-02 
2.527540e-01 	2.220276e-02 
2.529860e-01 	2.217627e-02 
2.532170e-01 	2.214996e-02 
2.534490e-01 	2.212361e-02 
2.536800e-01 	2.209743e-02 
2.539120e-01 	2.207121e-02 
2.541430e-01 	2.204517e-02 
2.543750e-01 	2.201908e-02 
2.546060e-01 	2.199317e-02 
2.548370e-01 	2.196732e-02 
2.550690e-01 	2.194143e-02 
2.553000e-01 	2.191571e-02 
2.555320e-01 	2.188995e-02 
2.557630e-01 	2.186436e-02 
2.559950e-01 	2.183873e-02 
2.562260e-01 	2.181327e-02 
2.564580e-01 	2.178776e-02 
2.566890e-01 	2.176243e-02 
2.569210e-01 	2.173705e-02 
2.571520e-01 	2.171184e-02 
2.573830e-01 	2.168669e-02 
2.576150e-01 	2.166150e-02 
2.578460e-01 	2.163648e-02 
2.580780e-01 	2.161141e-02 
2.583090e-01 	2.158651e-02 
2.585410e-01 	2.156157e-02 
2.587720e-01 	2.153679e-02 
2.590040e-01 	2.151197e-02 
2.592350e-01 	2.148732e-02 
2.594670e-01 	2.146262e-02 
2.596980e-01 	2.143808e-02 
2.599290e-01 	2.141361e-02 
2.601610e-01 	2.138909e-02 
2.603920e-01 	2.136474e-02 
2.606240e-01 	2.134034e-02 
2.608550e-01 	2.131611e-02 
2.610870e-01 	2.129183e-02 
2.613180e-01 	2.126772e-02 
2.615500e-01 	2.124356e-02 
2.617810e-01 	2.121956e-02 
2.620130e-01 	2.119552e-02 
2.622440e-01 	2.117164e-02 
2.624750e-01 	2.114782e-02 
2.627070e-01 	2.112396e-02 
2.629380e-01 	2.110026e-02 
2.631700e-01 	2.107651e-02 
2.634010e-01 	2.105292e-02 
2.636330e-01 	2.102929e-02 
2.638640e-01 	2.100582e-02 
2.640960e-01 	2.098231e-02 
2.643270e-01 	2.095895e-02 
2.645580e-01 	2.093565e-02 
2.647900e-01 	2.091231e-02 
2.650210e-01 	2.088913e-02 
2.652530e-01 	2.086590e-02 
2.654840e-01 	2.084283e-02 
2.657160e-01 	2.081972e-02 
2.659470e-01 	2.079676e-02 
2.661790e-01 	2.077376e-02 
2.664100e-01 	2.075091e-02 
2.666420e-01 	2.072803e-02 
2.668730e-01 	2.070529e-02 
2.671040e-01 	2.068262e-02 
2.673360e-01 	2.065990e-02 
2.675670e-01 	2.063733e-02 
2.677990e-01 	2.061472e-02 
2.680300e-01 	2.059227e-02 
2.682620e-01 	2.056977e-02 
2.684930e-01 	2.054742e-02 
2.687250e-01 	2.052504e-02 
2.689560e-01 	2.050280e-02 
2.691880e-01 	2.048052e-02 
2.694190e-01 	2.045840e-02 
2.696500e-01 	2.043632e-02 
2.698820e-01 	2.041421e-02 
2.701130e-01 	2.039224e-02 
2.703450e-01 	2.037024e-02 
2.705760e-01 	2.034838e-02 
2.708080e-01 	2.032648e-02 
2.710390e-01 	2.030473e-02 
2.712710e-01 	2.028294e-02 
2.715020e-01 	2.026130e-02 
2.717340e-01 	2.023961e-02 
2.719650e-01 	2.021807e-02 
2.721960e-01 	2.019659e-02 
2.724280e-01 	2.017506e-02 
2.726590e-01 	2.015368e-02 
2.728910e-01 	2.013226e-02 
2.731220e-01 	2.011098e-02 
2.733540e-01 	2.008967e-02 
2.735850e-01 	2.006850e-02 
2.738170e-01 	2.004728e-02 
2.740480e-01 	2.002622e-02 
2.742800e-01 	2.000511e-02 
2.745110e-01 	1.998414e-02 
2.747420e-01 	1.996323e-02 
2.749740e-01 	1.994227e-02 
2.752050e-01 	1.992146e-02 
2.754370e-01 	1.990061e-02 
2.756680e-01 	1.987990e-02 
2.759000e-01 	1.985915e-02 
2.761310e-01 	1.983854e-02 
2.763630e-01 	1.981789e-02 
2.765940e-01 	1.979738e-02 
2.768260e-01 	1.977683e-02 
2.770570e-01 	1.975642e-02 
2.772880e-01 	1.973606e-02 
2.775200e-01 	1.971567e-02 
2.777510e-01 	1.969541e-02 
2.779830e-01 	1.967511e-02 
2.782140e-01 	1.965494e-02 
2.784460e-01 	1.963474e-02 
2.786770e-01 	1.961468e-02 
2.789090e-01 	1.959458e-02 
2.791400e-01 	1.957461e-02 
2.793710e-01 	1.955469e-02 
2.796030e-01 	1.953473e-02 
2.798340e-01 	1.951491e-02 
2.800660e-01 	1.949505e-02 
2.802970e-01 	1.947532e-02 
2.805290e-01 	1.945556e-02 
2.807600e-01 	1.943592e-02 
2.809920e-01 	1.941625e-02 
2.812230e-01 	1.939672e-02 
2.814550e-01 	1.937714e-02 
2.816860e-01 	1.935769e-02 
2.819170e-01 	1.933830e-02 
2.821490e-01 	1.931886e-02 
2.823800e-01 	1.929955e-02 
2.826120e-01 	1.928021e-02 
2.828430e-01 	1.926100e-02 
2.830750e-01 	1.924174e-02 
2.833060e-01 	1.922262e-02 
2.835380e-01 	1.920346e-02 
2.837690e-01 	1.918443e-02 
2.840010e-01 	1.916536e-02 
2.842320e-01 	1.914641e-02 
2.844630e-01 	1.912751e-02 
2.846950e-01 	1.910858e-02 
2.849260e-01 	1.908977e-02 
2.851580e-01 	1.907092e-02 
2.853890e-01 	1.905220e-02 
2.856210e-01 	1.903344e-02 
2.858520e-01 	1.901481e-02 
2.860840e-01 	1.899613e-02 
2.863150e-01 	1.897759e-02 
2.865470e-01 	1.895900e-02 
2.867780e-01 	1.894054e-02 
2.870090e-01 	1.892212e-02 
2.872410e-01 	1.890366e-02 
2.874720e-01 	1.888532e-02 
2.877040e-01 	1.886695e-02 
2.879350e-01 	1.884870e-02 
2.881670e-01 	1.883041e-02 
2.883980e-01 	1.881224e-02 
2.886300e-01 	1.879403e-02 
2.888610e-01 	1.877595e-02 
2.890930e-01 	1.875782e-02 
2.893240e-01 	1.873981e-02 
2.895550e-01 	1.872185e-02 
2.897870e-01 	1.870384e-02 
2.900180e-01 	1.868596e-02 
2.902500e-01 	1.866803e-02 
2.904810e-01 	1.865023e-02 
2.907130e-01 	1.863238e-02 
2.909440e-01 	1.861465e-02 
2.911760e-01 	1.859689e-02 
2.914070e-01 	1.857923e-02 
2.916380e-01 	1.856162e-02 
2.918700e-01 	1.854397e-02 
2.921010e-01 	1.852643e-02 
2.923330e-01 	1.850886e-02 
2.925640e-01 	1.849139e-02 
2.927960e-01 	1.847389e-02 
2.930270e-01 	1.845651e-02 
2.932590e-01 	1.843908e-02 
2.934900e-01 	1.842177e-02 
2.937220e-01 	1.840442e-02 
2.939530e-01 	1.838717e-02 
2.941840e-01 	1.836997e-02 
2.944160e-01 	1.835273e-02 
2.946470e-01 	1.833559e-02 
2.948790e-01 	1.831842e-02 
2.951100e-01 	1.830136e-02 
2.953420e-01 	1.828426e-02 
2.955730e-01 	1.826727e-02 
2.958050e-01 	1.825024e-02 
2.960360e-01 	1.823332e-02 
2.962680e-01 	1.821636e-02 
2.964990e-01 	1.819951e-02 
2.967300e-01 	1.818269e-02 
2.969620e-01 	1.816583e-02 
2.971930e-01 	1.814908e-02 
2.974250e-01 	1.813229e-02 
2.976560e-01 	1.811561e-02 
2.978880e-01 	1.809888e-02 
2.981190e-01 	1.808227e-02 
2.983510e-01 	1.806561e-02 
2.985820e-01 	1.804906e-02 
2.988140e-01 	1.803246e-02 
2.990450e-01 	1.801598e-02 
2.992760e-01 	1.799952e-02 
2.995080e-01 	1.798303e-02 
2.997390e-01 	1.796664e-02 
2.999710e-01 	1.795020e-02 
3.002020e-01 	1.793388e-02 
3.004340e-01 	1.791751e-02 
3.006650e-01 	1.790124e-02 
3.008970e-01 	1.788493e-02 
3.011280e-01 	1.786873e-02 
3.013600e-01 	1.785248e-02 
3.015910e-01 	1.783634e-02 
3.018220e-01 	1.782023e-02 
3.020540e-01 	1.780407e-02 
3.022850e-01 	1.778802e-02 
3.025170e-01 	1.777193e-02 
3.027480e-01 	1.775593e-02 
3.029800e-01 	1.773990e-02 
3.032110e-01 	1.772396e-02 
3.034430e-01 	1.770798e-02 
3.036740e-01 	1.769211e-02 
3.039050e-01 	1.767626e-02 
3.041370e-01 	1.766037e-02 
3.043680e-01 	1.764458e-02 
3.046000e-01 	1.762875e-02 
3.048310e-01 	1.761301e-02 
3.050630e-01 	1.759724e-02 
3.052940e-01 	1.758156e-02 
3.055260e-01 	1.756584e-02 
3.057570e-01 	1.755021e-02 
3.059890e-01 	1.753455e-02 
3.062200e-01 	1.751898e-02 
3.064510e-01 	1.750344e-02 
3.066830e-01 	1.748786e-02 
3.069140e-01 	1.747238e-02 
3.071460e-01 	1.745685e-02 
3.073770e-01 	1.744142e-02 
3.076090e-01 	1.742595e-02 
3.078400e-01 	1.741057e-02 
3.080720e-01 	1.739515e-02 
3.083030e-01 	1.737982e-02 
3.085350e-01 	1.736446e-02 
3.087660e-01 	1.734918e-02 
3.089970e-01 	1.733394e-02 
3.092290e-01 	1.731865e-02 
3.094600e-01 	1.730346e-02 
3.096920e-01 	1.728822e-02 
3.099230e-01 	1.727308e-02 
3.101550e-01 	1.725789e-02 
3.103860e-01 	1.724280e-02 
3.106180e-01 	1.722767e-02 
3.108490e-01 	1.721263e-02 
3.110810e-01 	1.719754e-02 
3.113120e-01 	1.718255e-02 
3.115430e-01 	1.716758e-02 
3.117750e-01 	1.715258e-02 
3.120060e-01 	1.713766e-02 
3.122380e-01 	1.712270e-02 
3.124690e-01 	1.710783e-02 
3.127010e-01 	1.709292e-02 
3.129320e-01 	1.707810e-02 
3.131640e-01 	1.706324e-02 
3.133950e-01 	1.704847e-02 
3.136270e-01 	1.703366e-02 
3.138580e-01 	1.701894e-02 
3.140890e-01 	1.700424e-02 
3.143210e-01 	1.698949e-02 
3.145520e-01 	1.697484e-02 
3.147840e-01 	1.696015e-02 
3.150150e-01 	1.694554e-02 
3.152470e-01 	1.693090e-02 
3.154780e-01 	1.691634e-02 
3.157100e-01 	1.690174e-02 
3.159410e-01 	1.688723e-02 
3.161730e-01 	1.687267e-02 
3.164040e-01 	1.685821e-02 
3.166350e-01 	1.684376e-02 
3.168670e-01 	1.682928e-02 
3.170980e-01 	1.681488e-02 
3.173300e-01 	1.680044e-02 
3.175610e-01 	1.678609e-02 
3.177930e-01 	1.677169e-02 
3.180240e-01 	1.675738e-02 
3.182560e-01 	1.674303e-02 
3.184870e-01 	1.672877e-02 
3.187180e-01 	1.671453e-02 
3.189500e-01 	1.670024e-02 
3.191810e-01 	1.668604e-02 
3.194130e-01 	1.667181e-02 
3.196440e-01 	1.665765e-02 
3.198760e-01 	1.664346e-02 
3.201070e-01 	1.662935e-02 
3.203390e-01 	1.661520e-02 
3.205700e-01 	1.660113e-02 
3.208020e-01 	1.658702e-02 
3.210330e-01 	1.657299e-02 
3.212640e-01 	1.655899e-02 
3.214960e-01 	1.654494e-02 
3.217270e-01 	1.653098e-02 
3.219590e-01 	1.651698e-02 
3.221900e-01 	1.650306e-02 
3.224220e-01 	1.648910e-02 
3.226530e-01 	1.647522e-02 
3.228850e-01 	1.646130e-02 
3.231160e-01 	1.644747e-02 
3.233480e-01 	1.643359e-02 
3.235790e-01 	1.641979e-02 
3.238100e-01 	1.640602e-02 
3.240420e-01 	1.639220e-02 
3.242730e-01 	1.637847e-02 
3.245050e-01 	1.636469e-02 
3.247360e-01 	1.635100e-02 
3.249680e-01 	1.633726e-02 
3.251990e-01 	1.632361e-02 
3.254310e-01 	1.630991e-02 
3.256620e-01 	1.629630e-02 
3.258940e-01 	1.628265e-02 
3.261250e-01 	1.626907e-02 
3.263560e-01 	1.625552e-02 
3.265880e-01 	1.624192e-02 
3.268190e-01 	1.622841e-02 
3.270510e-01 	1.621485e-02 
3.272820e-01 	1.620138e-02 
3.275140e-01 	1.618786e-02 
3.277450e-01 	1.617443e-02 
3.279770e-01 	1.616095e-02 
3.282080e-01 	1.614755e-02 
3.284400e-01 	1.613412e-02 
3.286710e-01 	1.612076e-02 
3.289020e-01 	1.610742e-02 
3.291340e-01 	1.609404e-02 
3.293650e-01 	1.608074e-02 
3.295970e-01 	1.606740e-02 
3.298280e-01 	1.605414e-02 
3.300600e-01 	1.604084e-02 
3.302910e-01 	1.602761e-02 
3.305230e-01 	1.601435e-02 
3.307540e-01 	1.600117e-02 
3.309850e-01 	1.598800e-02 
3.312170e-01 	1.597479e-02 
3.314480e-01 	1.596166e-02 
3.316800e-01 	1.594850e-02 
3.319110e-01 	1.593540e-02 
3.321430e-01 	1.592227e-02 
3.323740e-01 	1.590922e-02 
3.326060e-01 	1.589613e-02 
3.328370e-01 	1.588311e-02 
3.330690e-01 	1.587005e-02 
3.333000e-01 	1.585707e-02 
3.335310e-01 	1.584411e-02 
3.337630e-01 	1.583111e-02 
3.339940e-01 	1.581818e-02 
3.342260e-01 	1.580522e-02 
3.344570e-01 	1.579233e-02 
3.346890e-01 	1.577941e-02 
3.349200e-01 	1.576655e-02 
3.351520e-01 	1.575366e-02 
3.353830e-01 	1.574085e-02 
3.356150e-01 	1.572799e-02 
3.358460e-01 	1.571521e-02 
3.360770e-01 	1.570245e-02 
3.363090e-01 	1.568965e-02 
3.365400e-01 	1.567692e-02 
3.367720e-01 	1.566416e-02 
3.370030e-01 	1.565147e-02 
3.372350e-01 	1.563874e-02 
3.374660e-01 	1.562608e-02 
3.376980e-01 	1.561339e-02 
3.379290e-01 	1.560077e-02 
3.381610e-01 	1.558811e-02 
3.383920e-01 	1.557553e-02 
3.386230e-01 	1.556296e-02 
3.388550e-01 	1.555036e-02 
3.390860e-01 	1.553782e-02 
3.393180e-01 	1.552526e-02 
3.395490e-01 	1.551276e-02 
3.397810e-01 	1.550023e-02 
3.400120e-01 	1.548776e-02 
3.402440e-01 	1.547527e-02 
3.404750e-01 	1.546284e-02 
3.407070e-01 	1.545038e-02 
3.409380e-01 	1.543798e-02 
3.411690e-01 	1.542561e-02 
3.414010e-01 	1.541320e-02 
3.416320e-01 	1.540086e-02 
3.418640e-01 	1.538848e-02 
3.420950e-01 	1.537617e-02 
3.423270e-01 	1.536383e-02 
3.425580e-01 	1.535156e-02 
3.427900e-01 	1.533925e-02 
3.430210e-01 	1.532701e-02 
3.432530e-01 	1.531473e-02 
3.434840e-01 	1.530252e-02 
3.437150e-01 	1.529033e-02 
3.439470e-01 	1.527811e-02 
3.441780e-01 	1.526595e-02 
3.444100e-01 	1.525375e-02 
3.446410e-01 	1.524163e-02 
3.448730e-01 	1.522947e-02 
3.451040e-01 	1.521738e-02 
3.453360e-01 	1.520525e-02 
3.455670e-01 	1.519319e-02 
3.457980e-01 	1.518115e-02 
3.460300e-01 	1.516907e-02 
3.462610e-01 	1.515705e-02 
3.464930e-01 	1.514501e-02 
3.467240e-01 	1.513303e-02 
3.469560e-01 	1.512101e-02 
3.471870e-01 	1.510906e-02 
3.474190e-01 	1.509708e-02 
3.476500e-01 	1.508516e-02 
3.478820e-01 	1.507321e-02 
3.481130e-01 	1.506132e-02 
3.483440e-01 	1.504945e-02 
3.485760e-01 	1.503755e-02 
3.488070e-01 	1.502571e-02 
3.490390e-01 	1.501383e-02 
3.492700e-01 	1.500202e-02 
3.495020e-01 	1.499017e-02 
3.497330e-01 	1.497840e-02 
3.499650e-01 	1.496658e-02 
3.501960e-01 	1.495483e-02 
3.504280e-01 	1.494305e-02 
3.506590e-01 	1.493133e-02 
3.508900e-01 	1.491962e-02 
3.511220e-01 	1.490788e-02 
3.513530e-01 	1.489621e-02 
3.515850e-01 	1.488450e-02 
3.518160e-01 	1.487285e-02 
3.520480e-01 	1.486117e-02 
3.522790e-01 	1.484956e-02 
3.525110e-01 	1.483791e-02 
3.527420e-01 	1.482632e-02 
3.529740e-01 	1.481470e-02 
3.532050e-01 	1.480314e-02 
3.534360e-01 	1.479160e-02 
3.536680e-01 	1.478002e-02 
3.538990e-01 	1.476850e-02 
3.541310e-01 	1.475695e-02 
3.543620e-01 	1.474547e-02 
3.545940e-01 	1.473394e-02 
3.548250e-01 	1.472248e-02 
3.550570e-01 	1.471099e-02 
3.552880e-01 	1.469956e-02 
3.555200e-01 	1.468809e-02 
3.557510e-01 	1.467669e-02 
3.559820e-01 	1.466530e-02 
3.562140e-01 	1.465387e-02 
3.564450e-01 	1.464251e-02 
3.566770e-01 	1.463111e-02 
3.569080e-01 	1.461977e-02 
3.571400e-01 	1.460840e-02 
3.573710e-01 	1.459709e-02 
3.576030e-01 	1.458574e-02 
3.578340e-01 	1.457446e-02 
3.580650e-01 	1.456319e-02 
3.582970e-01 	1.455188e-02 
3.585280e-01 	1.454063e-02 
3.587600e-01 	1.452935e-02 
3.589910e-01 	1.451813e-02 
3.592230e-01 	1.450688e-02 
3.594540e-01 	1.449569e-02 
3.596860e-01 	1.448446e-02 
3.599170e-01 	1.447329e-02 
3.601490e-01 	1.446208e-02 
3.603800e-01 	1.445094e-02 
3.606110e-01 	1.443981e-02 
3.608430e-01 	1.442865e-02 
3.610740e-01 	1.441754e-02 
3.613060e-01 	1.440640e-02 
3.615370e-01 	1.439532e-02 
3.617690e-01 	1.438420e-02 
3.620000e-01 	1.437315e-02 
3.622320e-01 	1.436206e-02 
3.624630e-01 	1.435103e-02 
3.626950e-01 	1.433996e-02 
3.629260e-01 	1.432896e-02 
3.631570e-01 	1.431796e-02 
3.633890e-01 	1.430693e-02 
3.636200e-01 	1.429596e-02 
3.638520e-01 	1.428496e-02 
3.640830e-01 	1.427402e-02 
3.643150e-01 	1.426304e-02 
3.645460e-01 	1.425211e-02 
3.647780e-01 	1.424116e-02 
3.650090e-01 	1.423026e-02 
3.652410e-01 	1.421933e-02 
3.654720e-01 	1.420846e-02 
3.657030e-01 	1.419760e-02 
3.659350e-01 	1.418670e-02 
3.661660e-01 	1.417586e-02 
3.663980e-01 	1.416499e-02 
3.666290e-01 	1.415418e-02 
3.668610e-01 	1.414333e-02 
3.670920e-01 	1.413254e-02 
3.673240e-01 	1.412171e-02 
3.675550e-01 	1.411095e-02 
3.677870e-01 	1.410015e-02 
3.680180e-01 	1.408940e-02 
3.682490e-01 	1.407867e-02 
3.684810e-01 	1.406790e-02 
3.687120e-01 	1.405719e-02 
3.689440e-01 	1.404645e-02 
3.691750e-01 	1.403576e-02 
3.694070e-01 	1.402504e-02 
3.696380e-01 	1.401437e-02 
3.698700e-01 	1.400367e-02 
3.701010e-01 	1.399303e-02 
3.703330e-01 	1.398235e-02 
3.705640e-01 	1.397173e-02 
3.707950e-01 	1.396112e-02 
3.710270e-01 	1.395048e-02 
3.712580e-01 	1.393990e-02 
3.714900e-01 	1.392927e-02 
3.717210e-01 	1.391871e-02 
3.719530e-01 	1.390811e-02 
3.721840e-01 	1.389757e-02 
3.724160e-01 	1.388699e-02 
3.726470e-01 	1.387647e-02 
3.728780e-01 	1.386596e-02 
3.731100e-01 	1.385542e-02 
3.733410e-01 	1.384493e-02 
3.735730e-01 	1.383440e-02 
3.738040e-01 	1.382394e-02 
3.740360e-01 	1.381344e-02 
3.742670e-01 	1.380299e-02 
3.744990e-01 	1.379251e-02 
3.747300e-01 	1.378209e-02 
3.749620e-01 	1.377163e-02 
3.751930e-01 	1.376122e-02 
3.754240e-01 	1.375083e-02 
3.756560e-01 	1.374040e-02 
3.758870e-01 	1.373003e-02 
3.761190e-01 	1.371963e-02 
3.763500e-01 	1.370927e-02 
3.765820e-01 	1.369889e-02 
3.768130e-01 	1.368856e-02 
3.770450e-01 	1.367819e-02 
3.772760e-01 	1.366789e-02 
3.775080e-01 	1.365754e-02 
3.777390e-01 	1.364725e-02 
3.779700e-01 	1.363697e-02 
3.782020e-01 	1.362666e-02 
3.784330e-01 	1.361640e-02 
3.786650e-01 	1.360611e-02 
3.788960e-01 	1.359587e-02 
3.791280e-01 	1.358560e-02 
3.793590e-01 	1.357538e-02 
3.795910e-01 	1.356513e-02 
3.798220e-01 	1.355493e-02 
3.800540e-01 	1.354470e-02 
3.802850e-01 	1.353452e-02 
3.805160e-01 	1.352435e-02 
3.807480e-01 	1.351415e-02 
3.809790e-01 	1.350400e-02 
3.812110e-01 	1.349381e-02 
3.814420e-01 	1.348368e-02 
3.816740e-01 	1.347352e-02 
3.819050e-01 	1.346341e-02 
3.821370e-01 	1.345327e-02 
3.823680e-01 	1.344318e-02 
3.826000e-01 	1.343305e-02 
3.828310e-01 	1.342298e-02 
3.830620e-01 	1.341292e-02 
3.832940e-01 	1.340282e-02 
3.835250e-01 	1.339278e-02 
3.837570e-01 	1.338270e-02 
3.839880e-01 	1.337268e-02 
3.842200e-01 	1.336262e-02 
3.844510e-01 	1.335262e-02 
3.846830e-01 	1.334258e-02 
3.849140e-01 	1.333259e-02 
3.851450e-01 	1.332262e-02 
3.853770e-01 	1.331260e-02 
3.856080e-01 	1.330265e-02 
3.858400e-01 	1.329265e-02 
3.860710e-01 	1.328271e-02 
3.863030e-01 	1.327274e-02 
3.865340e-01 	1.326282e-02 
3.867660e-01 	1.325286e-02 
3.869970e-01 	1.324296e-02 
3.872290e-01 	1.323302e-02 
3.874600e-01 	1.322313e-02 
3.876910e-01 	1.321326e-02 
3.879230e-01 	1.320334e-02 
3.881540e-01 	1.319348e-02 
3.883860e-01 	1.318359e-02 
3.886170e-01 	1.317375e-02 
3.888490e-01 	1.316388e-02 
3.890800e-01 	1.315405e-02 
3.893120e-01 	1.314419e-02 
3.895430e-01 	1.313439e-02 
3.897750e-01 	1.312455e-02 
3.900060e-01 	1.311476e-02 
3.902370e-01 	1.310498e-02 
3.904690e-01 	1.309517e-02 
3.907000e-01 	1.308541e-02 
3.909320e-01 	1.307561e-02 
3.911630e-01 	1.306587e-02 
3.913950e-01 	1.305609e-02 
3.916260e-01 	1.304636e-02 
3.918580e-01 	1.303660e-02 
3.920890e-01 	1.302689e-02 
3.923210e-01 	1.301715e-02 
3.925520e-01 	1.300746e-02 
3.927830e-01 	1.299777e-02 
3.930150e-01 	1.298806e-02 
3.932460e-01 	1.297839e-02 
3.934780e-01 	1.296869e-02 
3.937090e-01 	1.295904e-02 
3.939410e-01 	1.294936e-02 
3.941720e-01 	1.293972e-02 
3.944040e-01 	1.293006e-02 
3.946350e-01 	1.292044e-02 
3.948670e-01 	1.291079e-02 
3.950980e-01 	1.290119e-02 
3.953290e-01 	1.289160e-02 
3.955610e-01 	1.288198e-02 
3.957920e-01 	1.287241e-02 
3.960240e-01 	1.286280e-02 
3.962550e-01 	1.285324e-02 
3.964870e-01 	1.284365e-02 
3.967180e-01 	1.283411e-02 
3.969500e-01 	1.282454e-02 
3.971810e-01 	1.281501e-02 
3.974130e-01 	1.280546e-02 
3.976440e-01 	1.279595e-02 
3.978750e-01 	1.278645e-02 
3.981070e-01 	1.277692e-02 
3.983380e-01 	1.276744e-02 
3.985700e-01 	1.275792e-02 
3.988010e-01 	1.274846e-02 
3.990330e-01 	1.273896e-02 
3.992640e-01 	1.272951e-02 
3.994960e-01 	1.272003e-02 
3.997270e-01 	1.271059e-02 
3.999580e-01 	1.270117e-02 
4.001900e-01 	1.269171e-02 
4.004210e-01 	1.268230e-02 
4.006530e-01 	1.267286e-02 
4.008840e-01 	1.266347e-02 
4.011160e-01 	1.265405e-02 
4.013470e-01 	1.264467e-02 
4.015790e-01 	1.263526e-02 
4.018100e-01 	1.262590e-02 
4.020420e-01 	1.261651e-02 
4.022730e-01 	1.260717e-02 
4.025040e-01 	1.259783e-02 
4.027360e-01 	1.258847e-02 
4.029670e-01 	1.257915e-02 
4.031990e-01 	1.256980e-02 
4.034300e-01 	1.256049e-02 
4.036620e-01 	1.255116e-02 
4.038930e-01 	1.254187e-02 
4.041250e-01 	1.253255e-02 
4.043560e-01 	1.252328e-02 
4.045880e-01 	1.251398e-02 
4.048190e-01 	1.250473e-02 
4.050500e-01 	1.249548e-02 
4.052820e-01 	1.248620e-02 
4.055130e-01 	1.247697e-02 
4.057450e-01 	1.246771e-02 
4.059760e-01 	1.245850e-02 
4.062080e-01 	1.244925e-02 
4.064390e-01 	1.244005e-02 
4.066710e-01 	1.243082e-02 
4.069020e-01 	1.242164e-02 
4.071340e-01 	1.241243e-02 
4.073650e-01 	1.240326e-02 
4.075960e-01 	1.239410e-02 
4.078280e-01 	1.238491e-02 
4.080590e-01 	1.237577e-02 
4.082910e-01 	1.236660e-02 
4.085220e-01 	1.235747e-02 
4.087540e-01 	1.234831e-02 
4.089850e-01 	1.233920e-02 
4.092170e-01 	1.233006e-02 
4.094480e-01 	1.232097e-02 
4.096800e-01 	1.231184e-02 
4.099110e-01 	1.230276e-02 
4.101420e-01 	1.229369e-02 
4.103740e-01 	1.228459e-02 
4.106050e-01 	1.227554e-02 
4.108370e-01 	1.226645e-02 
4.110680e-01 	1.225741e-02 
4.113000e-01 	1.224834e-02 
4.115310e-01 	1.223932e-02 
4.117630e-01 	1.223026e-02 
4.119940e-01 	1.222125e-02 
4.122250e-01 	1.221225e-02 
4.124570e-01 	1.220322e-02 
4.126880e-01 	1.219424e-02 
4.129200e-01 	1.218522e-02 
4.131510e-01 	1.217625e-02 
4.133830e-01 	1.216725e-02 
4.136140e-01 	1.215830e-02 
4.138460e-01 	1.214932e-02 
4.140770e-01 	1.214038e-02 
4.143090e-01 	1.213141e-02 
4.145400e-01 	1.212249e-02 
4.147710e-01 	1.211357e-02 
4.150030e-01 	1.210463e-02 
4.152340e-01 	1.209573e-02 
4.154660e-01 	1.208680e-02 
4.156970e-01 	1.207791e-02 
4.159290e-01 	1.206900e-02 
4.161600e-01 	1.206013e-02 
4.163920e-01 	1.205123e-02 
4.166230e-01 	1.204238e-02 
4.168550e-01 	1.203350e-02 
4.170860e-01 	1.202466e-02 
4.173170e-01 	1.201583e-02 
4.175490e-01 	1.200697e-02 
4.177800e-01 	1.199816e-02 
4.180120e-01 	1.198931e-02 
4.182430e-01 	1.198051e-02 
4.184750e-01 	1.197169e-02 
4.187060e-01 	1.196290e-02 
4.189380e-01 	1.195409e-02 
4.191690e-01 	1.194532e-02 
4.194010e-01 	1.193652e-02 
4.196320e-01 	1.192777e-02 
4.198630e-01 	1.191903e-02 
4.200950e-01 	1.191025e-02 
4.203260e-01 	1.190152e-02 
4.205580e-01 	1.189276e-02 
4.207890e-01 	1.188405e-02 
4.210210e-01 	1.187531e-02 
4.212520e-01 	1.186661e-02 
4.214840e-01 	1.185788e-02 
4.217150e-01 	1.184919e-02 
4.219470e-01 	1.184048e-02 
4.221780e-01 	1.183181e-02 
4.224090e-01 	1.182315e-02 
4.226410e-01 	1.181446e-02 
4.228720e-01 	1.180581e-02 
4.231040e-01 	1.179714e-02 
4.233350e-01 	1.178851e-02 
4.235670e-01 	1.177985e-02 
4.237980e-01 	1.177123e-02 
4.240300e-01 	1.176258e-02 
4.242610e-01 	1.175398e-02 
4.244930e-01 	1.174535e-02 
4.247240e-01 	1.173677e-02 
4.249550e-01 	1.172819e-02 
4.251870e-01 	1.171958e-02 
4.254180e-01 	1.171102e-02 
4.256500e-01 	1.170242e-02 
4.258810e-01 	1.169387e-02 
4.261130e-01 	1.168529e-02 
4.263440e-01 	1.167676e-02 
4.265760e-01 	1.166820e-02 
4.268070e-01 	1.165968e-02 
4.270380e-01 	1.165117e-02 
4.272700e-01 	1.164262e-02 
4.275010e-01 	1.163413e-02 
4.277330e-01 	1.162560e-02 
4.279640e-01 	1.161712e-02 
4.281960e-01 	1.160861e-02 
4.284270e-01 	1.160014e-02 
4.286590e-01 	1.159164e-02 
4.288900e-01 	1.158319e-02 
4.291220e-01 	1.157471e-02 
4.293530e-01 	1.156627e-02 
4.295840e-01 	1.155784e-02 
4.298160e-01 	1.154938e-02 
4.300470e-01 	1.154097e-02 
4.302790e-01 	1.153252e-02 
4.305100e-01 	1.152412e-02 
4.307420e-01 	1.151569e-02 
4.309730e-01 	1.150730e-02 
4.312050e-01 	1.149889e-02 
4.314360e-01 	1.149052e-02 
4.316680e-01 	1.148212e-02 
4.318990e-01 	1.147376e-02 
4.321300e-01 	1.146541e-02 
4.323620e-01 	1.145703e-02 
4.325930e-01 	1.144870e-02 
4.328250e-01 	1.144034e-02 
4.330560e-01 	1.143202e-02 
4.332880e-01 	1.142367e-02 
4.335190e-01 	1.141536e-02 
4.337510e-01 	1.140703e-02 
4.339820e-01 	1.139874e-02 
4.342140e-01 	1.139042e-02 
4.344450e-01 	1.138215e-02 
4.346760e-01 	1.137388e-02 
4.349080e-01 	1.136558e-02 
4.351390e-01 	1.135733e-02 
4.353710e-01 	1.134905e-02 
4.356020e-01 	1.134081e-02 
4.358340e-01 	1.133254e-02 
4.360650e-01 	1.132432e-02 
4.362970e-01 	1.131606e-02 
4.365280e-01 	1.130785e-02 
4.367600e-01 	1.129962e-02 
4.369910e-01 	1.129142e-02 
4.372220e-01 	1.128323e-02 
4.374540e-01 	1.127502e-02 
4.376850e-01 	1.126684e-02 
4.379170e-01 	1.125864e-02 
4.381480e-01 	1.125048e-02 
4.383800e-01 	1.124230e-02 
4.386110e-01 	1.123415e-02 
4.388430e-01 	1.122598e-02 
4.390740e-01 	1.121785e-02 
4.393050e-01 	1.120973e-02 
4.395370e-01 	1.120158e-02 
4.397680e-01 	1.119347e-02 
4.400000e-01 	1.118534e-02 
4.402310e-01 	1.117724e-02 
4.404630e-01 	1.116912e-02 
4.406940e-01 	1.116104e-02 
4.409260e-01 	1.115294e-02 
4.411570e-01 	1.114487e-02 
4.413890e-01 	1.113678e-02 
4.416200e-01 	1.112873e-02 
4.418510e-01 	1.112069e-02 
4.420830e-01 	1.111262e-02 
4.423140e-01 	1.110459e-02 
4.425460e-01 	1.109654e-02 
4.427770e-01 	1.108852e-02 
4.430090e-01 	1.108048e-02 
4.432400e-01 	1.107248e-02 
4.434720e-01 	1.106446e-02 
4.437030e-01 	1.105647e-02 
4.439350e-01 	1.104846e-02 
4.441660e-01 	1.104049e-02 
4.443970e-01 	1.103253e-02 
4.446290e-01 	1.102454e-02 
4.448600e-01 	1.101659e-02 
4.450920e-01 	1.100862e-02 
4.453230e-01 	1.100068e-02 
4.455550e-01 	1.099272e-02 
4.457860e-01 	1.098480e-02 
4.460180e-01 	1.097686e-02 
4.462490e-01 	1.096895e-02 
4.464810e-01 	1.096102e-02 
4.467120e-01 	1.095313e-02 
4.469430e-01 	1.094525e-02 
4.471750e-01 	1.093734e-02 
4.474060e-01 	1.092947e-02 
4.476380e-01 	1.092157e-02 
4.478690e-01 	1.091372e-02 
4.481010e-01 	1.090584e-02 
4.483320e-01 	1.089800e-02 
4.485640e-01 	1.089013e-02 
4.487950e-01 	1.088231e-02 
4.490270e-01 	1.087445e-02 
4.492580e-01 	1.086664e-02 
4.494890e-01 	1.085884e-02 
4.497210e-01 	1.085101e-02 
4.499520e-01 	1.084322e-02 
4.501840e-01 	1.083540e-02 
4.504150e-01 	1.082762e-02 
4.506470e-01 	1.081982e-02 
4.508780e-01 	1.081206e-02 
4.511100e-01 	1.080427e-02 
4.513410e-01 	1.079652e-02 
4.515730e-01 	1.078875e-02 
4.518040e-01 	1.078101e-02 
4.520350e-01 	1.077329e-02 
4.522670e-01 	1.076553e-02 
4.524980e-01 	1.075782e-02 
4.527300e-01 	1.075008e-02 
4.529610e-01 	1.074238e-02 
4.531930e-01 	1.073466e-02 
4.534240e-01 	1.072698e-02 
4.536560e-01 	1.071926e-02 
4.538870e-01 	1.071159e-02 
4.541180e-01 	1.070393e-02 
4.543500e-01 	1.069624e-02 
4.545810e-01 	1.068859e-02 
4.548130e-01 	1.068091e-02 
4.550440e-01 	1.067328e-02 
4.552760e-01 	1.066562e-02 
4.555070e-01 	1.065799e-02 
4.557390e-01 	1.065035e-02 
4.559700e-01 	1.064274e-02 
4.562020e-01 	1.063510e-02 
4.564330e-01 	1.062751e-02 
4.566640e-01 	1.061992e-02 
4.568960e-01 	1.061230e-02 
4.571270e-01 	1.060473e-02 
4.573590e-01 	1.059713e-02 
4.575900e-01 	1.058957e-02 
4.578220e-01 	1.058198e-02 
4.580530e-01 	1.057443e-02 
4.582850e-01 	1.056686e-02 
4.585160e-01 	1.055932e-02 
4.587480e-01 	1.055176e-02 
4.589790e-01 	1.054424e-02 
4.592100e-01 	1.053673e-02 
4.594420e-01 	1.052919e-02 
4.596730e-01 	1.052169e-02 
4.599050e-01 	1.051416e-02 
4.601360e-01 	1.050667e-02 
4.603680e-01 	1.049916e-02 
4.605990e-01 	1.049169e-02 
4.608310e-01 	1.048419e-02 
4.610620e-01 	1.047672e-02 
4.612940e-01 	1.046924e-02 
4.615250e-01 	1.046179e-02 
4.617560e-01 	1.045435e-02 
4.619880e-01 	1.044688e-02 
4.622190e-01 	1.043945e-02 
4.624510e-01 	1.043200e-02 
4.626820e-01 	1.042458e-02 
4.629140e-01 	1.041714e-02 
4.631450e-01 	1.040974e-02 
4.633770e-01 	1.040231e-02 
4.636080e-01 	1.039492e-02 
4.638400e-01 	1.038751e-02 
4.640710e-01 	1.038013e-02 
4.643020e-01 	1.037276e-02 
4.645340e-01 	1.036537e-02 
4.647650e-01 	1.035801e-02 
4.649970e-01 	1.035063e-02 
4.652280e-01 	1.034328e-02 
4.654600e-01 	1.033591e-02 
4.656910e-01 	1.032858e-02 
4.659230e-01 	1.032122e-02 
4.661540e-01 	1.031390e-02 
4.663850e-01 	1.030659e-02 
4.666170e-01 	1.029925e-02 
4.668480e-01 	1.029195e-02 
4.670800e-01 	1.028462e-02 
4.673110e-01 	1.027734e-02 
4.675430e-01 	1.027002e-02 
4.677740e-01 	1.026275e-02 
4.680060e-01 	1.025544e-02 
4.682370e-01 	1.024818e-02 
4.684690e-01 	1.024089e-02 
4.687000e-01 	1.023364e-02 
4.689310e-01 	1.022640e-02 
4.691630e-01 	1.021913e-02 
4.693940e-01 	1.021189e-02 
4.696260e-01 	1.020463e-02 
4.698570e-01 	1.019741e-02 
4.700890e-01 	1.019017e-02 
4.703200e-01 	1.018296e-02 
4.705520e-01 	1.017572e-02 
4.707830e-01 	1.016853e-02 
4.710150e-01 	1.016131e-02 
4.712460e-01 	1.015412e-02 
4.714770e-01 	1.014694e-02 
4.717090e-01 	1.013974e-02 
4.719400e-01 	1.013257e-02 
4.721720e-01 	1.012538e-02 
4.724030e-01 	1.011823e-02 
4.726350e-01 	1.011104e-02 
4.728660e-01 	1.010390e-02 
4.730980e-01 	1.009673e-02 
4.733290e-01 	1.008960e-02 
4.735610e-01 	1.008245e-02 
4.737920e-01 	1.007533e-02 
4.740230e-01 	1.006821e-02 
4.742550e-01 	1.006107e-02 
4.744860e-01 	1.005397e-02 
4.747180e-01 	1.004684e-02 
4.749490e-01 	1.003975e-02 
4.751810e-01 	1.003264e-02 
4.754120e-01 	1.002556e-02 
4.756440e-01 	1.001845e-02 
4.758750e-01 	1.001139e-02 
4.761070e-01 	1.000429e-02 
4.763380e-01 	9.997238e-03 
4.765690e-01 	9.990188e-03 
4.768010e-01 	9.983113e-03 
4.770320e-01 	9.976075e-03 
4.772640e-01 	9.969012e-03 
4.774950e-01 	9.961985e-03 
4.777270e-01 	9.954933e-03 
4.779580e-01 	9.947918e-03 
4.781900e-01 	9.940878e-03 
4.784210e-01 	9.933874e-03 
4.786530e-01 	9.926845e-03 
4.788840e-01 	9.919853e-03 
4.791150e-01 	9.912866e-03 
4.793470e-01 	9.905855e-03 
4.795780e-01 	9.898879e-03 
4.798100e-01 	9.891880e-03 
4.800410e-01 	9.884916e-03 
4.802730e-01 	9.877928e-03 
4.805040e-01 	9.870976e-03 
4.807360e-01 	9.863999e-03 
4.809670e-01 	9.857059e-03 
4.811980e-01 	9.850124e-03 
4.814300e-01 	9.843166e-03 
4.816610e-01 	9.836243e-03 
4.818930e-01 	9.829296e-03 
4.821240e-01 	9.822385e-03 
4.823560e-01 	9.815450e-03 
4.825870e-01 	9.808552e-03 
4.828190e-01 	9.801629e-03 
4.830500e-01 	9.794742e-03 
4.832820e-01 	9.787832e-03 
4.835130e-01 	9.780958e-03 
4.837440e-01 	9.774090e-03 
4.839760e-01 	9.767199e-03 
4.842070e-01 	9.760343e-03 
4.844390e-01 	9.753465e-03 
4.846700e-01 	9.746622e-03 
4.849020e-01 	9.739757e-03 
4.851330e-01 	9.732927e-03 
4.853650e-01 	9.726075e-03 
4.855960e-01 	9.719259e-03 
4.858280e-01 	9.712420e-03 
4.860590e-01 	9.705617e-03 
4.862900e-01 	9.698821e-03 
4.865220e-01 	9.692003e-03 
4.867530e-01 	9.685221e-03 
4.869850e-01 	9.678416e-03 
4.872160e-01 	9.671647e-03 
4.874480e-01 	9.664857e-03 
4.876790e-01 	9.658102e-03 
4.879110e-01 	9.651325e-03 
4.881420e-01 	9.644585e-03 
4.883740e-01 	9.637822e-03 
4.886050e-01 	9.631095e-03 
4.888360e-01 	9.624375e-03 
4.890680e-01 	9.617634e-03 
4.892990e-01 	9.610928e-03 
4.895310e-01 	9.604200e-03 
4.897620e-01 	9.597508e-03 
4.899940e-01 	9.590793e-03 
4.902250e-01 	9.584115e-03 
4.904570e-01 	9.577414e-03 
4.906880e-01 	9.570748e-03 
4.909200e-01 	9.564060e-03 
4.911510e-01 	9.557408e-03 
4.913820e-01 	9.550761e-03 
4.916140e-01 	9.544092e-03 
4.918450e-01 	9.537457e-03 
4.920770e-01 	9.530799e-03 
4.923080e-01 	9.524176e-03 
4.925400e-01 	9.517529e-03 
4.927710e-01 	9.510917e-03 
4.930030e-01 	9.504281e-03 
4.932340e-01 	9.497678e-03 
4.934650e-01 	9.491080e-03 
4.936970e-01 	9.484458e-03 
4.939280e-01 	9.477868e-03 
4.941600e-01 	9.471255e-03 
4.943910e-01 	9.464674e-03 
4.946230e-01 	9.458068e-03 
4.948540e-01 	9.451495e-03 
4.950860e-01 	9.444896e-03 
4.953170e-01 	9.438329e-03 
4.955490e-01 	9.431737e-03 
4.957800e-01 	9.425177e-03 
4.960110e-01 	9.418619e-03 
4.962430e-01 	9.412035e-03 
4.964740e-01 	9.405482e-03 
4.967060e-01 	9.398903e-03 
4.969370e-01 	9.392354e-03 
4.971690e-01 	9.385778e-03 
4.974000e-01 	9.379233e-03 
4.976320e-01 	9.372661e-03 
4.978630e-01 	9.366119e-03 
4.980950e-01 	9.359549e-03 
4.983260e-01 	9.353009e-03 
4.985570e-01 	9.346469e-03 
4.987890e-01 	9.339902e-03 
4.990200e-01 	9.333363e-03 
4.992520e-01 	9.326797e-03 
4.994830e-01 	9.320259e-03 
4.997150e-01 	9.313692e-03 
4.999460e-01 	9.307153e-03 
