#q 	 Ifit_avg 
3.653000e-03 	1.000000e+00 
3.952000e-03 	9.981735e-01 
4.250000e-03 	9.963455e-01 
4.549000e-03 	9.945142e-01 
4.848000e-03 	9.926782e-01 
5.146000e-03 	9.908357e-01 
5.445000e-03 	9.889852e-01 
5.744000e-03 	9.871250e-01 
6.042000e-03 	9.852535e-01 
6.341000e-03 	9.833691e-01 
6.639000e-03 	9.814702e-01 
6.938000e-03 	9.795551e-01 
7.237000e-03 	9.776223e-01 
7.535000e-03 	9.756700e-01 
7.834000e-03 	9.736968e-01 
8.133000e-03 	9.717010e-01 
8.431000e-03 	9.696809e-01 
8.730000e-03 	9.676350e-01 
9.029000e-03 	9.655615e-01 
9.327000e-03 	9.634590e-01 
9.626000e-03 	9.613257e-01 
9.924000e-03 	9.591602e-01 
1.022300e-02 	9.569609e-01 
1.052200e-02 	9.547253e-01 
1.082000e-02 	9.524532e-01 
1.111900e-02 	9.501422e-01 
1.141800e-02 	9.477901e-01 
1.171600e-02 	9.453967e-01 
1.201500e-02 	9.429596e-01 
1.231300e-02 	9.404773e-01 
1.261200e-02 	9.379472e-01 
1.291100e-02 	9.353695e-01 
1.320900e-02 	9.327418e-01 
1.350800e-02 	9.300616e-01 
1.380700e-02 	9.273294e-01 
1.410500e-02 	9.245429e-01 
1.440400e-02 	9.217009e-01 
1.470300e-02 	9.188013e-01 
1.500100e-02 	9.158452e-01 
1.530000e-02 	9.128310e-01 
1.559800e-02 	9.097569e-01 
1.589700e-02 	9.066249e-01 
1.619600e-02 	9.034336e-01 
1.649400e-02 	9.001832e-01 
1.679300e-02 	8.968728e-01 
1.709200e-02 	8.935050e-01 
1.739000e-02 	8.900792e-01 
1.768900e-02 	8.865951e-01 
1.798700e-02 	8.830557e-01 
1.828600e-02 	8.794609e-01 
1.858500e-02 	8.758119e-01 
1.888300e-02 	8.721085e-01 
1.918200e-02 	8.683545e-01 
1.948100e-02 	8.645501e-01 
1.977900e-02 	8.606966e-01 
2.007800e-02 	8.567944e-01 
2.037600e-02 	8.528475e-01 
2.067500e-02 	8.488562e-01 
2.097400e-02 	8.448206e-01 
2.127200e-02 	8.407453e-01 
2.157100e-02 	8.366303e-01 
2.187000e-02 	8.324773e-01 
2.216800e-02 	8.282865e-01 
2.246700e-02 	8.240623e-01 
2.276500e-02 	8.198049e-01 
2.306400e-02 	8.155145e-01 
2.336300e-02 	8.111956e-01 
2.366100e-02 	8.068482e-01 
2.396000e-02 	8.024739e-01 
2.425900e-02 	7.980728e-01 
2.455700e-02 	7.936492e-01 
2.485600e-02 	7.892032e-01 
2.515500e-02 	7.847348e-01 
2.545300e-02 	7.802483e-01 
2.575200e-02 	7.757437e-01 
2.605000e-02 	7.712222e-01 
2.634900e-02 	7.666837e-01 
2.664800e-02 	7.621325e-01 
2.694600e-02 	7.575685e-01 
2.724500e-02 	7.529912e-01 
2.754300e-02 	7.484048e-01 
2.784200e-02 	7.438091e-01 
2.814100e-02 	7.392052e-01 
2.843900e-02 	7.345926e-01 
2.873800e-02 	7.299755e-01 
2.903700e-02 	7.253533e-01 
2.933500e-02 	7.207255e-01 
2.963400e-02 	7.160962e-01 
2.993300e-02 	7.114647e-01 
3.023100e-02 	7.068321e-01 
3.053000e-02 	7.021976e-01 
3.082800e-02 	6.975651e-01 
3.112700e-02 	6.929340e-01 
3.142600e-02 	6.883036e-01 
3.172400e-02 	6.836777e-01 
3.202300e-02 	6.790557e-01 
3.232100e-02 	6.744382e-01 
3.262000e-02 	6.698245e-01 
3.291900e-02 	6.652182e-01 
3.321700e-02 	6.606187e-01 
3.351600e-02 	6.560249e-01 
3.381500e-02 	6.514407e-01 
3.411300e-02 	6.468652e-01 
3.441200e-02 	6.422990e-01 
3.471100e-02 	6.377412e-01 
3.500900e-02 	6.331954e-01 
3.530800e-02 	6.286607e-01 
3.560600e-02 	6.241375e-01 
3.590500e-02 	6.196249e-01 
3.620400e-02 	6.151265e-01 
3.650200e-02 	6.106414e-01 
3.680100e-02 	6.061684e-01 
3.710000e-02 	6.017112e-01 
3.739800e-02 	5.972686e-01 
3.769700e-02 	5.928411e-01 
3.799600e-02 	5.884277e-01 
3.829400e-02 	5.840319e-01 
3.859300e-02 	5.796525e-01 
3.889100e-02 	5.752886e-01 
3.919000e-02 	5.709434e-01 
3.948900e-02 	5.666159e-01 
3.978700e-02 	5.623064e-01 
4.008600e-02 	5.580140e-01 
4.038500e-02 	5.537419e-01 
4.068300e-02 	5.494890e-01 
4.098200e-02 	5.452543e-01 
4.128000e-02 	5.410409e-01 
4.157900e-02 	5.368478e-01 
4.187800e-02 	5.326752e-01 
4.217600e-02 	5.285221e-01 
4.247500e-02 	5.243916e-01 
4.277300e-02 	5.202826e-01 
4.307200e-02 	5.161941e-01 
4.337100e-02 	5.121290e-01 
4.366900e-02 	5.080863e-01 
4.396800e-02 	5.040662e-01 
4.426700e-02 	5.000675e-01 
4.456500e-02 	4.960934e-01 
4.486400e-02 	4.921425e-01 
4.516300e-02 	4.882140e-01 
4.546100e-02 	4.843105e-01 
4.576000e-02 	4.804311e-01 
4.605800e-02 	4.765759e-01 
4.635700e-02 	4.727438e-01 
4.665600e-02 	4.689376e-01 
4.695400e-02 	4.651561e-01 
4.725300e-02 	4.613984e-01 
4.755200e-02 	4.576670e-01 
4.785000e-02 	4.539608e-01 
4.814900e-02 	4.502800e-01 
4.844800e-02 	4.466234e-01 
4.874600e-02 	4.429936e-01 
4.904500e-02 	4.393896e-01 
4.934300e-02 	4.358102e-01 
4.964200e-02 	4.322580e-01 
4.994100e-02 	4.287319e-01 
5.023900e-02 	4.252319e-01 
5.053800e-02 	4.217569e-01 
5.083600e-02 	4.183093e-01 
5.113500e-02 	4.148880e-01 
5.143400e-02 	4.114929e-01 
5.173200e-02 	4.081231e-01 
5.203100e-02 	4.047808e-01 
5.233000e-02 	4.014649e-01 
5.262800e-02 	3.981743e-01 
5.292700e-02 	3.949114e-01 
5.322600e-02 	3.916749e-01 
5.352400e-02 	3.884649e-01 
5.382300e-02 	3.852803e-01 
5.412100e-02 	3.821231e-01 
5.442000e-02 	3.789923e-01 
5.471900e-02 	3.758868e-01 
5.501700e-02 	3.728086e-01 
5.531600e-02 	3.697567e-01 
5.561500e-02 	3.667309e-01 
5.591300e-02 	3.637304e-01 
5.621200e-02 	3.607571e-01 
5.651000e-02 	3.578098e-01 
5.680900e-02 	3.548876e-01 
5.710800e-02 	3.519922e-01 
5.740600e-02 	3.491227e-01 
5.770500e-02 	3.462788e-01 
5.800400e-02 	3.434596e-01 
5.830200e-02 	3.406669e-01 
5.860100e-02 	3.378995e-01 
5.890000e-02 	3.351565e-01 
5.919800e-02 	3.324397e-01 
5.949700e-02 	3.297480e-01 
5.979500e-02 	3.270813e-01 
6.009400e-02 	3.244387e-01 
6.039300e-02 	3.218218e-01 
6.069100e-02 	3.192295e-01 
6.099000e-02 	3.166609e-01 
6.128900e-02 	3.141175e-01 
6.158700e-02 	3.115982e-01 
6.188600e-02 	3.091030e-01 
6.218400e-02 	3.066308e-01 
6.248300e-02 	3.041832e-01 
6.278200e-02 	3.017591e-01 
6.308000e-02 	2.993577e-01 
6.337900e-02 	2.969804e-01 
6.367700e-02 	2.946262e-01 
6.397600e-02 	2.922950e-01 
6.427500e-02 	2.899859e-01 
6.457300e-02 	2.877002e-01 
6.487200e-02 	2.854371e-01 
6.517100e-02 	2.831956e-01 
6.546900e-02 	2.809770e-01 
6.576800e-02 	2.787804e-01 
6.606700e-02 	2.766055e-01 
6.636500e-02 	2.744516e-01 
6.666400e-02 	2.723197e-01 
6.696200e-02 	2.702091e-01 
6.726100e-02 	2.681195e-01 
6.756000e-02 	2.660501e-01 
6.785800e-02 	2.640021e-01 
6.815700e-02 	2.619746e-01 
6.845600e-02 	2.599667e-01 
6.875400e-02 	2.579796e-01 
6.905300e-02 	2.560125e-01 
6.935100e-02 	2.540652e-01 
6.965000e-02 	2.521369e-01 
6.994900e-02 	2.502287e-01 
7.024700e-02 	2.483398e-01 
7.054600e-02 	2.464694e-01 
7.084500e-02 	2.446184e-01 
7.114300e-02 	2.427862e-01 
7.144200e-02 	2.409725e-01 
7.174000e-02 	2.391765e-01 
7.203900e-02 	2.373992e-01 
7.233800e-02 	2.356399e-01 
7.263600e-02 	2.338977e-01 
7.293500e-02 	2.321737e-01 
7.323400e-02 	2.304671e-01 
7.353200e-02 	2.287777e-01 
7.383100e-02 	2.271049e-01 
7.413000e-02 	2.254495e-01 
7.442800e-02 	2.238109e-01 
7.472700e-02 	2.221884e-01 
7.502500e-02 	2.205827e-01 
7.532400e-02 	2.189933e-01 
7.562300e-02 	2.174200e-01 
7.592100e-02 	2.158619e-01 
7.622000e-02 	2.143201e-01 
7.651900e-02 	2.127939e-01 
7.681700e-02 	2.112824e-01 
7.711600e-02 	2.097867e-01 
7.741400e-02 	2.083059e-01 
7.771300e-02 	2.068400e-01 
7.801200e-02 	2.053884e-01 
7.831000e-02 	2.039517e-01 
7.860900e-02 	2.025295e-01 
7.890800e-02 	2.011211e-01 
7.920600e-02 	1.997273e-01 
7.950500e-02 	1.983474e-01 
7.980300e-02 	1.969814e-01 
8.010200e-02 	1.956286e-01 
8.040100e-02 	1.942897e-01 
8.069900e-02 	1.929643e-01 
8.099800e-02 	1.916516e-01 
8.129700e-02 	1.903524e-01 
8.159500e-02 	1.890661e-01 
8.189400e-02 	1.877926e-01 
8.219300e-02 	1.865313e-01 
8.249100e-02 	1.852829e-01 
8.279000e-02 	1.840467e-01 
8.308800e-02 	1.828228e-01 
8.338700e-02 	1.816105e-01 
8.368600e-02 	1.804105e-01 
8.398400e-02 	1.792222e-01 
8.428300e-02 	1.780453e-01 
8.458200e-02 	1.768802e-01 
8.488000e-02 	1.757265e-01 
8.517900e-02 	1.745841e-01 
8.547700e-02 	1.734525e-01 
8.577600e-02 	1.723324e-01 
8.607500e-02 	1.712231e-01 
8.637300e-02 	1.701243e-01 
8.667200e-02 	1.690366e-01 
8.697100e-02 	1.679594e-01 
8.726900e-02 	1.668927e-01 
8.756800e-02 	1.658360e-01 
8.786600e-02 	1.647898e-01 
8.816500e-02 	1.637536e-01 
8.846400e-02 	1.627270e-01 
8.876200e-02 	1.617106e-01 
8.906100e-02 	1.607039e-01 
8.936000e-02 	1.597067e-01 
8.965800e-02 	1.587187e-01 
8.995700e-02 	1.577404e-01 
9.025500e-02 	1.567713e-01 
9.055400e-02 	1.558111e-01 
9.085300e-02 	1.548603e-01 
9.115100e-02 	1.539185e-01 
9.145000e-02 	1.529856e-01 
9.174900e-02 	1.520612e-01 
9.204700e-02 	1.511458e-01 
9.234600e-02 	1.502390e-01 
9.264500e-02 	1.493404e-01 
9.294300e-02 	1.484504e-01 
9.324200e-02 	1.475689e-01 
9.354000e-02 	1.466955e-01 
9.383900e-02 	1.458299e-01 
9.413800e-02 	1.449727e-01 
9.443600e-02 	1.441233e-01 
9.473500e-02 	1.432815e-01 
9.503400e-02 	1.424477e-01 
9.533200e-02 	1.416216e-01 
9.563100e-02 	1.408030e-01 
9.592900e-02 	1.399915e-01 
9.622800e-02 	1.391877e-01 
9.652700e-02 	1.383913e-01 
9.682500e-02 	1.376018e-01 
9.712400e-02 	1.368197e-01 
9.742300e-02 	1.360447e-01 
9.772100e-02 	1.352768e-01 
9.802000e-02 	1.345155e-01 
9.831800e-02 	1.337613e-01 
9.861700e-02 	1.330140e-01 
9.891600e-02 	1.322733e-01 
9.921400e-02 	1.315391e-01 
9.951300e-02 	1.308116e-01 
9.981100e-02 	1.300907e-01 
1.001100e-01 	1.293764e-01 
1.004090e-01 	1.286673e-01 
1.007070e-01 	1.279668e-01 
1.010060e-01 	1.272702e-01 
1.013050e-01 	1.265797e-01 
1.016030e-01 	1.258975e-01 
1.019020e-01 	1.252190e-01 
1.022010e-01 	1.245465e-01 
1.024990e-01 	1.238820e-01 
1.027980e-01 	1.232210e-01 
1.030960e-01 	1.225680e-01 
1.033950e-01 	1.219184e-01 
1.036940e-01 	1.212745e-01 
1.039920e-01 	1.206382e-01 
1.042910e-01 	1.200053e-01 
1.045900e-01 	1.193778e-01 
1.048880e-01 	1.187578e-01 
1.051870e-01 	1.181411e-01 
1.054850e-01 	1.175317e-01 
1.057840e-01 	1.169254e-01 
1.060830e-01 	1.163243e-01 
1.063810e-01 	1.157303e-01 
1.066800e-01 	1.151394e-01 
1.069790e-01 	1.145534e-01 
1.072770e-01 	1.139744e-01 
1.075760e-01 	1.133983e-01 
1.078740e-01 	1.128289e-01 
1.081730e-01 	1.122624e-01 
1.084720e-01 	1.117005e-01 
1.087700e-01 	1.111452e-01 
1.090690e-01 	1.105926e-01 
1.093680e-01 	1.100445e-01 
1.096660e-01 	1.095027e-01 
1.099650e-01 	1.089635e-01 
1.102640e-01 	1.084287e-01 
1.105620e-01 	1.079001e-01 
1.108610e-01 	1.073739e-01 
1.111590e-01 	1.068537e-01 
1.114580e-01 	1.063360e-01 
1.117570e-01 	1.058224e-01 
1.120550e-01 	1.053147e-01 
1.123540e-01 	1.048094e-01 
1.126530e-01 	1.043081e-01 
1.129510e-01 	1.038126e-01 
1.132500e-01 	1.033193e-01 
1.135480e-01 	1.028317e-01 
1.138470e-01 	1.023463e-01 
1.141460e-01 	1.018647e-01 
1.144440e-01 	1.013886e-01 
1.147430e-01 	1.009147e-01 
1.150420e-01 	1.004445e-01 
1.153400e-01 	9.997955e-02 
1.156390e-01 	9.951668e-02 
1.159370e-01 	9.905895e-02 
1.162360e-01 	9.860322e-02 
1.165350e-01 	9.815102e-02 
1.168330e-01 	9.770379e-02 
1.171320e-01 	9.725850e-02 
1.174310e-01 	9.681663e-02 
1.177290e-01 	9.637960e-02 
1.180280e-01 	9.594446e-02 
1.183260e-01 	9.551408e-02 
1.186250e-01 	9.508553e-02 
1.189240e-01 	9.466025e-02 
1.192220e-01 	9.423960e-02 
1.195210e-01 	9.382072e-02 
1.198200e-01 	9.340500e-02 
1.201180e-01 	9.299379e-02 
1.204170e-01 	9.258429e-02 
1.207160e-01 	9.217786e-02 
1.210140e-01 	9.177582e-02 
1.213130e-01 	9.137544e-02 
1.216110e-01 	9.097936e-02 
1.219100e-01 	9.058490e-02 
1.222090e-01 	9.019337e-02 
1.225070e-01 	8.980601e-02 
1.228060e-01 	8.942021e-02 
1.231050e-01 	8.903724e-02 
1.234030e-01 	8.865832e-02 
1.237020e-01 	8.828090e-02 
1.240000e-01 	8.790746e-02 
1.242990e-01 	8.753547e-02 
1.245980e-01 	8.716616e-02 
1.248960e-01 	8.680072e-02 
1.251950e-01 	8.643667e-02 
1.254940e-01 	8.607522e-02 
1.257920e-01 	8.571753e-02 
1.260910e-01 	8.536120e-02 
1.263890e-01 	8.500857e-02 
1.266880e-01 	8.465727e-02 
1.269870e-01 	8.430847e-02 
1.272850e-01 	8.396328e-02 
1.275840e-01 	8.361938e-02 
1.278830e-01 	8.327791e-02 
1.281810e-01 	8.293997e-02 
1.284800e-01 	8.260327e-02 
1.287780e-01 	8.227006e-02 
1.290770e-01 	8.193806e-02 
1.293760e-01 	8.160838e-02 
1.296740e-01 	8.128209e-02 
1.299730e-01 	8.095698e-02 
1.302720e-01 	8.063413e-02 
1.305700e-01 	8.031458e-02 
1.308690e-01 	7.999616e-02 
1.311680e-01 	7.967995e-02 
1.314660e-01 	7.936696e-02 
1.317650e-01 	7.905508e-02 
1.320630e-01 	7.874637e-02 
1.323620e-01 	7.843874e-02 
1.326610e-01 	7.813321e-02 
1.329590e-01 	7.783078e-02 
1.332580e-01 	7.752940e-02 
1.335570e-01 	7.723006e-02 
1.338550e-01 	7.693374e-02 
1.341540e-01 	7.663844e-02 
1.344520e-01 	7.634610e-02 
1.347510e-01 	7.605475e-02 
1.350500e-01 	7.576536e-02 
1.353480e-01 	7.547886e-02 
1.356470e-01 	7.519331e-02 
1.359460e-01 	7.490966e-02 
1.362440e-01 	7.462883e-02 
1.365430e-01 	7.434890e-02 
1.368410e-01 	7.407176e-02 
1.371400e-01 	7.379551e-02 
1.374390e-01 	7.352108e-02 
1.377370e-01 	7.324935e-02 
1.380360e-01 	7.297850e-02 
1.383350e-01 	7.270941e-02 
1.386330e-01 	7.244297e-02 
1.389320e-01 	7.217737e-02 
1.392300e-01 	7.191437e-02 
1.395290e-01 	7.165220e-02 
1.398280e-01 	7.139172e-02 
1.401260e-01 	7.113379e-02 
1.404250e-01 	7.087666e-02 
1.407240e-01 	7.062118e-02 
1.410220e-01 	7.036819e-02 
1.413210e-01 	7.011597e-02 
1.416190e-01 	6.986621e-02 
1.419180e-01 	6.961721e-02 
1.422170e-01 	6.936981e-02 
1.425150e-01 	6.912481e-02 
1.428140e-01 	6.888056e-02 
1.431130e-01 	6.863787e-02 
1.434110e-01 	6.839755e-02 
1.437100e-01 	6.815796e-02 
1.440090e-01 	6.791991e-02 
1.443070e-01 	6.768418e-02 
1.446060e-01 	6.744917e-02 
1.449040e-01 	6.721645e-02 
1.452030e-01 	6.698444e-02 
1.455020e-01 	6.675391e-02 
1.458000e-01 	6.652561e-02 
1.460990e-01 	6.629800e-02 
1.463980e-01 	6.607183e-02 
1.466960e-01 	6.584784e-02 
1.469950e-01 	6.562452e-02 
1.472930e-01 	6.540335e-02 
1.475920e-01 	6.518283e-02 
1.478910e-01 	6.496368e-02 
1.481890e-01 	6.474663e-02 
1.484880e-01 	6.453021e-02 
1.487870e-01 	6.431513e-02 
1.490850e-01 	6.410209e-02 
1.493840e-01 	6.388965e-02 
1.496820e-01 	6.367922e-02 
1.499810e-01 	6.346937e-02 
1.502800e-01 	6.326080e-02 
1.505780e-01 	6.305420e-02 
1.508770e-01 	6.284816e-02 
1.511760e-01 	6.264336e-02 
1.514740e-01 	6.244048e-02 
1.517730e-01 	6.223814e-02 
1.520710e-01 	6.203769e-02 
1.523700e-01 	6.183778e-02 
1.526690e-01 	6.163906e-02 
1.529670e-01 	6.144220e-02 
1.532660e-01 	6.124586e-02 
1.535650e-01 	6.105070e-02 
1.538630e-01 	6.085736e-02 
1.541620e-01 	6.066454e-02 
1.544610e-01 	6.047287e-02 
1.547590e-01 	6.028300e-02 
1.550580e-01 	6.009363e-02 
1.553560e-01 	5.990603e-02 
1.556550e-01 	5.971894e-02 
1.559540e-01 	5.953297e-02 
1.562520e-01 	5.934874e-02 
1.565510e-01 	5.916500e-02 
1.568500e-01 	5.898236e-02 
1.571480e-01 	5.880141e-02 
1.574470e-01 	5.862095e-02 
1.577450e-01 	5.844216e-02 
1.580440e-01 	5.826383e-02 
1.583430e-01 	5.808657e-02 
1.586410e-01 	5.791095e-02 
1.589400e-01 	5.773577e-02 
1.592390e-01 	5.756163e-02 
1.595370e-01 	5.738909e-02 
1.598360e-01 	5.721699e-02 
1.601340e-01 	5.704646e-02 
1.604330e-01 	5.687636e-02 
1.607320e-01 	5.670724e-02 
1.610300e-01 	5.653967e-02 
1.613290e-01 	5.637250e-02 
1.616280e-01 	5.620630e-02 
1.619260e-01 	5.604161e-02 
1.622250e-01 	5.587731e-02 
1.625230e-01 	5.571451e-02 
1.628220e-01 	5.555209e-02 
1.631210e-01 	5.539061e-02 
1.634190e-01 	5.523058e-02 
1.637180e-01 	5.507093e-02 
1.640170e-01 	5.491219e-02 
1.643150e-01 	5.475488e-02 
1.646140e-01 	5.459794e-02 
1.649130e-01 	5.444189e-02 
1.652110e-01 	5.428724e-02 
1.655100e-01 	5.413295e-02 
1.658080e-01 	5.398004e-02 
1.661070e-01 	5.382747e-02 
1.664060e-01 	5.367576e-02 
1.667040e-01 	5.352540e-02 
1.670030e-01 	5.337538e-02 
1.673020e-01 	5.322619e-02 
1.676000e-01 	5.307833e-02 
1.678990e-01 	5.293079e-02 
1.681970e-01 	5.278455e-02 
1.684960e-01 	5.263863e-02 
1.687950e-01 	5.249352e-02 
1.690930e-01 	5.234968e-02 
1.693920e-01 	5.220616e-02 
1.696910e-01 	5.206342e-02 
1.699890e-01 	5.192193e-02 
1.702880e-01 	5.178074e-02 
1.705860e-01 	5.164079e-02 
1.708850e-01 	5.150114e-02 
1.711840e-01 	5.136224e-02 
1.714820e-01 	5.122455e-02 
1.717810e-01 	5.108715e-02 
1.720800e-01 	5.095049e-02 
1.723780e-01 	5.081501e-02 
1.726770e-01 	5.067980e-02 
1.729750e-01 	5.054576e-02 
1.732740e-01 	5.041199e-02 
1.735730e-01 	5.027892e-02 
1.738710e-01 	5.014700e-02 
1.741700e-01 	5.001534e-02 
1.744690e-01 	4.988436e-02 
1.747670e-01 	4.975452e-02 
1.750660e-01 	4.962492e-02 
1.753640e-01 	4.949643e-02 
1.756630e-01 	4.936819e-02 
1.759620e-01 	4.924062e-02 
1.762600e-01 	4.911414e-02 
1.765590e-01 	4.898789e-02 
1.768580e-01 	4.886230e-02 
1.771560e-01 	4.873778e-02 
1.774550e-01 	4.861349e-02 
1.777540e-01 	4.848983e-02 
1.780520e-01 	4.836723e-02 
1.783510e-01 	4.824484e-02 
1.786490e-01 	4.812349e-02 
1.789480e-01 	4.800235e-02 
1.792470e-01 	4.788183e-02 
1.795450e-01 	4.776232e-02 
1.798440e-01 	4.764302e-02 
1.801430e-01 	4.752433e-02 
1.804410e-01 	4.740663e-02 
1.807400e-01 	4.728913e-02 
1.810380e-01 	4.717261e-02 
1.813370e-01 	4.705629e-02 
1.816360e-01 	4.694055e-02 
1.819340e-01 	4.682577e-02 
1.822330e-01 	4.671118e-02 
1.825320e-01 	4.659715e-02 
1.828300e-01 	4.648407e-02 
1.831290e-01 	4.637117e-02 
1.834270e-01 	4.625919e-02 
1.837260e-01 	4.614739e-02 
1.840250e-01 	4.603614e-02 
1.843230e-01 	4.592579e-02 
1.846220e-01 	4.581561e-02 
1.849210e-01 	4.570596e-02 
1.852190e-01 	4.559721e-02 
1.855180e-01 	4.548861e-02 
1.858160e-01 	4.538089e-02 
1.861150e-01 	4.527332e-02 
1.864140e-01 	4.516626e-02 
1.867120e-01 	4.506006e-02 
1.870110e-01 	4.495401e-02 
1.873100e-01 	4.484845e-02 
1.876080e-01 	4.474374e-02 
1.879070e-01 	4.463917e-02 
1.882060e-01 	4.453509e-02 
1.885040e-01 	4.443185e-02 
1.888030e-01 	4.432873e-02 
1.891010e-01 	4.422644e-02 
1.894000e-01 	4.412428e-02 
1.896990e-01 	4.402260e-02 
1.899970e-01 	4.392172e-02 
1.902960e-01 	4.382098e-02 
1.905950e-01 	4.372070e-02 
1.908930e-01 	4.362121e-02 
1.911920e-01 	4.352185e-02 
1.914900e-01 	4.342327e-02 
1.917890e-01 	4.332481e-02 
1.920880e-01 	4.322681e-02 
1.923860e-01 	4.312958e-02 
1.926850e-01 	4.303246e-02 
1.929840e-01 	4.293579e-02 
1.932820e-01 	4.283987e-02 
1.935810e-01 	4.274407e-02 
1.938790e-01 	4.264902e-02 
1.941780e-01 	4.255408e-02 
1.944770e-01 	4.245957e-02 
1.947750e-01 	4.236579e-02 
1.950740e-01 	4.227212e-02 
1.953730e-01 	4.217886e-02 
1.956710e-01 	4.208634e-02 
1.959700e-01 	4.199391e-02 
1.962680e-01 	4.190219e-02 
1.965670e-01 	4.181058e-02 
1.968660e-01 	4.171936e-02 
1.971640e-01 	4.162885e-02 
1.974630e-01 	4.153844e-02 
1.977620e-01 	4.144841e-02 
1.980600e-01 	4.135908e-02 
1.983590e-01 	4.126983e-02 
1.986580e-01 	4.118097e-02 
1.989560e-01 	4.109279e-02 
1.992550e-01 	4.100469e-02 
1.995530e-01 	4.091726e-02 
1.998520e-01 	4.082990e-02 
2.001510e-01 	4.074292e-02 
2.004490e-01 	4.065660e-02 
2.007480e-01 	4.057035e-02 
2.010470e-01 	4.048446e-02 
2.013450e-01 	4.039922e-02 
2.016440e-01 	4.031405e-02 
2.019420e-01 	4.022952e-02 
2.022410e-01 	4.014506e-02 
2.025400e-01 	4.006096e-02 
2.028380e-01 	3.997748e-02 
2.031370e-01 	3.989407e-02 
2.034360e-01 	3.981101e-02 
2.037340e-01 	3.972857e-02 
2.040330e-01 	3.964619e-02 
2.043310e-01 	3.956443e-02 
2.046300e-01 	3.948274e-02 
2.049290e-01 	3.940138e-02 
2.052270e-01 	3.932063e-02 
2.055260e-01 	3.923994e-02 
2.058250e-01 	3.915958e-02 
2.061230e-01 	3.907982e-02 
2.064220e-01 	3.900011e-02 
2.067200e-01 	3.892100e-02 
2.070190e-01 	3.884195e-02 
2.073180e-01 	3.876322e-02 
2.076160e-01 	3.868507e-02 
2.079150e-01 	3.860697e-02 
2.082140e-01 	3.852919e-02 
2.085120e-01 	3.845199e-02 
2.088110e-01 	3.837483e-02 
2.091090e-01 	3.829825e-02 
2.094080e-01 	3.822171e-02 
2.097070e-01 	3.814549e-02 
2.100050e-01 	3.806982e-02 
2.103040e-01 	3.799419e-02 
2.106030e-01 	3.791887e-02 
2.109010e-01 	3.784410e-02 
2.112000e-01 	3.776937e-02 
2.114990e-01 	3.769494e-02 
2.117970e-01 	3.762105e-02 
2.120960e-01 	3.754720e-02 
2.123940e-01 	3.747389e-02 
2.126930e-01 	3.740061e-02 
2.129920e-01 	3.732762e-02 
2.132900e-01 	3.725516e-02 
2.135890e-01 	3.718274e-02 
2.138880e-01 	3.711060e-02 
2.141860e-01 	3.703898e-02 
2.144850e-01 	3.696739e-02 
2.147830e-01 	3.689632e-02 
2.150820e-01 	3.682529e-02 
2.153810e-01 	3.675452e-02 
2.156790e-01 	3.668427e-02 
2.159780e-01 	3.661404e-02 
2.162770e-01 	3.654409e-02 
2.165750e-01 	3.647463e-02 
2.168740e-01 	3.640520e-02 
2.171720e-01 	3.633627e-02 
2.174710e-01 	3.626737e-02 
2.177700e-01 	3.619873e-02 
2.180680e-01 	3.613057e-02 
2.183670e-01 	3.606244e-02 
2.186660e-01 	3.599457e-02 
2.189640e-01 	3.592718e-02 
2.192630e-01 	3.585981e-02 
2.195610e-01 	3.579292e-02 
2.198600e-01 	3.572606e-02 
2.201590e-01 	3.565944e-02 
2.204570e-01 	3.559329e-02 
2.207560e-01 	3.552717e-02 
2.210550e-01 	3.546129e-02 
2.213530e-01 	3.539587e-02 
2.216520e-01 	3.533048e-02 
2.219510e-01 	3.526532e-02 
2.222490e-01 	3.520063e-02 
2.225480e-01 	3.513595e-02 
2.228460e-01 	3.507172e-02 
2.231450e-01 	3.500752e-02 
2.234440e-01 	3.494354e-02 
2.237420e-01 	3.488002e-02 
2.240410e-01 	3.481651e-02 
2.243400e-01 	3.475323e-02 
2.246380e-01 	3.469039e-02 
2.249370e-01 	3.462757e-02 
2.252350e-01 	3.456519e-02 
2.255340e-01 	3.450282e-02 
2.258330e-01 	3.444067e-02 
2.261310e-01 	3.437895e-02 
2.264300e-01 	3.431725e-02 
2.267290e-01 	3.425577e-02 
2.270270e-01 	3.419471e-02 
2.273260e-01 	3.413367e-02 
2.276240e-01 	3.407304e-02 
2.279230e-01 	3.401243e-02 
2.282220e-01 	3.395204e-02 
2.285200e-01 	3.389206e-02 
2.288190e-01 	3.383209e-02 
2.291180e-01 	3.377233e-02 
2.294160e-01 	3.371298e-02 
2.297150e-01 	3.365364e-02 
2.300130e-01 	3.359471e-02 
2.303120e-01 	3.353579e-02 
2.306110e-01 	3.347707e-02 
2.309090e-01 	3.341875e-02 
2.312080e-01 	3.336045e-02 
2.315070e-01 	3.330234e-02 
2.318050e-01 	3.324463e-02 
2.321040e-01 	3.318692e-02 
2.324030e-01 	3.312942e-02 
2.327010e-01 	3.307230e-02 
2.330000e-01 	3.301519e-02 
2.332980e-01 	3.295847e-02 
2.335970e-01 	3.290175e-02 
2.338960e-01 	3.284522e-02 
2.341940e-01 	3.278908e-02 
2.344930e-01 	3.273294e-02 
2.347920e-01 	3.267699e-02 
2.350900e-01 	3.262142e-02 
2.353890e-01 	3.256585e-02 
2.356870e-01 	3.251065e-02 
2.359860e-01 	3.245546e-02 
2.362850e-01 	3.240045e-02 
2.365830e-01 	3.234581e-02 
2.368820e-01 	3.229117e-02 
2.371810e-01 	3.223672e-02 
2.374790e-01 	3.218263e-02 
2.377780e-01 	3.212854e-02 
2.380760e-01 	3.207482e-02 
2.383750e-01 	3.202109e-02 
2.386740e-01 	3.196754e-02 
2.389720e-01 	3.191435e-02 
2.392710e-01 	3.186116e-02 
2.395700e-01 	3.180814e-02 
2.398680e-01 	3.175548e-02 
2.401670e-01 	3.170282e-02 
2.404650e-01 	3.165050e-02 
2.407640e-01 	3.159819e-02 
2.410630e-01 	3.154604e-02 
2.413610e-01 	3.149424e-02 
2.416600e-01 	3.144244e-02 
2.419590e-01 	3.139081e-02 
2.422570e-01 	3.133951e-02 
2.425560e-01 	3.128822e-02 
2.428540e-01 	3.123726e-02 
2.431530e-01 	3.118630e-02 
2.434520e-01 	3.113550e-02 
2.437500e-01 	3.108504e-02 
2.440490e-01 	3.103458e-02 
2.443480e-01 	3.098427e-02 
2.446460e-01 	3.093430e-02 
2.449450e-01 	3.088432e-02 
2.452440e-01 	3.083450e-02 
2.455420e-01 	3.078501e-02 
2.458410e-01 	3.073552e-02 
2.461390e-01 	3.068635e-02 
2.464380e-01 	3.063717e-02 
2.467370e-01 	3.058814e-02 
2.470350e-01 	3.053944e-02 
2.473340e-01 	3.049073e-02 
2.476330e-01 	3.044218e-02 
2.479310e-01 	3.039394e-02 
2.482300e-01 	3.034569e-02 
2.485280e-01 	3.029775e-02 
2.488270e-01 	3.024981e-02 
2.491260e-01 	3.020201e-02 
2.494240e-01 	3.015453e-02 
2.497230e-01 	3.010703e-02 
2.500220e-01 	3.005968e-02 
2.503200e-01 	3.001264e-02 
2.506190e-01 	2.996559e-02 
2.509170e-01 	2.991883e-02 
2.512160e-01 	2.987207e-02 
2.515150e-01 	2.982544e-02 
2.518130e-01 	2.977912e-02 
2.521120e-01 	2.973278e-02 
2.524110e-01 	2.968658e-02 
2.527090e-01 	2.964067e-02 
2.530080e-01 	2.959475e-02 
2.533060e-01 	2.954913e-02 
2.536050e-01 	2.950348e-02 
2.539040e-01 	2.945797e-02 
2.542020e-01 	2.941275e-02 
2.545010e-01 	2.936751e-02 
2.548000e-01 	2.932241e-02 
2.550980e-01 	2.927758e-02 
2.553970e-01 	2.923274e-02 
2.556960e-01 	2.918803e-02 
2.559940e-01 	2.914360e-02 
2.562930e-01 	2.909915e-02 
2.565910e-01 	2.905498e-02 
2.568900e-01 	2.901078e-02 
2.571890e-01 	2.896671e-02 
2.574870e-01 	2.892292e-02 
2.577860e-01 	2.887910e-02 
2.580850e-01 	2.883540e-02 
2.583830e-01 	2.879198e-02 
2.586820e-01 	2.874853e-02 
2.589800e-01 	2.870535e-02 
2.592790e-01 	2.866214e-02 
2.595780e-01 	2.861905e-02 
2.598760e-01 	2.857623e-02 
2.601750e-01 	2.853338e-02 
2.604740e-01 	2.849064e-02 
2.607720e-01 	2.844817e-02 
2.610710e-01 	2.840567e-02 
2.613690e-01 	2.836342e-02 
2.616680e-01 	2.832115e-02 
2.619670e-01 	2.827899e-02 
2.622650e-01 	2.823708e-02 
2.625640e-01 	2.819515e-02 
2.628630e-01 	2.815332e-02 
2.631610e-01 	2.811175e-02 
2.634600e-01 	2.807014e-02 
2.637580e-01 	2.802878e-02 
2.640570e-01 	2.798739e-02 
2.643560e-01 	2.794611e-02 
2.646540e-01 	2.790507e-02 
2.649530e-01 	2.786399e-02 
2.652520e-01 	2.782302e-02 
2.655500e-01 	2.778230e-02 
2.658490e-01 	2.774153e-02 
2.661480e-01 	2.770087e-02 
2.664460e-01 	2.766045e-02 
2.667450e-01 	2.761999e-02 
2.670430e-01 	2.757976e-02 
2.673420e-01 	2.753950e-02 
2.676410e-01 	2.749934e-02 
2.679390e-01 	2.745941e-02 
2.682380e-01 	2.741944e-02 
2.685370e-01 	2.737956e-02 
2.688350e-01 	2.733991e-02 
2.691340e-01 	2.730023e-02 
2.694320e-01 	2.726077e-02 
2.697310e-01 	2.722127e-02 
2.700300e-01 	2.718186e-02 
2.703280e-01 	2.714268e-02 
2.706270e-01 	2.710345e-02 
2.709260e-01 	2.706431e-02 
2.712240e-01 	2.702539e-02 
2.715230e-01 	2.698644e-02 
2.718210e-01 	2.694769e-02 
2.721200e-01 	2.690891e-02 
2.724190e-01 	2.687021e-02 
2.727170e-01 	2.683173e-02 
2.730160e-01 	2.679320e-02 
2.733150e-01 	2.675475e-02 
2.736130e-01 	2.671652e-02 
2.739120e-01 	2.667825e-02 
2.742100e-01 	2.664018e-02 
2.745090e-01 	2.660207e-02 
2.748080e-01 	2.656403e-02 
2.751060e-01 	2.652621e-02 
2.754050e-01 	2.648834e-02 
2.757040e-01 	2.645055e-02 
2.760020e-01 	2.641296e-02 
2.763010e-01 	2.637533e-02 
2.765990e-01 	2.633790e-02 
2.768980e-01 	2.630042e-02 
2.771970e-01 	2.626302e-02 
2.774950e-01 	2.622582e-02 
2.777940e-01 	2.618857e-02 
2.780930e-01 	2.615139e-02 
2.783910e-01 	2.611442e-02 
2.786900e-01 	2.607739e-02 
2.789890e-01 	2.604044e-02 
2.792870e-01 	2.600369e-02 
2.795860e-01 	2.596688e-02 
2.798840e-01 	2.593028e-02 
2.801830e-01 	2.589362e-02 
2.804820e-01 	2.585703e-02 
2.807800e-01 	2.582064e-02 
2.810790e-01 	2.578420e-02 
2.813780e-01 	2.574783e-02 
2.816760e-01 	2.571165e-02 
2.819750e-01 	2.567543e-02 
2.822730e-01 	2.563939e-02 
2.825720e-01 	2.560330e-02 
2.828710e-01 	2.556728e-02 
2.831690e-01 	2.553146e-02 
2.834680e-01 	2.549558e-02 
2.837670e-01 	2.545977e-02 
2.840650e-01 	2.542415e-02 
2.843640e-01 	2.538848e-02 
2.846620e-01 	2.535299e-02 
2.849610e-01 	2.531746e-02 
2.852600e-01 	2.528199e-02 
2.855580e-01 	2.524671e-02 
2.858570e-01 	2.521137e-02 
2.861560e-01 	2.517611e-02 
2.864540e-01 	2.514103e-02 
2.867530e-01 	2.510589e-02 
2.870510e-01 	2.507095e-02 
2.873500e-01 	2.503594e-02 
2.876490e-01 	2.500101e-02 
2.879470e-01 	2.496626e-02 
2.882460e-01 	2.493146e-02 
2.885450e-01 	2.489672e-02 
2.888430e-01 	2.486216e-02 
2.891420e-01 	2.482755e-02 
2.894410e-01 	2.479301e-02 
2.897390e-01 	2.475865e-02 
2.900380e-01 	2.472423e-02 
2.903360e-01 	2.468999e-02 
2.906350e-01 	2.465571e-02 
2.909340e-01 	2.462148e-02 
2.912320e-01 	2.458744e-02 
2.915310e-01 	2.455334e-02 
2.918300e-01 	2.451930e-02 
2.921280e-01 	2.448545e-02 
2.924270e-01 	2.445154e-02 
2.927250e-01 	2.441780e-02 
2.930240e-01 	2.438402e-02 
2.933230e-01 	2.435030e-02 
2.936210e-01 	2.431675e-02 
2.939200e-01 	2.428315e-02 
2.942190e-01 	2.424962e-02 
2.945170e-01 	2.421626e-02 
2.948160e-01 	2.418285e-02 
2.951140e-01 	2.414961e-02 
2.954130e-01 	2.411632e-02 
2.957120e-01 	2.408310e-02 
2.960100e-01 	2.405004e-02 
2.963090e-01 	2.401694e-02 
2.966080e-01 	2.398390e-02 
2.969060e-01 	2.395104e-02 
2.972050e-01 	2.391812e-02 
2.975030e-01 	2.388537e-02 
2.978020e-01 	2.385258e-02 
2.981010e-01 	2.381985e-02 
2.983990e-01 	2.378729e-02 
2.986980e-01 	2.375468e-02 
2.989970e-01 	2.372213e-02 
2.992950e-01 	2.368975e-02 
2.995940e-01 	2.365732e-02 
2.998930e-01 	2.362496e-02 
3.001910e-01 	2.359276e-02 
3.004900e-01 	2.356051e-02 
3.007880e-01 	2.352844e-02 
3.010870e-01 	2.349631e-02 
3.013860e-01 	2.346425e-02 
3.016840e-01 	2.343235e-02 
3.019830e-01 	2.340041e-02 
3.022820e-01 	2.336853e-02 
3.025800e-01 	2.333681e-02 
3.028790e-01 	2.330505e-02 
3.031770e-01 	2.327345e-02 
3.034760e-01 	2.324181e-02 
3.037750e-01 	2.321023e-02 
3.040730e-01 	2.317881e-02 
3.043720e-01 	2.314734e-02 
3.046710e-01 	2.311594e-02 
3.049690e-01 	2.308470e-02 
3.052680e-01 	2.305341e-02 
3.055660e-01 	2.302228e-02 
3.058650e-01 	2.299112e-02 
3.061640e-01 	2.296001e-02 
3.064620e-01 	2.292906e-02 
3.067610e-01 	2.289806e-02 
3.070600e-01 	2.286713e-02 
3.073580e-01 	2.283636e-02 
3.076570e-01 	2.280554e-02 
3.079550e-01 	2.277488e-02 
3.082540e-01 	2.274418e-02 
3.085530e-01 	2.271354e-02 
3.088510e-01 	2.268305e-02 
3.091500e-01 	2.265252e-02 
3.094490e-01 	2.262205e-02 
3.097470e-01 	2.259174e-02 
3.100460e-01 	2.256138e-02 
3.103440e-01 	2.253119e-02 
3.106430e-01 	2.250094e-02 
3.109420e-01 	2.247076e-02 
3.112400e-01 	2.244073e-02 
3.115390e-01 	2.241066e-02 
3.118380e-01 	2.238065e-02 
3.121360e-01 	2.235079e-02 
3.124350e-01 	2.232089e-02 
3.127340e-01 	2.229104e-02 
3.130320e-01 	2.226135e-02 
3.133310e-01 	2.223162e-02 
3.136290e-01 	2.220204e-02 
3.139280e-01 	2.217242e-02 
3.142270e-01 	2.214286e-02 
3.145250e-01 	2.211344e-02 
3.148240e-01 	2.208399e-02 
3.151230e-01 	2.205459e-02 
3.154210e-01 	2.202534e-02 
3.157200e-01 	2.199605e-02 
3.160180e-01 	2.196691e-02 
3.163170e-01 	2.193772e-02 
3.166160e-01 	2.190859e-02 
3.169140e-01 	2.187962e-02 
3.172130e-01 	2.185059e-02 
3.175120e-01 	2.182163e-02 
3.178100e-01 	2.179281e-02 
3.181090e-01 	2.176395e-02 
3.184070e-01 	2.173523e-02 
3.187060e-01 	2.170648e-02 
3.190050e-01 	2.167778e-02 
3.193030e-01 	2.164922e-02 
3.196020e-01 	2.162062e-02 
3.199010e-01 	2.159208e-02 
3.201990e-01 	2.156368e-02 
3.204980e-01 	2.153524e-02 
3.207960e-01 	2.150695e-02 
3.210950e-01 	2.147861e-02 
3.213940e-01 	2.145032e-02 
3.216920e-01 	2.142218e-02 
3.219910e-01 	2.139400e-02 
3.222900e-01 	2.136587e-02 
3.225880e-01 	2.133788e-02 
3.228870e-01 	2.130985e-02 
3.231860e-01 	2.128186e-02 
3.234840e-01 	2.125403e-02 
3.237830e-01 	2.122615e-02 
3.240810e-01 	2.119841e-02 
3.243800e-01 	2.117063e-02 
3.246790e-01 	2.114289e-02 
3.249770e-01 	2.111530e-02 
3.252760e-01 	2.108767e-02 
3.255750e-01 	2.106008e-02 
3.258730e-01 	2.103264e-02 
3.261720e-01 	2.100515e-02 
3.264700e-01 	2.097780e-02 
3.267690e-01 	2.095041e-02 
3.270680e-01 	2.092306e-02 
3.273660e-01 	2.089585e-02 
3.276650e-01 	2.086860e-02 
3.279640e-01 	2.084140e-02 
3.282620e-01 	2.081433e-02 
3.285610e-01 	2.078722e-02 
3.288590e-01 	2.076025e-02 
3.291580e-01 	2.073323e-02 
3.294570e-01 	2.070626e-02 
3.297550e-01 	2.067943e-02 
3.300540e-01 	2.065255e-02 
3.303530e-01 	2.062572e-02 
3.306510e-01 	2.059902e-02 
3.309500e-01 	2.057228e-02 
3.312480e-01 	2.054567e-02 
3.315470e-01 	2.051902e-02 
3.318460e-01 	2.049241e-02 
3.321440e-01 	2.046593e-02 
3.324430e-01 	2.043941e-02 
3.327420e-01 	2.041294e-02 
3.330400e-01 	2.038659e-02 
3.333390e-01 	2.036021e-02 
3.336370e-01 	2.033395e-02 
3.339360e-01 	2.030765e-02 
3.342350e-01 	2.028139e-02 
3.345330e-01 	2.025526e-02 
3.348320e-01 	2.022909e-02 
3.351310e-01 	2.020296e-02 
3.354290e-01 	2.017696e-02 
3.357280e-01 	2.015091e-02 
3.360270e-01 	2.012491e-02 
3.363250e-01 	2.009903e-02 
3.366240e-01 	2.007311e-02 
3.369220e-01 	2.004732e-02 
3.372210e-01 	2.002148e-02 
3.375200e-01 	1.999569e-02 
3.378180e-01 	1.997002e-02 
3.381170e-01 	1.994430e-02 
3.384160e-01 	1.991863e-02 
3.387140e-01 	1.989309e-02 
3.390130e-01 	1.986749e-02 
3.393110e-01 	1.984203e-02 
3.396100e-01 	1.981652e-02 
3.399090e-01 	1.979104e-02 
3.402070e-01 	1.976570e-02 
3.405060e-01 	1.974031e-02 
3.408050e-01 	1.971495e-02 
3.411030e-01 	1.968972e-02 
3.414020e-01 	1.966445e-02 
3.417000e-01 	1.963930e-02 
3.419990e-01 	1.961410e-02 
3.422980e-01 	1.958895e-02 
3.425960e-01 	1.956391e-02 
3.428950e-01 	1.953883e-02 
3.431940e-01 	1.951379e-02 
3.434920e-01 	1.948887e-02 
3.437910e-01 	1.946390e-02 
3.440890e-01 	1.943905e-02 
3.443880e-01 	1.941416e-02 
3.446870e-01 	1.938931e-02 
3.449850e-01 	1.936458e-02 
3.452840e-01 	1.933980e-02 
3.455830e-01 	1.931506e-02 
3.458810e-01 	1.929043e-02 
3.461800e-01 	1.926577e-02 
3.464790e-01 	1.924113e-02 
3.467770e-01 	1.921662e-02 
3.470760e-01 	1.919206e-02 
3.473740e-01 	1.916762e-02 
3.476730e-01 	1.914314e-02 
3.479720e-01 	1.911869e-02 
3.482700e-01 	1.909435e-02 
3.485690e-01 	1.906997e-02 
3.488680e-01 	1.904563e-02 
3.491660e-01 	1.902140e-02 
3.494650e-01 	1.899713e-02 
3.497630e-01 	1.897297e-02 
3.500620e-01 	1.894877e-02 
3.503610e-01 	1.892460e-02 
3.506590e-01 	1.890054e-02 
3.509580e-01 	1.887644e-02 
3.512570e-01 	1.885238e-02 
3.515550e-01 	1.882843e-02 
3.518540e-01 	1.880443e-02 
3.521520e-01 	1.878055e-02 
3.524510e-01 	1.875662e-02 
3.527500e-01 	1.873272e-02 
3.530480e-01 	1.870894e-02 
3.533470e-01 	1.868511e-02 
3.536460e-01 	1.866131e-02 
3.539440e-01 	1.863763e-02 
3.542430e-01 	1.861390e-02 
3.545410e-01 	1.859029e-02 
3.548400e-01 	1.856662e-02 
3.551390e-01 	1.854299e-02 
3.554370e-01 	1.851948e-02 
3.557360e-01 	1.849591e-02 
3.560350e-01 	1.847238e-02 
3.563330e-01 	1.844896e-02 
3.566320e-01 	1.842550e-02 
3.569310e-01 	1.840206e-02 
3.572290e-01 	1.837874e-02 
3.575280e-01 	1.835538e-02 
3.578260e-01 	1.833212e-02 
3.581250e-01 	1.830882e-02 
3.584240e-01 	1.828555e-02 
3.587220e-01 	1.826239e-02 
3.590210e-01 	1.823918e-02 
3.593200e-01 	1.821601e-02 
3.596180e-01 	1.819295e-02 
3.599170e-01 	1.816984e-02 
3.602150e-01 	1.814685e-02 
3.605140e-01 	1.812381e-02 
3.608130e-01 	1.810080e-02 
3.611110e-01 	1.807790e-02 
3.614100e-01 	1.805496e-02 
3.617090e-01 	1.803206e-02 
3.620070e-01 	1.800926e-02 
3.623060e-01 	1.798642e-02 
3.626040e-01 	1.796369e-02 
3.629030e-01 	1.794092e-02 
3.632020e-01 	1.791819e-02 
3.635000e-01 	1.789556e-02 
3.637990e-01 	1.787289e-02 
3.640980e-01 	1.785026e-02 
3.643960e-01 	1.782774e-02 
3.646950e-01 	1.780517e-02 
3.649930e-01 	1.778272e-02 
3.652920e-01 	1.776023e-02 
3.655910e-01 	1.773777e-02 
3.658890e-01 	1.771542e-02 
3.661880e-01 	1.769304e-02 
3.664870e-01 	1.767069e-02 
3.667850e-01 	1.764845e-02 
3.670840e-01 	1.762617e-02 
3.673820e-01 	1.760400e-02 
3.676810e-01 	1.758180e-02 
3.679800e-01 	1.755963e-02 
3.682780e-01 	1.753758e-02 
3.685770e-01 	1.751548e-02 
3.688760e-01 	1.749343e-02 
3.691740e-01 	1.747148e-02 
3.694730e-01 	1.744950e-02 
3.697720e-01 	1.742755e-02 
3.700700e-01 	1.740571e-02 
3.703690e-01 	1.738384e-02 
3.706670e-01 	1.736208e-02 
3.709660e-01 	1.734028e-02 
3.712650e-01 	1.731852e-02 
3.715630e-01 	1.729686e-02 
3.718620e-01 	1.727517e-02 
3.721610e-01 	1.725351e-02 
3.724590e-01 	1.723195e-02 
3.727580e-01 	1.721036e-02 
3.730560e-01 	1.718887e-02 
3.733550e-01 	1.716734e-02 
3.736540e-01 	1.714584e-02 
3.739520e-01 	1.712445e-02 
3.742510e-01 	1.710301e-02 
3.745500e-01 	1.708160e-02 
3.748480e-01 	1.706028e-02 
3.751470e-01 	1.703892e-02 
3.754450e-01 	1.701766e-02 
3.757440e-01 	1.699635e-02 
3.760430e-01 	1.697507e-02 
3.763410e-01 	1.695388e-02 
3.766400e-01 	1.693263e-02 
3.769390e-01 	1.691141e-02 
3.772370e-01 	1.689028e-02 
3.775360e-01 	1.686910e-02 
3.778340e-01 	1.684800e-02 
3.781330e-01 	1.682685e-02 
3.784320e-01 	1.680572e-02 
3.787300e-01 	1.678467e-02 
3.790290e-01 	1.676356e-02 
3.793280e-01 	1.674247e-02 
3.796260e-01 	1.672146e-02 
3.799250e-01 	1.670038e-02 
3.802240e-01 	1.667932e-02 
3.805220e-01 	1.665834e-02 
3.808210e-01 	1.663730e-02 
3.811190e-01 	1.661633e-02 
3.814180e-01 	1.659530e-02 
3.817170e-01 	1.657427e-02 
3.820150e-01 	1.655332e-02 
3.823140e-01 	1.653230e-02 
3.826130e-01 	1.651128e-02 
3.829110e-01 	1.649033e-02 
3.835080e-01 	1.644837e-02 
