#q 	 Ifit_avg 
9.738000e-03 	1.000000e+00 
1.001400e-02 	9.969218e-01 
1.029100e-02 	9.938435e-01 
1.056800e-02 	9.907636e-01 
1.084400e-02 	9.876799e-01 
1.112100e-02 	9.845939e-01 
1.139800e-02 	9.815024e-01 
1.167400e-02 	9.784068e-01 
1.195100e-02 	9.753052e-01 
1.222700e-02 	9.721955e-01 
1.250400e-02 	9.690790e-01 
1.278100e-02 	9.659539e-01 
1.305700e-02 	9.628181e-01 
1.333400e-02 	9.596730e-01 
1.361100e-02 	9.565154e-01 
1.388700e-02 	9.533467e-01 
1.416400e-02 	9.501650e-01 
1.444100e-02 	9.469682e-01 
1.471700e-02 	9.437578e-01 
1.499400e-02 	9.405317e-01 
1.527000e-02 	9.372878e-01 
1.554700e-02 	9.340277e-01 
1.582400e-02 	9.307493e-01 
1.610000e-02 	9.274505e-01 
1.637700e-02 	9.241329e-01 
1.665400e-02 	9.207931e-01 
1.693000e-02 	9.174328e-01 
1.720700e-02 	9.140498e-01 
1.748300e-02 	9.106420e-01 
1.776000e-02 	9.072110e-01 
1.803700e-02 	9.037548e-01 
1.831300e-02 	9.002711e-01 
1.859000e-02 	8.967617e-01 
1.886700e-02 	8.932232e-01 
1.914300e-02 	8.896574e-01 
1.942000e-02 	8.860622e-01 
1.969700e-02 	8.824356e-01 
1.997300e-02 	8.787796e-01 
2.025000e-02 	8.750923e-01 
2.052700e-02 	8.713719e-01 
2.080300e-02 	8.676207e-01 
2.108000e-02 	8.638357e-01 
2.135600e-02 	8.600194e-01 
2.163300e-02 	8.561705e-01 
2.191000e-02 	8.522874e-01 
2.218600e-02 	8.483732e-01 
2.246300e-02 	8.444267e-01 
2.274000e-02 	8.404468e-01 
2.301600e-02 	8.364370e-01 
2.329300e-02 	8.323961e-01 
2.357000e-02 	8.283236e-01 
2.384600e-02 	8.242231e-01 
2.412300e-02 	8.200924e-01 
2.439900e-02 	8.159354e-01 
2.467600e-02 	8.117517e-01 
2.495300e-02 	8.075408e-01 
2.522900e-02 	8.033067e-01 
2.550600e-02 	7.990491e-01 
2.578300e-02 	7.947676e-01 
2.605900e-02 	7.904665e-01 
2.633600e-02 	7.861439e-01 
2.661300e-02 	7.818042e-01 
2.688900e-02 	7.774471e-01 
2.716600e-02 	7.730722e-01 
2.744200e-02 	7.686839e-01 
2.771900e-02 	7.642820e-01 
2.799600e-02 	7.598661e-01 
2.827200e-02 	7.554407e-01 
2.854900e-02 	7.510036e-01 
2.882600e-02 	7.465594e-01 
2.910200e-02 	7.421077e-01 
2.937900e-02 	7.376480e-01 
2.965600e-02 	7.331846e-01 
2.993200e-02 	7.287172e-01 
3.020900e-02 	7.242451e-01 
3.048500e-02 	7.197727e-01 
3.076200e-02 	7.152979e-01 
3.103900e-02 	7.108248e-01 
3.131500e-02 	7.063528e-01 
3.159200e-02 	7.018814e-01 
3.186900e-02 	6.974146e-01 
3.214500e-02 	6.929518e-01 
3.242200e-02 	6.884923e-01 
3.269900e-02 	6.840402e-01 
3.297500e-02 	6.795946e-01 
3.325200e-02 	6.751548e-01 
3.352800e-02 	6.707248e-01 
3.380500e-02 	6.663021e-01 
3.408200e-02 	6.618906e-01 
3.435800e-02 	6.574896e-01 
3.463500e-02 	6.530979e-01 
3.491200e-02 	6.487196e-01 
3.518800e-02 	6.443535e-01 
3.546500e-02 	6.399989e-01 
3.574200e-02 	6.356592e-01 
3.601800e-02 	6.313320e-01 
3.629500e-02 	6.270210e-01 
3.657100e-02 	6.227250e-01 
3.684800e-02 	6.184431e-01 
3.712500e-02 	6.141787e-01 
3.740100e-02 	6.099308e-01 
3.767800e-02 	6.056982e-01 
3.795500e-02 	6.014844e-01 
3.823100e-02 	5.972868e-01 
3.850800e-02 	5.931088e-01 
3.878400e-02 	5.889491e-01 
3.906100e-02 	5.848067e-01 
3.933800e-02 	5.806848e-01 
3.961400e-02 	5.765823e-01 
3.989100e-02 	5.724980e-01 
4.016800e-02 	5.684350e-01 
4.044400e-02 	5.643923e-01 
4.072100e-02 	5.603685e-01 
4.099800e-02 	5.563668e-01 
4.127400e-02 	5.523846e-01 
4.155100e-02 	5.484250e-01 
4.182800e-02 	5.444867e-01 
4.210400e-02 	5.405684e-01 
4.238100e-02 	5.366733e-01 
4.265700e-02 	5.328001e-01 
4.293400e-02 	5.289475e-01 
4.321100e-02 	5.251185e-01 
4.348700e-02 	5.213104e-01 
4.376400e-02 	5.175262e-01 
4.404100e-02 	5.137647e-01 
4.431700e-02 	5.100245e-01 
4.459400e-02 	5.063085e-01 
4.487100e-02 	5.026155e-01 
4.514700e-02 	4.989443e-01 
4.542400e-02 	4.952975e-01 
4.570100e-02 	4.916727e-01 
4.597700e-02 	4.880726e-01 
4.625400e-02 	4.844958e-01 
4.653000e-02 	4.809413e-01 
4.680700e-02 	4.774116e-01 
4.708400e-02 	4.739056e-01 
4.736000e-02 	4.704219e-01 
4.763700e-02 	4.669633e-01 
4.791300e-02 	4.635284e-01 
4.819000e-02 	4.601160e-01 
4.846700e-02 	4.567288e-01 
4.874400e-02 	4.533641e-01 
4.902000e-02 	4.500245e-01 
4.929700e-02 	4.467088e-01 
4.957300e-02 	4.434158e-01 
4.985000e-02 	4.401479e-01 
5.012700e-02 	4.369039e-01 
5.040300e-02 	4.336826e-01 
5.068000e-02 	4.304863e-01 
5.095700e-02 	4.273127e-01 
5.123300e-02 	4.241640e-01 
5.151000e-02 	4.210392e-01 
5.178700e-02 	4.179370e-01 
5.206300e-02 	4.148596e-01 
5.234000e-02 	4.118060e-01 
5.261600e-02 	4.087749e-01 
5.289300e-02 	4.057685e-01 
5.317000e-02 	4.027845e-01 
5.344600e-02 	3.998251e-01 
5.372300e-02 	3.968891e-01 
5.400000e-02 	3.939754e-01 
5.427600e-02 	3.910860e-01 
5.455300e-02 	3.882199e-01 
5.483000e-02 	3.853759e-01 
5.510600e-02 	3.825560e-01 
5.538300e-02 	3.797591e-01 
5.565900e-02 	3.769841e-01 
5.593600e-02 	3.742329e-01 
5.621300e-02 	3.715034e-01 
5.648900e-02 	3.687976e-01 
5.676600e-02 	3.661143e-01 
5.704300e-02 	3.634525e-01 
5.731900e-02 	3.608140e-01 
5.759600e-02 	3.581977e-01 
5.787300e-02 	3.556026e-01 
5.814900e-02 	3.530306e-01 
5.842600e-02 	3.504795e-01 
5.870200e-02 	3.479511e-01 
5.897900e-02 	3.454444e-01 
5.925600e-02 	3.429584e-01 
5.953200e-02 	3.404948e-01 
5.980900e-02 	3.380524e-01 
6.008600e-02 	3.356305e-01 
6.036200e-02 	3.332305e-01 
6.063900e-02 	3.308506e-01 
6.091600e-02 	3.284925e-01 
6.119200e-02 	3.261551e-01 
6.146900e-02 	3.238374e-01 
6.174500e-02 	3.215410e-01 
6.202200e-02 	3.192650e-01 
6.229900e-02 	3.170083e-01 
6.257500e-02 	3.147725e-01 
6.285200e-02 	3.125566e-01 
6.312900e-02 	3.103598e-01 
6.340500e-02 	3.081834e-01 
6.368200e-02 	3.060257e-01 
6.395900e-02 	3.038882e-01 
6.423500e-02 	3.017699e-01 
6.451200e-02 	2.996700e-01 
6.478800e-02 	2.975897e-01 
6.506500e-02 	2.955282e-01 
6.534200e-02 	2.934847e-01 
6.561800e-02 	2.914604e-01 
6.589500e-02 	2.894538e-01 
6.617200e-02 	2.874662e-01 
6.644800e-02 	2.854966e-01 
6.672500e-02 	2.835444e-01 
6.700200e-02 	2.816105e-01 
6.727800e-02 	2.796944e-01 
6.755500e-02 	2.777950e-01 
6.783100e-02 	2.759136e-01 
6.810800e-02 	2.740487e-01 
6.838500e-02 	2.722016e-01 
6.866100e-02 	2.703713e-01 
6.893800e-02 	2.685572e-01 
6.921500e-02 	2.667604e-01 
6.949100e-02 	2.649800e-01 
6.976800e-02 	2.632153e-01 
7.004400e-02 	2.614674e-01 
7.032100e-02 	2.597355e-01 
7.059800e-02 	2.580188e-01 
7.087400e-02 	2.563185e-01 
7.115100e-02 	2.546332e-01 
7.142800e-02 	2.529638e-01 
7.170400e-02 	2.513098e-01 
7.198100e-02 	2.496703e-01 
7.225800e-02 	2.480464e-01 
7.253400e-02 	2.464373e-01 
7.281100e-02 	2.448423e-01 
7.308800e-02 	2.432625e-01 
7.336400e-02 	2.416966e-01 
7.364100e-02 	2.401456e-01 
7.391700e-02 	2.386087e-01 
7.419400e-02 	2.370853e-01 
7.447100e-02 	2.355763e-01 
7.474700e-02 	2.340810e-01 
7.502400e-02 	2.325988e-01 
7.530100e-02 	2.311306e-01 
7.557700e-02 	2.296751e-01 
7.585400e-02 	2.282334e-01 
7.613100e-02 	2.268047e-01 
7.640700e-02 	2.253884e-01 
7.668400e-02 	2.239854e-01 
7.696000e-02 	2.225951e-01 
7.723700e-02 	2.212168e-01 
7.751400e-02 	2.198515e-01 
7.779000e-02 	2.184984e-01 
7.806700e-02 	2.171570e-01 
7.834400e-02 	2.158281e-01 
7.862000e-02 	2.145107e-01 
7.889700e-02 	2.132054e-01 
7.917400e-02 	2.119118e-01 
7.945000e-02 	2.106293e-01 
7.972700e-02 	2.093587e-01 
8.000300e-02 	2.080994e-01 
8.028000e-02 	2.068508e-01 
8.055700e-02 	2.056137e-01 
8.083300e-02 	2.043871e-01 
8.111000e-02 	2.031717e-01 
8.138700e-02 	2.019671e-01 
8.166300e-02 	2.007726e-01 
8.194000e-02 	1.995890e-01 
8.221700e-02 	1.984158e-01 
8.249300e-02 	1.972524e-01 
8.277000e-02 	1.960996e-01 
8.304700e-02 	1.949564e-01 
8.332300e-02 	1.938236e-01 
8.360000e-02 	1.927007e-01 
8.387600e-02 	1.915871e-01 
8.415300e-02 	1.904835e-01 
8.443000e-02 	1.893895e-01 
8.470600e-02 	1.883045e-01 
8.498300e-02 	1.872292e-01 
8.526000e-02 	1.861632e-01 
8.553600e-02 	1.851058e-01 
8.581300e-02 	1.840579e-01 
8.608900e-02 	1.830185e-01 
8.636600e-02 	1.819884e-01 
8.664300e-02 	1.809670e-01 
8.691900e-02 	1.799539e-01 
8.719600e-02 	1.789497e-01 
8.747300e-02 	1.779541e-01 
8.774900e-02 	1.769665e-01 
8.802600e-02 	1.759875e-01 
8.830300e-02 	1.750165e-01 
8.857900e-02 	1.740539e-01 
8.885600e-02 	1.730993e-01 
8.913300e-02 	1.721524e-01 
8.940900e-02 	1.712137e-01 
8.968600e-02 	1.702827e-01 
8.996200e-02 	1.693591e-01 
9.023900e-02 	1.684435e-01 
9.051600e-02 	1.675351e-01 
9.079200e-02 	1.666344e-01 
9.106900e-02 	1.657412e-01 
9.134600e-02 	1.648550e-01 
9.162200e-02 	1.639763e-01 
9.189900e-02 	1.631048e-01 
9.217600e-02 	1.622401e-01 
9.245200e-02 	1.613827e-01 
9.272900e-02 	1.605322e-01 
9.300500e-02 	1.596882e-01 
9.328200e-02 	1.588514e-01 
9.355900e-02 	1.580210e-01 
9.383500e-02 	1.571975e-01 
9.411200e-02 	1.563805e-01 
9.438900e-02 	1.555698e-01 
9.466500e-02 	1.547658e-01 
9.494200e-02 	1.539682e-01 
9.521800e-02 	1.531766e-01 
9.549500e-02 	1.523915e-01 
9.577200e-02 	1.516123e-01 
9.604800e-02 	1.508396e-01 
9.632500e-02 	1.500729e-01 
9.660200e-02 	1.493119e-01 
9.687800e-02 	1.485571e-01 
9.715500e-02 	1.478082e-01 
9.743200e-02 	1.470648e-01 
9.770800e-02 	1.463275e-01 
9.798500e-02 	1.455955e-01 
9.826200e-02 	1.448694e-01 
9.853800e-02 	1.441488e-01 
9.881500e-02 	1.434335e-01 
9.909100e-02 	1.427239e-01 
9.936800e-02 	1.420197e-01 
9.964500e-02 	1.413206e-01 
9.992100e-02 	1.406271e-01 
1.001980e-01 	1.399385e-01 
1.004750e-01 	1.392544e-01 
1.007510e-01 	1.385779e-01 
1.010280e-01 	1.379040e-01 
1.013040e-01 	1.372376e-01 
1.015810e-01 	1.365738e-01 
1.018580e-01 	1.359149e-01 
1.021340e-01 	1.352633e-01 
1.024110e-01 	1.346141e-01 
1.026880e-01 	1.339698e-01 
1.029640e-01 	1.333324e-01 
1.032410e-01 	1.326975e-01 
1.035180e-01 	1.320672e-01 
1.037940e-01 	1.314438e-01 
1.040710e-01 	1.308227e-01 
1.043480e-01 	1.302062e-01 
1.046240e-01 	1.295963e-01 
1.049010e-01 	1.289887e-01 
1.051770e-01 	1.283877e-01 
1.054540e-01 	1.277888e-01 
1.057310e-01 	1.271942e-01 
1.060070e-01 	1.266061e-01 
1.062840e-01 	1.260201e-01 
1.065610e-01 	1.254383e-01 
1.068370e-01 	1.248627e-01 
1.071140e-01 	1.242891e-01 
1.073910e-01 	1.237196e-01 
1.076670e-01 	1.231562e-01 
1.079440e-01 	1.225947e-01 
1.082200e-01 	1.220392e-01 
1.084970e-01 	1.214856e-01 
1.087740e-01 	1.209359e-01 
1.090500e-01 	1.203920e-01 
1.093270e-01 	1.198500e-01 
1.096040e-01 	1.193117e-01 
1.098800e-01 	1.187792e-01 
1.101570e-01 	1.182484e-01 
1.104340e-01 	1.177214e-01 
1.107100e-01 	1.171999e-01 
1.109870e-01 	1.166801e-01 
1.112630e-01 	1.161658e-01 
1.115400e-01 	1.156532e-01 
1.118170e-01 	1.151442e-01 
1.120930e-01 	1.146405e-01 
1.123700e-01 	1.141384e-01 
1.126470e-01 	1.136398e-01 
1.129230e-01 	1.131464e-01 
1.132000e-01 	1.126546e-01 
1.134770e-01 	1.121662e-01 
1.137530e-01 	1.116828e-01 
1.140300e-01 	1.112009e-01 
1.143060e-01 	1.107240e-01 
1.145830e-01 	1.102486e-01 
1.148600e-01 	1.097764e-01 
1.151360e-01 	1.093091e-01 
1.154130e-01 	1.088432e-01 
1.156900e-01 	1.083805e-01 
1.159660e-01 	1.079225e-01 
1.162430e-01 	1.074659e-01 
1.165200e-01 	1.070124e-01 
1.167960e-01 	1.065636e-01 
1.170730e-01 	1.061161e-01 
1.173490e-01 	1.056732e-01 
1.176260e-01 	1.052317e-01 
1.179030e-01 	1.047932e-01 
1.181790e-01 	1.043591e-01 
1.184560e-01 	1.039263e-01 
1.187330e-01 	1.034965e-01 
1.190090e-01 	1.030709e-01 
1.192860e-01 	1.026467e-01 
1.195630e-01 	1.022253e-01 
1.198390e-01 	1.018081e-01 
1.201160e-01 	1.013921e-01 
1.203920e-01 	1.009804e-01 
1.206690e-01 	1.005698e-01 
1.209460e-01 	1.001619e-01 
1.212220e-01 	9.975814e-02 
1.214990e-01 	9.935553e-02 
1.217760e-01 	9.895553e-02 
1.220520e-01 	9.855955e-02 
1.223290e-01 	9.816471e-02 
1.226060e-01 	9.777243e-02 
1.228820e-01 	9.738410e-02 
1.231590e-01 	9.699689e-02 
1.234350e-01 	9.661358e-02 
1.237120e-01 	9.623136e-02 
1.239890e-01 	9.585162e-02 
1.242650e-01 	9.547568e-02 
1.245420e-01 	9.510081e-02 
1.248190e-01 	9.472836e-02 
1.250950e-01 	9.435963e-02 
1.253720e-01 	9.399193e-02 
1.256490e-01 	9.362660e-02 
1.259250e-01 	9.326491e-02 
1.262020e-01 	9.290423e-02 
1.264780e-01 	9.254715e-02 
1.267550e-01 	9.219105e-02 
1.270320e-01 	9.183722e-02 
1.273080e-01 	9.148690e-02 
1.275850e-01 	9.113754e-02 
1.278620e-01 	9.079039e-02 
1.281380e-01 	9.044668e-02 
1.284150e-01 	9.010390e-02 
1.286920e-01 	8.976327e-02 
1.289680e-01 	8.942601e-02 
1.292450e-01 	8.908965e-02 
1.295210e-01 	8.875661e-02 
1.297980e-01 	8.842447e-02 
1.300750e-01 	8.809441e-02 
1.303510e-01 	8.776761e-02 
1.306280e-01 	8.744167e-02 
1.309050e-01 	8.711778e-02 
1.311810e-01 	8.679708e-02 
1.314580e-01 	8.647723e-02 
1.317350e-01 	8.615938e-02 
1.320110e-01 	8.584465e-02 
1.322880e-01 	8.553075e-02 
1.325640e-01 	8.521993e-02 
1.328410e-01 	8.490992e-02 
1.331180e-01 	8.460184e-02 
1.333940e-01 	8.429677e-02 
1.336710e-01 	8.399250e-02 
1.339480e-01 	8.369011e-02 
1.342240e-01 	8.339067e-02 
1.345010e-01 	8.309200e-02 
1.347780e-01 	8.279517e-02 
1.350540e-01 	8.250123e-02 
1.353310e-01 	8.220803e-02 
1.356070e-01 	8.191768e-02 
1.358840e-01 	8.162806e-02 
1.361610e-01 	8.134021e-02 
1.364370e-01 	8.105514e-02 
1.367140e-01 	8.077078e-02 
1.369910e-01 	8.048815e-02 
1.372670e-01 	8.020824e-02 
1.375440e-01 	7.992902e-02 
1.378210e-01 	7.965150e-02 
1.380970e-01 	7.937665e-02 
1.383740e-01 	7.910248e-02 
1.386500e-01 	7.883094e-02 
1.389270e-01 	7.856006e-02 
1.392040e-01 	7.829082e-02 
1.394800e-01 	7.802416e-02 
1.397570e-01 	7.775814e-02 
1.400340e-01 	7.749373e-02 
1.403100e-01 	7.723185e-02 
1.405870e-01 	7.697059e-02 
1.408640e-01 	7.671090e-02 
1.411400e-01 	7.645369e-02 
1.414170e-01 	7.619708e-02 
1.416940e-01 	7.594201e-02 
1.419700e-01 	7.568936e-02 
1.422470e-01 	7.543731e-02 
1.425230e-01 	7.518765e-02 
1.428000e-01 	7.493858e-02 
1.430770e-01 	7.469098e-02 
1.433530e-01 	7.444572e-02 
1.436300e-01 	7.420103e-02 
1.439070e-01 	7.395777e-02 
1.441830e-01 	7.371682e-02 
1.444600e-01 	7.347640e-02 
1.447370e-01 	7.323738e-02 
1.450130e-01 	7.300061e-02 
1.452900e-01 	7.276436e-02 
1.455660e-01 	7.253033e-02 
1.458430e-01 	7.229681e-02 
1.461200e-01 	7.206464e-02 
1.463960e-01 	7.183463e-02 
1.466730e-01 	7.160512e-02 
1.469500e-01 	7.137693e-02 
1.472260e-01 	7.115086e-02 
1.475030e-01 	7.092527e-02 
1.477800e-01 	7.070097e-02 
1.480560e-01 	7.047875e-02 
1.483330e-01 	7.025700e-02 
1.486090e-01 	7.003730e-02 
1.488860e-01 	6.981806e-02 
1.491630e-01 	6.960006e-02 
1.494390e-01 	6.938409e-02 
1.497160e-01 	6.916856e-02 
1.499930e-01 	6.895425e-02 
1.502690e-01 	6.874193e-02 
1.505460e-01 	6.853004e-02 
1.508230e-01 	6.831934e-02 
1.510990e-01 	6.811058e-02 
1.513760e-01 	6.790224e-02 
1.516520e-01 	6.769581e-02 
1.519290e-01 	6.748978e-02 
1.522060e-01 	6.728490e-02 
1.524820e-01 	6.708189e-02 
1.527590e-01 	6.687926e-02 
1.530360e-01 	6.667775e-02 
1.533120e-01 	6.647807e-02 
1.535890e-01 	6.627876e-02 
1.538660e-01 	6.608054e-02 
1.541420e-01 	6.588412e-02 
1.544190e-01 	6.568805e-02 
1.546950e-01 	6.549376e-02 
1.549720e-01 	6.529982e-02 
1.552490e-01 	6.510694e-02 
1.555250e-01 	6.491579e-02 
1.558020e-01 	6.472499e-02 
1.560790e-01 	6.453522e-02 
1.563550e-01 	6.434715e-02 
1.566320e-01 	6.415942e-02 
1.569090e-01 	6.397271e-02 
1.571850e-01 	6.378766e-02 
1.574620e-01 	6.360294e-02 
1.577380e-01 	6.341988e-02 
1.580150e-01 	6.323713e-02 
1.582920e-01 	6.305536e-02 
1.585680e-01 	6.287521e-02 
1.588450e-01 	6.269536e-02 
1.591220e-01 	6.251647e-02 
1.593980e-01 	6.233916e-02 
1.596750e-01 	6.216214e-02 
1.599520e-01 	6.198605e-02 
1.602280e-01 	6.181152e-02 
1.605050e-01 	6.163726e-02 
1.607810e-01 	6.146452e-02 
1.610580e-01 	6.129206e-02 
1.613350e-01 	6.112049e-02 
1.616110e-01 	6.095042e-02 
1.618880e-01 	6.078061e-02 
1.621650e-01 	6.061167e-02 
1.624410e-01 	6.044420e-02 
1.627180e-01 	6.027699e-02 
1.629950e-01 	6.011064e-02 
1.632710e-01 	5.994573e-02 
1.635480e-01 	5.978107e-02 
1.638240e-01 	5.961784e-02 
1.641010e-01 	5.945485e-02 
1.643780e-01 	5.929269e-02 
1.646540e-01 	5.913193e-02 
1.649310e-01 	5.897141e-02 
1.652080e-01 	5.881171e-02 
1.654840e-01 	5.865338e-02 
1.657610e-01 	5.849528e-02 
1.660380e-01 	5.833798e-02 
1.663140e-01 	5.818204e-02 
1.665910e-01 	5.802631e-02 
1.668670e-01 	5.787193e-02 
1.671440e-01 	5.771776e-02 
1.674210e-01 	5.756436e-02 
1.676970e-01 	5.741228e-02 
1.679740e-01 	5.726041e-02 
1.682510e-01 	5.710929e-02 
1.685270e-01 	5.695947e-02 
1.688040e-01 	5.680984e-02 
1.690810e-01 	5.666096e-02 
1.693570e-01 	5.651335e-02 
1.696340e-01 	5.636593e-02 
1.699100e-01 	5.621977e-02 
1.701870e-01 	5.607380e-02 
1.704640e-01 	5.592855e-02 
1.707400e-01 	5.578453e-02 
1.710170e-01 	5.564070e-02 
1.712940e-01 	5.549757e-02 
1.715700e-01 	5.535566e-02 
1.718470e-01 	5.521392e-02 
1.721240e-01 	5.507288e-02 
1.724000e-01 	5.493303e-02 
1.726770e-01 	5.479336e-02 
1.729530e-01 	5.465486e-02 
1.732300e-01 	5.451653e-02 
1.735070e-01 	5.437888e-02 
1.737830e-01 	5.424238e-02 
1.740600e-01 	5.410604e-02 
1.743370e-01 	5.397037e-02 
1.746130e-01 	5.383583e-02 
1.748900e-01 	5.370146e-02 
1.751670e-01 	5.356772e-02 
1.754430e-01 	5.343511e-02 
1.757200e-01 	5.330266e-02 
1.759960e-01 	5.317131e-02 
1.762730e-01 	5.304011e-02 
1.765500e-01 	5.290954e-02 
1.768260e-01 	5.278006e-02 
1.771030e-01 	5.265073e-02 
1.773800e-01 	5.252201e-02 
1.776560e-01 	5.239436e-02 
1.779330e-01 	5.226685e-02 
1.782100e-01 	5.213994e-02 
1.784860e-01 	5.201408e-02 
1.787630e-01 	5.188837e-02 
1.790400e-01 	5.176324e-02 
1.793160e-01 	5.163915e-02 
1.795930e-01 	5.151519e-02 
1.798690e-01 	5.139226e-02 
1.801460e-01 	5.126947e-02 
1.804230e-01 	5.114724e-02 
1.806990e-01 	5.102603e-02 
1.809760e-01 	5.090495e-02 
1.812530e-01 	5.078443e-02 
1.815290e-01 	5.066491e-02 
1.818060e-01 	5.054551e-02 
1.820830e-01 	5.042666e-02 
1.823590e-01 	5.030880e-02 
1.826360e-01 	5.019105e-02 
1.829120e-01 	5.007428e-02 
1.831890e-01 	4.995762e-02 
1.834660e-01 	4.984151e-02 
1.837420e-01 	4.972635e-02 
1.840190e-01 	4.961131e-02 
1.842960e-01 	4.949680e-02 
1.845720e-01 	4.938323e-02 
1.848490e-01 	4.926977e-02 
1.851260e-01 	4.915684e-02 
1.854020e-01 	4.904483e-02 
1.856790e-01 	4.893293e-02 
1.859550e-01 	4.882194e-02 
1.862320e-01 	4.871107e-02 
1.865090e-01 	4.860069e-02 
1.867850e-01 	4.849122e-02 
1.870620e-01 	4.838186e-02 
1.873390e-01 	4.827299e-02 
1.876150e-01 	4.816500e-02 
1.878920e-01 	4.805712e-02 
1.881690e-01 	4.794972e-02 
1.884450e-01 	4.784319e-02 
1.887220e-01 	4.773675e-02 
1.889980e-01 	4.763118e-02 
1.892750e-01 	4.752570e-02 
1.895520e-01 	4.742069e-02 
1.898280e-01 	4.731652e-02 
1.901050e-01 	4.721245e-02 
1.903820e-01 	4.710884e-02 
1.906580e-01 	4.700606e-02 
1.909350e-01 	4.690337e-02 
1.912120e-01 	4.680113e-02 
1.914880e-01 	4.669971e-02 
1.917650e-01 	4.659837e-02 
1.920410e-01 	4.649784e-02 
1.923180e-01 	4.639739e-02 
1.925950e-01 	4.629737e-02 
1.928710e-01 	4.619816e-02 
1.931480e-01 	4.609902e-02 
1.934250e-01 	4.600031e-02 
1.937010e-01 	4.590239e-02 
1.939780e-01 	4.580454e-02 
1.942550e-01 	4.570712e-02 
1.945310e-01 	4.561047e-02 
1.948080e-01 	4.551389e-02 
1.950840e-01 	4.541809e-02 
1.953610e-01 	4.532235e-02 
1.956380e-01 	4.522703e-02 
1.959140e-01 	4.513246e-02 
1.961910e-01 	4.503796e-02 
1.964680e-01 	4.494388e-02 
1.967440e-01 	4.485053e-02 
1.970210e-01 	4.475726e-02 
1.972980e-01 	4.466438e-02 
1.975740e-01 	4.457224e-02 
1.978510e-01 	4.448016e-02 
1.981270e-01 	4.438881e-02 
1.984040e-01 	4.429751e-02 
1.986810e-01 	4.420661e-02 
1.989570e-01 	4.411642e-02 
1.992340e-01 	4.402629e-02 
1.995110e-01 	4.393654e-02 
1.997870e-01 	4.384749e-02 
2.000640e-01 	4.375850e-02 
2.003410e-01 	4.366988e-02 
2.006170e-01 	4.358195e-02 
2.008940e-01 	4.349407e-02 
2.011700e-01 	4.340687e-02 
2.014470e-01 	4.331972e-02 
2.017240e-01 	4.323293e-02 
2.020000e-01 	4.314681e-02 
2.022770e-01 	4.306073e-02 
2.025540e-01 	4.297501e-02 
2.028300e-01 	4.288995e-02 
2.031070e-01 	4.280493e-02 
2.033840e-01 	4.272026e-02 
2.036600e-01 	4.263624e-02 
2.039370e-01 	4.255226e-02 
2.042130e-01 	4.246893e-02 
2.044900e-01 	4.238564e-02 
2.047670e-01 	4.230268e-02 
2.050430e-01 	4.222036e-02 
2.053200e-01 	4.213808e-02 
2.055970e-01 	4.205614e-02 
2.058730e-01 	4.197482e-02 
2.061500e-01 	4.189354e-02 
2.064270e-01 	4.181259e-02 
2.067030e-01 	4.173226e-02 
2.069800e-01 	4.165197e-02 
2.072560e-01 	4.157229e-02 
2.075330e-01 	4.149264e-02 
2.078100e-01 	4.141332e-02 
2.080860e-01 	4.133460e-02 
2.083630e-01 	4.125591e-02 
2.086400e-01 	4.117754e-02 
2.089160e-01 	4.109976e-02 
2.091930e-01 	4.102202e-02 
2.094700e-01 	4.094458e-02 
2.097460e-01 	4.086774e-02 
2.100230e-01 	4.079092e-02 
2.102990e-01 	4.071468e-02 
2.105760e-01 	4.063848e-02 
2.108530e-01 	4.056257e-02 
2.111290e-01 	4.048724e-02 
2.114060e-01 	4.041193e-02 
2.116830e-01 	4.033693e-02 
2.119590e-01 	4.026248e-02 
2.122360e-01 	4.018807e-02 
2.125130e-01 	4.011394e-02 
2.127890e-01 	4.004038e-02 
2.130660e-01 	3.996683e-02 
2.133420e-01 	3.989384e-02 
2.136190e-01 	3.982088e-02 
2.138960e-01 	3.974820e-02 
2.141720e-01 	3.967606e-02 
2.144490e-01 	3.960395e-02 
2.147260e-01 	3.953211e-02 
2.150020e-01 	3.946082e-02 
2.152790e-01 	3.938954e-02 
2.155560e-01 	3.931854e-02 
2.158320e-01 	3.924807e-02 
2.161090e-01 	3.917762e-02 
2.163860e-01 	3.910744e-02 
2.166620e-01 	3.903779e-02 
2.169390e-01 	3.896815e-02 
2.172150e-01 	3.889903e-02 
2.174920e-01 	3.882993e-02 
2.177690e-01 	3.876109e-02 
2.180450e-01 	3.869277e-02 
2.183220e-01 	3.862446e-02 
2.185990e-01 	3.855642e-02 
2.188750e-01 	3.848887e-02 
2.191520e-01 	3.842135e-02 
2.194290e-01 	3.835408e-02 
2.197050e-01 	3.828731e-02 
2.199820e-01 	3.822056e-02 
2.202580e-01 	3.815430e-02 
2.205350e-01 	3.808806e-02 
2.208120e-01 	3.802207e-02 
2.210880e-01 	3.795657e-02 
2.213650e-01 	3.789108e-02 
2.216420e-01 	3.782584e-02 
2.219180e-01 	3.776108e-02 
2.221950e-01 	3.769633e-02 
2.224720e-01 	3.763183e-02 
2.227480e-01 	3.756781e-02 
2.230250e-01 	3.750379e-02 
2.233010e-01 	3.744025e-02 
2.235780e-01 	3.737672e-02 
2.238550e-01 	3.731342e-02 
2.241310e-01 	3.725059e-02 
2.244080e-01 	3.718777e-02 
2.246850e-01 	3.712519e-02 
2.249610e-01 	3.706306e-02 
2.252380e-01 	3.700095e-02 
2.255150e-01 	3.693906e-02 
2.257910e-01 	3.687763e-02 
2.260680e-01 	3.681620e-02 
2.263440e-01 	3.675523e-02 
2.266210e-01 	3.669426e-02 
2.268980e-01 	3.663352e-02 
2.271740e-01 	3.657322e-02 
2.274510e-01 	3.651293e-02 
2.277280e-01 	3.645286e-02 
2.280040e-01 	3.639323e-02 
2.282810e-01 	3.633360e-02 
2.285580e-01 	3.627419e-02 
2.288340e-01 	3.621522e-02 
2.291110e-01 	3.615624e-02 
2.293870e-01 	3.609770e-02 
2.296640e-01 	3.603916e-02 
2.299410e-01 	3.598084e-02 
2.302170e-01 	3.592293e-02 
2.304940e-01 	3.586504e-02 
2.307710e-01 	3.580735e-02 
2.310470e-01 	3.575008e-02 
2.313240e-01 	3.569281e-02 
2.316010e-01 	3.563575e-02 
2.318770e-01 	3.557910e-02 
2.321540e-01 	3.552245e-02 
2.324300e-01 	3.546621e-02 
2.327070e-01 	3.540997e-02 
2.329840e-01 	3.535394e-02 
2.332600e-01 	3.529830e-02 
2.335370e-01 	3.524267e-02 
2.338140e-01 	3.518724e-02 
2.340900e-01 	3.513220e-02 
2.343670e-01 	3.507716e-02 
2.346440e-01 	3.502232e-02 
2.349200e-01 	3.496786e-02 
2.351970e-01 	3.491341e-02 
2.354730e-01 	3.485934e-02 
2.357500e-01 	3.480527e-02 
2.360270e-01 	3.475140e-02 
2.363030e-01 	3.469790e-02 
2.365800e-01 	3.464440e-02 
2.368570e-01 	3.459109e-02 
2.371330e-01 	3.453816e-02 
2.374100e-01 	3.448522e-02 
2.376870e-01 	3.443246e-02 
2.379630e-01 	3.438008e-02 
2.382400e-01 	3.432770e-02 
2.385160e-01 	3.427568e-02 
2.387930e-01 	3.422366e-02 
2.390700e-01 	3.417182e-02 
2.393460e-01 	3.412034e-02 
2.396230e-01 	3.406886e-02 
2.399000e-01 	3.401756e-02 
2.401760e-01 	3.396662e-02 
2.404530e-01 	3.391567e-02 
2.407300e-01 	3.386489e-02 
2.410060e-01 	3.381447e-02 
2.412830e-01 	3.376405e-02 
2.415590e-01 	3.371397e-02 
2.418360e-01 	3.366389e-02 
2.421130e-01 	3.361398e-02 
2.423890e-01 	3.356442e-02 
2.426660e-01 	3.351485e-02 
2.429430e-01 	3.346545e-02 
2.432190e-01 	3.341640e-02 
2.434960e-01 	3.336733e-02 
2.437730e-01 	3.331843e-02 
2.440490e-01 	3.326987e-02 
2.443260e-01 	3.322131e-02 
2.446020e-01 	3.317308e-02 
2.448790e-01 	3.312483e-02 
2.451560e-01 	3.307676e-02 
2.454320e-01 	3.302901e-02 
2.457090e-01 	3.298125e-02 
2.459860e-01 	3.293366e-02 
2.462620e-01 	3.288639e-02 
2.465390e-01 	3.283911e-02 
2.468160e-01 	3.279199e-02 
2.470920e-01 	3.274520e-02 
2.473690e-01 	3.269839e-02 
2.476450e-01 	3.265191e-02 
2.479220e-01 	3.260541e-02 
2.481990e-01 	3.255907e-02 
2.484750e-01 	3.251304e-02 
2.487520e-01 	3.246701e-02 
2.490290e-01 	3.242112e-02 
2.493050e-01 	3.237555e-02 
2.495820e-01 	3.232997e-02 
2.498590e-01 	3.228453e-02 
2.501350e-01 	3.223941e-02 
2.504120e-01 	3.219427e-02 
2.506890e-01 	3.214928e-02 
2.509650e-01 	3.210461e-02 
2.512420e-01 	3.205991e-02 
2.515180e-01 	3.201552e-02 
2.517950e-01 	3.197112e-02 
2.520720e-01 	3.192686e-02 
2.523480e-01 	3.188291e-02 
2.526250e-01 	3.183894e-02 
2.529020e-01 	3.179512e-02 
2.531780e-01 	3.175159e-02 
2.534550e-01 	3.170805e-02 
2.537320e-01 	3.166466e-02 
2.540080e-01 	3.162156e-02 
2.542850e-01 	3.157844e-02 
2.545610e-01 	3.153562e-02 
2.548380e-01 	3.149279e-02 
2.551150e-01 	3.145009e-02 
2.553910e-01 	3.140769e-02 
2.556680e-01 	3.136527e-02 
2.559450e-01 	3.132298e-02 
2.562210e-01 	3.128099e-02 
2.564980e-01 	3.123898e-02 
2.567750e-01 	3.119711e-02 
2.570510e-01 	3.115552e-02 
2.573280e-01 	3.111392e-02 
2.576040e-01 	3.107260e-02 
2.578810e-01 	3.103127e-02 
2.581580e-01 	3.099006e-02 
2.584340e-01 	3.094914e-02 
2.587110e-01 	3.090821e-02 
2.589880e-01 	3.086740e-02 
2.592640e-01 	3.082687e-02 
2.595410e-01 	3.078633e-02 
2.598180e-01 	3.074591e-02 
2.600940e-01 	3.070577e-02 
2.603710e-01 	3.066562e-02 
2.606470e-01 	3.062573e-02 
2.609240e-01 	3.058583e-02 
2.612010e-01 	3.054606e-02 
2.614770e-01 	3.050655e-02 
2.617540e-01 	3.046703e-02 
2.620310e-01 	3.042763e-02 
2.623070e-01 	3.038850e-02 
2.625840e-01 	3.034935e-02 
2.628610e-01 	3.031033e-02 
2.631370e-01 	3.027157e-02 
2.634140e-01 	3.023279e-02 
2.636900e-01 	3.019427e-02 
2.639670e-01 	3.015574e-02 
2.642440e-01 	3.011732e-02 
2.645200e-01 	3.007917e-02 
2.647970e-01 	3.004100e-02 
2.650740e-01 	3.000294e-02 
2.653500e-01 	2.996515e-02 
2.656270e-01 	2.992733e-02 
2.659040e-01 	2.988963e-02 
2.661800e-01 	2.985219e-02 
2.664570e-01 	2.981473e-02 
2.667330e-01 	2.977752e-02 
2.670100e-01 	2.974029e-02 
2.672870e-01 	2.970317e-02 
2.675630e-01 	2.966631e-02 
2.678400e-01 	2.962943e-02 
2.681170e-01 	2.959266e-02 
2.683930e-01 	2.955614e-02 
2.686700e-01 	2.951959e-02 
2.689470e-01 	2.948317e-02 
2.692230e-01 	2.944698e-02 
2.695000e-01 	2.941078e-02 
2.697760e-01 	2.937481e-02 
2.700530e-01 	2.933883e-02 
2.703300e-01 	2.930296e-02 
2.706060e-01 	2.926732e-02 
2.708830e-01 	2.923167e-02 
2.711600e-01 	2.919612e-02 
2.714360e-01 	2.916081e-02 
2.717130e-01 	2.912548e-02 
2.719900e-01 	2.909026e-02 
2.722660e-01 	2.905527e-02 
2.725430e-01 	2.902026e-02 
2.728190e-01 	2.898548e-02 
2.730960e-01 	2.895067e-02 
2.733730e-01 	2.891598e-02 
2.736490e-01 	2.888151e-02 
2.739260e-01 	2.884701e-02 
2.742030e-01 	2.881262e-02 
2.744790e-01 	2.877846e-02 
2.747560e-01 	2.874427e-02 
2.750330e-01 	2.871018e-02 
2.753090e-01 	2.867631e-02 
2.755860e-01 	2.864243e-02 
2.758620e-01 	2.860876e-02 
2.761390e-01 	2.857507e-02 
2.764160e-01 	2.854147e-02 
2.766920e-01 	2.850809e-02 
2.769690e-01 	2.847469e-02 
2.772460e-01 	2.844139e-02 
2.775220e-01 	2.840830e-02 
2.777990e-01 	2.837518e-02 
2.780760e-01 	2.834216e-02 
2.783520e-01 	2.830936e-02 
2.786290e-01 	2.827652e-02 
2.789050e-01 	2.824390e-02 
2.791820e-01 	2.821125e-02 
2.794590e-01 	2.817870e-02 
2.797350e-01 	2.814635e-02 
2.800120e-01 	2.811398e-02 
2.802890e-01 	2.808170e-02 
2.805650e-01 	2.804962e-02 
2.808420e-01 	2.801751e-02 
2.811190e-01 	2.798550e-02 
2.813950e-01 	2.795369e-02 
2.816720e-01 	2.792184e-02 
2.819480e-01 	2.789021e-02 
2.822250e-01 	2.785854e-02 
2.825020e-01 	2.782696e-02 
2.827780e-01 	2.779558e-02 
2.830550e-01 	2.776416e-02 
2.833320e-01 	2.773284e-02 
2.836080e-01 	2.770171e-02 
2.838850e-01 	2.767055e-02 
2.841620e-01 	2.763947e-02 
2.844380e-01 	2.760859e-02 
2.847150e-01 	2.757768e-02 
2.849910e-01 	2.754696e-02 
2.852680e-01 	2.751620e-02 
2.855450e-01 	2.748553e-02 
2.858210e-01 	2.745505e-02 
2.860980e-01 	2.742454e-02 
2.863750e-01 	2.739411e-02 
2.866510e-01 	2.736386e-02 
2.869280e-01 	2.733359e-02 
2.872050e-01 	2.730339e-02 
2.874810e-01 	2.727337e-02 
2.877580e-01 	2.724333e-02 
2.880350e-01 	2.721336e-02 
2.883110e-01 	2.718357e-02 
2.885880e-01 	2.715375e-02 
2.888640e-01 	2.712412e-02 
2.891410e-01 	2.709444e-02 
2.894180e-01 	2.706485e-02 
2.896940e-01 	2.703543e-02 
2.899710e-01 	2.700598e-02 
2.902480e-01 	2.697660e-02 
2.905240e-01 	2.694740e-02 
2.908010e-01 	2.691817e-02 
2.910780e-01 	2.688900e-02 
2.913540e-01 	2.686002e-02 
2.916310e-01 	2.683099e-02 
2.919070e-01 	2.680215e-02 
2.921840e-01 	2.677326e-02 
2.924610e-01 	2.674445e-02 
2.927370e-01 	2.671581e-02 
2.930140e-01 	2.668713e-02 
2.932910e-01 	2.665852e-02 
2.935670e-01 	2.663009e-02 
2.938440e-01 	2.660161e-02 
2.941210e-01 	2.657320e-02 
2.943970e-01 	2.654496e-02 
2.946740e-01 	2.651669e-02 
2.949500e-01 	2.648858e-02 
2.952270e-01 	2.646043e-02 
2.955040e-01 	2.643235e-02 
2.957800e-01 	2.640444e-02 
2.960570e-01 	2.637648e-02 
2.963340e-01 	2.634860e-02 
2.966100e-01 	2.632087e-02 
2.968870e-01 	2.629311e-02 
2.971640e-01 	2.626541e-02 
2.974400e-01 	2.623787e-02 
2.977170e-01 	2.621029e-02 
2.979930e-01 	2.618288e-02 
2.982700e-01 	2.615543e-02 
2.985470e-01 	2.612803e-02 
2.988230e-01 	2.610080e-02 
2.991000e-01 	2.607353e-02 
2.993770e-01 	2.604632e-02 
2.996530e-01 	2.601927e-02 
2.999300e-01 	2.599218e-02 
3.002070e-01 	2.596514e-02 
3.004830e-01 	2.593827e-02 
3.007600e-01 	2.591135e-02 
3.010360e-01 	2.588459e-02 
3.013130e-01 	2.585779e-02 
3.015900e-01 	2.583105e-02 
3.018660e-01 	2.580447e-02 
3.021430e-01 	2.577784e-02 
3.024200e-01 	2.575127e-02 
3.026960e-01 	2.572486e-02 
3.029730e-01 	2.569840e-02 
3.032500e-01 	2.567200e-02 
3.035260e-01 	2.564576e-02 
3.038030e-01 	2.561947e-02 
3.040790e-01 	2.559333e-02 
3.043560e-01 	2.556716e-02 
3.046330e-01 	2.554104e-02 
3.049090e-01 	2.551507e-02 
3.051860e-01 	2.548905e-02 
3.054630e-01 	2.546310e-02 
3.057390e-01 	2.543729e-02 
3.060160e-01 	2.541144e-02 
3.062930e-01 	2.538565e-02 
3.065690e-01 	2.536000e-02 
3.068460e-01 	2.533431e-02 
3.071220e-01 	2.530877e-02 
3.073990e-01 	2.528318e-02 
3.076760e-01 	2.525765e-02 
3.079520e-01 	2.523227e-02 
3.082290e-01 	2.520684e-02 
3.085060e-01 	2.518147e-02 
3.087820e-01 	2.515624e-02 
3.090590e-01 	2.513097e-02 
3.093360e-01 	2.510575e-02 
3.096120e-01 	2.508067e-02 
3.098890e-01 	2.505556e-02 
3.101650e-01 	2.503058e-02 
3.104420e-01 	2.500556e-02 
3.107190e-01 	2.498060e-02 
3.109950e-01 	2.495577e-02 
3.112720e-01 	2.493091e-02 
3.115490e-01 	2.490609e-02 
3.118250e-01 	2.488142e-02 
3.121020e-01 	2.485670e-02 
3.123790e-01 	2.483203e-02 
3.126550e-01 	2.480750e-02 
3.129320e-01 	2.478294e-02 
3.132080e-01 	2.475851e-02 
3.134850e-01 	2.473404e-02 
3.137620e-01 	2.470961e-02 
3.140380e-01 	2.468533e-02 
3.143150e-01 	2.466100e-02 
3.145920e-01 	2.463673e-02 
3.148680e-01 	2.461259e-02 
3.151450e-01 	2.458841e-02 
3.154220e-01 	2.456428e-02 
3.156980e-01 	2.454028e-02 
3.159750e-01 	2.451624e-02 
3.162510e-01 	2.449234e-02 
3.165280e-01 	2.446840e-02 
3.168050e-01 	2.444451e-02 
3.170810e-01 	2.442075e-02 
3.173580e-01 	2.439695e-02 
3.176350e-01 	2.437319e-02 
3.179110e-01 	2.434957e-02 
3.181880e-01 	2.432591e-02 
3.184650e-01 	2.430230e-02 
3.187410e-01 	2.427882e-02 
3.190180e-01 	2.425530e-02 
3.192940e-01 	2.423191e-02 
3.195710e-01 	2.420848e-02 
3.198480e-01 	2.418510e-02 
3.201240e-01 	2.416185e-02 
3.204010e-01 	2.413856e-02 
3.206780e-01 	2.411531e-02 
3.209540e-01 	2.409219e-02 
3.212310e-01 	2.406904e-02 
3.215080e-01 	2.404593e-02 
3.217840e-01 	2.402294e-02 
3.220610e-01 	2.399992e-02 
3.223370e-01 	2.397703e-02 
3.226140e-01 	2.395409e-02 
3.228910e-01 	2.393121e-02 
3.231670e-01 	2.390845e-02 
3.234440e-01 	2.388565e-02 
3.237210e-01 	2.386289e-02 
3.239970e-01 	2.384026e-02 
3.242740e-01 	2.381759e-02 
3.245510e-01 	2.379497e-02 
3.248270e-01 	2.377247e-02 
3.251040e-01 	2.374993e-02 
3.253810e-01 	2.372744e-02 
3.256570e-01 	2.370507e-02 
3.259340e-01 	2.368266e-02 
3.262100e-01 	2.366038e-02 
3.264870e-01 	2.363805e-02 
3.267640e-01 	2.361578e-02 
3.270400e-01 	2.359362e-02 
3.273170e-01 	2.357143e-02 
3.275940e-01 	2.354928e-02 
3.278700e-01 	2.352725e-02 
3.281470e-01 	2.350519e-02 
3.284240e-01 	2.348317e-02 
3.287000e-01 	2.346127e-02 
3.289770e-01 	2.343933e-02 
3.292530e-01 	2.341752e-02 
3.295300e-01 	2.339566e-02 
3.298070e-01 	2.337385e-02 
3.300830e-01 	2.335216e-02 
3.303600e-01 	2.333043e-02 
3.306370e-01 	2.330874e-02 
3.309130e-01 	2.328718e-02 
3.311900e-01 	2.326557e-02 
3.314670e-01 	2.324401e-02 
3.317430e-01 	2.322256e-02 
3.320200e-01 	2.320108e-02 
3.322960e-01 	2.317972e-02 
3.325730e-01 	2.315832e-02 
3.328500e-01 	2.313696e-02 
3.331260e-01 	2.311571e-02 
3.334030e-01 	2.309443e-02 
3.336800e-01 	2.307319e-02 
3.339560e-01 	2.305207e-02 
3.342330e-01 	2.303091e-02 
3.345100e-01 	2.300978e-02 
3.347860e-01 	2.298878e-02 
3.350630e-01 	2.296773e-02 
3.353390e-01 	2.294680e-02 
3.356160e-01 	2.292584e-02 
3.358930e-01 	2.290491e-02 
3.361690e-01 	2.288410e-02 
3.364460e-01 	2.286325e-02 
3.367230e-01 	2.284244e-02 
3.369990e-01 	2.282174e-02 
3.372760e-01 	2.280100e-02 
3.375530e-01 	2.278030e-02 
3.378290e-01 	2.275972e-02 
3.381060e-01 	2.273909e-02 
3.383820e-01 	2.271858e-02 
3.386590e-01 	2.269804e-02 
3.389360e-01 	2.267753e-02 
3.392120e-01 	2.265713e-02 
3.394890e-01 	2.263669e-02 
3.397660e-01 	2.261629e-02 
3.400420e-01 	2.259600e-02 
3.403190e-01 	2.257567e-02 
3.405960e-01 	2.255538e-02 
3.408720e-01 	2.253520e-02 
3.411490e-01 	2.251498e-02 
3.414250e-01 	2.249487e-02 
3.417020e-01 	2.247472e-02 
3.419790e-01 	2.245461e-02 
3.422550e-01 	2.243460e-02 
3.425320e-01 	2.241456e-02 
3.428090e-01 	2.239455e-02 
3.430850e-01 	2.237465e-02 
3.433620e-01 	2.235471e-02 
3.436390e-01 	2.233481e-02 
3.439150e-01 	2.231501e-02 
3.441920e-01 	2.229517e-02 
3.444680e-01 	2.227544e-02 
3.447450e-01 	2.225567e-02 
3.450220e-01 	2.223594e-02 
3.452980e-01 	2.221630e-02 
3.455750e-01 	2.219663e-02 
3.458520e-01 	2.217700e-02 
3.461280e-01 	2.215746e-02 
3.464050e-01 	2.213789e-02 
3.466820e-01 	2.211835e-02 
3.469580e-01 	2.209891e-02 
3.472350e-01 	2.207943e-02 
3.475110e-01 	2.206006e-02 
3.477880e-01 	2.204065e-02 
3.480650e-01 	2.202126e-02 
3.483410e-01 	2.200198e-02 
3.486180e-01 	2.198266e-02 
3.488950e-01 	2.196337e-02 
3.491710e-01 	2.194418e-02 
3.494480e-01 	2.192495e-02 
3.497250e-01 	2.190575e-02 
3.500010e-01 	2.188665e-02 
3.502780e-01 	2.186752e-02 
3.505540e-01 	2.184848e-02 
3.508310e-01 	2.182940e-02 
3.511080e-01 	2.181035e-02 
3.513840e-01 	2.179139e-02 
3.516610e-01 	2.177240e-02 
3.519380e-01 	2.175344e-02 
3.522140e-01 	2.173457e-02 
3.524910e-01 	2.171567e-02 
3.527680e-01 	2.169679e-02 
3.530440e-01 	2.167800e-02 
3.533210e-01 	2.165918e-02 
3.535970e-01 	2.164045e-02 
3.538740e-01 	2.162169e-02 
3.541510e-01 	2.160295e-02 
3.544270e-01 	2.158430e-02 
3.547040e-01 	2.156561e-02 
3.549810e-01 	2.154695e-02 
3.552570e-01 	2.152838e-02 
3.555340e-01 	2.150978e-02 
3.558110e-01 	2.149119e-02 
3.560870e-01 	2.147270e-02 
3.563640e-01 	2.145417e-02 
3.566400e-01 	2.143573e-02 
3.569170e-01 	2.141725e-02 
3.571940e-01 	2.139880e-02 
3.574700e-01 	2.138043e-02 
3.577470e-01 	2.136203e-02 
3.580240e-01 	2.134364e-02 
3.583000e-01 	2.132535e-02 
3.585770e-01 	2.130702e-02 
3.588540e-01 	2.128871e-02 
3.591300e-01 	2.127049e-02 
3.594070e-01 	2.125223e-02 
3.596830e-01 	2.123405e-02 
3.599600e-01 	2.121583e-02 
3.602370e-01 	2.119764e-02 
3.605130e-01 	2.117954e-02 
3.607900e-01 	2.116139e-02 
3.610670e-01 	2.114326e-02 
3.613430e-01 	2.112522e-02 
3.616200e-01 	2.110714e-02 
3.618970e-01 	2.108908e-02 
3.621730e-01 	2.107111e-02 
3.624500e-01 	2.105310e-02 
3.627270e-01 	2.103510e-02 
3.630030e-01 	2.101720e-02 
3.632800e-01 	2.099925e-02 
3.635560e-01 	2.098138e-02 
3.638330e-01 	2.096348e-02 
3.641100e-01 	2.094559e-02 
3.643860e-01 	2.092779e-02 
3.646630e-01 	2.090995e-02 
3.649400e-01 	2.089212e-02 
3.652160e-01 	2.087438e-02 
3.654930e-01 	2.085660e-02 
3.657700e-01 	2.083884e-02 
3.660460e-01 	2.082116e-02 
3.663230e-01 	2.080344e-02 
3.665990e-01 	2.078580e-02 
3.668760e-01 	2.076812e-02 
3.671530e-01 	2.075045e-02 
3.674290e-01 	2.073287e-02 
3.677060e-01 	2.071525e-02 
3.679830e-01 	2.069764e-02 
3.682590e-01 	2.068012e-02 
3.685360e-01 	2.066255e-02 
3.688130e-01 	2.064501e-02 
3.690890e-01 	2.062754e-02 
3.693660e-01 	2.061003e-02 
3.696420e-01 	2.059260e-02 
3.699190e-01 	2.057512e-02 
3.701960e-01 	2.055767e-02 
3.704720e-01 	2.054029e-02 
3.707490e-01 	2.052287e-02 
3.710260e-01 	2.050547e-02 
3.713020e-01 	2.048815e-02 
3.715790e-01 	2.047078e-02 
3.718560e-01 	2.045343e-02 
3.721320e-01 	2.043616e-02 
3.724090e-01 	2.041884e-02 
3.726850e-01 	2.040161e-02 
3.729620e-01 	2.038433e-02 
3.732390e-01 	2.036707e-02 
3.735150e-01 	2.034988e-02 
3.737920e-01 	2.033265e-02 
3.740690e-01 	2.031544e-02 
3.743450e-01 	2.029831e-02 
3.746220e-01 	2.028113e-02 
3.748990e-01 	2.026397e-02 
3.751750e-01 	2.024688e-02 
3.754520e-01 	2.022975e-02 
3.757280e-01 	2.021270e-02 
3.760050e-01 	2.019561e-02 
3.762820e-01 	2.017853e-02 
3.765580e-01 	2.016152e-02 
3.768350e-01 	2.014448e-02 
3.771120e-01 	2.012745e-02 
3.773880e-01 	2.011049e-02 
3.776650e-01 	2.009349e-02 
3.779420e-01 	2.007651e-02 
3.782180e-01 	2.005960e-02 
3.784950e-01 	2.004265e-02 
3.787710e-01 	2.002578e-02 
3.790480e-01 	2.000886e-02 
3.793250e-01 	1.999195e-02 
3.796010e-01 	1.997513e-02 
3.798780e-01 	1.995826e-02 
3.801550e-01 	1.994140e-02 
3.804310e-01 	1.992462e-02 
3.807080e-01 	1.990779e-02 
3.809850e-01 	1.989098e-02 
3.812610e-01 	1.987425e-02 
3.815380e-01 	1.985747e-02 
3.818140e-01 	1.984076e-02 
3.820910e-01 	1.982401e-02 
3.823680e-01 	1.980728e-02 
3.826440e-01 	1.979062e-02 
3.829210e-01 	1.977392e-02 
3.831980e-01 	1.975723e-02 
3.834740e-01 	1.974061e-02 
3.837510e-01 	1.972396e-02 
3.840280e-01 	1.970731e-02 
3.843040e-01 	1.969074e-02 
3.845810e-01 	1.967413e-02 
3.848570e-01 	1.965759e-02 
3.851340e-01 	1.964101e-02 
3.854110e-01 	1.962444e-02 
3.856870e-01 	1.960794e-02 
3.859640e-01 	1.959140e-02 
3.862410e-01 	1.957488e-02 
3.865170e-01 	1.955842e-02 
3.867940e-01 	1.954193e-02 
3.870710e-01 	1.952545e-02 
3.873470e-01 	1.950904e-02 
3.876240e-01 	1.949259e-02 
3.879000e-01 	1.947621e-02 
3.881770e-01 	1.945979e-02 
3.884540e-01 	1.944338e-02 
3.887300e-01 	1.942704e-02 
3.890070e-01 	1.941067e-02 
3.892840e-01 	1.939430e-02 
3.895600e-01 	1.937801e-02 
3.898370e-01 	1.936168e-02 
3.901140e-01 	1.934536e-02 
3.903900e-01 	1.932911e-02 
3.906670e-01 	1.931282e-02 
3.909430e-01 	1.929660e-02 
3.912200e-01 	1.928034e-02 
3.914970e-01 	1.926409e-02 
3.917730e-01 	1.924792e-02 
3.920500e-01 	1.923170e-02 
3.923270e-01 	1.921550e-02 
3.926030e-01 	1.919937e-02 
3.928800e-01 	1.918319e-02 
3.931570e-01 	1.916703e-02 
3.934330e-01 	1.915095e-02 
3.937100e-01 	1.913482e-02 
3.939860e-01 	1.911876e-02 
3.942630e-01 	1.910266e-02 
3.945400e-01 	1.908657e-02 
3.948160e-01 	1.907056e-02 
3.950930e-01 	1.905450e-02 
3.953700e-01 	1.903845e-02 
3.956460e-01 	1.902248e-02 
3.959230e-01 	1.900647e-02 
3.962000e-01 	1.899047e-02 
3.964760e-01 	1.897454e-02 
3.967530e-01 	1.895856e-02 
3.970290e-01 	1.894266e-02 
3.973060e-01 	1.892672e-02 
3.975830e-01 	1.891079e-02 
3.978590e-01 	1.889494e-02 
3.981360e-01 	1.887904e-02 
3.984130e-01 	1.886315e-02 
3.986890e-01 	1.884734e-02 
3.989660e-01 	1.883148e-02 
3.992430e-01 	1.881564e-02 
3.995190e-01 	1.879987e-02 
3.997960e-01 	1.878406e-02 
4.000730e-01 	1.876827e-02 
4.003490e-01 	1.875254e-02 
4.006260e-01 	1.873677e-02 
4.009020e-01 	1.872108e-02 
4.011790e-01 	1.870534e-02 
4.014560e-01 	1.868962e-02 
4.017320e-01 	1.867397e-02 
4.020090e-01 	1.865827e-02 
4.022860e-01 	1.864259e-02 
4.025620e-01 	1.862699e-02 
4.028390e-01 	1.861134e-02 
4.031160e-01 	1.859570e-02 
4.033920e-01 	1.858014e-02 
4.036690e-01 	1.856453e-02 
4.039450e-01 	1.854900e-02 
4.042220e-01 	1.853343e-02 
4.044990e-01 	1.851787e-02 
4.047750e-01 	1.850238e-02 
4.050520e-01 	1.848685e-02 
4.053290e-01 	1.847133e-02 
4.056050e-01 	1.845589e-02 
4.058820e-01 	1.844040e-02 
4.061590e-01 	1.842493e-02 
4.064350e-01 	1.840953e-02 
4.067120e-01 	1.839409e-02 
4.069880e-01 	1.837872e-02 
4.072650e-01 	1.836331e-02 
4.075420e-01 	1.834792e-02 
4.078180e-01 	1.833259e-02 
4.080950e-01 	1.831723e-02 
4.083720e-01 	1.830188e-02 
4.086480e-01 	1.828660e-02 
4.089250e-01 	1.827127e-02 
4.092020e-01 	1.825597e-02 
4.094780e-01 	1.824073e-02 
4.097550e-01 	1.822546e-02 
4.100310e-01 	1.821026e-02 
4.103080e-01 	1.819501e-02 
4.105850e-01 	1.817978e-02 
4.108610e-01 	1.816462e-02 
4.111380e-01 	1.814942e-02 
4.114150e-01 	1.813424e-02 
4.116910e-01 	1.811912e-02 
4.119680e-01 	1.810397e-02 
4.122450e-01 	1.808883e-02 
4.125210e-01 	1.807376e-02 
4.127980e-01 	1.805865e-02 
4.130740e-01 	1.804361e-02 
4.133510e-01 	1.802854e-02 
4.136280e-01 	1.801347e-02 
4.139040e-01 	1.799848e-02 
4.141810e-01 	1.798345e-02 
4.144580e-01 	1.796843e-02 
4.147340e-01 	1.795348e-02 
4.150110e-01 	1.793850e-02 
4.152880e-01 	1.792352e-02 
4.155640e-01 	1.790862e-02 
4.158410e-01 	1.789368e-02 
4.161170e-01 	1.787881e-02 
4.163940e-01 	1.786390e-02 
4.166710e-01 	1.784900e-02 
4.169470e-01 	1.783417e-02 
4.172240e-01 	1.781931e-02 
4.175010e-01 	1.780446e-02 
4.177770e-01 	1.778968e-02 
4.180540e-01 	1.777486e-02 
4.183310e-01 	1.776005e-02 
4.186070e-01 	1.774532e-02 
4.188840e-01 	1.773054e-02 
4.191600e-01 	1.771584e-02 
4.194370e-01 	1.770109e-02 
4.197140e-01 	1.768636e-02 
4.199900e-01 	1.767170e-02 
4.202670e-01 	1.765700e-02 
4.205440e-01 	1.764232e-02 
4.208200e-01 	1.762770e-02 
4.210970e-01 	1.761304e-02 
4.213740e-01 	1.759841e-02 
4.216500e-01 	1.758383e-02 
4.219270e-01 	1.756922e-02 
4.222030e-01 	1.755468e-02 
4.224800e-01 	1.754010e-02 
4.227570e-01 	1.752554e-02 
4.230330e-01 	1.751104e-02 
4.233100e-01 	1.749650e-02 
4.235870e-01 	1.748198e-02 
4.238630e-01 	1.746753e-02 
4.241400e-01 	1.745303e-02 
4.244170e-01 	1.743856e-02 
4.246930e-01 	1.742415e-02 
4.249700e-01 	1.740970e-02 
4.252460e-01 	1.739532e-02 
4.255230e-01 	1.738090e-02 
4.258000e-01 	1.736650e-02 
4.260760e-01 	1.735216e-02 
4.263530e-01 	1.733778e-02 
4.266300e-01 	1.732342e-02 
4.269060e-01 	1.730913e-02 
4.271830e-01 	1.729480e-02 
4.274600e-01 	1.728048e-02 
4.277360e-01 	1.726623e-02 
4.280130e-01 	1.725194e-02 
4.282890e-01 	1.723772e-02 
4.285660e-01 	1.722346e-02 
4.288430e-01 	1.720921e-02 
4.291190e-01 	1.719503e-02 
4.293960e-01 	1.718081e-02 
4.296730e-01 	1.716661e-02 
4.299490e-01 	1.715247e-02 
4.302260e-01 	1.713830e-02 
4.305030e-01 	1.712413e-02 
4.307790e-01 	1.711004e-02 
4.310560e-01 	1.709590e-02 
4.313320e-01 	1.708183e-02 
4.316090e-01 	1.706772e-02 
4.318860e-01 	1.705363e-02 
4.321620e-01 	1.703960e-02 
4.324390e-01 	1.702553e-02 
4.327160e-01 	1.701148e-02 
4.329920e-01 	1.699749e-02 
4.332690e-01 	1.698346e-02 
4.335460e-01 	1.696945e-02 
4.338220e-01 	1.695550e-02 
4.340990e-01 	1.694151e-02 
4.343750e-01 	1.692759e-02 
4.346520e-01 	1.691363e-02 
4.349290e-01 	1.689968e-02 
4.352050e-01 	1.688580e-02 
4.354820e-01 	1.687188e-02 
4.357590e-01 	1.685797e-02 
4.360350e-01 	1.684412e-02 
4.363120e-01 	1.683024e-02 
4.365890e-01 	1.681637e-02 
4.368650e-01 	1.680256e-02 
4.371420e-01 	1.678872e-02 
4.374190e-01 	1.677488e-02 
4.376950e-01 	1.676112e-02 
4.379720e-01 	1.674731e-02 
4.382480e-01 	1.673356e-02 
4.385250e-01 	1.671978e-02 
4.388020e-01 	1.670601e-02 
4.390780e-01 	1.669230e-02 
4.393550e-01 	1.667856e-02 
4.396320e-01 	1.666483e-02 
4.399080e-01 	1.665115e-02 
4.401850e-01 	1.663745e-02 
4.404620e-01 	1.662375e-02 
4.407380e-01 	1.661011e-02 
4.410150e-01 	1.659644e-02 
4.412910e-01 	1.658283e-02 
4.415680e-01 	1.656918e-02 
4.418450e-01 	1.655555e-02 
4.421210e-01 	1.654197e-02 
4.423980e-01 	1.652836e-02 
4.426750e-01 	1.651476e-02 
4.429510e-01 	1.650122e-02 
4.432280e-01 	1.648764e-02 
4.435050e-01 	1.647407e-02 
4.437810e-01 	1.646057e-02 
4.440580e-01 	1.644702e-02 
4.443340e-01 	1.643354e-02 
4.446110e-01 	1.642002e-02 
4.448880e-01 	1.640651e-02 
4.451640e-01 	1.639306e-02 
4.454410e-01 	1.637957e-02 
4.457180e-01 	1.636610e-02 
4.459940e-01 	1.635268e-02 
4.462710e-01 	1.633923e-02 
4.465480e-01 	1.632578e-02 
4.468240e-01 	1.631240e-02 
4.471010e-01 	1.629898e-02 
4.473770e-01 	1.628562e-02 
4.476540e-01 	1.627222e-02 
4.479310e-01 	1.625883e-02 
4.482070e-01 	1.624550e-02 
4.484840e-01 	1.623213e-02 
4.487610e-01 	1.621878e-02 
4.490370e-01 	1.620548e-02 
4.493140e-01 	1.619214e-02 
4.495910e-01 	1.617882e-02 
4.498670e-01 	1.616555e-02 
4.501440e-01 	1.615225e-02 
4.504200e-01 	1.613900e-02 
4.506970e-01 	1.612572e-02 
4.509740e-01 	1.611244e-02 
4.512500e-01 	1.609923e-02 
4.515270e-01 	1.608597e-02 
4.518040e-01 	1.607273e-02 
4.520800e-01 	1.605955e-02 
4.523570e-01 	1.604632e-02 
4.526340e-01 	1.603311e-02 
4.529100e-01 	1.601996e-02 
4.531870e-01 	1.600676e-02 
4.534630e-01 	1.599363e-02 
4.537400e-01 	1.598046e-02 
4.540170e-01 	1.596729e-02 
4.542930e-01 	1.595419e-02 
4.545700e-01 	1.594105e-02 
4.548470e-01 	1.592791e-02 
4.551230e-01 	1.591484e-02 
4.554000e-01 	1.590172e-02 
4.556770e-01 	1.588862e-02 
4.559530e-01 	1.587557e-02 
4.562300e-01 	1.586249e-02 
4.565060e-01 	1.584946e-02 
4.567830e-01 	1.583639e-02 
4.570600e-01 	1.582334e-02 
4.573360e-01 	1.581034e-02 
4.576130e-01 	1.579730e-02 
4.578900e-01 	1.578427e-02 
4.581660e-01 	1.577130e-02 
4.584430e-01 	1.575830e-02 
4.587200e-01 	1.574530e-02 
4.589960e-01 	1.573235e-02 
4.592730e-01 	1.571938e-02 
4.595490e-01 	1.570645e-02 
4.598260e-01 	1.569349e-02 
4.601030e-01 	1.568054e-02 
4.603790e-01 	1.566764e-02 
4.606560e-01 	1.565471e-02 
4.609330e-01 	1.564179e-02 
4.612090e-01 	1.562892e-02 
4.614860e-01 	1.561601e-02 
4.617630e-01 	1.560312e-02 
4.620390e-01 	1.559028e-02 
4.623160e-01 	1.557740e-02 
4.625920e-01 	1.556458e-02 
4.628690e-01 	1.555172e-02 
4.631460e-01 	1.553887e-02 
4.634220e-01 	1.552607e-02 
4.636990e-01 	1.551324e-02 
4.639760e-01 	1.550042e-02 
4.642520e-01 	1.548765e-02 
4.645290e-01 	1.547485e-02 
4.648060e-01 	1.546205e-02 
4.650820e-01 	1.544931e-02 
4.653590e-01 	1.543653e-02 
4.656350e-01 	1.542381e-02 
4.659120e-01 	1.541104e-02 
4.661890e-01 	1.539829e-02 
4.664650e-01 	1.538560e-02 
4.667420e-01 	1.537286e-02 
4.670190e-01 	1.536013e-02 
4.672950e-01 	1.534746e-02 
4.675720e-01 	1.533476e-02 
4.678490e-01 	1.532206e-02 
4.681250e-01 	1.530941e-02 
4.684020e-01 	1.529673e-02 
4.686780e-01 	1.528410e-02 
4.689550e-01 	1.527144e-02 
4.692320e-01 	1.525878e-02 
4.695080e-01 	1.524618e-02 
4.697850e-01 	1.523354e-02 
4.700620e-01 	1.522091e-02 
4.703380e-01 	1.520833e-02 
4.706150e-01 	1.519572e-02 
4.708920e-01 	1.518312e-02 
4.711680e-01 	1.517057e-02 
4.714450e-01 	1.515798e-02 
4.717210e-01 	1.514545e-02 
4.719980e-01 	1.513288e-02 
4.722750e-01 	1.512032e-02 
4.725510e-01 	1.510782e-02 
4.728280e-01 	1.509528e-02 
4.731050e-01 	1.508275e-02 
4.733810e-01 	1.507027e-02 
4.736580e-01 	1.505775e-02 
4.739350e-01 	1.504525e-02 
4.742110e-01 	1.503280e-02 
4.744880e-01 	1.502031e-02 
4.747650e-01 	1.500783e-02 
4.750410e-01 	1.499541e-02 
4.753180e-01 	1.498295e-02 
4.755940e-01 	1.497054e-02 
4.758710e-01 	1.495810e-02 
4.761480e-01 	1.494567e-02 
4.764240e-01 	1.493329e-02 
4.767010e-01 	1.492088e-02 
4.769780e-01 	1.490848e-02 
4.772540e-01 	1.489613e-02 
4.775310e-01 	1.488374e-02 
4.778080e-01 	1.487137e-02 
4.780840e-01 	1.485905e-02 
4.783610e-01 	1.484669e-02 
4.786370e-01 	1.483439e-02 
4.789140e-01 	1.482206e-02 
4.791910e-01 	1.480974e-02 
4.794670e-01 	1.479747e-02 
4.797440e-01 	1.478516e-02 
4.800210e-01 	1.477287e-02 
4.802970e-01 	1.476063e-02 
4.805740e-01 	1.474836e-02 
4.808510e-01 	1.473610e-02 
4.811270e-01 	1.472389e-02 
4.814040e-01 	1.471165e-02 
4.816800e-01 	1.469947e-02 
4.819570e-01 	1.468725e-02 
4.822340e-01 	1.467504e-02 
4.825100e-01 	1.466289e-02 
4.827870e-01 	1.465071e-02 
4.830640e-01 	1.463854e-02 
4.833400e-01 	1.462643e-02 
4.836170e-01 	1.461428e-02 
4.838940e-01 	1.460214e-02 
4.841700e-01 	1.459006e-02 
4.844470e-01 	1.457795e-02 
4.847230e-01 	1.456590e-02 
4.850000e-01 	1.455381e-02 
4.852770e-01 	1.454174e-02 
4.855530e-01 	1.452972e-02 
4.858300e-01 	1.451767e-02 
4.861070e-01 	1.450564e-02 
4.863830e-01 	1.449366e-02 
4.866600e-01 	1.448165e-02 
4.869370e-01 	1.446965e-02 
4.872130e-01 	1.445771e-02 
4.874900e-01 	1.444574e-02 
4.877660e-01 	1.443383e-02 
4.880430e-01 	1.442188e-02 
4.883200e-01 	1.440995e-02 
4.885960e-01 	1.439807e-02 
4.888730e-01 	1.438617e-02 
4.891500e-01 	1.437427e-02 
4.894260e-01 	1.436243e-02 
4.897030e-01 	1.435056e-02 
4.899800e-01 	1.433870e-02 
4.902560e-01 	1.432690e-02 
4.905330e-01 	1.431506e-02 
4.908090e-01 	1.430328e-02 
4.910860e-01 	1.429146e-02 
4.913630e-01 	1.427966e-02 
4.916390e-01 	1.426791e-02 
4.919160e-01 	1.425612e-02 
4.921930e-01 	1.424435e-02 
4.924690e-01 	1.423262e-02 
4.927460e-01 	1.422086e-02 
4.930230e-01 	1.420911e-02 
4.932990e-01 	1.419741e-02 
4.935760e-01 	1.418568e-02 
4.938520e-01 	1.417399e-02 
4.941290e-01 	1.416227e-02 
4.944060e-01 	1.415055e-02 
4.946820e-01 	1.413889e-02 
4.949590e-01 	1.412718e-02 
4.952360e-01 	1.411549e-02 
4.955120e-01 	1.410383e-02 
4.957890e-01 	1.409215e-02 
4.960660e-01 	1.408046e-02 
4.963420e-01 	1.406882e-02 
4.966190e-01 	1.405715e-02 
4.968950e-01 	1.404552e-02 
4.971720e-01 	1.403385e-02 
4.974490e-01 	1.402218e-02 
4.977250e-01 	1.401055e-02 
4.980020e-01 	1.399889e-02 
4.982790e-01 	1.398723e-02 
4.985550e-01 	1.397561e-02 
4.988320e-01 	1.396395e-02 
4.991090e-01 	1.395229e-02 
4.993850e-01 	1.394067e-02 
4.996620e-01 	1.392901e-02 
4.999380e-01 	1.391739e-02 
