#q 	 Ifit_avg 
2.600000e-03 	1.000000e+00 
2.732000e-03 	9.997210e-01 
2.863000e-03 	9.994420e-01 
2.995000e-03 	9.991629e-01 
3.126000e-03 	9.988838e-01 
3.258000e-03 	9.986045e-01 
3.389000e-03 	9.983252e-01 
3.521000e-03 	9.980456e-01 
3.652000e-03 	9.977660e-01 
3.784000e-03 	9.974861e-01 
3.915000e-03 	9.972060e-01 
4.047000e-03 	9.969256e-01 
4.178000e-03 	9.966449e-01 
4.310000e-03 	9.963640e-01 
4.442000e-03 	9.960827e-01 
4.573000e-03 	9.958010e-01 
4.705000e-03 	9.955190e-01 
4.836000e-03 	9.952365e-01 
4.968000e-03 	9.949536e-01 
5.099000e-03 	9.946703e-01 
5.231000e-03 	9.943864e-01 
5.362000e-03 	9.941020e-01 
5.494000e-03 	9.938171e-01 
5.625000e-03 	9.935317e-01 
5.757000e-03 	9.932456e-01 
5.889000e-03 	9.929589e-01 
6.020000e-03 	9.926715e-01 
6.152000e-03 	9.923835e-01 
6.283000e-03 	9.920948e-01 
6.415000e-03 	9.918053e-01 
6.546000e-03 	9.915151e-01 
6.678000e-03 	9.912241e-01 
6.809000e-03 	9.909323e-01 
6.941000e-03 	9.906397e-01 
7.072000e-03 	9.903462e-01 
7.204000e-03 	9.900518e-01 
7.335000e-03 	9.897565e-01 
7.467000e-03 	9.894603e-01 
7.599000e-03 	9.891631e-01 
7.730000e-03 	9.888650e-01 
7.862000e-03 	9.885658e-01 
7.993000e-03 	9.882655e-01 
8.125000e-03 	9.879642e-01 
8.256000e-03 	9.876618e-01 
8.388000e-03 	9.873583e-01 
8.519000e-03 	9.870536e-01 
8.651000e-03 	9.867478e-01 
8.782000e-03 	9.864407e-01 
8.914000e-03 	9.861324e-01 
9.045000e-03 	9.858229e-01 
9.177000e-03 	9.855121e-01 
9.309000e-03 	9.852000e-01 
9.440000e-03 	9.848865e-01 
9.572000e-03 	9.845717e-01 
9.703000e-03 	9.842555e-01 
9.835000e-03 	9.839379e-01 
9.966000e-03 	9.836189e-01 
1.009800e-02 	9.832983e-01 
1.022900e-02 	9.829764e-01 
1.036100e-02 	9.826528e-01 
1.049200e-02 	9.823278e-01 
1.062400e-02 	9.820013e-01 
1.075600e-02 	9.816729e-01 
1.088700e-02 	9.813432e-01 
1.101900e-02 	9.810115e-01 
1.115000e-02 	9.806785e-01 
1.128200e-02 	9.803437e-01 
1.141300e-02 	9.800070e-01 
1.154500e-02 	9.796687e-01 
1.167600e-02 	9.793284e-01 
1.180800e-02 	9.789866e-01 
1.193900e-02 	9.786430e-01 
1.207100e-02 	9.782972e-01 
1.220200e-02 	9.779498e-01 
1.233400e-02 	9.776002e-01 
1.246600e-02 	9.772490e-01 
1.259700e-02 	9.768958e-01 
1.272900e-02 	9.765403e-01 
1.286000e-02 	9.761831e-01 
1.299200e-02 	9.758236e-01 
1.312300e-02 	9.754623e-01 
1.325500e-02 	9.750989e-01 
1.338600e-02 	9.747331e-01 
1.351800e-02 	9.743654e-01 
1.364900e-02 	9.739952e-01 
1.378100e-02 	9.736232e-01 
1.391200e-02 	9.732489e-01 
1.404400e-02 	9.728721e-01 
1.417600e-02 	9.724933e-01 
1.430700e-02 	9.721119e-01 
1.443900e-02 	9.717285e-01 
1.457000e-02 	9.713427e-01 
1.470200e-02 	9.709542e-01 
1.483300e-02 	9.705636e-01 
1.496500e-02 	9.701703e-01 
1.509600e-02 	9.697748e-01 
1.522800e-02 	9.693768e-01 
1.535900e-02 	9.689760e-01 
1.549100e-02 	9.685730e-01 
1.562300e-02 	9.681671e-01 
1.575400e-02 	9.677589e-01 
1.588600e-02 	9.673481e-01 
1.601700e-02 	9.669343e-01 
1.614900e-02 	9.665182e-01 
1.628000e-02 	9.660991e-01 
1.641200e-02 	9.656775e-01 
1.654300e-02 	9.652532e-01 
1.667500e-02 	9.648258e-01 
1.680600e-02 	9.643959e-01 
1.693800e-02 	9.639629e-01 
1.706900e-02 	9.635273e-01 
1.720100e-02 	9.630889e-01 
1.733300e-02 	9.626472e-01 
1.746400e-02 	9.622029e-01 
1.759600e-02 	9.617553e-01 
1.772700e-02 	9.613050e-01 
1.785900e-02 	9.608518e-01 
1.799000e-02 	9.603951e-01 
1.812200e-02 	9.599358e-01 
1.825300e-02 	9.594733e-01 
1.838500e-02 	9.590074e-01 
1.851600e-02 	9.585387e-01 
1.864800e-02 	9.580664e-01 
1.877900e-02 	9.575913e-01 
1.891100e-02 	9.571127e-01 
1.904300e-02 	9.566311e-01 
1.917400e-02 	9.561463e-01 
1.930600e-02 	9.556578e-01 
1.943700e-02 	9.551663e-01 
1.956900e-02 	9.546712e-01 
1.970000e-02 	9.541730e-01 
1.983200e-02 	9.536714e-01 
1.996300e-02 	9.531660e-01 
2.009500e-02 	9.526576e-01 
2.022600e-02 	9.521452e-01 
2.035800e-02 	9.516298e-01 
2.048900e-02 	9.511109e-01 
2.062100e-02 	9.505880e-01 
2.075300e-02 	9.500619e-01 
2.088400e-02 	9.495318e-01 
2.101600e-02 	9.489986e-01 
2.114700e-02 	9.484617e-01 
2.127900e-02 	9.479208e-01 
2.141000e-02 	9.473766e-01 
2.154200e-02 	9.468287e-01 
2.167300e-02 	9.462768e-01 
2.180500e-02 	9.457215e-01 
2.193600e-02 	9.451620e-01 
2.206800e-02 	9.445993e-01 
2.219900e-02 	9.440327e-01 
2.233100e-02 	9.434619e-01 
2.246200e-02 	9.428878e-01 
2.259400e-02 	9.423093e-01 
2.272600e-02 	9.417275e-01 
2.285700e-02 	9.411418e-01 
2.298900e-02 	9.405519e-01 
2.312000e-02 	9.399585e-01 
2.325200e-02 	9.393608e-01 
2.338300e-02 	9.387598e-01 
2.351500e-02 	9.381544e-01 
2.364600e-02 	9.375456e-01 
2.377800e-02 	9.369330e-01 
2.391000e-02 	9.363161e-01 
2.404100e-02 	9.356957e-01 
2.417300e-02 	9.350710e-01 
2.430400e-02 	9.344429e-01 
2.443600e-02 	9.338109e-01 
2.456700e-02 	9.331746e-01 
2.469900e-02 	9.325349e-01 
2.483000e-02 	9.318907e-01 
2.496200e-02 	9.312432e-01 
2.509300e-02 	9.305918e-01 
2.522500e-02 	9.299361e-01 
2.535600e-02 	9.292769e-01 
2.548800e-02 	9.286139e-01 
2.562000e-02 	9.279465e-01 
2.575100e-02 	9.272758e-01 
2.588300e-02 	9.266007e-01 
2.601400e-02 	9.259223e-01 
2.614600e-02 	9.252401e-01 
2.627700e-02 	9.245537e-01 
2.640900e-02 	9.238639e-01 
2.654000e-02 	9.231699e-01 
2.667200e-02 	9.224727e-01 
2.680300e-02 	9.217717e-01 
2.693500e-02 	9.210665e-01 
2.706600e-02 	9.203580e-01 
2.719800e-02 	9.196454e-01 
2.733000e-02 	9.189296e-01 
2.746100e-02 	9.182101e-01 
2.759300e-02 	9.174865e-01 
2.772400e-02 	9.167597e-01 
2.785600e-02 	9.160288e-01 
2.798700e-02 	9.152948e-01 
2.811900e-02 	9.145566e-01 
2.825000e-02 	9.138154e-01 
2.838200e-02 	9.130706e-01 
2.851300e-02 	9.123217e-01 
2.864500e-02 	9.115698e-01 
2.877600e-02 	9.108144e-01 
2.890800e-02 	9.100548e-01 
2.904000e-02 	9.092924e-01 
2.917100e-02 	9.085259e-01 
2.930300e-02 	9.077565e-01 
2.943400e-02 	9.069838e-01 
2.956600e-02 	9.062070e-01 
2.969700e-02 	9.054274e-01 
2.982900e-02 	9.046439e-01 
2.996000e-02 	9.038576e-01 
3.009200e-02 	9.030680e-01 
3.022300e-02 	9.022745e-01 
3.035500e-02 	9.014783e-01 
3.048600e-02 	9.006782e-01 
3.061800e-02 	8.998755e-01 
3.075000e-02 	8.990690e-01 
3.088100e-02 	8.982599e-01 
3.101300e-02 	8.974476e-01 
3.114400e-02 	8.966316e-01 
3.127600e-02 	8.958130e-01 
3.140700e-02 	8.949913e-01 
3.153900e-02 	8.941659e-01 
3.167000e-02 	8.933381e-01 
3.180200e-02 	8.925065e-01 
3.193300e-02 	8.916726e-01 
3.206500e-02 	8.908351e-01 
3.219700e-02 	8.899952e-01 
3.232800e-02 	8.891523e-01 
3.246000e-02 	8.883058e-01 
3.259100e-02 	8.874571e-01 
3.272300e-02 	8.866054e-01 
3.285400e-02 	8.857502e-01 
3.298600e-02 	8.848929e-01 
3.311700e-02 	8.840320e-01 
3.324900e-02 	8.831689e-01 
3.338000e-02 	8.823024e-01 
3.351200e-02 	8.814338e-01 
3.364300e-02 	8.805624e-01 
3.377500e-02 	8.796877e-01 
3.390600e-02 	8.788109e-01 
3.403800e-02 	8.779314e-01 
3.417000e-02 	8.770485e-01 
3.430100e-02 	8.761637e-01 
3.443300e-02 	8.752755e-01 
3.456400e-02 	8.743855e-01 
3.469600e-02 	8.734928e-01 
3.482700e-02 	8.725969e-01 
3.495900e-02 	8.716992e-01 
3.509000e-02 	8.707982e-01 
3.522200e-02 	8.698954e-01 
3.535400e-02 	8.689895e-01 
3.548500e-02 	8.680817e-01 
3.561700e-02 	8.671716e-01 
3.574800e-02 	8.662583e-01 
3.588000e-02 	8.653433e-01 
3.601100e-02 	8.644259e-01 
3.614300e-02 	8.635055e-01 
3.627400e-02 	8.625835e-01 
3.640600e-02 	8.616584e-01 
3.653700e-02 	8.607317e-01 
3.666900e-02 	8.598021e-01 
3.680000e-02 	8.588709e-01 
3.693200e-02 	8.579374e-01 
3.706300e-02 	8.570011e-01 
3.719500e-02 	8.560633e-01 
3.732700e-02 	8.551225e-01 
3.745800e-02 	8.541804e-01 
3.759000e-02 	8.532361e-01 
3.772100e-02 	8.522890e-01 
3.785300e-02 	8.513405e-01 
3.798400e-02 	8.503900e-01 
3.811600e-02 	8.494367e-01 
3.824700e-02 	8.484821e-01 
3.837900e-02 	8.475247e-01 
3.851000e-02 	8.465661e-01 
3.864200e-02 	8.456048e-01 
3.877400e-02 	8.446423e-01 
3.890500e-02 	8.436778e-01 
3.903700e-02 	8.427107e-01 
3.916800e-02 	8.417425e-01 
3.930000e-02 	8.407723e-01 
3.943100e-02 	8.397996e-01 
3.956300e-02 	8.388258e-01 
3.969400e-02 	8.378494e-01 
3.982600e-02 	8.368720e-01 
3.995700e-02 	8.358921e-01 
4.008900e-02 	8.349111e-01 
4.022000e-02 	8.339284e-01 
4.035200e-02 	8.329432e-01 
4.048400e-02 	8.319571e-01 
4.061500e-02 	8.309693e-01 
4.074700e-02 	8.299791e-01 
4.087800e-02 	8.289880e-01 
4.101000e-02 	8.279945e-01 
4.114100e-02 	8.270002e-01 
4.127300e-02 	8.260042e-01 
4.140400e-02 	8.250060e-01 
4.153600e-02 	8.240069e-01 
4.166700e-02 	8.230056e-01 
4.179900e-02 	8.220035e-01 
4.193100e-02 	8.209992e-01 
4.206200e-02 	8.199941e-01 
4.219400e-02 	8.189877e-01 
4.232500e-02 	8.179790e-01 
4.245700e-02 	8.169696e-01 
4.258800e-02 	8.159589e-01 
4.272000e-02 	8.149460e-01 
4.285100e-02 	8.139325e-01 
4.298300e-02 	8.129168e-01 
4.311400e-02 	8.119006e-01 
4.324600e-02 	8.108823e-01 
4.337700e-02 	8.098635e-01 
4.350900e-02 	8.088433e-01 
4.364000e-02 	8.078212e-01 
4.377200e-02 	8.067985e-01 
4.390400e-02 	8.057737e-01 
4.403500e-02 	8.047486e-01 
4.416700e-02 	8.037222e-01 
4.429800e-02 	8.026938e-01 
4.443000e-02 	8.016650e-01 
4.456100e-02 	8.006350e-01 
4.469300e-02 	7.996031e-01 
4.482400e-02 	7.985708e-01 
4.495600e-02 	7.975366e-01 
4.508700e-02 	7.965021e-01 
4.521900e-02 	7.954656e-01 
4.535100e-02 	7.944289e-01 
4.548200e-02 	7.933911e-01 
4.561400e-02 	7.923514e-01 
4.574500e-02 	7.913115e-01 
4.587700e-02 	7.902706e-01 
4.600800e-02 	7.892279e-01 
4.614000e-02 	7.881849e-01 
4.627100e-02 	7.871402e-01 
4.640300e-02 	7.860953e-01 
4.653400e-02 	7.850486e-01 
4.666600e-02 	7.840018e-01 
4.679700e-02 	7.829541e-01 
4.692900e-02 	7.819047e-01 
4.706100e-02 	7.808551e-01 
4.719200e-02 	7.798047e-01 
4.732400e-02 	7.787527e-01 
4.745500e-02 	7.777005e-01 
4.758700e-02 	7.766468e-01 
4.771800e-02 	7.755930e-01 
4.785000e-02 	7.745376e-01 
4.798100e-02 	7.734822e-01 
4.811300e-02 	7.724260e-01 
4.824400e-02 	7.713683e-01 
4.837600e-02 	7.703105e-01 
4.850800e-02 	7.692513e-01 
4.863900e-02 	7.681920e-01 
4.877100e-02 	7.671321e-01 
4.890200e-02 	7.660706e-01 
4.903400e-02 	7.650092e-01 
4.916500e-02 	7.639471e-01 
4.929700e-02 	7.628836e-01 
4.942800e-02 	7.618201e-01 
4.956000e-02 	7.607552e-01 
4.969100e-02 	7.596904e-01 
4.982300e-02 	7.586242e-01 
4.995400e-02 	7.575582e-01 
5.008600e-02 	7.564915e-01 
5.021800e-02 	7.554234e-01 
5.034900e-02 	7.543555e-01 
5.048100e-02 	7.532863e-01 
5.061200e-02 	7.522172e-01 
5.074400e-02 	7.511476e-01 
5.087500e-02 	7.500766e-01 
5.100700e-02 	7.490059e-01 
5.113800e-02 	7.479339e-01 
5.127000e-02 	7.468621e-01 
5.140100e-02 	7.457899e-01 
5.153300e-02 	7.447163e-01 
5.166400e-02 	7.436430e-01 
5.179600e-02 	7.425685e-01 
5.192800e-02 	7.414943e-01 
5.205900e-02 	7.404196e-01 
5.219100e-02 	7.393437e-01 
5.232200e-02 	7.382682e-01 
5.245400e-02 	7.371922e-01 
5.258500e-02 	7.361150e-01 
5.271700e-02 	7.350382e-01 
5.284800e-02 	7.339602e-01 
5.298000e-02 	7.328827e-01 
5.311100e-02 	7.318048e-01 
5.324300e-02 	7.307257e-01 
5.337400e-02 	7.296471e-01 
5.350600e-02 	7.285673e-01 
5.363800e-02 	7.274881e-01 
5.376900e-02 	7.264085e-01 
5.390100e-02 	7.253278e-01 
5.403200e-02 	7.242476e-01 
5.416400e-02 	7.231663e-01 
5.429500e-02 	7.220856e-01 
5.442700e-02 	7.210046e-01 
5.455800e-02 	7.199225e-01 
5.469000e-02 	7.188411e-01 
5.482100e-02 	7.177585e-01 
5.495300e-02 	7.166766e-01 
5.508400e-02 	7.155945e-01 
5.521600e-02 	7.145113e-01 
5.534800e-02 	7.134288e-01 
5.547900e-02 	7.123453e-01 
5.561100e-02 	7.112624e-01 
5.574200e-02 	7.101794e-01 
5.587400e-02 	7.090954e-01 
5.600500e-02 	7.080120e-01 
5.613700e-02 	7.069278e-01 
5.626800e-02 	7.058442e-01 
5.640000e-02 	7.047604e-01 
5.653100e-02 	7.036758e-01 
5.666300e-02 	7.025919e-01 
5.679500e-02 	7.015070e-01 
5.692600e-02 	7.004229e-01 
5.705800e-02 	6.993388e-01 
5.718900e-02 	6.982537e-01 
5.732100e-02 	6.971694e-01 
5.745200e-02 	6.960842e-01 
5.758400e-02 	6.949998e-01 
5.771500e-02 	6.939154e-01 
5.784700e-02 	6.928301e-01 
5.797800e-02 	6.917457e-01 
5.811000e-02 	6.906604e-01 
5.824100e-02 	6.895759e-01 
5.837300e-02 	6.884915e-01 
5.850500e-02 	6.874062e-01 
5.863600e-02 	6.863218e-01 
5.876800e-02 	6.852366e-01 
5.889900e-02 	6.841523e-01 
5.903100e-02 	6.830680e-01 
5.916200e-02 	6.819830e-01 
5.929400e-02 	6.808988e-01 
5.942500e-02 	6.798140e-01 
5.955700e-02 	6.787300e-01 
5.968800e-02 	6.776461e-01 
5.982000e-02 	6.765616e-01 
5.995100e-02 	6.754779e-01 
6.008300e-02 	6.743936e-01 
6.021500e-02 	6.733102e-01 
6.034600e-02 	6.722269e-01 
6.047800e-02 	6.711430e-01 
6.060900e-02 	6.700601e-01 
6.074100e-02 	6.689765e-01 
6.087200e-02 	6.678939e-01 
6.100400e-02 	6.668115e-01 
6.113500e-02 	6.657284e-01 
6.126700e-02 	6.646464e-01 
6.139800e-02 	6.635638e-01 
6.153000e-02 	6.624822e-01 
6.166100e-02 	6.614008e-01 
6.179300e-02 	6.603188e-01 
6.192500e-02 	6.592380e-01 
6.205600e-02 	6.581565e-01 
6.218800e-02 	6.570761e-01 
6.231900e-02 	6.559960e-01 
6.245100e-02 	6.549154e-01 
6.258200e-02 	6.538359e-01 
6.271400e-02 	6.527558e-01 
6.284500e-02 	6.516768e-01 
6.297700e-02 	6.505982e-01 
6.310800e-02 	6.495191e-01 
6.324000e-02 	6.484411e-01 
6.337200e-02 	6.473626e-01 
6.350300e-02 	6.462852e-01 
6.363500e-02 	6.452082e-01 
6.376600e-02 	6.441308e-01 
6.389800e-02 	6.430545e-01 
6.402900e-02 	6.419777e-01 
6.416100e-02 	6.409022e-01 
6.429200e-02 	6.398270e-01 
6.442400e-02 	6.387514e-01 
6.455500e-02 	6.376771e-01 
6.468700e-02 	6.366023e-01 
6.481800e-02 	6.355287e-01 
6.495000e-02 	6.344556e-01 
6.508200e-02 	6.333820e-01 
6.521300e-02 	6.323097e-01 
6.534500e-02 	6.312371e-01 
6.547600e-02 	6.301656e-01 
6.560800e-02 	6.290947e-01 
6.573900e-02 	6.280234e-01 
6.587100e-02 	6.269534e-01 
6.600200e-02 	6.258830e-01 
6.613400e-02 	6.248140e-01 
6.626500e-02 	6.237454e-01 
6.639700e-02 	6.226765e-01 
6.652800e-02 	6.216089e-01 
6.666000e-02 	6.205411e-01 
6.679200e-02 	6.194745e-01 
6.692300e-02 	6.184085e-01 
6.705500e-02 	6.173423e-01 
6.718600e-02 	6.162774e-01 
6.731800e-02 	6.152122e-01 
6.744900e-02 	6.141484e-01 
6.758100e-02 	6.130851e-01 
6.771200e-02 	6.120216e-01 
6.784400e-02 	6.109595e-01 
6.797500e-02 	6.098972e-01 
6.810700e-02 	6.088363e-01 
6.823800e-02 	6.077760e-01 
6.837000e-02 	6.067154e-01 
6.850200e-02 	6.056563e-01 
6.863300e-02 	6.045971e-01 
6.876500e-02 	6.035392e-01 
6.889600e-02 	6.024820e-01 
6.902800e-02 	6.014246e-01 
6.915900e-02 	6.003687e-01 
6.929100e-02 	5.993127e-01 
6.942200e-02 	5.982581e-01 
6.955400e-02 	5.972042e-01 
6.968500e-02 	5.961501e-01 
6.981700e-02 	5.950976e-01 
6.994900e-02 	5.940449e-01 
7.008000e-02 	5.929938e-01 
7.021200e-02 	5.919433e-01 
7.034300e-02 	5.908928e-01 
7.047500e-02 	5.898438e-01 
7.060600e-02 	5.887948e-01 
7.073800e-02 	5.877472e-01 
7.086900e-02 	5.867004e-01 
7.100100e-02 	5.856536e-01 
7.113200e-02 	5.846083e-01 
7.126400e-02 	5.835629e-01 
7.139500e-02 	5.825192e-01 
7.152700e-02 	5.814762e-01 
7.165800e-02 	5.804332e-01 
7.179000e-02 	5.793918e-01 
7.192200e-02 	5.783503e-01 
7.205300e-02 	5.773105e-01 
7.218500e-02 	5.762715e-01 
7.231600e-02 	5.752325e-01 
7.244800e-02 	5.741951e-01 
7.257900e-02 	5.731578e-01 
7.271100e-02 	5.721220e-01 
7.284200e-02 	5.710871e-01 
7.297400e-02 	5.700523e-01 
7.310500e-02 	5.690191e-01 
7.323700e-02 	5.679860e-01 
7.336900e-02 	5.669545e-01 
7.350000e-02 	5.659239e-01 
7.363200e-02 	5.648934e-01 
7.376300e-02 	5.638646e-01 
7.389500e-02 	5.628359e-01 
7.402600e-02 	5.618088e-01 
7.415800e-02 	5.607827e-01 
7.428900e-02 	5.597567e-01 
7.442100e-02 	5.587324e-01 
7.455200e-02 	5.577082e-01 
7.468400e-02 	5.566857e-01 
7.481500e-02 	5.556641e-01 
7.494700e-02 	5.546428e-01 
7.507900e-02 	5.536231e-01 
7.521000e-02 	5.526036e-01 
7.534200e-02 	5.515858e-01 
7.547300e-02 	5.505690e-01 
7.560500e-02 	5.495523e-01 
7.573600e-02 	5.485375e-01 
7.586800e-02 	5.475228e-01 
7.599900e-02 	5.465098e-01 
7.613100e-02 	5.454979e-01 
7.626200e-02 	5.444862e-01 
7.639400e-02 	5.434762e-01 
7.652600e-02 	5.424665e-01 
7.665700e-02 	5.414585e-01 
7.678900e-02 	5.404516e-01 
7.692000e-02 	5.394449e-01 
7.705200e-02 	5.384400e-01 
7.718300e-02 	5.374354e-01 
7.731500e-02 	5.364325e-01 
7.744600e-02 	5.354307e-01 
7.757800e-02 	5.344292e-01 
7.770900e-02 	5.334296e-01 
7.784100e-02 	5.324302e-01 
7.797200e-02 	5.314326e-01 
7.810400e-02 	5.304361e-01 
7.823600e-02 	5.294399e-01 
7.836700e-02 	5.284456e-01 
7.849900e-02 	5.274515e-01 
7.863000e-02 	5.264594e-01 
7.876200e-02 	5.254683e-01 
7.889300e-02 	5.244776e-01 
7.902500e-02 	5.234887e-01 
7.915600e-02 	5.225002e-01 
7.928800e-02 	5.215136e-01 
7.941900e-02 	5.205281e-01 
7.955100e-02 	5.195430e-01 
7.968200e-02 	5.185597e-01 
7.981400e-02 	5.175769e-01 
7.994600e-02 	5.165959e-01 
8.007700e-02 	5.156161e-01 
8.020900e-02 	5.146367e-01 
8.034000e-02 	5.136593e-01 
8.047200e-02 	5.126822e-01 
8.060300e-02 	5.117071e-01 
8.073500e-02 	5.107331e-01 
8.086600e-02 	5.097596e-01 
8.099800e-02 	5.087881e-01 
8.112900e-02 	5.078169e-01 
8.126100e-02 	5.068478e-01 
8.139200e-02 	5.058798e-01 
8.152400e-02 	5.049123e-01 
8.165600e-02 	5.039468e-01 
8.178700e-02 	5.029817e-01 
8.191900e-02 	5.020187e-01 
8.205000e-02 	5.010568e-01 
8.218200e-02 	5.000955e-01 
8.231300e-02 	4.991361e-01 
8.244500e-02 	4.981773e-01 
8.257600e-02 	4.972204e-01 
8.270800e-02 	4.962648e-01 
8.283900e-02 	4.953097e-01 
8.297100e-02 	4.943566e-01 
8.310300e-02 	4.934040e-01 
8.323400e-02 	4.924534e-01 
8.336600e-02 	4.915041e-01 
8.349700e-02 	4.905553e-01 
8.362900e-02 	4.896086e-01 
8.376000e-02 	4.886623e-01 
8.389200e-02 	4.877181e-01 
8.402300e-02 	4.867752e-01 
8.415500e-02 	4.858328e-01 
8.428600e-02 	4.848924e-01 
8.441800e-02 	4.839526e-01 
8.454900e-02 	4.830148e-01 
8.468100e-02 	4.820783e-01 
8.481300e-02 	4.811424e-01 
8.494400e-02 	4.802085e-01 
8.507600e-02 	4.792752e-01 
8.520700e-02 	4.783439e-01 
8.533900e-02 	4.774139e-01 
8.547000e-02 	4.764845e-01 
8.560200e-02 	4.755572e-01 
8.573300e-02 	4.746311e-01 
8.586500e-02 	4.737057e-01 
8.599600e-02 	4.727823e-01 
8.612800e-02 	4.718596e-01 
8.625900e-02 	4.709388e-01 
8.639100e-02 	4.700187e-01 
8.652300e-02 	4.691007e-01 
8.665400e-02 	4.681839e-01 
8.678600e-02 	4.672678e-01 
8.691700e-02 	4.663538e-01 
8.704900e-02 	4.654404e-01 
8.718000e-02 	4.645291e-01 
8.731200e-02 	4.636191e-01 
8.744300e-02 	4.627098e-01 
8.757500e-02 	4.618025e-01 
8.770600e-02 	4.608966e-01 
8.783800e-02 	4.599913e-01 
8.796900e-02 	4.590882e-01 
8.810100e-02 	4.581857e-01 
8.823300e-02 	4.572852e-01 
8.836400e-02 	4.563855e-01 
8.849600e-02 	4.554878e-01 
8.862700e-02 	4.545915e-01 
8.875900e-02 	4.536959e-01 
8.889000e-02 	4.528024e-01 
8.902200e-02 	4.519103e-01 
8.915300e-02 	4.510188e-01 
8.928500e-02 	4.501295e-01 
8.941600e-02 	4.492409e-01 
8.954800e-02 	4.483543e-01 
8.967900e-02 	4.474692e-01 
8.981100e-02 	4.465848e-01 
8.994300e-02 	4.457025e-01 
9.007400e-02 	4.448209e-01 
9.020600e-02 	4.439415e-01 
9.033700e-02 	4.430634e-01 
9.046900e-02 	4.421861e-01 
9.060000e-02 	4.413109e-01 
9.073200e-02 	4.404365e-01 
9.086300e-02 	4.395641e-01 
9.099500e-02 	4.386925e-01 
9.112600e-02 	4.378231e-01 
9.125800e-02 	4.369550e-01 
9.139000e-02 	4.360878e-01 
9.152100e-02 	4.352226e-01 
9.165300e-02 	4.343589e-01 
9.178400e-02 	4.334960e-01 
9.191600e-02 	4.326353e-01 
9.204700e-02 	4.317753e-01 
9.217900e-02 	4.309174e-01 
9.231000e-02 	4.300610e-01 
9.244200e-02 	4.292054e-01 
9.257300e-02 	4.283519e-01 
9.270500e-02 	4.274993e-01 
9.283600e-02 	4.266488e-01 
9.296800e-02 	4.257997e-01 
9.310000e-02 	4.249515e-01 
9.323100e-02 	4.241054e-01 
9.336300e-02 	4.232601e-01 
9.349400e-02 	4.224169e-01 
9.362600e-02 	4.215746e-01 
9.375700e-02 	4.207344e-01 
9.388900e-02 	4.198957e-01 
9.402000e-02 	4.190578e-01 
9.415200e-02 	4.182220e-01 
9.428300e-02 	4.173877e-01 
9.441500e-02 	4.165542e-01 
9.454600e-02 	4.157228e-01 
9.467800e-02 	4.148923e-01 
9.481000e-02 	4.140639e-01 
9.494100e-02 	4.132370e-01 
9.507300e-02 	4.124109e-01 
9.520400e-02 	4.115869e-01 
9.533600e-02 	4.107638e-01 
9.546700e-02 	4.099428e-01 
9.559900e-02 	4.091233e-01 
9.573000e-02 	4.083046e-01 
9.586200e-02 	4.074880e-01 
9.599300e-02 	4.066723e-01 
9.612500e-02 	4.058587e-01 
9.625600e-02 	4.050466e-01 
9.638800e-02 	4.042353e-01 
9.652000e-02 	4.034261e-01 
9.665100e-02 	4.026178e-01 
9.678300e-02 	4.018116e-01 
9.691400e-02 	4.010063e-01 
9.704600e-02 	4.002031e-01 
9.717700e-02 	3.994013e-01 
9.730900e-02 	3.986004e-01 
9.744000e-02 	3.978017e-01 
9.757200e-02 	3.970037e-01 
9.770300e-02 	3.962079e-01 
9.783500e-02 	3.954136e-01 
9.796700e-02 	3.946202e-01 
9.809800e-02 	3.938288e-01 
9.823000e-02 	3.930389e-01 
9.836100e-02 	3.922499e-01 
9.849300e-02 	3.914630e-01 
9.862400e-02 	3.906770e-01 
9.875600e-02 	3.898931e-01 
9.888700e-02 	3.891107e-01 
9.901900e-02 	3.883291e-01 
9.915000e-02 	3.875497e-01 
9.928200e-02 	3.867711e-01 
9.941300e-02 	3.859946e-01 
9.954500e-02 	3.852197e-01 
9.967700e-02 	3.844456e-01 
9.980800e-02 	3.836736e-01 
9.994000e-02 	3.829025e-01 
1.000710e-01 	3.821340e-01 
1.002030e-01 	3.813636e-01 
1.003340e-01 	3.806005e-01 
1.004660e-01 	3.798330e-01 
1.005970e-01 	3.790729e-01 
1.007290e-01 	3.783084e-01 
1.008600e-01 	3.775512e-01 
1.009920e-01 	3.767898e-01 
1.011230e-01 	3.760356e-01 
1.012550e-01 	3.752772e-01 
1.013870e-01 	3.745202e-01 
1.015180e-01 	3.737705e-01 
1.016500e-01 	3.730165e-01 
1.017810e-01 	3.722698e-01 
1.019130e-01 	3.715189e-01 
1.020440e-01 	3.707751e-01 
1.021760e-01 	3.700272e-01 
1.023070e-01 	3.692864e-01 
1.024390e-01 	3.685415e-01 
1.025700e-01 	3.678037e-01 
1.027020e-01 	3.670618e-01 
1.028330e-01 	3.663270e-01 
1.029650e-01 	3.655880e-01 
1.030960e-01 	3.648562e-01 
1.032280e-01 	3.641203e-01 
1.033600e-01 	3.633859e-01 
1.034910e-01 	3.626585e-01 
1.036230e-01 	3.619271e-01 
1.037540e-01 	3.612027e-01 
1.038860e-01 	3.604742e-01 
1.040170e-01 	3.597528e-01 
1.041490e-01 	3.590273e-01 
1.042800e-01 	3.583089e-01 
1.044120e-01 	3.575864e-01 
1.045430e-01 	3.568709e-01 
1.046750e-01 	3.561514e-01 
1.048070e-01 	3.554335e-01 
1.049380e-01 	3.547224e-01 
1.050700e-01 	3.540074e-01 
1.052010e-01 	3.532993e-01 
1.053330e-01 	3.525873e-01 
1.054640e-01 	3.518822e-01 
1.055960e-01 	3.511732e-01 
1.057270e-01 	3.504710e-01 
1.058590e-01 	3.497649e-01 
1.059900e-01 	3.490657e-01 
1.061220e-01 	3.483626e-01 
1.062540e-01 	3.476610e-01 
1.063850e-01 	3.469662e-01 
1.065170e-01 	3.462676e-01 
1.066480e-01 	3.455758e-01 
1.067800e-01 	3.448801e-01 
1.069110e-01 	3.441912e-01 
1.070430e-01 	3.434986e-01 
1.071740e-01 	3.428126e-01 
1.073060e-01 	3.421229e-01 
1.074370e-01 	3.414398e-01 
1.075690e-01 	3.407531e-01 
1.077000e-01 	3.400729e-01 
1.078320e-01 	3.393891e-01 
1.079640e-01 	3.387068e-01 
1.080950e-01 	3.380310e-01 
1.082270e-01 	3.373516e-01 
1.083580e-01 	3.366788e-01 
1.084900e-01 	3.360023e-01 
1.086210e-01 	3.353324e-01 
1.087530e-01 	3.346588e-01 
1.088840e-01 	3.339918e-01 
1.090160e-01 	3.333211e-01 
1.091470e-01 	3.326570e-01 
1.092790e-01 	3.319892e-01 
1.094100e-01 	3.313280e-01 
1.095420e-01 	3.306631e-01 
1.096740e-01 	3.299997e-01 
1.098050e-01 	3.293428e-01 
1.099370e-01 	3.286823e-01 
1.100680e-01 	3.280282e-01 
1.102000e-01 	3.273706e-01 
1.103310e-01 	3.267194e-01 
1.104630e-01 	3.260647e-01 
1.105940e-01 	3.254164e-01 
1.107260e-01 	3.247645e-01 
1.108570e-01 	3.241191e-01 
1.109890e-01 	3.234701e-01 
1.111200e-01 	3.228275e-01 
1.112520e-01 	3.221814e-01 
1.113830e-01 	3.215416e-01 
1.115150e-01 	3.208984e-01 
1.116470e-01 	3.202566e-01 
1.117780e-01 	3.196211e-01 
1.119100e-01 	3.189821e-01 
1.120410e-01 	3.183495e-01 
1.121730e-01 	3.177134e-01 
1.123040e-01 	3.170835e-01 
1.124360e-01 	3.164503e-01 
1.125670e-01 	3.158232e-01 
1.126990e-01 	3.151928e-01 
1.128310e-01 	3.145639e-01 
1.129620e-01 	3.139411e-01 
1.130940e-01 	3.133149e-01 
1.132250e-01 	3.126949e-01 
1.133570e-01 	3.120716e-01 
1.134880e-01 	3.114545e-01 
1.136200e-01 	3.108340e-01 
1.137510e-01 	3.102196e-01 
1.138830e-01 	3.096019e-01 
1.140140e-01 	3.089903e-01 
1.141460e-01 	3.083755e-01 
1.142770e-01 	3.077667e-01 
1.144090e-01 	3.071546e-01 
1.145410e-01 	3.065440e-01 
1.146720e-01 	3.059394e-01 
1.148040e-01 	3.053315e-01 
1.149350e-01 	3.047297e-01 
1.150670e-01 	3.041246e-01 
1.151980e-01 	3.035256e-01 
1.153300e-01 	3.029233e-01 
1.154610e-01 	3.023270e-01 
1.155930e-01 	3.017275e-01 
1.157240e-01 	3.011340e-01 
1.158560e-01 	3.005373e-01 
1.159870e-01 	2.999464e-01 
1.161190e-01 	2.993525e-01 
1.162510e-01 	2.987599e-01 
1.163820e-01 	2.981732e-01 
1.165140e-01 	2.975834e-01 
1.166450e-01 	2.969994e-01 
1.167770e-01 	2.964123e-01 
1.169080e-01 	2.958310e-01 
1.170400e-01 	2.952467e-01 
1.171710e-01 	2.946681e-01 
1.173030e-01 	2.940864e-01 
1.174340e-01 	2.935105e-01 
1.175660e-01 	2.929316e-01 
1.176970e-01 	2.923584e-01 
1.178290e-01 	2.917821e-01 
1.179610e-01 	2.912072e-01 
1.180920e-01 	2.906380e-01 
1.182240e-01 	2.900658e-01 
1.183550e-01 	2.894992e-01 
1.184870e-01 	2.889297e-01 
1.186180e-01 	2.883658e-01 
1.187500e-01 	2.877989e-01 
1.188810e-01 	2.872376e-01 
1.190130e-01 	2.866733e-01 
1.191440e-01 	2.861147e-01 
1.192760e-01 	2.855531e-01 
1.194070e-01 	2.849970e-01 
1.195390e-01 	2.844380e-01 
1.196710e-01 	2.838804e-01 
1.198020e-01 	2.833282e-01 
1.199340e-01 	2.827732e-01 
1.200650e-01 	2.822237e-01 
1.201970e-01 	2.816712e-01 
1.203280e-01 	2.811242e-01 
1.204600e-01 	2.805744e-01 
1.205910e-01 	2.800300e-01 
1.207230e-01 	2.794827e-01 
1.208540e-01 	2.789409e-01 
1.209860e-01 	2.783962e-01 
1.211180e-01 	2.778528e-01 
1.212490e-01 	2.773148e-01 
1.213810e-01 	2.767740e-01 
1.215120e-01 	2.762385e-01 
1.216440e-01 	2.757002e-01 
1.217750e-01 	2.751673e-01 
1.219070e-01 	2.746315e-01 
1.220380e-01 	2.741011e-01 
1.221700e-01 	2.735678e-01 
1.223010e-01 	2.730399e-01 
1.224330e-01 	2.725092e-01 
1.225640e-01 	2.719838e-01 
1.226960e-01 	2.714556e-01 
1.228280e-01 	2.709287e-01 
1.229590e-01 	2.704070e-01 
1.230910e-01 	2.698826e-01 
1.232220e-01 	2.693634e-01 
1.233540e-01 	2.688414e-01 
1.234850e-01 	2.683247e-01 
1.236170e-01 	2.678052e-01 
1.237480e-01 	2.672909e-01 
1.238800e-01 	2.667740e-01 
1.240110e-01 	2.662621e-01 
1.241430e-01 	2.657476e-01 
1.242740e-01 	2.652382e-01 
1.244060e-01 	2.647261e-01 
1.245370e-01 	2.642192e-01 
1.246690e-01 	2.637096e-01 
1.248010e-01 	2.632012e-01 
1.249320e-01 	2.626979e-01 
1.250640e-01 	2.621919e-01 
1.251950e-01 	2.616910e-01 
1.253270e-01 	2.611875e-01 
1.254580e-01 	2.606890e-01 
1.255900e-01 	2.601879e-01 
1.257210e-01 	2.596917e-01 
1.258530e-01 	2.591930e-01 
1.259840e-01 	2.586993e-01 
1.261160e-01 	2.582030e-01 
1.262480e-01 	2.577079e-01 
1.263790e-01 	2.572177e-01 
1.265110e-01 	2.567250e-01 
1.266420e-01 	2.562372e-01 
1.267740e-01 	2.557469e-01 
1.269050e-01 	2.552614e-01 
1.270370e-01 	2.547735e-01 
1.271680e-01 	2.542904e-01 
1.273000e-01 	2.538048e-01 
1.274310e-01 	2.533240e-01 
1.275630e-01 	2.528407e-01 
1.276940e-01 	2.523623e-01 
1.278260e-01 	2.518814e-01 
1.279580e-01 	2.514016e-01 
1.280890e-01 	2.509267e-01 
1.282210e-01 	2.504493e-01 
1.283520e-01 	2.499767e-01 
1.284840e-01 	2.495016e-01 
1.286150e-01 	2.490313e-01 
1.287470e-01 	2.485585e-01 
1.288780e-01 	2.480905e-01 
1.290100e-01 	2.476200e-01 
1.291410e-01 	2.471543e-01 
1.292730e-01 	2.466861e-01 
1.294050e-01 	2.462191e-01 
1.295360e-01 	2.457568e-01 
1.296680e-01 	2.452921e-01 
1.297990e-01 	2.448321e-01 
1.299310e-01 	2.443696e-01 
1.300620e-01 	2.439119e-01 
1.301940e-01 	2.434517e-01 
1.303250e-01 	2.429962e-01 
1.304570e-01 	2.425383e-01 
1.305880e-01 	2.420850e-01 
1.307200e-01 	2.416294e-01 
1.308520e-01 	2.411750e-01 
1.309830e-01 	2.407250e-01 
1.311150e-01 	2.402728e-01 
1.312460e-01 	2.398251e-01 
1.313780e-01 	2.393751e-01 
1.315090e-01 	2.389297e-01 
1.316410e-01 	2.384819e-01 
1.317720e-01 	2.380387e-01 
1.319040e-01 	2.375931e-01 
1.320350e-01 	2.371521e-01 
1.321670e-01 	2.367088e-01 
1.322980e-01 	2.362699e-01 
1.324300e-01 	2.358288e-01 
1.325610e-01 	2.353922e-01 
1.326930e-01 	2.349533e-01 
1.328250e-01 	2.345155e-01 
1.329560e-01 	2.340821e-01 
1.330880e-01 	2.336465e-01 
1.332190e-01 	2.332153e-01 
1.333510e-01 	2.327819e-01 
1.334820e-01 	2.323528e-01 
1.336140e-01 	2.319216e-01 
1.337450e-01 	2.314946e-01 
1.338770e-01 	2.310655e-01 
1.340080e-01 	2.306408e-01 
1.341400e-01 	2.302138e-01 
1.342710e-01 	2.297911e-01 
1.344030e-01 	2.293663e-01 
1.345350e-01 	2.289426e-01 
1.346660e-01 	2.285231e-01 
1.347980e-01 	2.281014e-01 
1.349290e-01 	2.276840e-01 
1.350610e-01 	2.272645e-01 
1.351920e-01 	2.268492e-01 
1.353240e-01 	2.264318e-01 
1.354550e-01 	2.260186e-01 
1.355870e-01 	2.256032e-01 
1.357180e-01 	2.251921e-01 
1.358500e-01 	2.247788e-01 
1.359810e-01 	2.243697e-01 
1.361130e-01 	2.239585e-01 
1.362450e-01 	2.235483e-01 
1.363760e-01 	2.231423e-01 
1.365080e-01 	2.227342e-01 
1.366390e-01 	2.223302e-01 
1.367710e-01 	2.219241e-01 
1.369020e-01 	2.215221e-01 
1.370340e-01 	2.211181e-01 
1.371650e-01 	2.207181e-01 
1.372970e-01 	2.203161e-01 
1.374280e-01 	2.199181e-01 
1.375600e-01 	2.195181e-01 
1.376910e-01 	2.191221e-01 
1.378230e-01 	2.187241e-01 
1.379550e-01 	2.183271e-01 
1.380860e-01 	2.179341e-01 
1.382180e-01 	2.175391e-01 
1.383490e-01 	2.171480e-01 
1.384810e-01 	2.167550e-01 
1.386120e-01 	2.163659e-01 
1.387440e-01 	2.159748e-01 
1.388750e-01 	2.155876e-01 
1.390070e-01 	2.151984e-01 
1.391390e-01 	2.148103e-01 
1.392700e-01 	2.144260e-01 
1.394020e-01 	2.140397e-01 
1.395330e-01 	2.136574e-01 
1.396650e-01 	2.132730e-01 
1.397960e-01 	2.128926e-01 
1.399280e-01 	2.125102e-01 
1.400590e-01 	2.121316e-01 
1.401910e-01 	2.117511e-01 
1.403220e-01 	2.113744e-01 
1.404540e-01 	2.109957e-01 
1.405850e-01 	2.106209e-01 
1.407170e-01 	2.102441e-01 
1.408480e-01 	2.098711e-01 
1.409800e-01 	2.094963e-01 
1.411120e-01 	2.091223e-01 
1.412430e-01 	2.087521e-01 
1.413750e-01 	2.083800e-01 
1.415060e-01 	2.080116e-01 
1.416380e-01 	2.076413e-01 
1.417690e-01 	2.072747e-01 
1.419010e-01 	2.069063e-01 
1.420320e-01 	2.065415e-01 
1.421640e-01 	2.061749e-01 
1.422950e-01 	2.058119e-01 
1.424270e-01 	2.054471e-01 
1.425590e-01 	2.050832e-01 
1.426900e-01 	2.047229e-01 
1.428220e-01 	2.043608e-01 
1.429530e-01 	2.040023e-01 
1.430850e-01 	2.036419e-01 
1.432160e-01 	2.032852e-01 
1.433480e-01 	2.029267e-01 
1.434790e-01 	2.025717e-01 
1.436110e-01 	2.022149e-01 
1.437420e-01 	2.018617e-01 
1.438740e-01 	2.015067e-01 
1.440060e-01 	2.011526e-01 
1.441370e-01 	2.008020e-01 
1.442680e-01 	2.004523e-01 
1.444000e-01 	2.001008e-01 
1.445320e-01 	1.997501e-01 
1.446630e-01 	1.994030e-01 
1.447950e-01 	1.990541e-01 
1.449260e-01 	1.987087e-01 
1.450580e-01 	1.983616e-01 
1.451890e-01 	1.980179e-01 
1.453210e-01 	1.976724e-01 
1.454520e-01 	1.973305e-01 
1.455840e-01 	1.969867e-01 
1.457150e-01 	1.966464e-01 
1.458470e-01 	1.963044e-01 
1.459790e-01 	1.959632e-01 
1.461100e-01 	1.956255e-01 
1.462420e-01 	1.952860e-01 
1.463730e-01 	1.949499e-01 
1.465050e-01 	1.946121e-01 
1.466360e-01 	1.942777e-01 
1.467680e-01 	1.939416e-01 
1.468990e-01 	1.936088e-01 
1.470310e-01 	1.932744e-01 
1.471620e-01 	1.929433e-01 
1.472940e-01 	1.926105e-01 
1.474250e-01 	1.922810e-01 
1.475570e-01 	1.919499e-01 
1.476890e-01 	1.916196e-01 
1.478200e-01 	1.912926e-01 
1.479520e-01 	1.909639e-01 
1.480830e-01 	1.906386e-01 
1.482150e-01 	1.903115e-01 
1.483460e-01 	1.899878e-01 
1.484780e-01 	1.896624e-01 
1.486090e-01 	1.893402e-01 
1.487410e-01 	1.890164e-01 
1.488720e-01 	1.886959e-01 
1.490040e-01 	1.883737e-01 
1.491350e-01 	1.880548e-01 
1.492670e-01 	1.877342e-01 
1.493990e-01 	1.874144e-01 
1.495300e-01 	1.870978e-01 
1.496620e-01 	1.867796e-01 
1.497930e-01 	1.864647e-01 
1.499250e-01 	1.861480e-01 
1.500560e-01 	1.858346e-01 
1.501880e-01 	1.855196e-01 
1.503190e-01 	1.852077e-01 
1.504510e-01 	1.848943e-01 
1.505830e-01 	1.845816e-01 
1.507140e-01 	1.842720e-01 
1.508450e-01 	1.839633e-01 
1.509770e-01 	1.836529e-01 
1.511090e-01 	1.833433e-01 
1.512400e-01 	1.830368e-01 
1.513720e-01 	1.827288e-01 
1.515030e-01 	1.824239e-01 
1.516350e-01 	1.821173e-01 
1.517660e-01 	1.818139e-01 
1.518980e-01 	1.815089e-01 
1.520290e-01 	1.812070e-01 
1.521610e-01 	1.809035e-01 
1.522920e-01 	1.806031e-01 
1.524240e-01 	1.803011e-01 
1.525560e-01 	1.799999e-01 
1.526870e-01 	1.797017e-01 
1.528190e-01 	1.794020e-01 
1.529500e-01 	1.791053e-01 
1.530820e-01 	1.788070e-01 
1.532130e-01 	1.785118e-01 
1.533450e-01 	1.782151e-01 
1.534760e-01 	1.779213e-01 
1.536080e-01 	1.776260e-01 
1.537390e-01 	1.773337e-01 
1.538710e-01 	1.770399e-01 
1.540020e-01 	1.767490e-01 
1.541340e-01 	1.764566e-01 
1.542660e-01 	1.761650e-01 
1.543970e-01 	1.758763e-01 
1.545290e-01 	1.755861e-01 
1.546600e-01 	1.752988e-01 
1.547920e-01 	1.750100e-01 
1.549230e-01 	1.747242e-01 
1.550550e-01 	1.744368e-01 
1.551860e-01 	1.741524e-01 
1.553180e-01 	1.738665e-01 
1.554490e-01 	1.735834e-01 
1.555810e-01 	1.732989e-01 
1.557130e-01 	1.730151e-01 
1.558440e-01 	1.727342e-01 
1.559760e-01 	1.724518e-01 
1.561070e-01 	1.721722e-01 
1.562390e-01 	1.718912e-01 
1.563700e-01 	1.716130e-01 
1.565020e-01 	1.713334e-01 
1.566330e-01 	1.710566e-01 
1.567650e-01 	1.707783e-01 
1.568960e-01 	1.705029e-01 
1.570280e-01 	1.702260e-01 
1.571600e-01 	1.699498e-01 
1.572910e-01 	1.696764e-01 
1.574220e-01 	1.694036e-01 
1.575540e-01 	1.691294e-01 
1.576860e-01 	1.688559e-01 
1.578170e-01 	1.685852e-01 
1.579490e-01 	1.683130e-01 
1.580800e-01 	1.680436e-01 
1.582120e-01 	1.677728e-01 
1.583430e-01 	1.675047e-01 
1.584750e-01 	1.672352e-01 
1.586060e-01 	1.669684e-01 
1.587380e-01 	1.667002e-01 
1.588690e-01 	1.664347e-01 
1.590010e-01 	1.661678e-01 
1.591330e-01 	1.659016e-01 
1.592640e-01 	1.656380e-01 
1.593960e-01 	1.653731e-01 
1.595270e-01 	1.651108e-01 
1.596590e-01 	1.648471e-01 
1.597900e-01 	1.645861e-01 
1.599220e-01 	1.643237e-01 
1.600530e-01 	1.640640e-01 
1.601850e-01 	1.638029e-01 
1.603160e-01 	1.635443e-01 
1.604480e-01 	1.632845e-01 
1.605790e-01 	1.630272e-01 
1.607110e-01 	1.627686e-01 
1.608430e-01 	1.625106e-01 
1.609740e-01 	1.622552e-01 
1.611060e-01 	1.619985e-01 
1.612370e-01 	1.617443e-01 
1.613690e-01 	1.614888e-01 
1.615000e-01 	1.612358e-01 
1.616320e-01 	1.609815e-01 
1.617630e-01 	1.607297e-01 
1.618950e-01 	1.604767e-01 
1.620260e-01 	1.602261e-01 
1.621580e-01 	1.599742e-01 
1.622890e-01 	1.597249e-01 
1.624210e-01 	1.594742e-01 
1.625530e-01 	1.592242e-01 
1.626840e-01 	1.589766e-01 
1.628160e-01 	1.587278e-01 
1.629470e-01 	1.584814e-01 
1.630790e-01 	1.582338e-01 
1.632100e-01 	1.579886e-01 
1.633420e-01 	1.577421e-01 
1.634730e-01 	1.574981e-01 
1.636050e-01 	1.572528e-01 
1.637360e-01 	1.570100e-01 
1.638680e-01 	1.567659e-01 
1.639990e-01 	1.565242e-01 
1.641310e-01 	1.562813e-01 
1.642630e-01 	1.560389e-01 
1.643940e-01 	1.557990e-01 
1.645260e-01 	1.555578e-01 
1.646570e-01 	1.553190e-01 
1.647890e-01 	1.550790e-01 
1.649200e-01 	1.548413e-01 
1.650520e-01 	1.546025e-01 
1.651830e-01 	1.543660e-01 
1.653150e-01 	1.541283e-01 
1.654470e-01 	1.538911e-01 
1.655780e-01 	1.536563e-01 
1.657100e-01 	1.534203e-01 
1.658410e-01 	1.531866e-01 
1.659730e-01 	1.529517e-01 
1.661040e-01 	1.527192e-01 
1.662360e-01 	1.524854e-01 
1.663670e-01 	1.522540e-01 
1.664990e-01 	1.520214e-01 
1.666300e-01 	1.517910e-01 
1.667620e-01 	1.515595e-01 
1.668930e-01 	1.513303e-01 
1.670250e-01 	1.510999e-01 
1.671570e-01 	1.508700e-01 
1.672880e-01 	1.506424e-01 
1.674200e-01 	1.504137e-01 
1.675510e-01 	1.501872e-01 
1.676830e-01 	1.499595e-01 
1.678140e-01 	1.497342e-01 
1.679460e-01 	1.495076e-01 
1.680770e-01 	1.492833e-01 
1.682090e-01 	1.490578e-01 
1.683400e-01 	1.488345e-01 
1.684720e-01 	1.486101e-01 
1.686030e-01 	1.483879e-01 
1.687350e-01 	1.481646e-01 
1.688670e-01 	1.479418e-01 
1.689980e-01 	1.477212e-01 
1.691300e-01 	1.474995e-01 
1.692610e-01 	1.472799e-01 
1.693930e-01 	1.470593e-01 
1.695240e-01 	1.468408e-01 
1.696560e-01 	1.466212e-01 
1.697870e-01 	1.464037e-01 
1.699190e-01 	1.461851e-01 
1.700500e-01 	1.459687e-01 
1.701820e-01 	1.457512e-01 
1.703140e-01 	1.455342e-01 
1.704450e-01 	1.453193e-01 
1.705760e-01 	1.451050e-01 
1.707080e-01 	1.448895e-01 
1.708400e-01 	1.446745e-01 
1.709710e-01 	1.444617e-01 
1.711030e-01 	1.442478e-01 
1.712340e-01 	1.440360e-01 
1.713660e-01 	1.438231e-01 
1.714970e-01 	1.436123e-01 
1.716290e-01 	1.434004e-01 
1.717600e-01 	1.431906e-01 
1.718920e-01 	1.429796e-01 
1.720230e-01 	1.427708e-01 
1.721550e-01 	1.425609e-01 
1.722870e-01 	1.423515e-01 
1.724180e-01 	1.421442e-01 
1.725500e-01 	1.419358e-01 
1.726810e-01 	1.417294e-01 
1.728130e-01 	1.415220e-01 
1.729440e-01 	1.413166e-01 
1.730760e-01 	1.411102e-01 
1.732070e-01 	1.409058e-01 
1.733390e-01 	1.407003e-01 
1.734700e-01 	1.404969e-01 
1.736020e-01 	1.402924e-01 
1.737340e-01 	1.400884e-01 
1.738650e-01 	1.398864e-01 
1.739970e-01 	1.396833e-01 
1.741280e-01 	1.394822e-01 
1.742600e-01 	1.392801e-01 
1.743910e-01 	1.390800e-01 
1.745230e-01 	1.388789e-01 
1.746540e-01 	1.386797e-01 
1.747860e-01 	1.384795e-01 
1.749170e-01 	1.382812e-01 
1.750490e-01 	1.380819e-01 
1.751800e-01 	1.378846e-01 
1.753120e-01 	1.376863e-01 
1.754430e-01 	1.374899e-01 
1.755750e-01 	1.372925e-01 
1.757070e-01 	1.370955e-01 
1.758380e-01 	1.369005e-01 
1.759700e-01 	1.367044e-01 
1.761010e-01 	1.365103e-01 
1.762330e-01 	1.363152e-01 
1.763640e-01 	1.361220e-01 
1.764960e-01 	1.359278e-01 
1.766270e-01 	1.357355e-01 
1.767590e-01 	1.355421e-01 
1.768910e-01 	1.353492e-01 
1.770220e-01 	1.351583e-01 
1.771530e-01 	1.349677e-01 
1.772850e-01 	1.347762e-01 
1.774170e-01 	1.345851e-01 
1.775480e-01 	1.343959e-01 
1.776800e-01 	1.342057e-01 
1.778110e-01 	1.340173e-01 
1.779430e-01 	1.338280e-01 
1.780740e-01 	1.336405e-01 
1.782060e-01 	1.334520e-01 
1.783370e-01 	1.332654e-01 
1.784690e-01 	1.330778e-01 
1.786000e-01 	1.328920e-01 
1.787320e-01 	1.327052e-01 
1.788640e-01 	1.325189e-01 
1.789950e-01 	1.323344e-01 
1.791270e-01 	1.321489e-01 
1.792580e-01 	1.319653e-01 
1.793900e-01 	1.317806e-01 
1.795210e-01 	1.315978e-01 
1.796530e-01 	1.314140e-01 
1.797840e-01 	1.312320e-01 
1.799160e-01 	1.310491e-01 
1.800470e-01 	1.308679e-01 
1.801790e-01 	1.306857e-01 
1.803110e-01 	1.305040e-01 
1.804420e-01 	1.303241e-01 
1.805740e-01 	1.301432e-01 
1.807050e-01 	1.299640e-01 
1.808370e-01 	1.297839e-01 
1.809680e-01 	1.296056e-01 
1.811000e-01 	1.294263e-01 
1.812310e-01 	1.292488e-01 
1.813630e-01 	1.290703e-01 
1.814940e-01 	1.288935e-01 
1.816260e-01 	1.287158e-01 
1.817570e-01 	1.285399e-01 
1.818890e-01 	1.283630e-01 
1.820210e-01 	1.281865e-01 
1.821520e-01 	1.280117e-01 
1.822840e-01 	1.278359e-01 
1.824150e-01 	1.276619e-01 
1.825470e-01 	1.274870e-01 
1.826780e-01 	1.273137e-01 
1.828100e-01 	1.271395e-01 
1.829410e-01 	1.269670e-01 
1.830730e-01 	1.267936e-01 
1.832040e-01 	1.266219e-01 
1.833360e-01 	1.264492e-01 
1.834680e-01 	1.262769e-01 
1.835990e-01 	1.261063e-01 
1.837300e-01 	1.259361e-01 
1.838620e-01 	1.257649e-01 
1.839940e-01 	1.255942e-01 
1.841250e-01 	1.254250e-01 
1.842570e-01 	1.252550e-01 
1.843880e-01 	1.250867e-01 
1.845200e-01 	1.249174e-01 
1.846510e-01 	1.247498e-01 
1.847830e-01 	1.245812e-01 
1.849140e-01 	1.244143e-01 
1.850460e-01 	1.242465e-01 
1.851770e-01 	1.240804e-01 
1.853090e-01 	1.239133e-01 
1.854410e-01 	1.237466e-01 
1.855720e-01 	1.235816e-01 
1.857040e-01 	1.234156e-01 
1.858350e-01 	1.232513e-01 
1.859670e-01 	1.230860e-01 
1.860980e-01 	1.229224e-01 
1.862300e-01 	1.227579e-01 
1.863610e-01 	1.225950e-01 
1.864930e-01 	1.224312e-01 
1.866240e-01 	1.222690e-01 
1.867560e-01 	1.221060e-01 
1.868880e-01 	1.219433e-01 
1.870190e-01 	1.217821e-01 
1.871510e-01 	1.216201e-01 
1.872820e-01 	1.214597e-01 
1.874140e-01 	1.212984e-01 
1.875450e-01 	1.211387e-01 
1.876770e-01 	1.209782e-01 
1.878080e-01 	1.208191e-01 
1.879400e-01 	1.206593e-01 
1.880710e-01 	1.205010e-01 
1.882030e-01 	1.203418e-01 
1.883340e-01 	1.201842e-01 
1.884660e-01 	1.200257e-01 
1.885970e-01 	1.198688e-01 
1.887290e-01 	1.197110e-01 
1.888610e-01 	1.195535e-01 
1.889920e-01 	1.193976e-01 
1.891240e-01 	1.192409e-01 
1.892550e-01 	1.190857e-01 
1.893870e-01 	1.189296e-01 
1.895180e-01 	1.187751e-01 
1.896500e-01 	1.186197e-01 
1.897810e-01 	1.184658e-01 
1.899130e-01 	1.183111e-01 
1.900440e-01 	1.181579e-01 
1.901760e-01 	1.180039e-01 
1.903070e-01 	1.178514e-01 
1.904390e-01 	1.176980e-01 
1.905710e-01 	1.175450e-01 
1.907020e-01 	1.173935e-01 
1.908340e-01 	1.172412e-01 
1.909650e-01 	1.170903e-01 
1.910970e-01 	1.169386e-01 
1.912280e-01 	1.167884e-01 
1.913600e-01 	1.166374e-01 
1.914910e-01 	1.164878e-01 
1.916230e-01 	1.163375e-01 
1.917550e-01 	1.161874e-01 
1.918860e-01 	1.160388e-01 
1.920170e-01 	1.158906e-01 
1.921490e-01 	1.157415e-01 
1.922810e-01 	1.155928e-01 
1.924120e-01 	1.154455e-01 
1.925440e-01 	1.152974e-01 
1.926750e-01 	1.151508e-01 
1.928070e-01 	1.150033e-01 
1.929380e-01 	1.148573e-01 
1.930700e-01 	1.147105e-01 
1.932010e-01 	1.145651e-01 
1.933330e-01 	1.144190e-01 
1.934650e-01 	1.142731e-01 
1.935960e-01 	1.141287e-01 
1.937280e-01 	1.139835e-01 
1.938590e-01 	1.138397e-01 
1.939910e-01 	1.136951e-01 
1.941220e-01 	1.135519e-01 
1.942540e-01 	1.134079e-01 
1.943850e-01 	1.132654e-01 
1.945170e-01 	1.131220e-01 
1.946480e-01 	1.129801e-01 
1.947800e-01 	1.128373e-01 
1.949110e-01 	1.126960e-01 
1.950430e-01 	1.125539e-01 
1.951750e-01 	1.124121e-01 
1.953060e-01 	1.122717e-01 
1.954380e-01 	1.121305e-01 
1.955690e-01 	1.119906e-01 
1.957010e-01 	1.118501e-01 
1.958320e-01 	1.117108e-01 
1.959640e-01 	1.115709e-01 
1.960950e-01 	1.114322e-01 
1.962270e-01 	1.112928e-01 
1.963580e-01 	1.111548e-01 
1.964900e-01 	1.110160e-01 
1.966210e-01 	1.108786e-01 
1.967530e-01 	1.107404e-01 
1.968840e-01 	1.106036e-01 
1.970160e-01 	1.104660e-01 
1.971480e-01 	1.103286e-01 
1.972790e-01 	1.101927e-01 
1.974110e-01 	1.100560e-01 
1.975420e-01 	1.099206e-01 
1.976740e-01 	1.097844e-01 
1.978050e-01 	1.096496e-01 
1.979370e-01 	1.095140e-01 
1.980680e-01 	1.093798e-01 
1.982000e-01 	1.092448e-01 
1.983310e-01 	1.091111e-01 
1.984630e-01 	1.089767e-01 
1.985950e-01 	1.088426e-01 
1.987260e-01 	1.087098e-01 
1.988580e-01 	1.085762e-01 
1.989890e-01 	1.084440e-01 
1.991210e-01 	1.083110e-01 
1.992520e-01 	1.081793e-01 
1.993840e-01 	1.080468e-01 
1.995150e-01 	1.079157e-01 
1.996470e-01 	1.077838e-01 
1.997780e-01 	1.076532e-01 
1.999100e-01 	1.075219e-01 
2.000420e-01 	1.073909e-01 
2.001730e-01 	1.072611e-01 
2.003050e-01 	1.071306e-01 
2.004360e-01 	1.070014e-01 
2.005680e-01 	1.068715e-01 
2.006990e-01 	1.067428e-01 
2.008310e-01 	1.066134e-01 
2.009620e-01 	1.064853e-01 
2.010940e-01 	1.063564e-01 
2.012250e-01 	1.062288e-01 
2.013570e-01 	1.061005e-01 
2.014880e-01 	1.059734e-01 
2.016200e-01 	1.058456e-01 
2.017510e-01 	1.057191e-01 
2.018830e-01 	1.055918e-01 
2.020150e-01 	1.054648e-01 
2.021460e-01 	1.053391e-01 
2.022780e-01 	1.052126e-01 
2.024090e-01 	1.050874e-01 
2.025410e-01 	1.049614e-01 
2.026720e-01 	1.048367e-01 
2.028040e-01 	1.047113e-01 
2.029350e-01 	1.045871e-01 
2.030670e-01 	1.044621e-01 
2.031980e-01 	1.043384e-01 
2.033300e-01 	1.042140e-01 
2.034620e-01 	1.040899e-01 
2.035930e-01 	1.039669e-01 
2.037250e-01 	1.038433e-01 
2.038560e-01 	1.037208e-01 
2.039880e-01 	1.035977e-01 
2.041190e-01 	1.034757e-01 
2.042510e-01 	1.033531e-01 
2.043820e-01 	1.032316e-01 
2.045140e-01 	1.031095e-01 
2.046450e-01 	1.029885e-01 
2.047770e-01 	1.028668e-01 
2.049080e-01 	1.027463e-01 
2.050400e-01 	1.026251e-01 
2.051720e-01 	1.025042e-01 
2.053030e-01 	1.023844e-01 
2.054350e-01 	1.022640e-01 
2.055660e-01 	1.021446e-01 
2.056980e-01 	1.020247e-01 
2.058290e-01 	1.019058e-01 
2.059610e-01 	1.017863e-01 
2.060920e-01 	1.016680e-01 
2.062240e-01 	1.015489e-01 
2.063550e-01 	1.014310e-01 
2.064870e-01 	1.013125e-01 
2.066180e-01 	1.011950e-01 
2.067500e-01 	1.010769e-01 
2.068820e-01 	1.009591e-01 
2.070130e-01 	1.008423e-01 
2.071450e-01 	1.007249e-01 
2.072760e-01 	1.006086e-01 
2.074080e-01 	1.004917e-01 
2.075390e-01 	1.003758e-01 
2.076710e-01 	1.002594e-01 
2.078020e-01 	1.001440e-01 
2.079340e-01 	1.000279e-01 
2.080650e-01 	9.991302e-02 
2.081970e-01 	9.979743e-02 
2.083290e-01 	9.968208e-02 
2.084600e-01 	9.956782e-02 
2.085920e-01 	9.945291e-02 
2.087230e-01 	9.933909e-02 
2.088550e-01 	9.922462e-02 
2.089860e-01 	9.911125e-02 
2.091180e-01 	9.899722e-02 
2.092490e-01 	9.888428e-02 
2.093810e-01 	9.877070e-02 
2.095120e-01 	9.865819e-02 
2.096440e-01 	9.854504e-02 
2.097750e-01 	9.843297e-02 
2.099070e-01 	9.832025e-02 
2.100380e-01 	9.820860e-02 
2.101700e-01 	9.809632e-02 
2.103020e-01 	9.798425e-02 
2.104330e-01 	9.787324e-02 
2.105650e-01 	9.776160e-02 
2.106960e-01 	9.765102e-02 
2.108280e-01 	9.753980e-02 
2.109590e-01 	9.742964e-02 
2.110910e-01 	9.731885e-02 
2.112220e-01 	9.720910e-02 
2.113540e-01 	9.709873e-02 
2.114850e-01 	9.698940e-02 
2.116170e-01 	9.687945e-02 
2.117490e-01 	9.676971e-02 
2.118800e-01 	9.666101e-02 
2.120120e-01 	9.655169e-02 
2.121430e-01 	9.644340e-02 
2.122750e-01 	9.633449e-02 
2.124060e-01 	9.622661e-02 
2.125380e-01 	9.611812e-02 
2.126690e-01 	9.601065e-02 
2.128010e-01 	9.590257e-02 
2.129320e-01 	9.579550e-02 
2.130640e-01 	9.568783e-02 
2.131960e-01 	9.558036e-02 
2.133270e-01 	9.547391e-02 
2.134590e-01 	9.536685e-02 
2.135900e-01 	9.526080e-02 
2.137220e-01 	9.515415e-02 
2.138530e-01 	9.504850e-02 
2.139850e-01 	9.494225e-02 
2.141160e-01 	9.483700e-02 
2.142480e-01 	9.473115e-02 
2.143790e-01 	9.462630e-02 
2.145110e-01 	9.452086e-02 
2.146420e-01 	9.441640e-02 
2.147740e-01 	9.431135e-02 
2.149060e-01 	9.420650e-02 
2.150370e-01 	9.410264e-02 
2.151690e-01 	9.399818e-02 
2.153000e-01 	9.389471e-02 
2.154320e-01 	9.379065e-02 
2.155630e-01 	9.368757e-02 
2.156950e-01 	9.358390e-02 
2.158260e-01 	9.348120e-02 
2.159580e-01 	9.337792e-02 
2.160890e-01 	9.327562e-02 
2.162210e-01 	9.317272e-02 
2.163520e-01 	9.307080e-02 
2.164840e-01 	9.296830e-02 
2.166150e-01 	9.286676e-02 
2.167470e-01 	9.276464e-02 
2.168790e-01 	9.266271e-02 
2.170100e-01 	9.256175e-02 
2.171420e-01 	9.246020e-02 
2.172730e-01 	9.235961e-02 
2.174050e-01 	9.225845e-02 
2.175360e-01 	9.215824e-02 
2.176680e-01 	9.205746e-02 
2.177990e-01 	9.195762e-02 
2.179310e-01 	9.185722e-02 
2.180630e-01 	9.175700e-02 
2.181940e-01 	9.165773e-02 
2.183250e-01 	9.155864e-02 
2.184570e-01 	9.145899e-02 
2.185890e-01 	9.135952e-02 
2.187200e-01 	9.126099e-02 
2.188520e-01 	9.116190e-02 
2.189830e-01 	9.106374e-02 
2.191150e-01 	9.096501e-02 
2.192460e-01 	9.086722e-02 
2.193780e-01 	9.076886e-02 
2.195090e-01 	9.067143e-02 
2.196410e-01 	9.057345e-02 
2.197730e-01 	9.047564e-02 
2.199040e-01 	9.037876e-02 
2.200360e-01 	9.028132e-02 
2.201670e-01 	9.018480e-02 
2.202990e-01 	9.008772e-02 
2.204300e-01 	8.999156e-02 
2.205620e-01 	8.989485e-02 
2.206930e-01 	8.979904e-02 
2.208250e-01 	8.970269e-02 
2.209560e-01 	8.960724e-02 
2.210880e-01 	8.951125e-02 
2.212190e-01 	8.941616e-02 
2.213510e-01 	8.932052e-02 
2.214820e-01 	8.922578e-02 
2.216140e-01 	8.913049e-02 
2.217460e-01 	8.903539e-02 
2.218770e-01 	8.894118e-02 
2.220090e-01 	8.884642e-02 
2.221400e-01 	8.875256e-02 
2.222720e-01 	8.865815e-02 
2.224030e-01 	8.856463e-02 
2.225350e-01 	8.847058e-02 
2.226660e-01 	8.837740e-02 
2.227980e-01 	8.828369e-02 
2.229290e-01 	8.819086e-02 
2.230610e-01 	8.809750e-02 
2.231920e-01 	8.800501e-02 
2.233240e-01 	8.791198e-02 
2.234560e-01 	8.781913e-02 
2.235870e-01 	8.772715e-02 
2.237190e-01 	8.763463e-02 
2.238500e-01 	8.754299e-02 
2.239820e-01 	8.745081e-02 
2.241130e-01 	8.735950e-02 
2.242450e-01 	8.726766e-02 
2.243760e-01 	8.717668e-02 
2.245080e-01 	8.708517e-02 
2.246390e-01 	8.699452e-02 
2.247710e-01 	8.690335e-02 
2.249030e-01 	8.681234e-02 
2.250340e-01 	8.672218e-02 
2.251660e-01 	8.663150e-02 
2.252970e-01 	8.654167e-02 
2.254290e-01 	8.645132e-02 
2.255600e-01 	8.636181e-02 
2.256920e-01 	8.627178e-02 
2.258230e-01 	8.618259e-02 
2.259550e-01 	8.609289e-02 
2.260860e-01 	8.600402e-02 
2.262180e-01 	8.591464e-02 
2.263500e-01 	8.582542e-02 
2.264810e-01 	8.573703e-02 
2.266120e-01 	8.564879e-02 
2.267440e-01 	8.556005e-02 
2.268760e-01 	8.547146e-02 
2.270070e-01 	8.538370e-02 
2.271390e-01 	8.529542e-02 
2.272700e-01 	8.520798e-02 
2.274020e-01 	8.512001e-02 
2.275330e-01 	8.503287e-02 
2.276650e-01 	8.494522e-02 
2.277960e-01 	8.485839e-02 
2.279280e-01 	8.477105e-02 
2.280590e-01 	8.468452e-02 
2.281910e-01 	8.459749e-02 
2.283230e-01 	8.451061e-02 
2.284540e-01 	8.442454e-02 
2.285860e-01 	8.433796e-02 
2.287170e-01 	8.425219e-02 
2.288490e-01 	8.416591e-02 
2.289800e-01 	8.408044e-02 
2.291120e-01 	8.399447e-02 
2.292430e-01 	8.390929e-02 
2.293750e-01 	8.382361e-02 
2.295060e-01 	8.373873e-02 
2.296380e-01 	8.365335e-02 
2.297700e-01 	8.356812e-02 
2.299010e-01 	8.348368e-02 
2.300330e-01 	8.339874e-02 
2.301640e-01 	8.331459e-02 
2.302960e-01 	8.322994e-02 
2.304270e-01 	8.314608e-02 
2.305590e-01 	8.306172e-02 
2.306900e-01 	8.297815e-02 
2.308220e-01 	8.289407e-02 
2.309530e-01 	8.281078e-02 
2.310850e-01 	8.272700e-02 
2.312160e-01 	8.264399e-02 
2.313480e-01 	8.256049e-02 
2.314800e-01 	8.247713e-02 
2.316110e-01 	8.239454e-02 
2.317430e-01 	8.231146e-02 
2.318740e-01 	8.222915e-02 
2.320060e-01 	8.214635e-02 
2.321370e-01 	8.206431e-02 
2.322690e-01 	8.198179e-02 
2.324000e-01 	8.190002e-02 
2.325320e-01 	8.181777e-02 
2.326630e-01 	8.173628e-02 
2.327950e-01 	8.165431e-02 
2.329260e-01 	8.157309e-02 
2.330580e-01 	8.149138e-02 
2.331890e-01 	8.141043e-02 
2.333210e-01 	8.132899e-02 
2.334530e-01 	8.124769e-02 
2.335840e-01 	8.116714e-02 
2.337160e-01 	8.108610e-02 
2.338470e-01 	8.100581e-02 
2.339790e-01 	8.092504e-02 
2.341100e-01 	8.084501e-02 
2.342420e-01 	8.076450e-02 
2.343730e-01 	8.068473e-02 
2.345050e-01 	8.060448e-02 
2.346370e-01 	8.052436e-02 
2.347680e-01 	8.044498e-02 
2.349000e-01 	8.036512e-02 
2.350310e-01 	8.028599e-02 
2.351630e-01 	8.020638e-02 
2.352940e-01 	8.012751e-02 
2.354260e-01 	8.004816e-02 
2.355570e-01 	7.996953e-02 
2.356890e-01 	7.989043e-02 
2.358200e-01 	7.981206e-02 
2.359520e-01 	7.973321e-02 
2.360830e-01 	7.965508e-02 
2.362150e-01 	7.957648e-02 
2.363460e-01 	7.949860e-02 
2.364780e-01 	7.942024e-02 
2.366100e-01 	7.934201e-02 
2.367410e-01 	7.926449e-02 
2.368730e-01 	7.918651e-02 
2.370040e-01 	7.910923e-02 
2.371360e-01 	7.903149e-02 
2.372670e-01 	7.895446e-02 
2.373990e-01 	7.887696e-02 
2.375300e-01 	7.880017e-02 
2.376620e-01 	7.872291e-02 
2.377930e-01 	7.864636e-02 
2.379250e-01 	7.856935e-02 
2.380560e-01 	7.849304e-02 
2.381880e-01 	7.841626e-02 
2.383200e-01 	7.833960e-02 
2.384510e-01 	7.826365e-02 
2.385830e-01 	7.818723e-02 
2.387140e-01 	7.811151e-02 
2.388460e-01 	7.803533e-02 
2.389770e-01 	7.795985e-02 
2.391090e-01 	7.788390e-02 
2.392400e-01 	7.780865e-02 
2.393720e-01 	7.773294e-02 
2.395040e-01 	7.765735e-02 
2.396350e-01 	7.758245e-02 
2.397660e-01 	7.750767e-02 
2.398980e-01 	7.743243e-02 
2.400300e-01 	7.735730e-02 
2.401610e-01 	7.728286e-02 
2.402930e-01 	7.720797e-02 
2.404240e-01 	7.713376e-02 
2.405560e-01 	7.705910e-02 
2.406870e-01 	7.698512e-02 
2.408190e-01 	7.691069e-02 
2.409500e-01 	7.683693e-02 
2.410820e-01 	7.676273e-02 
2.412140e-01 	7.668864e-02 
2.413450e-01 	7.661522e-02 
2.414770e-01 	7.654136e-02 
2.416080e-01 	7.646817e-02 
2.417400e-01 	7.639454e-02 
2.418710e-01 	7.632157e-02 
2.420030e-01 	7.624817e-02 
2.421340e-01 	7.617542e-02 
2.422660e-01 	7.610224e-02 
2.423970e-01 	7.602972e-02 
2.425290e-01 	7.595676e-02 
2.426600e-01 	7.588447e-02 
2.427920e-01 	7.581173e-02 
2.429230e-01 	7.573965e-02 
2.430550e-01 	7.566714e-02 
2.431870e-01 	7.559474e-02 
2.433180e-01 	7.552299e-02 
2.434500e-01 	7.545081e-02 
2.435810e-01 	7.537928e-02 
2.437130e-01 	7.530732e-02 
2.438440e-01 	7.523601e-02 
2.439760e-01 	7.516427e-02 
2.441070e-01 	7.509318e-02 
2.442390e-01 	7.502166e-02 
2.443700e-01 	7.495078e-02 
2.445020e-01 	7.487948e-02 
2.446330e-01 	7.480882e-02 
2.447650e-01 	7.473773e-02 
2.448970e-01 	7.466675e-02 
2.450280e-01 	7.459641e-02 
2.451600e-01 	7.452565e-02 
2.452910e-01 	7.445553e-02 
2.454230e-01 	7.438498e-02 
2.455540e-01 	7.431507e-02 
2.456860e-01 	7.424473e-02 
2.458170e-01 	7.417503e-02 
2.459490e-01 	7.410491e-02 
2.460810e-01 	7.403489e-02 
2.462120e-01 	7.396551e-02 
2.463440e-01 	7.389571e-02 
2.464750e-01 	7.382654e-02 
2.466070e-01 	7.375694e-02 
2.467380e-01 	7.368798e-02 
2.468700e-01 	7.361860e-02 
2.470010e-01 	7.354984e-02 
2.471330e-01 	7.348067e-02 
2.472640e-01 	7.341212e-02 
2.473960e-01 	7.334315e-02 
2.475270e-01 	7.327481e-02 
2.476590e-01 	7.320606e-02 
2.477900e-01 	7.313792e-02 
2.479220e-01 	7.306937e-02 
2.480540e-01 	7.300092e-02 
2.481850e-01 	7.293309e-02 
2.483170e-01 	7.286485e-02 
2.484480e-01 	7.279723e-02 
2.485800e-01 	7.272919e-02 
2.487110e-01 	7.266177e-02 
2.488430e-01 	7.259393e-02 
2.489740e-01 	7.252671e-02 
2.491060e-01 	7.245908e-02 
2.492370e-01 	7.239206e-02 
2.493690e-01 	7.232463e-02 
2.495000e-01 	7.225781e-02 
2.496320e-01 	7.219059e-02 
2.497640e-01 	7.212346e-02 
2.498950e-01 	7.205694e-02 
2.500270e-01 	7.199001e-02 
2.501580e-01 	7.192369e-02 
2.502900e-01 	7.185696e-02 
2.504210e-01 	7.179084e-02 
2.505530e-01 	7.172431e-02 
2.506840e-01 	7.165838e-02 
2.508160e-01 	7.159204e-02 
2.509480e-01 	7.152581e-02 
2.510790e-01 	7.146017e-02 
2.512110e-01 	7.139413e-02 
2.513420e-01 	7.132869e-02 
2.514740e-01 	7.126284e-02 
2.516050e-01 	7.119759e-02 
2.517370e-01 	7.113194e-02 
2.518680e-01 	7.106687e-02 
2.520000e-01 	7.100141e-02 
2.521310e-01 	7.093654e-02 
2.522630e-01 	7.087127e-02 
2.523940e-01 	7.080659e-02 
2.525260e-01 	7.074150e-02 
2.526570e-01 	7.067701e-02 
2.527890e-01 	7.061211e-02 
2.529210e-01 	7.054731e-02 
2.530520e-01 	7.048309e-02 
2.531840e-01 	7.041848e-02 
2.533150e-01 	7.035445e-02 
2.534470e-01 	7.029002e-02 
2.535780e-01 	7.022617e-02 
2.537100e-01 	7.016192e-02 
2.538410e-01 	7.009825e-02 
2.539730e-01 	7.003419e-02 
2.541040e-01 	6.997070e-02 
2.542360e-01 	6.990682e-02 
2.543680e-01 	6.984303e-02 
2.544990e-01 	6.977981e-02 
2.546310e-01 	6.971620e-02 
2.547620e-01 	6.965315e-02 
2.548940e-01 	6.958972e-02 
2.550250e-01 	6.952686e-02 
2.551570e-01 	6.946360e-02 
2.552880e-01 	6.940091e-02 
2.554200e-01 	6.933783e-02 
2.555510e-01 	6.927532e-02 
2.556830e-01 	6.921241e-02 
2.558140e-01 	6.915007e-02 
2.559460e-01 	6.908734e-02 
2.560780e-01 	6.902469e-02 
2.562090e-01 	6.896261e-02 
2.563410e-01 	6.890013e-02 
2.564720e-01 	6.883822e-02 
2.566040e-01 	6.877592e-02 
2.567350e-01 	6.871417e-02 
2.568670e-01 	6.865204e-02 
2.569980e-01 	6.859046e-02 
2.571300e-01 	6.852849e-02 
2.572610e-01 	6.846708e-02 
2.573930e-01 	6.840528e-02 
2.575240e-01 	6.834404e-02 
2.576560e-01 	6.828241e-02 
2.577880e-01 	6.822086e-02 
2.579190e-01 	6.815986e-02 
2.580510e-01 	6.809847e-02 
2.581820e-01 	6.803763e-02 
2.583140e-01 	6.797641e-02 
2.584450e-01 	6.791573e-02 
2.585770e-01 	6.785467e-02 
2.587080e-01 	6.779415e-02 
2.588400e-01 	6.773325e-02 
2.589710e-01 	6.767290e-02 
2.591030e-01 	6.761216e-02 
2.592340e-01 	6.755195e-02 
2.593660e-01 	6.749137e-02 
2.594970e-01 	6.743133e-02 
2.596290e-01 	6.737090e-02 
2.597610e-01 	6.731055e-02 
2.598920e-01 	6.725074e-02 
2.600240e-01 	6.719055e-02 
2.601550e-01 	6.713089e-02 
2.602870e-01 	6.707085e-02 
2.604180e-01 	6.701135e-02 
2.605500e-01 	6.695146e-02 
2.606810e-01 	6.689211e-02 
2.608130e-01 	6.683237e-02 
2.609450e-01 	6.677271e-02 
2.610760e-01 	6.671358e-02 
2.612080e-01 	6.665408e-02 
2.613390e-01 	6.659509e-02 
2.614710e-01 	6.653574e-02 
2.616020e-01 	6.647690e-02 
2.617340e-01 	6.641769e-02 
2.618650e-01 	6.635901e-02 
2.619970e-01 	6.629994e-02 
2.621280e-01 	6.624140e-02 
2.622600e-01 	6.618249e-02 
2.623910e-01 	6.612409e-02 
2.625230e-01 	6.606532e-02 
2.626550e-01 	6.600663e-02 
2.627860e-01 	6.594845e-02 
2.629180e-01 	6.588990e-02 
2.630490e-01 	6.583187e-02 
2.631810e-01 	6.577346e-02 
2.633120e-01 	6.571557e-02 
2.634440e-01 	6.565731e-02 
2.635750e-01 	6.559957e-02 
2.637070e-01 	6.554145e-02 
2.638380e-01 	6.548385e-02 
2.639700e-01 	6.542588e-02 
2.641010e-01 	6.536841e-02 
2.642330e-01 	6.531059e-02 
2.643650e-01 	6.525283e-02 
2.644960e-01 	6.519558e-02 
2.646280e-01 	6.513797e-02 
2.647590e-01 	6.508086e-02 
2.648910e-01 	6.502339e-02 
2.650220e-01 	6.496642e-02 
2.651540e-01 	6.490909e-02 
2.652850e-01 	6.485227e-02 
2.654170e-01 	6.479508e-02 
2.655480e-01 	6.473839e-02 
2.656800e-01 	6.468135e-02 
2.658110e-01 	6.462480e-02 
2.659430e-01 	6.456789e-02 
2.660740e-01 	6.451149e-02 
2.662060e-01 	6.445472e-02 
2.663380e-01 	6.439802e-02 
2.664690e-01 	6.434182e-02 
2.666010e-01 	6.428526e-02 
2.667320e-01 	6.422920e-02 
2.668640e-01 	6.417278e-02 
2.669950e-01 	6.411686e-02 
2.671270e-01 	6.406058e-02 
2.672580e-01 	6.400479e-02 
2.673900e-01 	6.394865e-02 
2.675220e-01 	6.389257e-02 
2.676530e-01 	6.383699e-02 
2.677850e-01 	6.378106e-02 
2.679160e-01 	6.372561e-02 
2.680480e-01 	6.366981e-02 
2.681790e-01 	6.361450e-02 
2.683110e-01 	6.355884e-02 
2.684420e-01 	6.350366e-02 
2.685740e-01 	6.344813e-02 
2.687050e-01 	6.339309e-02 
2.688370e-01 	6.333770e-02 
2.689680e-01 	6.328279e-02 
2.691000e-01 	6.322753e-02 
2.692320e-01 	6.317234e-02 
2.693630e-01 	6.311764e-02 
2.694950e-01 	6.306258e-02 
2.696260e-01 	6.300801e-02 
2.697580e-01 	6.295309e-02 
2.698890e-01 	6.289865e-02 
2.700210e-01 	6.284386e-02 
2.701520e-01 	6.278955e-02 
2.702840e-01 	6.273489e-02 
2.704150e-01 	6.268071e-02 
2.705470e-01 	6.262619e-02 
2.706780e-01 	6.257214e-02 
2.708100e-01 	6.251775e-02 
2.709410e-01 	6.246383e-02 
2.710730e-01 	6.240957e-02 
2.712050e-01 	6.235537e-02 
2.713360e-01 	6.230165e-02 
2.714680e-01 	6.224759e-02 
2.715990e-01 	6.219400e-02 
2.717310e-01 	6.214006e-02 
2.718620e-01 	6.208660e-02 
2.719940e-01 	6.203279e-02 
2.721250e-01 	6.197945e-02 
2.722570e-01 	6.192578e-02 
2.723880e-01 	6.187257e-02 
2.725200e-01 	6.181902e-02 
2.726520e-01 	6.176553e-02 
2.727830e-01 	6.171252e-02 
2.729150e-01 	6.165916e-02 
2.730460e-01 	6.160627e-02 
2.731780e-01 	6.155304e-02 
2.733090e-01 	6.150027e-02 
2.734410e-01 	6.144717e-02 
2.735720e-01 	6.139453e-02 
2.737040e-01 	6.134155e-02 
2.738350e-01 	6.128903e-02 
2.739670e-01 	6.123618e-02 
2.740990e-01 	6.118339e-02 
2.742300e-01 	6.113106e-02 
2.743620e-01 	6.107839e-02 
2.744930e-01 	6.102619e-02 
2.746250e-01 	6.097364e-02 
2.747560e-01 	6.092156e-02 
2.748880e-01 	6.086914e-02 
2.750190e-01 	6.081717e-02 
2.751510e-01 	6.076487e-02 
2.752820e-01 	6.071303e-02 
2.754140e-01 	6.066086e-02 
2.755450e-01 	6.060913e-02 
2.756770e-01 	6.055708e-02 
2.758090e-01 	6.050508e-02 
2.759400e-01 	6.045354e-02 
2.760720e-01 	6.040167e-02 
2.762030e-01 	6.035024e-02 
2.763350e-01 	6.029849e-02 
2.764660e-01 	6.024718e-02 
2.765980e-01 	6.019555e-02 
2.767290e-01 	6.014436e-02 
2.768610e-01 	6.009284e-02 
2.769920e-01 	6.004177e-02 
2.771240e-01 	5.999037e-02 
2.772550e-01 	5.993942e-02 
2.773870e-01 	5.988813e-02 
2.775190e-01 	5.983691e-02 
2.776500e-01 	5.978613e-02 
2.777820e-01 	5.973502e-02 
2.779130e-01 	5.968435e-02 
2.780450e-01 	5.963336e-02 
2.781760e-01 	5.958281e-02 
2.783080e-01 	5.953193e-02 
2.784390e-01 	5.948149e-02 
2.785710e-01 	5.943073e-02 
2.787020e-01 	5.938040e-02 
2.788340e-01 	5.932975e-02 
2.789650e-01 	5.927954e-02 
2.790970e-01 	5.922901e-02 
2.792280e-01 	5.917891e-02 
2.793600e-01 	5.912848e-02 
2.794920e-01 	5.907811e-02 
2.796230e-01 	5.902818e-02 
2.797550e-01 	5.897792e-02 
2.798860e-01 	5.892810e-02 
2.800180e-01 	5.887795e-02 
2.801490e-01 	5.882824e-02 
2.802810e-01 	5.877820e-02 
2.804120e-01 	5.872860e-02 
2.805440e-01 	5.867868e-02 
2.806760e-01 	5.862880e-02 
2.808070e-01 	5.857936e-02 
2.809390e-01 	5.852960e-02 
2.810700e-01 	5.848027e-02 
2.812020e-01 	5.843061e-02 
2.813330e-01 	5.838139e-02 
2.814650e-01 	5.833184e-02 
2.815960e-01 	5.828273e-02 
2.817280e-01 	5.823329e-02 
2.818590e-01 	5.818427e-02 
2.819910e-01 	5.813494e-02 
2.821220e-01 	5.808604e-02 
2.822540e-01 	5.803681e-02 
2.823860e-01 	5.798764e-02 
2.825170e-01 	5.793889e-02 
2.826490e-01 	5.788982e-02 
2.827800e-01 	5.784118e-02 
2.829120e-01 	5.779222e-02 
2.830430e-01 	5.774368e-02 
2.831750e-01 	5.769482e-02 
2.833060e-01 	5.764639e-02 
2.834380e-01 	5.759764e-02 
2.835690e-01 	5.754930e-02 
2.837010e-01 	5.750065e-02 
2.838320e-01 	5.745243e-02 
2.839640e-01 	5.740388e-02 
2.840960e-01 	5.735539e-02 
2.842270e-01 	5.730731e-02 
2.843590e-01 	5.725892e-02 
2.844900e-01 	5.721094e-02 
2.846220e-01 	5.716265e-02 
2.847530e-01 	5.711478e-02 
2.848850e-01 	5.706659e-02 
2.850160e-01 	5.701882e-02 
2.851480e-01 	5.697073e-02 
2.852790e-01 	5.692305e-02 
2.854110e-01 	5.687507e-02 
2.855420e-01 	5.682749e-02 
2.856740e-01 	5.677960e-02 
2.858050e-01 	5.673213e-02 
2.859370e-01 	5.668434e-02 
2.860690e-01 	5.663660e-02 
2.862000e-01 	5.658927e-02 
2.863320e-01 	5.654163e-02 
2.864630e-01 	5.649440e-02 
2.865950e-01 	5.644686e-02 
2.867260e-01 	5.639973e-02 
2.868580e-01 	5.635228e-02 
2.869890e-01 	5.630525e-02 
2.871210e-01 	5.625790e-02 
2.872530e-01 	5.621060e-02 
2.873840e-01 	5.616371e-02 
2.875160e-01 	5.611651e-02 
2.876470e-01 	5.606971e-02 
2.877790e-01 	5.602260e-02 
2.879100e-01 	5.597590e-02 
2.880420e-01 	5.592889e-02 
2.881730e-01 	5.588228e-02 
2.883050e-01 	5.583537e-02 
2.884360e-01 	5.578885e-02 
2.885680e-01 	5.574203e-02 
2.886990e-01 	5.569561e-02 
2.888310e-01 	5.564889e-02 
2.889630e-01 	5.560221e-02 
2.890940e-01 	5.555593e-02 
2.892260e-01 	5.550934e-02 
2.893570e-01 	5.546315e-02 
2.894890e-01 	5.541666e-02 
2.896200e-01 	5.537057e-02 
2.897520e-01 	5.532417e-02 
2.898830e-01 	5.527816e-02 
2.900150e-01 	5.523186e-02 
2.901460e-01 	5.518595e-02 
2.902780e-01 	5.513973e-02 
2.904090e-01 	5.509391e-02 
2.905410e-01 	5.504779e-02 
2.906720e-01 	5.500206e-02 
2.908040e-01 	5.495603e-02 
2.909360e-01 	5.491005e-02 
2.910670e-01 	5.486446e-02 
2.911990e-01 	5.481856e-02 
2.913300e-01 	5.477306e-02 
2.914620e-01 	5.472726e-02 
2.915930e-01 	5.468185e-02 
2.917250e-01 	5.463614e-02 
2.918560e-01 	5.459081e-02 
2.919880e-01 	5.454519e-02 
2.921190e-01 	5.449996e-02 
2.922510e-01 	5.445443e-02 
2.923820e-01 	5.440929e-02 
2.925140e-01 	5.436385e-02 
2.926460e-01 	5.431845e-02 
2.927770e-01 	5.427344e-02 
2.929090e-01 	5.422813e-02 
2.930400e-01 	5.418321e-02 
2.931720e-01 	5.413799e-02 
2.933030e-01 	5.409316e-02 
2.934350e-01 	5.404803e-02 
2.935660e-01 	5.400328e-02 
2.936980e-01 	5.395824e-02 
2.938300e-01 	5.391324e-02 
2.939610e-01 	5.386863e-02 
2.940930e-01 	5.382372e-02 
2.942240e-01 	5.377919e-02 
2.943560e-01 	5.373437e-02 
2.944870e-01 	5.368993e-02 
2.946190e-01 	5.364519e-02 
2.947500e-01 	5.360083e-02 
2.948820e-01 	5.355618e-02 
2.950130e-01 	5.351192e-02 
2.951450e-01 	5.346735e-02 
2.952760e-01 	5.342317e-02 
2.954080e-01 	5.337869e-02 
2.955400e-01 	5.333426e-02 
2.956710e-01 	5.329020e-02 
2.958030e-01 	5.324586e-02 
2.959340e-01 	5.320189e-02 
2.960660e-01 	5.315762e-02 
2.961970e-01 	5.311374e-02 
2.963290e-01 	5.306956e-02 
2.964600e-01 	5.302576e-02 
2.965920e-01 	5.298167e-02 
2.967230e-01 	5.293796e-02 
2.968550e-01 	5.289396e-02 
2.969860e-01 	5.285033e-02 
2.971180e-01 	5.280641e-02 
2.972490e-01 	5.276286e-02 
2.973810e-01 	5.271903e-02 
2.975130e-01 	5.267524e-02 
2.976440e-01 	5.263182e-02 
2.977760e-01 	5.258812e-02 
2.979070e-01 	5.254479e-02 
2.980390e-01 	5.250117e-02 
2.981700e-01 	5.245792e-02 
2.983020e-01 	5.241438e-02 
2.984330e-01 	5.237122e-02 
2.985650e-01 	5.232777e-02 
2.986960e-01 	5.228469e-02 
2.988280e-01 	5.224133e-02 
2.989600e-01 	5.219801e-02 
2.990910e-01 	5.215506e-02 
2.992230e-01 	5.211182e-02 
2.993540e-01 	5.206895e-02 
2.994860e-01 	5.202580e-02 
2.996170e-01 	5.198302e-02 
2.997490e-01 	5.193995e-02 
2.998800e-01 	5.189725e-02 
3.000120e-01 	5.185427e-02 
3.001430e-01 	5.181165e-02 
3.002750e-01 	5.176875e-02 
3.004070e-01 	5.172590e-02 
3.005380e-01 	5.168341e-02 
3.006700e-01 	5.164064e-02 
3.008010e-01 	5.159823e-02 
3.009330e-01 	5.155555e-02 
3.010640e-01 	5.151322e-02 
3.011960e-01 	5.147062e-02 
3.013270e-01 	5.142838e-02 
3.014590e-01 	5.138587e-02 
3.015900e-01 	5.134371e-02 
3.017220e-01 	5.130128e-02 
3.018530e-01 	5.125921e-02 
3.019850e-01 	5.121686e-02 
3.021160e-01 	5.117487e-02 
3.022480e-01 	5.113261e-02 
3.023800e-01 	5.109039e-02 
3.025110e-01 	5.104853e-02 
3.026430e-01 	5.100639e-02 
3.027740e-01 	5.096461e-02 
3.029060e-01 	5.092256e-02 
3.030370e-01 	5.088087e-02 
3.031690e-01 	5.083890e-02 
3.033000e-01 	5.079729e-02 
3.034320e-01 	5.075541e-02 
3.035630e-01 	5.071388e-02 
3.036950e-01 	5.067209e-02 
3.038260e-01 	5.063065e-02 
3.039580e-01 	5.058893e-02 
3.040900e-01 	5.054726e-02 
3.042210e-01 	5.050594e-02 
3.043530e-01 	5.046436e-02 
3.044840e-01 	5.042313e-02 
3.046160e-01 	5.038162e-02 
3.047470e-01 	5.034048e-02 
3.048790e-01 	5.029906e-02 
3.050100e-01 	5.025800e-02 
3.051420e-01 	5.021667e-02 
3.052730e-01 	5.017569e-02 
3.054050e-01 	5.013444e-02 
3.055370e-01 	5.009323e-02 
3.056680e-01 	5.005238e-02 
3.058000e-01 	5.001126e-02 
3.059310e-01 	4.997049e-02 
3.060630e-01 	4.992946e-02 
3.061940e-01 	4.988878e-02 
3.063260e-01 	4.984783e-02 
3.064570e-01 	4.980723e-02 
3.065890e-01 	4.976636e-02 
3.067200e-01 	4.972585e-02 
3.068520e-01 	4.968507e-02 
3.069840e-01 	4.964433e-02 
3.071150e-01 	4.960395e-02 
3.072470e-01 	4.956330e-02 
3.073780e-01 	4.952299e-02 
3.075100e-01 	4.948243e-02 
3.076410e-01 	4.944221e-02 
3.077730e-01 	4.940173e-02 
3.079040e-01 	4.936160e-02 
3.080360e-01 	4.932121e-02 
3.081670e-01 	4.928116e-02 
3.082990e-01 	4.924085e-02 
3.084300e-01 	4.920089e-02 
3.085620e-01 	4.916067e-02 
3.086930e-01 	4.912079e-02 
3.088250e-01 	4.908066e-02 
3.089570e-01 	4.904056e-02 
3.090880e-01 	4.900082e-02 
3.092200e-01 	4.896081e-02 
3.093510e-01 	4.892115e-02 
3.094830e-01 	4.888123e-02 
3.096140e-01 	4.884165e-02 
3.097460e-01 	4.880181e-02 
3.098770e-01 	4.876232e-02 
3.100090e-01 	4.872258e-02 
3.101400e-01 	4.868317e-02 
3.102720e-01 	4.864351e-02 
3.104040e-01 	4.860389e-02 
3.105350e-01 	4.856462e-02 
3.106670e-01 	4.852508e-02 
3.107980e-01 	4.848589e-02 
3.109300e-01 	4.844645e-02 
3.110610e-01 	4.840735e-02 
3.111930e-01 	4.836799e-02 
3.113240e-01 	4.832897e-02 
3.114560e-01 	4.828970e-02 
3.115870e-01 	4.825077e-02 
3.117190e-01 	4.821158e-02 
3.118500e-01 	4.817274e-02 
3.119820e-01 	4.813364e-02 
3.121130e-01 	4.809488e-02 
3.122450e-01 	4.805587e-02 
3.123770e-01 	4.801691e-02 
3.125080e-01 	4.797828e-02 
3.126400e-01 	4.793940e-02 
3.127710e-01 	4.790086e-02 
3.129030e-01 	4.786207e-02 
3.130340e-01 	4.782361e-02 
3.131660e-01 	4.778491e-02 
3.132970e-01 	4.774654e-02 
3.134290e-01 	4.770792e-02 
3.135600e-01 	4.766964e-02 
3.136920e-01 	4.763112e-02 
3.138240e-01 	4.759263e-02 
3.139550e-01 	4.755448e-02 
3.140870e-01 	4.751608e-02 
3.142180e-01 	4.747802e-02 
3.143500e-01 	4.743971e-02 
3.144810e-01 	4.740174e-02 
3.146130e-01 	4.736352e-02 
3.147440e-01 	4.732563e-02 
3.148760e-01 	4.728749e-02 
3.150070e-01 	4.724969e-02 
3.151390e-01 	4.721165e-02 
3.152710e-01 	4.717364e-02 
3.154020e-01 	4.713597e-02 
3.155340e-01 	4.709805e-02 
3.156650e-01 	4.706047e-02 
3.157970e-01 	4.702264e-02 
3.159280e-01 	4.698514e-02 
3.160600e-01 	4.694740e-02 
3.161910e-01 	4.690998e-02 
3.163230e-01 	4.687233e-02 
3.164540e-01 	4.683500e-02 
3.165860e-01 	4.679743e-02 
3.167170e-01 	4.676018e-02 
3.168490e-01 	4.672270e-02 
3.169810e-01 	4.668526e-02 
3.171120e-01 	4.664814e-02 
3.172440e-01 	4.661079e-02 
3.173750e-01 	4.657376e-02 
3.175070e-01 	4.653649e-02 
3.176380e-01 	4.649954e-02 
3.177700e-01 	4.646236e-02 
3.179010e-01 	4.642550e-02 
3.180330e-01 	4.638839e-02 
3.181640e-01 	4.635162e-02 
3.182960e-01 	4.631460e-02 
3.184270e-01 	4.627791e-02 
3.185590e-01 	4.624098e-02 
3.186900e-01 	4.620436e-02 
3.188220e-01 	4.616752e-02 
3.189540e-01 	4.613071e-02 
3.190850e-01 	4.609422e-02 
3.192170e-01 	4.605750e-02 
3.193480e-01 	4.602109e-02 
3.194800e-01 	4.598445e-02 
3.196110e-01 	4.594813e-02 
3.197430e-01 	4.591157e-02 
3.198740e-01 	4.587533e-02 
3.200060e-01 	4.583885e-02 
3.201380e-01 	4.580241e-02 
3.202690e-01 	4.576629e-02 
3.204010e-01 	4.572994e-02 
3.205320e-01 	4.569390e-02 
3.206640e-01 	4.565762e-02 
3.207950e-01 	4.562166e-02 
3.209270e-01 	4.558546e-02 
3.210580e-01 	4.554958e-02 
3.211900e-01 	4.551346e-02 
3.213210e-01 	4.547765e-02 
3.214530e-01 	4.544161e-02 
3.215840e-01 	4.540587e-02 
3.217160e-01 	4.536991e-02 
3.218480e-01 	4.533398e-02 
3.219790e-01 	4.529836e-02 
3.221110e-01 	4.526251e-02 
3.222420e-01 	4.522696e-02 
3.223740e-01 	4.519118e-02 
3.225050e-01 	4.515571e-02 
3.226370e-01 	4.512000e-02 
3.227680e-01 	4.508460e-02 
3.229000e-01 	4.504896e-02 
3.230310e-01 	4.501363e-02 
3.231630e-01 	4.497807e-02 
3.232940e-01 	4.494280e-02 
3.234260e-01 	4.490731e-02 
3.235570e-01 	4.487211e-02 
3.236890e-01 	4.483669e-02 
3.238210e-01 	4.480129e-02 
3.239520e-01 	4.476620e-02 
3.240840e-01 	4.473087e-02 
3.242150e-01 	4.469584e-02 
3.243470e-01 	4.466058e-02 
3.244780e-01 	4.462562e-02 
3.246100e-01 	4.459042e-02 
3.247410e-01 	4.455552e-02 
3.248730e-01 	4.452039e-02 
3.250040e-01 	4.448555e-02 
3.251360e-01 	4.445048e-02 
3.252670e-01 	4.441570e-02 
3.253990e-01 	4.438069e-02 
3.255310e-01 	4.434571e-02 
3.256620e-01 	4.431102e-02 
3.257940e-01 	4.427610e-02 
3.259250e-01 	4.424147e-02 
3.260570e-01 	4.420661e-02 
3.261880e-01 	4.417204e-02 
3.263200e-01 	4.413723e-02 
3.264510e-01 	4.410271e-02 
3.265830e-01 	4.406796e-02 
3.267150e-01 	4.403324e-02 
3.268460e-01 	4.399881e-02 
3.269770e-01 	4.396440e-02 
3.271090e-01 	4.392976e-02 
3.272410e-01 	4.389515e-02 
3.273720e-01 	4.386082e-02 
3.275040e-01 	4.382626e-02 
3.276350e-01 	4.379198e-02 
3.277670e-01 	4.375747e-02 
3.278980e-01 	4.372324e-02 
3.280300e-01 	4.368878e-02 
3.281610e-01 	4.365460e-02 
3.282930e-01 	4.362019e-02 
3.284250e-01 	4.358580e-02 
3.285560e-01 	4.355169e-02 
3.286880e-01 	4.351735e-02 
3.288190e-01 	4.348329e-02 
3.289510e-01 	4.344899e-02 
3.290820e-01 	4.341498e-02 
3.292140e-01 	4.338073e-02 
3.293450e-01 	4.334676e-02 
3.294770e-01 	4.331255e-02 
3.296080e-01 	4.327862e-02 
3.297400e-01 	4.324446e-02 
3.298710e-01 	4.321057e-02 
3.300030e-01 	4.317645e-02 
3.301340e-01 	4.314260e-02 
3.302660e-01 	4.310852e-02 
3.303980e-01 	4.307445e-02 
3.305290e-01 	4.304067e-02 
3.306610e-01 	4.300664e-02 
3.307920e-01 	4.297289e-02 
3.309240e-01 	4.293890e-02 
3.310550e-01 	4.290519e-02 
3.311870e-01 	4.287124e-02 
3.313180e-01 	4.283756e-02 
3.314500e-01 	4.280365e-02 
3.315810e-01 	4.277001e-02 
3.317130e-01 	4.273613e-02 
3.318440e-01 	4.270252e-02 
3.319760e-01 	4.266867e-02 
3.321080e-01 	4.263484e-02 
3.322390e-01 	4.260128e-02 
3.323710e-01 	4.256747e-02 
3.325020e-01 	4.253394e-02 
3.326340e-01 	4.250017e-02 
3.327650e-01 	4.246667e-02 
3.328970e-01 	4.243293e-02 
3.330280e-01 	4.239946e-02 
3.331600e-01 	4.236575e-02 
3.332920e-01 	4.233205e-02 
3.334230e-01 	4.229861e-02 
3.335540e-01 	4.226520e-02 
3.336860e-01 	4.223153e-02 
3.338180e-01 	4.219789e-02 
3.339490e-01 	4.216450e-02 
3.340810e-01 	4.213088e-02 
3.342120e-01 	4.209752e-02 
3.343440e-01 	4.206392e-02 
3.344750e-01 	4.203058e-02 
3.346070e-01 	4.199701e-02 
3.347380e-01 	4.196369e-02 
3.348700e-01 	4.193013e-02 
3.350010e-01 	4.189684e-02 
3.351330e-01 	4.186330e-02 
3.352650e-01 	4.182977e-02 
3.353960e-01 	4.179650e-02 
3.355280e-01 	4.176299e-02 
3.356590e-01 	4.172974e-02 
3.357910e-01 	4.169624e-02 
3.359220e-01 	4.166301e-02 
3.360540e-01 	4.162953e-02 
3.361850e-01 	4.159631e-02 
3.363170e-01 	4.156285e-02 
3.364480e-01 	4.152964e-02 
3.365800e-01 	4.149619e-02 
3.367120e-01 	4.146275e-02 
3.368430e-01 	4.142956e-02 
3.369750e-01 	4.139613e-02 
3.371060e-01 	4.136295e-02 
3.372380e-01 	4.132953e-02 
3.373690e-01 	4.129637e-02 
3.375010e-01 	4.126295e-02 
3.376320e-01 	4.122980e-02 
3.377640e-01 	4.119639e-02 
3.378950e-01 	4.116325e-02 
3.380270e-01 	4.112985e-02 
3.381580e-01 	4.109671e-02 
3.382900e-01 	4.106331e-02 
3.384210e-01 	4.103018e-02 
3.385530e-01 	4.099679e-02 
3.386850e-01 	4.096341e-02 
3.388160e-01 	4.093028e-02 
3.389480e-01 	4.089690e-02 
3.390790e-01 	4.086377e-02 
3.392110e-01 	4.083039e-02 
3.393420e-01 	4.079727e-02 
3.394740e-01 	4.076389e-02 
3.396050e-01 	4.073076e-02 
3.397370e-01 	4.069739e-02 
3.398690e-01 	4.066401e-02 
3.400000e-01 	4.063088e-02 
