#q 	 Ifit_avg 
1.006700e-02 	1.000000e+00 
1.053900e-02 	9.927609e-01 
1.101100e-02 	9.855163e-01 
1.148300e-02 	9.782606e-01 
1.195500e-02 	9.709877e-01 
1.242700e-02 	9.636925e-01 
1.289900e-02 	9.563691e-01 
1.337100e-02 	9.490117e-01 
1.384200e-02 	9.416149e-01 
1.431400e-02 	9.341729e-01 
1.478600e-02 	9.266800e-01 
1.525800e-02 	9.191307e-01 
1.573000e-02 	9.115193e-01 
1.620200e-02 	9.038399e-01 
1.667400e-02 	8.960872e-01 
1.714600e-02 	8.882554e-01 
1.761800e-02 	8.803389e-01 
1.809000e-02 	8.723326e-01 
1.856100e-02 	8.642316e-01 
1.903300e-02 	8.560316e-01 
1.950500e-02 	8.477301e-01 
1.997700e-02 	8.393253e-01 
2.044900e-02 	8.308170e-01 
2.092100e-02 	8.222070e-01 
2.139300e-02 	8.134984e-01 
2.186500e-02 	8.046955e-01 
2.233700e-02 	7.958045e-01 
2.280900e-02 	7.868321e-01 
2.328100e-02 	7.777862e-01 
2.375200e-02 	7.686759e-01 
2.422400e-02 	7.595101e-01 
2.469600e-02 	7.502982e-01 
2.516800e-02 	7.410503e-01 
2.564000e-02 	7.317756e-01 
2.611200e-02 	7.224835e-01 
2.658400e-02 	7.131833e-01 
2.705600e-02 	7.038837e-01 
2.752800e-02 	6.945929e-01 
2.800000e-02 	6.853194e-01 
2.847100e-02 	6.760707e-01 
2.894300e-02 	6.668535e-01 
2.941500e-02 	6.576751e-01 
2.988700e-02 	6.485414e-01 
3.035900e-02 	6.394581e-01 
3.083100e-02 	6.304306e-01 
3.130300e-02 	6.214639e-01 
3.177500e-02 	6.125620e-01 
3.224700e-02 	6.037294e-01 
3.271900e-02 	5.949697e-01 
3.319000e-02 	5.862861e-01 
3.366200e-02 	5.776820e-01 
3.413400e-02 	5.691599e-01 
3.460600e-02 	5.607221e-01 
3.507800e-02 	5.523711e-01 
3.555000e-02 	5.441087e-01 
3.602200e-02 	5.359365e-01 
3.649400e-02 	5.278562e-01 
3.696600e-02 	5.198691e-01 
3.743800e-02 	5.119760e-01 
3.791000e-02 	5.041782e-01 
3.838100e-02 	4.964764e-01 
3.885300e-02 	4.888711e-01 
3.932500e-02 	4.813632e-01 
3.979700e-02 	4.739528e-01 
4.026900e-02 	4.666402e-01 
4.074100e-02 	4.594259e-01 
4.121300e-02 	4.523099e-01 
4.168500e-02 	4.452922e-01 
4.215700e-02 	4.383729e-01 
4.262900e-02 	4.315519e-01 
4.310000e-02 	4.248289e-01 
4.357200e-02 	4.182040e-01 
4.404400e-02 	4.116766e-01 
4.451600e-02 	4.052464e-01 
4.498800e-02 	3.989133e-01 
4.546000e-02 	3.926764e-01 
4.593200e-02 	3.865356e-01 
4.640400e-02 	3.804902e-01 
4.687600e-02 	3.745393e-01 
4.734800e-02 	3.686826e-01 
4.781900e-02 	3.629193e-01 
4.829100e-02 	3.572485e-01 
4.876300e-02 	3.516696e-01 
4.923500e-02 	3.461816e-01 
4.970700e-02 	3.407837e-01 
5.017900e-02 	3.354750e-01 
5.065100e-02 	3.302546e-01 
5.112300e-02 	3.251213e-01 
5.159500e-02 	3.200745e-01 
5.206700e-02 	3.151129e-01 
5.253900e-02 	3.102355e-01 
5.301000e-02 	3.054413e-01 
5.348200e-02 	3.007293e-01 
5.395400e-02 	2.960983e-01 
5.442600e-02 	2.915474e-01 
5.489800e-02 	2.870753e-01 
5.537000e-02 	2.826810e-01 
5.584200e-02 	2.783636e-01 
5.631400e-02 	2.741217e-01 
5.678600e-02 	2.699543e-01 
5.725800e-02 	2.658603e-01 
5.772900e-02 	2.618388e-01 
5.820100e-02 	2.578883e-01 
5.867300e-02 	2.540080e-01 
5.914500e-02 	2.501966e-01 
5.961700e-02 	2.464530e-01 
6.008900e-02 	2.427762e-01 
6.056100e-02 	2.391650e-01 
6.103300e-02 	2.356182e-01 
6.150500e-02 	2.321349e-01 
6.197700e-02 	2.287138e-01 
6.244800e-02 	2.253539e-01 
6.292000e-02 	2.220542e-01 
6.339200e-02 	2.188135e-01 
6.386400e-02 	2.156308e-01 
6.433600e-02 	2.125051e-01 
6.480800e-02 	2.094352e-01 
6.528000e-02 	2.064201e-01 
6.575200e-02 	2.034590e-01 
6.622400e-02 	2.005507e-01 
6.669600e-02 	1.976943e-01 
6.716800e-02 	1.948888e-01 
6.763900e-02 	1.921331e-01 
6.811100e-02 	1.894263e-01 
6.858300e-02 	1.867677e-01 
6.905500e-02 	1.841563e-01 
6.952700e-02 	1.815910e-01 
6.999900e-02 	1.790712e-01 
7.047100e-02 	1.765959e-01 
7.094300e-02 	1.741642e-01 
7.141500e-02 	1.717755e-01 
7.188700e-02 	1.694289e-01 
7.235800e-02 	1.671235e-01 
7.283000e-02 	1.648587e-01 
7.330200e-02 	1.626337e-01 
7.377400e-02 	1.604477e-01 
7.424600e-02 	1.583001e-01 
7.471800e-02 	1.561901e-01 
7.519000e-02 	1.541169e-01 
7.566200e-02 	1.520800e-01 
7.613400e-02 	1.500788e-01 
7.660600e-02 	1.481125e-01 
7.707700e-02 	1.461805e-01 
7.754900e-02 	1.442822e-01 
7.802100e-02 	1.424168e-01 
7.849300e-02 	1.405839e-01 
7.896500e-02 	1.387828e-01 
7.943700e-02 	1.370130e-01 
7.990900e-02 	1.352738e-01 
8.038100e-02 	1.335648e-01 
8.085300e-02 	1.318853e-01 
8.132500e-02 	1.302348e-01 
8.179700e-02 	1.286127e-01 
8.226800e-02 	1.270185e-01 
8.274000e-02 	1.254517e-01 
8.321200e-02 	1.239117e-01 
8.368400e-02 	1.223982e-01 
8.415600e-02 	1.209107e-01 
8.462800e-02 	1.194485e-01 
8.510000e-02 	1.180113e-01 
8.557200e-02 	1.165986e-01 
8.604400e-02 	1.152098e-01 
8.651600e-02 	1.138447e-01 
8.698700e-02 	1.125027e-01 
8.745900e-02 	1.111833e-01 
8.793100e-02 	1.098863e-01 
8.840300e-02 	1.086112e-01 
8.887500e-02 	1.073574e-01 
8.934700e-02 	1.061246e-01 
8.981900e-02 	1.049125e-01 
9.029100e-02 	1.037206e-01 
9.076300e-02 	1.025485e-01 
9.123500e-02 	1.013960e-01 
9.170700e-02 	1.002626e-01 
9.217800e-02 	9.914797e-02 
9.265000e-02 	9.805174e-02 
9.312200e-02 	9.697350e-02 
9.359400e-02 	9.591296e-02 
9.406600e-02 	9.486977e-02 
9.453800e-02 	9.384358e-02 
9.501000e-02 	9.283412e-02 
9.548200e-02 	9.184106e-02 
9.595400e-02 	9.086406e-02 
9.642600e-02 	8.990284e-02 
9.689700e-02 	8.895705e-02 
9.736900e-02 	8.802635e-02 
9.784100e-02 	8.711049e-02 
9.831300e-02 	8.620917e-02 
9.878500e-02 	8.532211e-02 
9.925700e-02 	8.444910e-02 
9.972900e-02 	8.358985e-02 
1.002010e-01 	8.274398e-02 
1.006730e-01 	8.191141e-02 
1.011450e-01 	8.109176e-02 
1.016160e-01 	8.028478e-02 
1.020880e-01 	7.949023e-02 
1.025600e-01 	7.870786e-02 
1.030320e-01 	7.793746e-02 
1.035040e-01 	7.717882e-02 
1.039760e-01 	7.643170e-02 
1.044480e-01 	7.569588e-02 
1.049200e-01 	7.497114e-02 
1.053920e-01 	7.425726e-02 
1.058640e-01 	7.355406e-02 
1.063360e-01 	7.286133e-02 
1.068070e-01 	7.217887e-02 
1.072790e-01 	7.150650e-02 
1.077510e-01 	7.084401e-02 
1.082230e-01 	7.019124e-02 
1.086950e-01 	6.954801e-02 
1.091670e-01 	6.891414e-02 
1.096390e-01 	6.828944e-02 
1.101110e-01 	6.767376e-02 
1.105830e-01 	6.706693e-02 
1.110550e-01 	6.646880e-02 
1.115260e-01 	6.587923e-02 
1.119980e-01 	6.529806e-02 
1.124700e-01 	6.472516e-02 
1.129420e-01 	6.416037e-02 
1.134140e-01 	6.360342e-02 
1.138860e-01 	6.305440e-02 
1.143580e-01 	6.251306e-02 
1.148300e-01 	6.197922e-02 
1.153020e-01 	6.145277e-02 
1.157740e-01 	6.093356e-02 
1.162460e-01 	6.042149e-02 
1.167170e-01 	5.991646e-02 
1.171890e-01 	5.941834e-02 
1.176610e-01 	5.892704e-02 
1.181330e-01 	5.844243e-02 
1.186050e-01 	5.796440e-02 
1.190770e-01 	5.749283e-02 
1.195490e-01 	5.702760e-02 
1.200210e-01 	5.656859e-02 
1.204930e-01 	5.611570e-02 
1.209650e-01 	5.566882e-02 
1.214360e-01 	5.522783e-02 
1.219080e-01 	5.479264e-02 
1.223800e-01 	5.436317e-02 
1.228520e-01 	5.393932e-02 
1.233240e-01 	5.352099e-02 
1.237960e-01 	5.310811e-02 
1.242680e-01 	5.270056e-02 
1.247400e-01 	5.229827e-02 
1.252120e-01 	5.190115e-02 
1.256840e-01 	5.150912e-02 
1.261550e-01 	5.112210e-02 
1.266270e-01 	5.073999e-02 
1.270990e-01 	5.036272e-02 
1.275710e-01 	4.999012e-02 
1.280430e-01 	4.962226e-02 
1.285150e-01 	4.925900e-02 
1.289870e-01 	4.890024e-02 
1.294590e-01 	4.854594e-02 
1.299310e-01 	4.819601e-02 
1.304030e-01 	4.785040e-02 
1.308750e-01 	4.750903e-02 
1.313460e-01 	4.717183e-02 
1.318180e-01 	4.683874e-02 
1.322900e-01 	4.650970e-02 
1.327620e-01 	4.618462e-02 
1.332340e-01 	4.586345e-02 
1.337060e-01 	4.554612e-02 
1.341780e-01 	4.523256e-02 
1.346500e-01 	4.492271e-02 
1.351220e-01 	4.461651e-02 
1.355940e-01 	4.431389e-02 
1.360650e-01 	4.401481e-02 
1.365370e-01 	4.371922e-02 
1.370090e-01 	4.342705e-02 
1.374810e-01 	4.313826e-02 
1.379530e-01 	4.285279e-02 
1.384250e-01 	4.257060e-02 
1.388970e-01 	4.229162e-02 
1.393690e-01 	4.201581e-02 
1.398410e-01 	4.174312e-02 
1.403130e-01 	4.147349e-02 
1.407840e-01 	4.120689e-02 
1.412560e-01 	4.094321e-02 
1.417280e-01 	4.068252e-02 
1.422000e-01 	4.042472e-02 
1.426720e-01 	4.016976e-02 
1.431440e-01 	3.991760e-02 
1.436160e-01 	3.966821e-02 
1.440880e-01 	3.942153e-02 
1.445600e-01 	3.917754e-02 
1.450320e-01 	3.893619e-02 
1.455040e-01 	3.869744e-02 
1.459750e-01 	3.846125e-02 
1.464470e-01 	3.822759e-02 
1.469190e-01 	3.799643e-02 
1.473910e-01 	3.776772e-02 
1.478630e-01 	3.754144e-02 
1.483350e-01 	3.731755e-02 
1.488070e-01 	3.709602e-02 
1.492790e-01 	3.687682e-02 
1.497510e-01 	3.665991e-02 
1.502230e-01 	3.644526e-02 
1.506940e-01 	3.623284e-02 
1.511660e-01 	3.602261e-02 
1.516380e-01 	3.581456e-02 
1.521100e-01 	3.560864e-02 
1.525820e-01 	3.540483e-02 
1.530540e-01 	3.520311e-02 
1.535260e-01 	3.500345e-02 
1.539980e-01 	3.480582e-02 
1.544700e-01 	3.461020e-02 
1.549420e-01 	3.441656e-02 
1.554140e-01 	3.422484e-02 
1.558850e-01 	3.403509e-02 
1.563570e-01 	3.384725e-02 
1.568290e-01 	3.366129e-02 
1.573010e-01 	3.347718e-02 
1.577730e-01 	3.329490e-02 
1.582450e-01 	3.311443e-02 
1.587170e-01 	3.293575e-02 
1.591890e-01 	3.275883e-02 
1.596610e-01 	3.258366e-02 
1.601330e-01 	3.241021e-02 
1.606040e-01 	3.223847e-02 
1.610760e-01 	3.206841e-02 
1.615480e-01 	3.190001e-02 
1.620200e-01 	3.173325e-02 
1.624920e-01 	3.156812e-02 
1.629640e-01 	3.140459e-02 
1.634360e-01 	3.124265e-02 
1.639080e-01 	3.108227e-02 
1.643800e-01 	3.092344e-02 
1.648520e-01 	3.076614e-02 
1.653230e-01 	3.061034e-02 
1.657950e-01 	3.045604e-02 
1.662670e-01 	3.030320e-02 
1.667390e-01 	3.015183e-02 
1.672110e-01 	3.000189e-02 
1.676830e-01 	2.985336e-02 
1.681550e-01 	2.970624e-02 
1.686270e-01 	2.956050e-02 
1.690990e-01 	2.941610e-02 
1.695710e-01 	2.927308e-02 
1.700430e-01 	2.913140e-02 
1.705140e-01 	2.899103e-02 
1.709860e-01 	2.885196e-02 
1.714580e-01 	2.871417e-02 
1.719300e-01 	2.857766e-02 
1.724020e-01 	2.844240e-02 
1.728740e-01 	2.830837e-02 
1.733460e-01 	2.817557e-02 
1.738180e-01 	2.804399e-02 
1.742900e-01 	2.791359e-02 
1.747620e-01 	2.778438e-02 
1.752330e-01 	2.765634e-02 
1.757050e-01 	2.752945e-02 
1.761770e-01 	2.740370e-02 
1.766490e-01 	2.727908e-02 
1.771210e-01 	2.715557e-02 
1.775930e-01 	2.703316e-02 
1.780650e-01 	2.691183e-02 
1.785370e-01 	2.679158e-02 
1.790090e-01 	2.667238e-02 
1.794810e-01 	2.655423e-02 
1.799520e-01 	2.643710e-02 
1.804240e-01 	2.632099e-02 
1.808960e-01 	2.620589e-02 
1.813680e-01 	2.609178e-02 
1.818400e-01 	2.597865e-02 
1.823120e-01 	2.586649e-02 
1.827840e-01 	2.575529e-02 
1.832560e-01 	2.564501e-02 
1.837280e-01 	2.553569e-02 
1.842000e-01 	2.542730e-02 
1.846720e-01 	2.531982e-02 
1.851430e-01 	2.521325e-02 
1.856150e-01 	2.510758e-02 
1.860870e-01 	2.500279e-02 
1.865590e-01 	2.489887e-02 
1.870310e-01 	2.479582e-02 
1.875030e-01 	2.469362e-02 
1.879750e-01 	2.459227e-02 
1.884470e-01 	2.449175e-02 
1.889190e-01 	2.439205e-02 
1.893910e-01 	2.429317e-02 
1.898620e-01 	2.419509e-02 
1.903340e-01 	2.409780e-02 
1.908060e-01 	2.400130e-02 
1.912780e-01 	2.390557e-02 
1.917500e-01 	2.381061e-02 
1.922220e-01 	2.371641e-02 
1.926940e-01 	2.362295e-02 
1.931660e-01 	2.353024e-02 
1.936380e-01 	2.343826e-02 
1.941100e-01 	2.334701e-02 
1.945810e-01 	2.325647e-02 
1.950530e-01 	2.316665e-02 
1.955250e-01 	2.307753e-02 
1.959970e-01 	2.298910e-02 
1.964690e-01 	2.290137e-02 
1.969410e-01 	2.281432e-02 
1.974130e-01 	2.272792e-02 
1.978850e-01 	2.264221e-02 
1.983570e-01 	2.255717e-02 
1.988290e-01 	2.247277e-02 
1.993000e-01 	2.238903e-02 
1.997720e-01 	2.230592e-02 
2.002440e-01 	2.222345e-02 
2.007160e-01 	2.214161e-02 
2.011880e-01 	2.206039e-02 
2.016600e-01 	2.197978e-02 
2.021320e-01 	2.189979e-02 
2.026040e-01 	2.182039e-02 
2.030760e-01 	2.174160e-02 
2.035480e-01 	2.166340e-02 
2.040200e-01 	2.158579e-02 
2.044910e-01 	2.150875e-02 
2.049630e-01 	2.143229e-02 
2.054350e-01 	2.135641e-02 
2.059070e-01 	2.128109e-02 
2.063790e-01 	2.120633e-02 
2.068510e-01 	2.113212e-02 
2.073230e-01 	2.105847e-02 
2.077950e-01 	2.098536e-02 
2.082670e-01 	2.091280e-02 
2.087380e-01 	2.084077e-02 
2.092100e-01 	2.076927e-02 
2.096820e-01 	2.069830e-02 
2.101540e-01 	2.062786e-02 
2.106260e-01 	2.055794e-02 
2.110980e-01 	2.048851e-02 
2.115700e-01 	2.041961e-02 
2.120420e-01 	2.035121e-02 
2.125140e-01 	2.028332e-02 
2.129860e-01 	2.021592e-02 
2.134580e-01 	2.014901e-02 
2.139300e-01 	2.008259e-02 
2.144010e-01 	2.001665e-02 
2.148730e-01 	1.995118e-02 
2.153450e-01 	1.988619e-02 
2.158170e-01 	1.982167e-02 
2.162890e-01 	1.975761e-02 
2.167610e-01 	1.969400e-02 
2.172330e-01 	1.963086e-02 
2.177050e-01 	1.956816e-02 
2.181770e-01 	1.950590e-02 
2.186480e-01 	1.944409e-02 
2.191200e-01 	1.938272e-02 
2.195920e-01 	1.932178e-02 
2.200640e-01 	1.926128e-02 
2.205360e-01 	1.920119e-02 
2.210080e-01 	1.914153e-02 
2.214800e-01 	1.908229e-02 
2.219520e-01 	1.902346e-02 
2.224240e-01 	1.896504e-02 
2.228960e-01 	1.890702e-02 
2.233670e-01 	1.884940e-02 
2.238390e-01 	1.879218e-02 
2.243110e-01 	1.873535e-02 
2.247830e-01 	1.867891e-02 
2.252550e-01 	1.862284e-02 
2.257270e-01 	1.856716e-02 
2.261990e-01 	1.851185e-02 
2.266710e-01 	1.845691e-02 
2.271430e-01 	1.840234e-02 
2.276150e-01 	1.834813e-02 
2.280870e-01 	1.829428e-02 
2.285590e-01 	1.824079e-02 
2.290300e-01 	1.818764e-02 
2.295020e-01 	1.813484e-02 
2.299740e-01 	1.808239e-02 
2.304460e-01 	1.803028e-02 
2.309180e-01 	1.797850e-02 
2.313900e-01 	1.792706e-02 
2.318620e-01 	1.787594e-02 
2.323340e-01 	1.782516e-02 
2.328060e-01 	1.777470e-02 
2.332770e-01 	1.772456e-02 
2.337490e-01 	1.767473e-02 
2.342210e-01 	1.762523e-02 
2.346930e-01 	1.757603e-02 
2.351650e-01 	1.752715e-02 
2.356370e-01 	1.747857e-02 
2.361090e-01 	1.743030e-02 
2.365810e-01 	1.738232e-02 
2.370530e-01 	1.733465e-02 
2.375250e-01 	1.728727e-02 
2.379960e-01 	1.724019e-02 
2.384680e-01 	1.719340e-02 
2.389400e-01 	1.714688e-02 
2.394120e-01 	1.710066e-02 
2.398840e-01 	1.705473e-02 
2.403560e-01 	1.700907e-02 
2.408280e-01 	1.696370e-02 
2.413000e-01 	1.691860e-02 
2.417720e-01 	1.687378e-02 
2.422440e-01 	1.682923e-02 
2.427160e-01 	1.678496e-02 
2.431880e-01 	1.674095e-02 
2.436590e-01 	1.669721e-02 
2.441310e-01 	1.665374e-02 
2.446030e-01 	1.661052e-02 
2.450750e-01 	1.656757e-02 
2.455470e-01 	1.652488e-02 
2.460190e-01 	1.648245e-02 
2.464910e-01 	1.644027e-02 
2.469630e-01 	1.639834e-02 
2.474350e-01 	1.635667e-02 
2.479070e-01 	1.631525e-02 
2.483780e-01 	1.627407e-02 
2.488500e-01 	1.623315e-02 
2.493220e-01 	1.619246e-02 
2.497940e-01 	1.615202e-02 
2.502660e-01 	1.611183e-02 
2.507380e-01 	1.607187e-02 
2.512100e-01 	1.603214e-02 
2.516820e-01 	1.599265e-02 
2.521540e-01 	1.595340e-02 
2.526260e-01 	1.591437e-02 
2.530980e-01 	1.587557e-02 
2.535690e-01 	1.583699e-02 
2.540410e-01 	1.579865e-02 
2.545130e-01 	1.576052e-02 
2.549850e-01 	1.572262e-02 
2.554570e-01 	1.568493e-02 
2.559290e-01 	1.564746e-02 
2.564010e-01 	1.561021e-02 
2.568730e-01 	1.557316e-02 
2.573450e-01 	1.553633e-02 
2.578170e-01 	1.549970e-02 
2.582880e-01 	1.546328e-02 
2.587600e-01 	1.542706e-02 
2.592320e-01 	1.539103e-02 
2.597040e-01 	1.535521e-02 
2.601760e-01 	1.531958e-02 
2.606480e-01 	1.528415e-02 
2.611200e-01 	1.524890e-02 
2.615920e-01 	1.521385e-02 
2.620640e-01 	1.517898e-02 
2.625350e-01 	1.514429e-02 
2.630070e-01 	1.510979e-02 
2.634790e-01 	1.507547e-02 
2.639510e-01 	1.504132e-02 
2.644230e-01 	1.500736e-02 
2.648950e-01 	1.497356e-02 
2.653670e-01 	1.493994e-02 
2.658390e-01 	1.490649e-02 
2.663110e-01 	1.487321e-02 
2.667830e-01 	1.484009e-02 
2.672550e-01 	1.480713e-02 
2.677260e-01 	1.477434e-02 
2.681980e-01 	1.474170e-02 
2.686700e-01 	1.470923e-02 
2.691420e-01 	1.467691e-02 
2.696140e-01 	1.464475e-02 
2.700860e-01 	1.461273e-02 
2.705580e-01 	1.458088e-02 
2.710300e-01 	1.454917e-02 
2.715020e-01 	1.451760e-02 
2.719740e-01 	1.448619e-02 
2.724460e-01 	1.445492e-02 
2.729170e-01 	1.442379e-02 
2.733890e-01 	1.439281e-02 
2.738610e-01 	1.436197e-02 
2.743330e-01 	1.433127e-02 
2.748050e-01 	1.430071e-02 
2.752770e-01 	1.427029e-02 
2.757490e-01 	1.424000e-02 
2.762210e-01 	1.420985e-02 
2.766930e-01 	1.417984e-02 
2.771640e-01 	1.414996e-02 
2.776360e-01 	1.412021e-02 
2.781080e-01 	1.409060e-02 
2.785800e-01 	1.406112e-02 
2.790520e-01 	1.403177e-02 
2.795240e-01 	1.400255e-02 
2.799960e-01 	1.397346e-02 
2.804680e-01 	1.394450e-02 
2.809400e-01 	1.391566e-02 
2.814120e-01 	1.388696e-02 
2.818840e-01 	1.385838e-02 
2.823550e-01 	1.382994e-02 
2.828270e-01 	1.380162e-02 
2.832990e-01 	1.377343e-02 
2.837710e-01 	1.374536e-02 
2.842430e-01 	1.371742e-02 
2.847150e-01 	1.368961e-02 
2.851870e-01 	1.366192e-02 
2.856590e-01 	1.363435e-02 
2.861310e-01 	1.360691e-02 
2.866030e-01 	1.357959e-02 
2.870750e-01 	1.355240e-02 
2.875460e-01 	1.352533e-02 
2.880180e-01 	1.349838e-02 
2.884900e-01 	1.347156e-02 
2.889620e-01 	1.344486e-02 
2.894340e-01 	1.341827e-02 
2.899060e-01 	1.339181e-02 
2.903780e-01 	1.336547e-02 
2.908500e-01 	1.333925e-02 
2.913220e-01 	1.331315e-02 
2.917930e-01 	1.328717e-02 
2.922650e-01 	1.326130e-02 
2.927370e-01 	1.323556e-02 
2.932090e-01 	1.320993e-02 
2.936810e-01 	1.318441e-02 
2.941530e-01 	1.315901e-02 
2.946250e-01 	1.313373e-02 
2.950970e-01 	1.310856e-02 
2.955690e-01 	1.308351e-02 
2.960410e-01 	1.305857e-02 
2.965130e-01 	1.303374e-02 
2.969840e-01 	1.300903e-02 
2.974560e-01 	1.298442e-02 
2.979280e-01 	1.295993e-02 
2.984000e-01 	1.293555e-02 
2.988720e-01 	1.291128e-02 
2.993440e-01 	1.288711e-02 
2.998160e-01 	1.286306e-02 
3.002880e-01 	1.283911e-02 
3.007600e-01 	1.281526e-02 
3.012320e-01 	1.279152e-02 
3.017040e-01 	1.276789e-02 
3.021750e-01 	1.274435e-02 
3.026470e-01 	1.272092e-02 
3.031190e-01 	1.269760e-02 
3.035910e-01 	1.267437e-02 
3.040630e-01 	1.265124e-02 
3.045350e-01 	1.262821e-02 
3.050070e-01 	1.260528e-02 
3.054790e-01 	1.258245e-02 
3.059510e-01 	1.255971e-02 
3.064230e-01 	1.253707e-02 
3.068940e-01 	1.251452e-02 
3.073660e-01 	1.249206e-02 
3.078380e-01 	1.246970e-02 
3.083100e-01 	1.244743e-02 
3.087820e-01 	1.242524e-02 
3.092540e-01 	1.240314e-02 
3.097260e-01 	1.238114e-02 
3.101980e-01 	1.235922e-02 
3.106700e-01 	1.233738e-02 
3.111420e-01 	1.231564e-02 
3.116130e-01 	1.229397e-02 
3.120850e-01 	1.227239e-02 
3.125570e-01 	1.225089e-02 
3.130290e-01 	1.222947e-02 
3.135010e-01 	1.220813e-02 
3.139730e-01 	1.218687e-02 
3.144450e-01 	1.216569e-02 
3.149170e-01 	1.214458e-02 
3.153890e-01 	1.212355e-02 
3.158610e-01 	1.210260e-02 
3.163330e-01 	1.208172e-02 
3.168040e-01 	1.206091e-02 
3.172760e-01 	1.204017e-02 
3.177480e-01 	1.201951e-02 
3.182200e-01 	1.199891e-02 
3.186920e-01 	1.197839e-02 
3.191640e-01 	1.195793e-02 
3.196360e-01 	1.193754e-02 
3.201080e-01 	1.191721e-02 
3.205800e-01 	1.189696e-02 
3.210520e-01 	1.187676e-02 
3.215230e-01 	1.185663e-02 
3.219950e-01 	1.183657e-02 
3.224670e-01 	1.181656e-02 
3.229390e-01 	1.179661e-02 
3.234110e-01 	1.177673e-02 
3.238830e-01 	1.175691e-02 
3.243550e-01 	1.173715e-02 
3.248270e-01 	1.171745e-02 
3.252990e-01 	1.169781e-02 
3.257710e-01 	1.167822e-02 
3.262420e-01 	1.165869e-02 
3.267140e-01 	1.163922e-02 
3.271860e-01 	1.161980e-02 
3.276580e-01 	1.160044e-02 
3.281300e-01 	1.158113e-02 
3.286020e-01 	1.156188e-02 
3.290740e-01 	1.154268e-02 
3.295460e-01 	1.152354e-02 
3.300180e-01 	1.150444e-02 
3.304900e-01 	1.148540e-02 
3.309620e-01 	1.146642e-02 
3.314330e-01 	1.144748e-02 
3.319050e-01 	1.142860e-02 
3.323770e-01 	1.140976e-02 
3.328490e-01 	1.139098e-02 
3.333210e-01 	1.137225e-02 
3.337930e-01 	1.135356e-02 
3.342650e-01 	1.133493e-02 
3.347370e-01 	1.131635e-02 
3.352090e-01 	1.129781e-02 
3.356810e-01 	1.127933e-02 
3.361520e-01 	1.126089e-02 
3.366240e-01 	1.124250e-02 
3.370960e-01 	1.122415e-02 
3.375680e-01 	1.120586e-02 
3.380400e-01 	1.118762e-02 
3.385120e-01 	1.116942e-02 
3.389840e-01 	1.115127e-02 
3.394560e-01 	1.113316e-02 
3.399280e-01 	1.111511e-02 
3.404000e-01 	1.109710e-02 
3.408710e-01 	1.107913e-02 
3.413430e-01 	1.106122e-02 
3.418150e-01 	1.104334e-02 
3.422870e-01 	1.102552e-02 
3.427590e-01 	1.100774e-02 
3.432310e-01 	1.099000e-02 
3.437030e-01 	1.097230e-02 
3.441750e-01 	1.095465e-02 
3.446470e-01 	1.093705e-02 
3.451190e-01 	1.091948e-02 
3.455910e-01 	1.090196e-02 
3.460620e-01 	1.088448e-02 
3.465340e-01 	1.086704e-02 
3.470060e-01 	1.084965e-02 
3.474780e-01 	1.083229e-02 
3.479500e-01 	1.081498e-02 
3.484220e-01 	1.079771e-02 
3.488940e-01 	1.078048e-02 
3.493660e-01 	1.076328e-02 
3.498380e-01 	1.074613e-02 
3.503100e-01 	1.072902e-02 
3.507820e-01 	1.071194e-02 
3.512530e-01 	1.069490e-02 
3.517250e-01 	1.067791e-02 
3.521970e-01 	1.066095e-02 
3.526690e-01 	1.064402e-02 
3.531410e-01 	1.062713e-02 
3.536130e-01 	1.061028e-02 
3.540850e-01 	1.059347e-02 
3.545570e-01 	1.057668e-02 
3.550290e-01 	1.055994e-02 
3.555000e-01 	1.054322e-02 
3.559720e-01 	1.052654e-02 
3.564440e-01 	1.050990e-02 
3.569160e-01 	1.049328e-02 
3.573880e-01 	1.047670e-02 
3.578600e-01 	1.046016e-02 
3.583320e-01 	1.044364e-02 
3.588040e-01 	1.042715e-02 
3.592760e-01 	1.041070e-02 
3.597480e-01 	1.039427e-02 
3.602200e-01 	1.037788e-02 
3.606910e-01 	1.036151e-02 
3.611630e-01 	1.034518e-02 
3.616350e-01 	1.032887e-02 
3.621070e-01 	1.031260e-02 
3.625790e-01 	1.029635e-02 
3.630510e-01 	1.028013e-02 
3.635230e-01 	1.026394e-02 
3.639950e-01 	1.024778e-02 
3.644670e-01 	1.023164e-02 
3.649390e-01 	1.021553e-02 
3.654110e-01 	1.019945e-02 
3.658820e-01 	1.018339e-02 
3.663540e-01 	1.016737e-02 
3.668260e-01 	1.015137e-02 
3.672980e-01 	1.013539e-02 
3.677700e-01 	1.011944e-02 
3.682420e-01 	1.010352e-02 
3.687140e-01 	1.008763e-02 
3.691860e-01 	1.007176e-02 
3.696580e-01 	1.005592e-02 
3.701300e-01 	1.004010e-02 
3.706010e-01 	1.002431e-02 
3.710730e-01 	1.000855e-02 
3.715450e-01 	9.992813e-03 
3.720170e-01 	9.977103e-03 
3.724890e-01 	9.961419e-03 
3.729610e-01 	9.945761e-03 
3.734330e-01 	9.930129e-03 
3.739050e-01 	9.914524e-03 
3.743770e-01 	9.898945e-03 
3.748490e-01 	9.883393e-03 
3.753200e-01 	9.867866e-03 
3.757920e-01 	9.852367e-03 
3.762640e-01 	9.836893e-03 
3.767360e-01 	9.821446e-03 
3.772080e-01 	9.806026e-03 
3.776800e-01 	9.790632e-03 
3.781520e-01 	9.775264e-03 
3.786240e-01 	9.759923e-03 
3.790960e-01 	9.744605e-03 
3.795680e-01 	9.729317e-03 
3.800400e-01 	9.714055e-03 
3.805110e-01 	9.698820e-03 
3.809830e-01 	9.683612e-03 
3.814550e-01 	9.668431e-03 
3.819270e-01 	9.653277e-03 
3.823990e-01 	9.638149e-03 
3.828710e-01 	9.623049e-03 
3.833430e-01 	9.607976e-03 
3.838150e-01 	9.592930e-03 
3.842870e-01 	9.577910e-03 
3.847590e-01 	9.562918e-03 
3.852300e-01 	9.547953e-03 
3.857020e-01 	9.533015e-03 
3.861740e-01 	9.518104e-03 
3.866460e-01 	9.503220e-03 
3.871180e-01 	9.488363e-03 
3.875900e-01 	9.473532e-03 
3.880620e-01 	9.458729e-03 
3.885340e-01 	9.443951e-03 
3.890060e-01 	9.429201e-03 
3.894780e-01 	9.414476e-03 
3.899490e-01 	9.399779e-03 
3.904210e-01 	9.385107e-03 
3.908930e-01 	9.370462e-03 
3.913650e-01 	9.355843e-03 
3.918370e-01 	9.341251e-03 
3.923090e-01 	9.326686e-03 
3.927810e-01 	9.312143e-03 
3.932530e-01 	9.297631e-03 
3.937250e-01 	9.283144e-03 
3.941970e-01 	9.268685e-03 
3.946690e-01 	9.254252e-03 
3.951400e-01 	9.239845e-03 
3.956120e-01 	9.225465e-03 
3.960840e-01 	9.211111e-03 
3.965560e-01 	9.196785e-03 
3.970280e-01 	9.182484e-03 
3.975000e-01 	9.168210e-03 
3.979720e-01 	9.153962e-03 
3.984440e-01 	9.139740e-03 
3.989160e-01 	9.125544e-03 
3.993880e-01 	9.111375e-03 
3.998590e-01 	9.097231e-03 
4.003310e-01 	9.083114e-03 
4.008030e-01 	9.069023e-03 
4.012750e-01 	9.054958e-03 
4.017470e-01 	9.040920e-03 
4.022190e-01 	9.026909e-03 
4.026910e-01 	9.012924e-03 
4.031630e-01 	8.998966e-03 
4.036350e-01 	8.985035e-03 
4.041060e-01 	8.971131e-03 
4.045780e-01 	8.957254e-03 
4.050500e-01 	8.943405e-03 
4.055220e-01 	8.929583e-03 
4.059940e-01 	8.915788e-03 
4.064660e-01 	8.902020e-03 
4.069380e-01 	8.888277e-03 
4.074100e-01 	8.874565e-03 
4.078820e-01 	8.860880e-03 
4.083540e-01 	8.847223e-03 
4.088260e-01 	8.833593e-03 
4.092980e-01 	8.819991e-03 
4.097690e-01 	8.806417e-03 
4.102410e-01 	8.792870e-03 
4.107130e-01 	8.779351e-03 
4.111850e-01 	8.765860e-03 
4.116570e-01 	8.752397e-03 
4.121290e-01 	8.738962e-03 
4.126010e-01 	8.725555e-03 
4.130730e-01 	8.712176e-03 
4.135450e-01 	8.698825e-03 
4.140170e-01 	8.685502e-03 
4.144880e-01 	8.672207e-03 
4.149600e-01 	8.658941e-03 
4.154320e-01 	8.645704e-03 
4.159040e-01 	8.632494e-03 
4.163760e-01 	8.619314e-03 
4.168480e-01 	8.606161e-03 
4.173200e-01 	8.593037e-03 
4.177920e-01 	8.579942e-03 
4.182640e-01 	8.566874e-03 
4.187360e-01 	8.553835e-03 
4.192070e-01 	8.540823e-03 
4.196790e-01 	8.527839e-03 
4.201510e-01 	8.514883e-03 
4.206230e-01 	8.501952e-03 
4.210950e-01 	8.489051e-03 
4.215670e-01 	8.476178e-03 
4.220390e-01 	8.463331e-03 
4.225110e-01 	8.450512e-03 
4.229830e-01 	8.437720e-03 
4.234550e-01 	8.424955e-03 
4.239260e-01 	8.412217e-03 
4.243980e-01 	8.399505e-03 
4.248700e-01 	8.386821e-03 
4.253420e-01 	8.374162e-03 
4.258140e-01 	8.361530e-03 
4.262860e-01 	8.348923e-03 
4.267580e-01 	8.336343e-03 
4.272300e-01 	8.323787e-03 
4.277020e-01 	8.311258e-03 
4.281740e-01 	8.298753e-03 
4.286460e-01 	8.286273e-03 
4.291170e-01 	8.273818e-03 
4.295890e-01 	8.261387e-03 
4.300610e-01 	8.248980e-03 
4.305330e-01 	8.236597e-03 
4.310050e-01 	8.224238e-03 
4.314770e-01 	8.211902e-03 
4.319490e-01 	8.199589e-03 
4.324210e-01 	8.187298e-03 
4.328930e-01 	8.175031e-03 
4.333640e-01 	8.162786e-03 
4.338360e-01 	8.150564e-03 
4.343080e-01 	8.138363e-03 
4.347800e-01 	8.126183e-03 
4.352520e-01 	8.114026e-03 
4.357240e-01 	8.101892e-03 
4.361960e-01 	8.089779e-03 
4.366680e-01 	8.077688e-03 
4.371400e-01 	8.065618e-03 
4.376120e-01 	8.053569e-03 
4.380840e-01 	8.041542e-03 
4.385560e-01 	8.029535e-03 
4.390270e-01 	8.017549e-03 
4.394990e-01 	8.005583e-03 
4.399710e-01 	7.993638e-03 
4.404430e-01 	7.981713e-03 
4.409150e-01 	7.969808e-03 
4.413870e-01 	7.957924e-03 
4.418590e-01 	7.946060e-03 
4.423310e-01 	7.934215e-03 
4.428030e-01 	7.922391e-03 
4.432750e-01 	7.910586e-03 
4.437460e-01 	7.898802e-03 
4.442180e-01 	7.887038e-03 
4.446900e-01 	7.875294e-03 
4.451620e-01 	7.863569e-03 
4.456340e-01 	7.851865e-03 
4.461060e-01 	7.840181e-03 
4.465780e-01 	7.828517e-03 
4.470500e-01 	7.816873e-03 
4.475220e-01 	7.805249e-03 
4.479940e-01 	7.793645e-03 
4.484650e-01 	7.782061e-03 
4.489370e-01 	7.770495e-03 
4.494090e-01 	7.758952e-03 
4.498810e-01 	7.747429e-03 
4.503530e-01 	7.735927e-03 
4.508250e-01 	7.724444e-03 
4.512970e-01 	7.712982e-03 
4.517690e-01 	7.701541e-03 
4.522410e-01 	7.690119e-03 
4.527130e-01 	7.678719e-03 
4.531840e-01 	7.667338e-03 
4.536560e-01 	7.655978e-03 
4.541280e-01 	7.644639e-03 
4.546000e-01 	7.633320e-03 
4.550720e-01 	7.622021e-03 
4.555440e-01 	7.610743e-03 
4.560160e-01 	7.599485e-03 
4.564880e-01 	7.588248e-03 
4.569600e-01 	7.577032e-03 
4.574320e-01 	7.565835e-03 
4.579040e-01 	7.554660e-03 
4.583750e-01 	7.543505e-03 
4.588470e-01 	7.532370e-03 
4.593190e-01 	7.521255e-03 
4.597910e-01 	7.510161e-03 
4.602630e-01 	7.499088e-03 
4.607350e-01 	7.488034e-03 
4.612070e-01 	7.477000e-03 
4.616790e-01 	7.465987e-03 
4.621510e-01 	7.454993e-03 
4.626230e-01 	7.444016e-03 
4.630940e-01 	7.433061e-03 
4.635660e-01 	7.422126e-03 
4.640380e-01 	7.411211e-03 
4.645100e-01 	7.400314e-03 
4.649820e-01 	7.389437e-03 
4.654540e-01 	7.378578e-03 
4.659260e-01 	7.367739e-03 
4.663980e-01 	7.356918e-03 
4.668700e-01 	7.346116e-03 
4.673420e-01 	7.335332e-03 
4.678140e-01 	7.324567e-03 
4.682850e-01 	7.313819e-03 
4.687570e-01 	7.303090e-03 
4.692290e-01 	7.292379e-03 
4.697010e-01 	7.281685e-03 
4.701730e-01 	7.271009e-03 
4.706450e-01 	7.260350e-03 
4.711170e-01 	7.249708e-03 
4.715890e-01 	7.239084e-03 
4.720610e-01 	7.228476e-03 
4.725330e-01 	7.217886e-03 
4.730040e-01 	7.207312e-03 
4.734760e-01 	7.196755e-03 
4.739480e-01 	7.186214e-03 
4.744200e-01 	7.175691e-03 
4.748920e-01 	7.165184e-03 
4.753640e-01 	7.154694e-03 
4.758360e-01 	7.144220e-03 
4.763080e-01 	7.133764e-03 
4.767800e-01 	7.123323e-03 
4.772520e-01 	7.112901e-03 
4.777240e-01 	7.102497e-03 
4.781950e-01 	7.092110e-03 
4.786670e-01 	7.081740e-03 
4.791390e-01 	7.071389e-03 
4.796110e-01 	7.061055e-03 
4.800830e-01 	7.050740e-03 
4.805550e-01 	7.040443e-03 
4.810270e-01 	7.030164e-03 
4.814990e-01 	7.019905e-03 
4.819710e-01 	7.009665e-03 
4.824420e-01 	6.999444e-03 
4.829140e-01 	6.989242e-03 
4.833860e-01 	6.979060e-03 
4.838580e-01 	6.968898e-03 
4.843300e-01 	6.958754e-03 
4.848020e-01 	6.948630e-03 
4.852740e-01 	6.938525e-03 
4.857460e-01 	6.928438e-03 
4.862180e-01 	6.918368e-03 
4.866900e-01 	6.908316e-03 
4.871620e-01 	6.898279e-03 
4.876330e-01 	6.888258e-03 
4.881050e-01 	6.878252e-03 
4.885770e-01 	6.868260e-03 
4.890490e-01 	6.858280e-03 
4.895210e-01 	6.848312e-03 
4.899930e-01 	6.838354e-03 
4.904650e-01 	6.828404e-03 
4.909370e-01 	6.818465e-03 
4.914090e-01 	6.808533e-03 
4.918810e-01 	6.798609e-03 
4.923520e-01 	6.788690e-03 
4.928240e-01 	6.778775e-03 
4.932960e-01 	6.768864e-03 
4.937680e-01 	6.758956e-03 
4.942400e-01 	6.749050e-03 
4.947120e-01 	6.739144e-03 
4.951840e-01 	6.729238e-03 
