nan 0.01
nan 0.01
1.0086543178571428 0.01
nan 0.01
0.8902976098214285 0.01
0.8680794836772262 0.01
0.8727247994744535 0.01
0.8957571122562701 0.01
0.8834642717515651 0.01
0.8230786573515898 0.01
0.8015809660687516 0.01
0.7759859141217101 0.01
0.827531624402572 0.01
0.8241414767605378 0.01
0.8340841173774292 0.01
0.8301128896076898 0.01
0.8191105570836125 0.01
0.7638120112830136 0.01
0.7436566724852327 0.01
0.7597032173564542 0.01
0.8211356220182403 0.01
0.8184701345038822 0.01
0.7701069731955351 0.01
0.7755292372250076 0.01
0.7805512112673512 0.01
0.8066768331859246 0.01
0.7668827590431659 0.01
0.7676715656134591 0.01
0.7599729548776389 0.01
0.7428128671024574 0.01
0.7632265754343978 0.01
0.7432619485363128 0.01
0.7890368421069156 0.01
0.79262484499733 0.01
0.8576763856902291 0.01
0.8721317427122589 0.01
0.8570710739338127 0.01
0.8681431093100457 0.01
0.8982438417831153 0.01
0.9134101852980251 0.01
0.9133027467673813 0.01
0.8984775554453148 0.01
0.9001070978674806 0.01
0.8963398654635161 0.01
0.8678807518522808 0.01
0.8074798017857142 0.01
nan 0.01
0.6707475303571427 0.01
0.7530074664286687 0.01
0.8251824303571428 0.01
nan 0.01
0.7829334446428571 0.01
0.8221702995114237 0.01
0.8421566948416791 0.01
0.8869337104873423 0.01
0.8755113374516449 0.01
0.8870943875855973 0.01
0.87764178125 0.01
nan 0.01
0.8123685312499999 0.01
0.8629788078370871 0.01
0.8993966718823441 0.01
0.8900095934849392 0.01
0.8948481201923688 0.01
0.8787108431232199 0.01
0.8717574077770502 0.01
0.8605927596883564 0.01
0.8522607576246111 0.01
0.8482142857142856 0.01
nan 0.01
0.8894631562499999 0.01
0.8700695216963684 0.01
0.8587364857244224 0.01
0.8782161261720497 0.01
0.8381225083565979 0.01
0.8448466845966801 0.01
0.8756365767857143 0.01
nan 0.01
0.8214509964285714 0.01
0.865117648213172 0.01
0.8844275785042829 0.01
0.8118325706106616 0.01
0.8290469674916724 0.01
0.9595856767857142 0.01
nan 0.01
0.7725836321428571 0.01
0.8490756533648248 0.01
0.8787658182462037 0.01
0.8716357885895312 0.01
0.8612424026955323 0.01
0.8470322853121273 0.01
0.8190237749999999 0.01
nan 0.01
0.7330481955357142 0.01
0.7472817832320753 0.01
0.7884537452058097 0.01
0.8565640812499999 0.01
nan 0.01
0.7423508741071428 0.01
0.790306706814377 0.01
0.8146200014283138 0.01
0.8097612561400949 0.01
0.7599778960612967 0.01
0.7725419503917174 0.01
0.7813869149793511 0.01
0.8132923150313803 0.01
0.8156817424594914 0.01
0.8040963800297894 0.01
0.8117393879596625 0.01
0.8049374246170324 0.01
0.8397453133928571 0.01
nan 0.01
0.7885707348214285 0.01
0.7568940101801019 0.01
0.7881081778313428 0.01
0.8486959079601082 0.01
0.8669950840209716 0.01
0.8669012844502549 0.01
0.8438783520507521 0.01
0.8348960860609519 0.01
0.7966484963421961 0.01
0.6820875079317464 0.01
0.7015929644639542 0.01
0.663366733009744 0.01
0.7300584767908299 0.01
0.6549453704427433 0.01
0.7333602672938038 0.01
0.7945397413685383 0.01
0.8510637875273261 0.01
0.8362621321933403 0.01
0.8550204418181574 0.01
0.8867963694243601 0.01
0.903716887816469 0.01
0.9284456793593102 0.01
0.929046812674395 0.01
0.9345946595545827 0.01
0.9199778484325234 0.01
0.9398289786984816 0.01
0.9500497939771604 0.01
0.9553621751115919 0.01
0.9403036868359972 0.01
0.904215641828757 0.01
0.8872770067630292 0.01
0.8572057931720518 0.01
0.8140953799823714 0.01
0.8194846545226262 0.01
0.8560139256971585 0.01
0.9124855188973157 0.01
0.8986928688440351 0.01
0.8689750304455568 0.01
0.8145278877124381 0.01
0.7750622925746397 0.01
0.7542128089285713 0.01
nan 0.01
0.5024124633928571 0.01
0.5885136990892206 0.01
0.670584599889024 0.01
0.7486251660714286 0.01
nan 0.01
nan 0.01
0.8079030169642857 0.01
0.787710803012781 0.01
0.7300277924308596 0.01
0.7057397249503811 0.01
0.662664881704105 0.01
0.6929282044833822 0.01
0.7389324832743249 0.01
0.7311891187138355 0.01
0.75627446823009 0.01
0.7189059311417234 0.01
0.6733414089285713 0.01
nan 0.01
0.32756412232142856 0.01
0.1746196059103835 0.01
nan 0.01
nan 0.01
nan 0.01
nan 0.01
nan 0.01
0.023170519642857143 0.01
0.026785714285714284 0.01
nan 0.01
nan 0.01
0.1394644357142857 0.01
0.37134728289128444 0.01
0.49924515307378836 0.01
0.5231580455357142 0.01
nan 0.01
nan 0.01
0.5071843982142857 0.01
0.3650183411803088 0.01
0.3486073476234587 0.01
0.32565167175880766 0.01
0.43261124431707176 0.01
0.3439528489655123 0.01
0.3644748907210444 0.01
0.3236453725792381 0.01
0.41381128170927167 0.01
0.4624739589285714 0.01
nan 0.01
0.4152387401785714 0.01
0.6557371892857142 0.01
nan 0.01
0.8968301419642858 0.01
0.7179821133928571 0.01
nan 0.01
0.5209950955357142 0.01
0.5407161500035527 0.01
0.642257247577889 0.01
0.6410170439677271 0.01
0.7301393006753202 0.01
0.8328058383928572 0.01
nan 0.01
0.6111443991071428 0.01
0.728380182142857 0.01
nan 0.01
0.7989247749999999 0.01
nan 0.01
nan 0.01
0.776563419642857 0.01
0.8008515963160484 0.01
0.8094221464285715 0.01
nan 0.01
0.7897760517857142 0.01
0.8284396451142145 0.01
0.8776379660283503 0.01
0.8939527891661027 0.01
0.9257046770261886 0.01
0.9196426741412559 0.01
0.9207341983326475 0.01
0.9250871714285713 0.01
nan 0.01
nan 0.01
0.8887678178571428 0.01
0.9800111642857142 0.01
nan 0.01
0.9968146651785713 0.01
0.9506400023851793 0.01
0.9335345145198086 0.01
0.9488684240557168 0.01
0.950326779217932 0.01
0.949246348004133 0.01
0.9442483403151297 0.01
0.9601563647440617 0.01
0.964774296085989 0.01
0.9561107017857143 0.01
nan 0.01
0.8923431919642857 0.01
nan 0.01
0.932698482142857 0.01
nan 0.01
0.9440968125 0.01
0.8967190125566463 0.01
0.8867632821984777 0.01
0.954336178961815 0.01
0.9583345561467145 0.01
0.9651851116906653 0.01
0.9394346146077545 0.01
0.9496893219960406 0.01
0.9515046857072368 0.01
0.9505832034221835 0.01
0.9751307201492311 0.01
0.9973109860215087 0.01
1.017625787981421 0.01
0.9897883161107094 0.01
0.9756376801242248 0.01
0.9299460004630856 0.01
0.9298186582593834 0.01
0.9582361624999999 0.01
nan 0.01
0.9763959178571427 0.01
nan 0.01
0.9785043633928571 0.01
0.9500539054872998 0.01
0.9582780666417432 0.01
0.98794783653733 0.01
0.9982796793890574 0.01
1.000377346420325 0.01
0.9576731768001684 0.01
0.9558276246989159 0.01
0.9415839556351657 0.01
0.9186822236374649 0.01
0.9260234837353413 0.01
0.9408851882570521 0.01
0.9693347615492786 0.01
1.0028608179358631 0.01
0.9374498916242516 0.01
0.9555038217181143 0.01
0.9109373254069777 0.01
0.9762810112156051 0.01
0.9936357032587223 0.01
1.024910139093701 0.01
0.9698908675321596 0.01
0.8460644178571428 0.01
nan 0.01
1.0076309419642857 0.01
1.002830656580597 0.01
0.9953877702617592 0.01
0.9896068867354919 0.01
0.9985222607142857 0.01
nan 0.01
0.9706436062499999 0.01
nan 0.01
nan 0.01
1.0034572705357143 0.01
0.9641946326884402 0.01
0.9320202128259789 0.01
0.9637414403987219 0.01
0.9381809524520348 0.01
0.9451775896258973 0.01
0.9279239232142856 0.01
nan 0.01
0.9698421526785714 0.01
0.961218161673783 0.01
0.9701454814238285 0.01
0.993564655515876 0.01
0.9525332495841093 0.01
0.9480139205894528 0.01
0.9419851327303023 0.01
0.9725123007991376 0.01
0.9758985160714284 0.01
nan 0.01
0.9863709249999999 0.01
0.9914006185485076 0.01
0.9895243103273028 0.01
0.9385397535349697 0.01
0.9586023419803619 0.01
0.9154154838576283 0.01
0.934418432502202 0.01
0.8731817226106822 0.01
0.8176422258928571 0.01
nan 0.01
0.9806993883928571 0.01
nan 0.01
nan 0.01
0.9933171062499999 0.01
0.9661279468782701 0.01
0.9611421182027602 0.01
0.9779352566101166 0.01
0.9913938036325278 0.01
0.9837293913915252 0.01
0.983475508459428 0.01
0.9320552844629261 0.01
0.9070219861630509 0.01
0.880266488392857 0.01
nan 0.01
0.9791978392857141 0.01
0.9889563402112668 0.01
1.017970777855694 0.01
1.030191770902668 0.01
1.0171259168348992 0.01
0.9756617346507276 0.01
0.973019961029906 0.01
0.9619423717290398 0.01
0.9963081062835243 0.01
0.9721769020543571 0.01
0.9886379636914919 0.01
0.9591119951228061 0.01
0.9798115259814467 0.01
0.9629010030518382 0.01
0.9409139314884551 0.01
0.9070358726281812 0.01
0.8790713053571428 0.01
nan 0.01
0.996927982142857 0.01
nan 0.01
nan 0.01
1.006384794642857 0.01
0.9767068728799708 0.01
0.9760338299048285 0.01
1.002293864030322 0.01
0.9911700604089032 0.01
0.9510647878711663 0.01
0.9240068542117894 0.01
0.9274346785064892 0.01
0.9629839091429687 0.01
0.9829940825265311 0.01
0.978533316484758 0.01
0.9627595517857143 0.01
nan 0.01
0.9797139116071428 0.01
nan 0.01
0.7986558053571429 0.01
0.908966444018181 0.01
0.9730547354793335 0.01
0.9968994663218094 0.01
0.9729950664506642 0.01
0.9602420626989752 0.01
0.9445303520340151 0.01
0.9602051609383391 0.01
0.9393711482775096 0.01
0.9362550275364105 0.01
0.9577863728558544 0.01
0.9790046459942839 0.01
0.9853861123811906 0.01
0.9956384803571428 0.01
nan 0.01
0.9164270464285714 0.01
0.9298412861173029 0.01
0.9535699763105946 0.01
0.9899435893928219 0.01
0.9870600950848912 0.01
0.9824018673963474 0.01
0.9736384339285713 0.01
nan 0.01
nan 0.01
0.9821428571428572 0.01
0.9809396388606721 0.01
0.9608653346679474 0.01
0.9737692291233702 0.01
0.9676618081087717 0.01
0.993251048700712 0.01
0.9962717357633593 0.01
1.0047671112953676 0.01
0.9841265738466636 0.01
0.9435168168137905 0.01
0.9310188745881934 0.01
0.9224343813399379 0.01
0.951766687368402 0.01
0.9293624530645995 0.01
0.8970970571428571 0.01
0.9897635848214286 0.01
nan 0.01
1.0049790397989429 0.01
0.9707727644127304 0.01
0.9443995954841417 0.01
0.9257333171535195 0.01
0.9657398112694394 0.01
0.9717341060763172 0.01
0.9756901074249231 0.01
0.9753695666477615 0.01
0.9856501392758811 0.01
1.008235030138522 0.01
1.0136011625587436 0.01
1.0084792451312086 0.01
1.0102055537410124 0.01
1.010288064457719 0.01
1.0013589115305102 0.01
1.008706417060225 0.01
1.0197884601961607 0.01
1.0557946776785714 0.01
