nan 0.01
nan 0.01
1.04785142 0.01
nan 0.01
0.8573449357 0.01
0.8796289832 0.01
0.8856148315666668 0.01
0.8681008794333334 0.01
0.8637522039666666 0.01
0.8252485615 0.01
0.8348185545333334 0.01
0.8010995861000002 0.01
0.8281776814666668 0.01
0.8100668425666667 0.01
0.8202607900666666 0.01
0.8465274004000002 0.01
0.8739106093666666 0.01
0.8464274346000003 0.01
0.8180449893 0.01
0.8243698994666668 0.01
0.9187458683333335 0.01
0.9271040482000001 0.01
0.8550444785666668 0.01
0.7929410635666667 0.01
0.8116804017666667 0.01
0.8647324649333333 0.01
0.8579834424333335 0.01
0.8377960675333334 0.01
0.8295524959333335 0.01
0.8057326291666667 0.01
0.8201732550000002 0.01
0.8094842664333334 0.01
0.8540192481333333 0.01
0.8437058424666668 0.01
0.8957492272666667 0.01
0.9231165445333334 0.01
0.9362673870000002 0.01
0.9515332706 0.01
0.9301137596666669 0.01
0.9433999718000002 0.01
0.9238107068666667 0.01
0.9515796535666667 0.01
0.8452930035 0.01
0.7149915421 0.01
0.6940259069333333 0.01
0.9036832805 0.01
nan 0.01
0.844069512 0.01
0.8750426410000001 0.01
0.8743935332000001 0.01
nan 0.01
0.8845821292000001 0.01
0.8838619940333334 0.01
0.8971843180666667 0.01
0.9234957768666666 0.01
0.9430014311666667 0.01
0.8447896431333335 0.01
0.6299137372000001 0.01
nan 0.01
0.8754395518000001 0.01
0.91342394 0.01
0.9345186953666668 0.01
0.9395780104333334 0.01
0.9143884915000001 0.01
0.9219889781666667 0.01
0.9264724278333335 0.01
0.9486370644666667 0.01
0.9317446842000001 0.01
0.9108481371 0.01
nan 0.01
0.9451050455000001 0.01
0.8815145603000001 0.01
0.8572960132000002 0.01
0.8937614055333333 0.01
0.9396478076333333 0.01
0.9369944796666667 0.01
0.8644894203 0.01
nan 0.01
0.7956796584000001 0.01
0.8326789665333334 0.01
0.8416105804333335 0.01
0.8344447463000001 0.01
0.8585626074666668 0.01
0.8703470655000001 0.01
nan 0.01
0.681830083 0.01
0.7744859188000001 0.01
0.7773481807666667 0.01
0.7361236223 0.01
0.7206118674333334 0.01
0.6826546254000001 0.01
0.5765451428 0.01
nan 0.01
0.47146562100000006 0.01
0.44987319996666664 0.01
0.4950974625666667 0.01
0.6071384088 0.01
nan 0.01
0.357610165 0.01
0.3735535177 0.01
0.42635122896666666 0.01
0.39735057193333334 0.01
0.2681662826333333 0.01
0.2675352999 0.01
0.3332218563666667 0.01
0.31656062276666674 0.01
0.22488220956666666 0.01
0.11929812656666669 0.01
0.19695483756666668 0.01
0.1622006793 0.01
0.1348126362 0.01
nan 0.01
0.046748863700000004 0.01
0.012216224533333332 0.01
0.16158521133333337 0.01
nan 0.01
nan 0.01
nan 0.01
0.07863584923333335 0.01
0.028970441133333334 0.01
nan 0.01
nan 0.01
nan 0.01
nan 0.01
nan 0.01
nan 0.01
nan 0.01
nan 0.01
nan 0.01
nan 0.01
nan 0.01
0.024736287766666674 0.01
0.10581230256666667 0.01
0.2235698388 0.01
0.23431740566666667 0.01
0.30726084583333335 0.01
0.39587488893333334 0.01
0.5784806056333334 0.01
0.5940428959666667 0.01
0.5501272208666668 0.01
0.3737834188 0.01
0.2853251595333333 0.01
0.24773366383333334 0.01
0.3947156968333333 0.01
0.5383092058666666 0.01
0.5703619401333334 0.01
0.5741389082 0.01
0.5329543783666667 0.01
0.5354020961666668 0.01
0.5270415014333334 0.01
0.6223412283 0.01
nan 0.01
0.4585381812 0.01
nan 0.01
0.4732909313 0.01
0.4574675332333334 0.01
0.4616697297666667 0.01
0.48589752090000005 0.01
nan 0.01
nan 0.01
0.681830083 0.01
0.7175283151666667 0.01
0.6777033431666667 0.01
0.6509801921333334 0.01
0.6038573324666667 0.01
0.6830673666666667 0.01
0.7677930934666667 0.01
0.8050194361000002 0.01
0.7832554033333335 0.01
0.7311732439000002 0.01
0.7138037786000001 0.01
nan 0.01
0.7286082232000001 0.01
0.5766479312 0.01
0.823170645 0.01
nan 0.01
nan 0.01
0.8140889900000001 0.01
nan 0.01
0.8026709020000001 0.01
0.7695833486 0.01
nan 0.01
nan 0.01
0.9242411849000002 0.01
0.9294667315999999 0.01
0.9359065914000001 0.01
0.9435607643 0.01
nan 0.01
nan 0.01
0.7676908624000001 0.01
0.8278810884666667 0.01
0.8786942318000002 0.01
0.8378869843666668 0.01
0.8741314835 0.01
0.8165647101333333 0.01
0.8476416846333333 0.01
0.8144485433333335 0.01
0.8150309812333334 0.01
0.7491772860000001 0.01
nan 0.01
0.8323797251000001 0.01
0.9567185364 0.01
nan 0.01
0.9461482426000001 0.01
0.9757520487 0.01
nan 0.01
0.8224824388 0.01
0.8608361314666668 0.01
0.7851115297666666 0.01
0.6029667387333334 0.01
0.5631861147 0.01
0.6574206144 0.01
nan 0.01
0.7916452412 0.01
0.9192535011 0.01
nan 0.01
0.9047741868000001 0.01
nan 0.01
nan 0.01
0.9050521359 0.01
0.8844900929333335 0.01
0.7912051532 0.01
nan 0.01
0.8555605047000001 0.01
0.8417059713333335 0.01
0.8606698103666668 0.01
0.8933275629666668 0.01
0.9004263418333334 0.01
0.8884703443000002 0.01
0.8793175002333334 0.01
0.8983153432000002 0.01
nan 0.01
nan 0.01
0.8408199239 0.01
0.9593054372 0.01
nan 0.01
1.0295564565000002 0.01
0.9828929913000001 0.01
0.9674833619000002 0.01
0.9675149744333333 0.01
0.9391751438666668 0.01
0.8950111896 0.01
0.8721759460333333 0.01
0.9078490692333334 0.01
0.9229082074666667 0.01
0.8960131202000001 0.01
nan 0.01
0.8809380855000001 0.01
nan 0.01
0.4951995587 0.01
nan 0.01
0.8707837303000001 0.01
0.8245817998000001 0.01
0.8476088173666667 0.01
0.9773809070666668 0.01
0.9338362187000001 0.01
0.9382061634000001 0.01
0.8969689091000002 0.01
0.9307930657666668 0.01
0.9396703616666667 0.01
0.9628670095 0.01
0.9835874147000001 0.01
0.9775069953 0.01
0.9859259025000002 0.01
0.9637547707333335 0.01
0.9588657969000002 0.01
0.9273413105 0.01
0.9022425701666669 0.01
0.8700676017000001 0.01
nan 0.01
1.0000359138000001 0.01
nan 0.01
0.9681124651 0.01
0.8957216821666667 0.01
0.881620385066667 0.01
0.8602346067333334 0.01
0.8907362273333335 0.01
0.9008857414333333 0.01
0.9282605082666667 0.01
0.9855587415666667 0.01
0.9317476908666668 0.01
0.8416493591 0.01
0.7915743608666667 0.01
0.8664014205000001 0.01
0.9931157998666668 0.01
1.0470508249666668 0.01
0.9311478847000001 0.01
0.9101432171333333 0.01
0.8590821528666668 0.01
0.9814950636333334 0.01
1.0388350544000002 0.01
nan 0.01
0.9990053645000001 0.01
0.8391302073000001 0.01
nan 0.01
0.9911974556 0.01
0.9972613753666668 0.01
0.9876407376 0.01
0.9712052368333335 0.01
0.9565084639000001 0.01
nan 0.01
1.0284351682000001 0.01
nan 0.01
nan 0.01
0.9524673378000001 0.01
0.9377286053666668 0.01
0.9286729235666668 0.01
0.9301914299333335 0.01
0.9133367928666668 0.01
0.8851940122666667 0.01
0.8408719506 0.01
nan 0.01
0.7470424027000001 0.01
0.8381164993666667 0.01
0.9252934346333334 0.01
0.9987558606666667 0.01
1.0113886867333335 0.01
0.9909846437333335 0.01
0.9845267949000002 0.01
0.9345094465666667 0.01
0.865547771 0.01
nan 0.01
nan 0.01
nan 0.01
0.9693793373000001 0.01
0.6525244858 0.01
0.6809537845000001 0.01
0.5969178086666668 0.01
0.8942986213333334 0.01
0.8008111528999999 0.01
0.7742048281 0.01
nan 0.01
1.0098203522 0.01
nan 0.01
nan 0.01
0.9940427233000001 0.01
0.9873700598666668 0.01
0.9696085549333334 0.01
0.9681496308 0.01
0.9638914043000001 0.01
0.9538651679333336 0.01
0.9463260858333334 0.01
0.8272393686333334 0.01
0.8289630345333334 0.01
0.9158504971 0.01
nan 0.01
0.9540847019 0.01
0.9954947288000001 0.01
1.0139365342333335 0.01
0.9548177631666668 0.01
0.9315830590000002 0.01
0.8901341075000001 0.01
0.9348979218333335 0.01
0.9405207962333335 0.01
0.9945021848666666 0.01
0.9811728802333335 0.01
0.9891578238666668 0.01
0.9565065539333334 0.01
0.9817719904666667 0.01
0.9818174670333335 0.01
0.9411444599333334 0.01
0.9508108782333334 0.01
1.0294210531 0.01
nan 0.01
1.0677129958 0.01
nan 0.01
nan 0.01
1.0164603108 0.01
0.9829244505666668 0.01
0.9643695002333335 0.01
0.9725329716666666 0.01
0.9741004276666668 0.01
0.9262567567000002 0.01
0.9097515779 0.01
0.8726317171 0.01
0.9493796392666668 0.01
0.9236870034333334 0.01
0.9108543660333334 0.01
0.8300198720000002 0.01
nan 0.01
0.9365669643000001 0.01
nan 0.01
0.9190021731000001 0.01
0.9399483408333333 0.01
0.9913627742333335 0.01
0.9948061581333334 0.01
0.9782544416333334 0.01
0.9592019393000002 0.01
0.9436259638666669 0.01
0.9907236786333334 0.01
0.9073970381666667 0.01
0.9208173971333333 0.01
0.9174544397333334 0.01
0.9725103157 0.01
0.9431823217666667 0.01
0.8983153432000002 0.01
nan 0.01
1.0287882539000002 0.01
0.6671060198000001 0.01
0.8664734254000003 0.01
1.0169720033 0.01
1.0378692632000002 0.01
1.0418515818333334 0.01
0.9799626474 0.01
nan 0.01
nan 0.01
0.8335618368000001 0.01
0.9084711218 0.01
0.9296840237666667 0.01
0.9475400165000001 0.01
0.9642313310666667 0.01
1.017551601366667 0.01
1.0293448429 0.01
1.039716546 0.01
1.0249724727 0.01
0.9433564902666667 0.01
0.8465531671666667 0.01
0.7724252961333333 0.01
0.8318653093666667 0.01
0.9085540669333335 0.01
0.9701866372000002 0.01
0.9754432314000001 0.01
nan 0.01
0.9310651405000001 0.01
0.9276946257333335 0.01
0.9704052519333335 0.01
0.9874530695333334 0.01
0.9927351973000001 0.01
0.9648624304 0.01
0.9667341746333334 0.01
1.004794637 0.01
1.0071133116000002 0.01
1.0046560630333334 0.01
1.0238037953 0.01
1.0435344450666668 0.01
1.0474585946000001 0.01
1.0303952200666666 0.01
1.0180332818333335 0.01
1.0250045300000001 0.01
1.0256784626000002 0.01
1.0293656021000002 0.01
