nan nan
0.7277309446826801 1.9797699968558702
nan nan
0.376986734935105 0.5198646701220581
nan nan
nan nan
0.654286020052671 0.148651480622415
nan 0.9842253330306421
0.8204328278383071 0.47020363149150496
nan 0.607412534515061
0.608252166906478 1.00709530197478
0.8703274011359631 0.9286228880220109
nan nan
0.74688835724552 0.393683278745318
0.209849346029069 0.5043067093255901
nan nan
0.50285936237433 0.23261160791473395
nan 0.919872625661042
nan nan
nan nan
0.64499484004128 0.6170010327775981
0.19314139826975601 0.46402527660234794
0.634337903331744 0.26747427057245
0.51782722007038 0.26556587627966
0.670571258806552 0.3944142553971379
0.451866554658867 0.676808480168577
nan 0.7740913966164641
nan nan
1.8915492010491801 1.49316884804099
nan 2.6405583259575898
nan 2.8173765058692504
nan 0.275380899048603
0.236313795635828 0.257310030105708
0.18448522862067301 0.559658236501918
nan nan
0.18271419323853302 0.188289454457675
nan 0.191462542704175
nan nan
0.25622646959190803 0.771633010845898
nan nan
nan nan
0.185284518274148 0.18187356089925896
0.0 0.18992697699725603
nan nan
0.572488909163274 0.325630369603479
nan 0.846320833705497
nan nan
0.11696018356369099 0.8552291231017719
0.21513952182168 0.8394259955699921
nan 1.7089590802432502
nan 0.5784099859756079
nan 0.20278691219035502
0.28744569038767404 0.324413991659654
0.24686536462292 1.07164348177387
nan 0.30737169058346997
nan nan
0.27183700653088605 0.17768148298572
nan 2.3734455980322404
0.15909115561646 0.210202175093855
1.9487995311158999 0.21062709118021303
0.224878126596547 0.146430536041518
0.126939707274596 0.20716749918586802
0.0805058200524638 0.30147484164666494
nan 0.40149282838156997
nan 0.18364441235164602
0.29817121653856105 0.18956178402751503
nan 0.297406723116708
0.161913530626798 0.130948887105727
0.297770224373172 0.28112259751643603
0.499102513603429 0.28081988320754603
0.6042205530696589 0.249019077135245
0.34434454650458196 0.5832993832665071
0.722094261101702 2.59917552376242
1.67444529928931 0.638689917030134
1.55191844199887 0.341852445165978
4.1942363080189 0.5530213460157021
1.11505701188823 0.191483909253412
nan nan
1.17922102609607 0.298152117438878
0.465131775871406 0.8147599759529001
1.8659002253942099 0.321231165617145
nan nan
1.6660244561221298 1.4760973643088702
3.3731005610374702 0.751037518418962
nan nan
5.04676483373482 0.310675975715825
1.58331806770233 1.96943411901119
nan 1.2418702023658
3.93001275590974 1.93222320251854
nan nan
0.870644766984842 1.90843083320551
1.1532863373508402 0.48827930860856605
1.91749874490991 1.1517377100209298
2.5084052315963197 2.6090451355916295
4.97993005190249 3.1526154491390197
2.38819262478023 0.20926131915006302
3.23829299437527 0.322954960468301
nan nan
7.185451875712089 0.563196399197473
7.796223718222961 0.5643174047727819
nan nan
8.18300650256387 0.5539357962162111
9.164999237680721 0.891455246517982
11.7666850144594 1.4982905370483
3.9307938135107006 0.6177072049739979
nan nan
15.467313203754301 5.803696270186861
0.305380955584724 0.4772159700604
22.812359192384896 1.0268968847920201
5.84486734854174 0.694764278957552
nan nan
2.25592676332815 4.59646383558166
1.55692608298806 3.3109333277581
6.09359957309013 2.37085579182708
8.9298248412094 0.885297057914527
5.95061780636425 1.7439557014965599
7.66609157716703 2.22214501181442
8.708519944475 1.24328297210739
nan nan
4.34097011190346 1.1006278132985299
6.476796521283339 0.551546631699443
2.72291606157421 1.81478799413656
1.91598577095602 0.22657383289261498
1.08707721908696 0.220197537237564
0.26687708951589106 0.18086776183322797
0.926409934231391 0.364238538846447
0.6048543178316821 0.445478086437434
0.595517756762687 0.249130065568888
0.86094991938921 0.28329814511107
0.40976233784405003 0.208275075372625
0.131415185602926 1.66104740005799
0.22297273192137 0.174490501012244
1.38135251519325 0.505783013504283
2.02189771531701 0.340636366515944
nan nan
5.113929067238639 0.41091471949585706
11.1158013226397 1.6225428933733401
9.79327207574573 0.586812419842048
11.380111113648699 0.34695479000165197
12.6197911630041 0.447884934257258
nan nan
7.16413991529964 2.06256883568391
4.58165698589496 0.611502170985124
3.6139571023291897 1.18444798576941
4.572350113054941 1.88743505185879
4.28683262843418 0.604692959080037
nan nan
4.48128435780559 1.1191163506263
nan nan
2.5163266586012303 0.751406559623629
nan nan
4.17822973123644 0.32486416229771803
nan nan
4.1089256043224704 0.47059263420936204
nan nan
nan nan
5.12871852259621 3.0568464168341403
2.90941261724859 0.75506542366909
3.2262066702212 0.34252678967904404
6.311024650073401 0.306756809108529
nan nan
2.40281202567954 0.557591335695047
3.09356435679116 0.24727176248711605
nan nan
5.79289690384729 0.517859895827286
7.3350777760367 0.483961276857328
6.409747995569861 0.8402859185943979
5.41532940416916 1.09101331473305
5.02169702858424 0.5540086170043079
nan nan
2.62996566803769 1.7690428086881
3.35543140925197 0.214375903330168
1.89095538201581 1.20806187190953
2.75863357959754 1.5358811559042702
2.3412196618772096 0.266975659503786
0.8174963751203391 0.825748598443121
3.6720481747249596 0.94316812322939
nan nan
4.04929776514595 0.8911729196530871
4.31907076177151 0.39126134464470497
8.67879333950698 1.5838170954434898
4.68915351622697 1.2824664449291399
6.17048474418512 0.176592640074465
5.98188050801268 0.7784074704209321
10.4493941913103 0.882734298447272
8.21732522127419 0.344166948971033
5.01055877845962 0.7867277727237719
nan nan
nan nan
14.286283694617099 1.4121190571512903
16.1198337031282 0.37687094165484397
nan nan
4.16940193395735 0.485068697569622
24.766674690686003 1.54374349701224
21.0781129011977 1.15532492715021
15.6841299035514 1.5694949778765
23.6529342399577 2.24937966698325
28.4444696026265 11.723156216473999
nan 2.7658631308897
nan nan
nan 2.35122303440143
nan 0.36201930412079997
nan nan
nan nan
nan nan
nan nan
nan 2.61021080016333
nan 1.3826748097211101
nan nan
nan 1.4568218679329898
nan nan
nan nan
nan nan
16.9960475820468 7.88195337037075
14.351736795553201 0.4938503669578811
8.66829037523965 1.00077795504449
nan nan
8.82553245755328 0.853984412332097
9.97638779208117 0.18262120853799
9.460594368961099 0.637866153623068
