nan nan
nan 3.8672545107198797
nan nan
3.20293224412588 0.376622868595376
nan nan
nan nan
4.6793731306580195 0.18622429666173498
4.459196631696179 0.37671540655728103
2.85413141140169 0.613526402808405
3.41335956126535 0.640628367850049
7.4844335166023495 0.42650302467996
5.53621929693796 0.8821515222254799
nan nan
4.55648017000214 0.42978846851949104
5.3704876641608 0.32377080806264
nan nan
3.90187122931744 0.23767145172358103
4.25930871502907 0.936463614012042
nan nan
nan nan
5.94923500155845 0.8491844343259629
5.5794787082224 0.213217350058758
4.69417486720067 0.39831616815722704
7.0139031455745195 0.5055525423253421
6.764844586650599 0.223266945757736
7.69281516980741 0.520003736360061
4.33228607359146 0.8506211499960359
nan nan
12.348723556051302 1.38213864100726
11.9503018197122 1.95190271389772
7.99248950581092 1.74877117547689
8.01076272967105 0.5977810438038029
11.1325686255699 0.426577227275048
6.64551701088693 0.102576127846059
nan nan
8.189136819842219 0.12882670415571698
6.456743429025849 0.29555189756704103
nan nan
13.5179270305252 0.323086201556281
nan nan
nan nan
17.1592207176404 0.543784963471397
13.733226211038302 0.42552388089940296
nan nan
15.4101980669144 0.443645146052493
11.788345372502501 0.7598488013830049
nan nan
18.007662835249 0.9208493559660309
17.5228038369187 0.877172100726313
16.2291542831257 0.750383337087223
15.834706991421498 2.29079284365522
11.427835600622 0.235890375993765
21.092602195143 0.735347350681418
27.585236529518102 0.905083407902927
27.5562296380052 2.8429363370543803
nan nan
13.6855296135075 0.7843951137504741
nan 0.19071102296881698
21.572030746342698 1.6025104317374501
15.215223370341699 1.17697647962618
nan 0.5765049697396031
23.5162452840813 0.885782869567414
28.054337905082804 2.32210106994857
26.2449053340286 1.74559742085262
28.7840963016681 3.48968243292205
29.9857882646108 0.8427189703190041
31.0849038421596 3.16425777169909
29.3322772230232 2.89101618026037
26.691155014675797 2.35911028993254
34.8039613390056 2.65973063819058
31.8468110253649 3.5448173810394703
30.6020914030268 7.13271205295663
25.05035828841 4.27570152611971
31.344202573213398 5.758711877512799
31.6317048091936 10.669449493123599
70.6781859222895 10.6080397308158
36.0170056925139 4.701036670411179
nan nan
33.391063680471696 4.32107712226047
28.6549255469506 3.8745064546526895
43.3957085940189 4.122243072006491
nan nan
22.033393278232303 2.1983435046434
35.3454645795063 3.037501706454
nan nan
38.674077950723 4.355697889567851
29.041048404957 1.08499599368311
24.307356589766602 3.19823199206219
11.7777683082153 3.87298805489734
nan nan
15.8940986129248 1.06438017274521
16.5004252735359 1.1884519472919
20.512787088495 1.8538496533958402
12.3514183103335 9.992132271418178
41.5825787747278 5.40466254700598
25.792977452519803 1.03323677696324
28.5449646921797 1.41599456365313
nan nan
20.7267710197661 15.491474910635901
33.683493771770394 4.57876422111648
nan nan
26.949973423036603 9.32653327610469
21.2698575171067 48.3800372896896
22.079963269352998 3.7837644436698503
21.4442920962923 1.21990784722557
nan nan
10.578641666739099 59.258004326540394
41.8974469715982 3.04420933616956
nan nan
nan nan
nan nan
nan nan
nan nan
nan nan
nan nan
nan nan
nan nan
nan nan
nan nan
nan 1.98157859538474
nan nan
21.106830319593602 11.5202502784303
18.326065511037 11.9950659926302
36.9467739787381 9.501717704717938
38.1002713440512 8.68849698439257
31.5894721738388 5.1405546768453805
41.520365308401104 3.84058974345918
21.5160524270876 5.300746615095429
nan 3.62190399501548
32.1884262894285 8.95792358450154
24.205982115325302 5.92579179708492
12.726827882186198 0.9435121096509871
27.201870339229604 1.07257590162224
23.8588788024092 2.88253625512045
nan nan
20.643776485349697 14.2828046594315
14.6517437248008 8.92280754697626
63.942326573452604 9.99986345302968
nan 11.3434052707987
23.089136801511398 18.7508586110745
nan nan
25.3491504271372 3.66294480244443
25.2264082877082 8.93525583484969
nan 2.1076282975435
23.0763109731837 4.8850705618789805
16.6492003574448 1.21246536924541
nan nan
24.291610685303002 4.10091572067248
nan nan
19.094393465854303 1.5983844966502199
nan nan
23.422908421736697 0.890458948370707
nan nan
20.9732856068127 0.435715975112207
nan nan
nan nan
12.673407814920402 1.2130332651733402
11.226470088376601 0.840751091592579
12.6728156640629 0.40815885538805796
7.59729597524312 0.664210671455355
nan nan
8.77480179838278 0.78775942654633
7.47356799957409 0.284257914712481
nan nan
13.8787478719014 0.628084297803821
12.3095065647384 0.8575124714845219
14.282791078371199 0.709961437541965
7.4094580439328706 0.589771950590319
7.48943569132978 0.250821554532752
nan nan
5.4791726886873695 1.7360159713017198
7.86756192475793 0.47415173588749604
4.29897322418467 1.9969466189223
4.33031143563532 2.5655220518219797
4.91627794975198 0.5647207221508621
2.8773544463962697 0.7384305289130122
3.1421798512783394 0.20997869447481
nan nan
2.8768638630899197 0.52819215618042
3.13435413308773 0.40122607170744107
3.6409231581121997 1.59286377145749
2.49769326512777 1.91029067926059
3.92231642049129 0.162325953430467
3.76563854824725 0.930260630369317
3.705161228 0.7528095830919771
3.5509802544481004 0.341811485591533
2.6311925744745097 0.576668994164201
nan nan
nan nan
3.06949075692981 0.375133343829021
2.78963306792238 0.277422751666016
nan nan
4.67250604989587 0.15509273558154502
2.89475771274487 1.6561188243993898
3.9849215507152795 0.199349192004589
3.07766558590779 0.27937824842834497
2.2163851782422204 0.30041030659513107
2.9255415323132903 0.41775405817852795
4.5666011260462005 0.5208133240029
4.07430521093992 0.32073093930635305
4.94650980087873 0.372018240465299
5.74062958920753 0.0990579656875324
3.18595719432873 0.313743095725004
4.62421425764959 0.18393127048008498
3.56201403541349 0.545152647607764
nan nan
3.0136172994801003 0.29189547426122603
3.23837633187646 1.0358223954297499
nan nan
3.21740250642256 0.41067844215391097
3.11287640129196 1.55451161262084
7.14341238567337 3.6789542001432998
2.7130103272235297 0.6953342989813921
3.10071008999666 0.5247913976422229
2.66484267761039 0.54470547247601
2.31526946477682 0.245174659725431
nan nan
1.92478865730177 0.8817871758515279
2.3020995485186497 0.257033912137478
1.92416213647193 0.8030405693197841
