#q 	 Ifit_avg 
4.430000e-03 	1.000000e+00 
4.716000e-03 	9.973967e-01 
5.002000e-03 	9.947921e-01 
5.288000e-03 	9.921830e-01 
5.573000e-03 	9.895670e-01 
5.859000e-03 	9.869419e-01 
6.145000e-03 	9.843055e-01 
6.431000e-03 	9.816544e-01 
6.717000e-03 	9.789883e-01 
7.003000e-03 	9.763040e-01 
7.288000e-03 	9.735991e-01 
7.574000e-03 	9.708714e-01 
7.860000e-03 	9.681186e-01 
8.146000e-03 	9.653384e-01 
8.432000e-03 	9.625275e-01 
8.717000e-03 	9.596857e-01 
9.003000e-03 	9.568096e-01 
9.289000e-03 	9.538970e-01 
9.575000e-03 	9.509456e-01 
9.861000e-03 	9.479530e-01 
1.014600e-02 	9.449214e-01 
1.043200e-02 	9.418377e-01 
1.071800e-02 	9.387060e-01 
1.100400e-02 	9.355239e-01 
1.129000e-02 	9.322893e-01 
1.157600e-02 	9.289998e-01 
1.186100e-02 	9.256649e-01 
1.214700e-02 	9.222591e-01 
1.243300e-02 	9.187919e-01 
1.271900e-02 	9.152611e-01 
1.300500e-02 	9.116650e-01 
1.329000e-02 	9.080148e-01 
1.357600e-02 	9.042834e-01 
1.386200e-02 	9.004823e-01 
1.414800e-02 	8.966107e-01 
1.443400e-02 	8.926679e-01 
1.472000e-02 	8.886539e-01 
1.500500e-02 	8.845829e-01 
1.529100e-02 	8.804270e-01 
1.557700e-02 	8.762008e-01 
1.586300e-02 	8.719054e-01 
1.614900e-02 	8.675419e-01 
1.643400e-02 	8.631274e-01 
1.672000e-02 	8.586323e-01 
1.700600e-02 	8.540741e-01 
1.729200e-02 	8.494547e-01 
1.757800e-02 	8.447760e-01 
1.786300e-02 	8.400571e-01 
1.814900e-02 	8.352672e-01 
1.843500e-02 	8.304251e-01 
1.872100e-02 	8.255333e-01 
1.900700e-02 	8.205944e-01 
1.929300e-02 	8.156108e-01 
1.957800e-02 	8.106027e-01 
1.986400e-02 	8.055375e-01 
2.015000e-02 	8.004352e-01 
2.043600e-02 	7.952981e-01 
2.072200e-02 	7.901289e-01 
2.100700e-02 	7.849481e-01 
2.129300e-02 	7.797217e-01 
2.157900e-02 	7.744702e-01 
2.186500e-02 	7.691959e-01 
2.215100e-02 	7.639009e-01 
2.243700e-02 	7.585876e-01 
2.272200e-02 	7.532766e-01 
2.300800e-02 	7.479327e-01 
2.329400e-02 	7.425766e-01 
2.358000e-02 	7.372101e-01 
2.386600e-02 	7.318352e-01 
2.415100e-02 	7.264724e-01 
2.443700e-02 	7.210860e-01 
2.472300e-02 	7.156963e-01 
2.500900e-02 	7.103050e-01 
2.529500e-02 	7.049137e-01 
2.558100e-02 	6.995238e-01 
2.586600e-02 	6.941557e-01 
2.615200e-02 	6.887730e-01 
2.643800e-02 	6.833960e-01 
2.672400e-02 	6.780259e-01 
2.701000e-02 	6.726641e-01 
2.729500e-02 	6.673304e-01 
2.758100e-02 	6.619885e-01 
2.786700e-02 	6.566583e-01 
2.815300e-02 	6.513408e-01 
2.843900e-02 	6.460372e-01 
2.872400e-02 	6.407669e-01 
2.901000e-02 	6.354938e-01 
2.929600e-02 	6.302373e-01 
2.958200e-02 	6.249984e-01 
2.986800e-02 	6.197779e-01 
3.015400e-02 	6.145767e-01 
3.043900e-02 	6.094137e-01 
3.072500e-02 	6.042532e-01 
3.101100e-02 	5.991143e-01 
3.129700e-02 	5.939976e-01 
3.158300e-02 	5.889038e-01 
3.186800e-02 	5.838512e-01 
3.215400e-02 	5.788049e-01 
3.244000e-02 	5.737835e-01 
3.272600e-02 	5.687874e-01 
3.301200e-02 	5.638172e-01 
3.329800e-02 	5.588734e-01 
3.358300e-02 	5.539737e-01 
3.386900e-02 	5.490841e-01 
3.415500e-02 	5.442223e-01 
3.444100e-02 	5.393890e-01 
3.472700e-02 	5.345844e-01 
3.501200e-02 	5.298256e-01 
3.529800e-02 	5.250796e-01 
3.558400e-02 	5.203635e-01 
3.587000e-02 	5.156778e-01 
3.615600e-02 	5.110228e-01 
3.644200e-02 	5.063988e-01 
3.672700e-02 	5.018222e-01 
3.701300e-02 	4.972610e-01 
3.729900e-02 	4.927318e-01 
3.758500e-02 	4.882347e-01 
3.787100e-02 	4.837701e-01 
3.815600e-02 	4.793537e-01 
3.844200e-02 	4.749547e-01 
3.872800e-02 	4.705889e-01 
3.901400e-02 	4.662563e-01 
3.930000e-02 	4.619573e-01 
3.958500e-02 	4.577068e-01 
3.987100e-02 	4.534751e-01 
4.015700e-02 	4.492775e-01 
4.044300e-02 	4.451141e-01 
4.072900e-02 	4.409849e-01 
4.101500e-02 	4.368900e-01 
4.130000e-02 	4.328437e-01 
4.158600e-02 	4.288176e-01 
4.187200e-02 	4.248260e-01 
4.215800e-02 	4.208690e-01 
4.244400e-02 	4.169467e-01 
4.272900e-02 	4.130725e-01 
4.301500e-02 	4.092193e-01 
4.330100e-02 	4.054008e-01 
4.358700e-02 	4.016168e-01 
4.387300e-02 	3.978675e-01 
4.415900e-02 	3.941527e-01 
4.444400e-02 	3.904853e-01 
4.473000e-02 	3.868393e-01 
4.501600e-02 	3.832276e-01 
4.530200e-02 	3.796501e-01 
4.558800e-02 	3.761068e-01 
4.587300e-02 	3.726097e-01 
4.615900e-02 	3.691343e-01 
4.644500e-02 	3.656927e-01 
4.673100e-02 	3.622849e-01 
4.701700e-02 	3.589106e-01 
4.730200e-02 	3.555813e-01 
4.758800e-02 	3.522735e-01 
4.787400e-02 	3.489988e-01 
4.816000e-02 	3.457569e-01 
4.844600e-02 	3.425478e-01 
4.873200e-02 	3.393712e-01 
4.901700e-02 	3.362380e-01 
4.930300e-02 	3.331260e-01 
4.958900e-02 	3.300460e-01 
4.987500e-02 	3.269978e-01 
5.016100e-02 	3.239812e-01 
5.044600e-02 	3.210064e-01 
5.073200e-02 	3.180521e-01 
5.101800e-02 	3.151288e-01 
5.130400e-02 	3.122362e-01 
5.159000e-02 	3.093740e-01 
5.187600e-02 	3.065422e-01 
5.216100e-02 	3.037502e-01 
5.244700e-02 	3.009782e-01 
5.273300e-02 	2.982358e-01 
5.301900e-02 	2.955227e-01 
5.330500e-02 	2.928386e-01 
5.359000e-02 	2.901926e-01 
5.387600e-02 	2.875658e-01 
5.416200e-02 	2.849673e-01 
5.444800e-02 	2.823968e-01 
5.473400e-02 	2.798540e-01 
5.502000e-02 	2.773389e-01 
5.530500e-02 	2.748596e-01 
5.559100e-02 	2.723987e-01 
5.587700e-02 	2.699646e-01 
5.616300e-02 	2.675571e-01 
5.644900e-02 	2.651758e-01 
5.673400e-02 	2.628287e-01 
5.702000e-02 	2.604991e-01 
5.730600e-02 	2.581949e-01 
5.759200e-02 	2.559157e-01 
5.787800e-02 	2.536615e-01 
5.816300e-02 	2.514396e-01 
5.844900e-02 	2.492343e-01 
5.873500e-02 	2.470530e-01 
5.902100e-02 	2.448957e-01 
5.930700e-02 	2.427619e-01 
5.959300e-02 	2.406516e-01 
5.987800e-02 	2.385716e-01 
6.016400e-02 	2.365072e-01 
6.045000e-02 	2.344654e-01 
6.073600e-02 	2.324459e-01 
6.102200e-02 	2.304485e-01 
6.130700e-02 	2.284798e-01 
6.159300e-02 	2.265257e-01 
6.187900e-02 	2.245930e-01 
6.216500e-02 	2.226814e-01 
6.245100e-02 	2.207907e-01 
6.273700e-02 	2.189206e-01 
6.302200e-02 	2.170774e-01 
6.330800e-02 	2.152479e-01 
6.359400e-02 	2.134383e-01 
6.388000e-02 	2.116483e-01 
6.416600e-02 	2.098779e-01 
6.445100e-02 	2.081329e-01 
6.473700e-02 	2.064008e-01 
6.502300e-02 	2.046875e-01 
6.530900e-02 	2.029930e-01 
6.559500e-02 	2.013169e-01 
6.588100e-02 	1.996591e-01 
6.616600e-02 	1.980250e-01 
6.645200e-02 	1.964030e-01 
6.673800e-02 	1.947986e-01 
6.702400e-02 	1.932116e-01 
6.731000e-02 	1.916419e-01 
6.759500e-02 	1.900946e-01 
6.788100e-02 	1.885587e-01 
6.816700e-02 	1.870395e-01 
6.845300e-02 	1.855369e-01 
6.873900e-02 	1.840506e-01 
6.902400e-02 	1.825857e-01 
6.931000e-02 	1.811317e-01 
6.959600e-02 	1.796934e-01 
6.988200e-02 	1.782708e-01 
7.016800e-02 	1.768637e-01 
7.045400e-02 	1.754718e-01 
7.073900e-02 	1.740999e-01 
7.102500e-02 	1.727381e-01 
7.131100e-02 	1.713911e-01 
7.159700e-02 	1.700587e-01 
7.188300e-02 	1.687408e-01 
7.216800e-02 	1.674418e-01 
7.245400e-02 	1.661524e-01 
7.274000e-02 	1.648771e-01 
7.302600e-02 	1.636156e-01 
7.331200e-02 	1.623679e-01 
7.359800e-02 	1.611339e-01 
7.388300e-02 	1.599175e-01 
7.416900e-02 	1.587102e-01 
7.445500e-02 	1.575161e-01 
7.474100e-02 	1.563351e-01 
7.502700e-02 	1.551669e-01 
7.531200e-02 	1.540156e-01 
7.559800e-02 	1.528728e-01 
7.588400e-02 	1.517426e-01 
7.617000e-02 	1.506247e-01 
7.645600e-02 	1.495190e-01 
7.674200e-02 	1.484254e-01 
7.702700e-02 	1.473476e-01 
7.731300e-02 	1.462777e-01 
7.759900e-02 	1.452196e-01 
7.788500e-02 	1.441731e-01 
7.817100e-02 	1.431380e-01 
7.845600e-02 	1.421178e-01 
7.874200e-02 	1.411053e-01 
7.902800e-02 	1.401040e-01 
7.931400e-02 	1.391137e-01 
7.960000e-02 	1.381343e-01 
7.988500e-02 	1.371691e-01 
8.017100e-02 	1.362113e-01 
8.045700e-02 	1.352640e-01 
8.074300e-02 	1.343272e-01 
8.102900e-02 	1.334008e-01 
8.131500e-02 	1.324847e-01 
8.160000e-02 	1.315818e-01 
8.188600e-02 	1.306857e-01 
8.217200e-02 	1.297996e-01 
8.245800e-02 	1.289232e-01 
8.274400e-02 	1.280566e-01 
8.302900e-02 	1.272025e-01 
8.331500e-02 	1.263549e-01 
8.360100e-02 	1.255168e-01 
8.388700e-02 	1.246880e-01 
8.417300e-02 	1.238684e-01 
8.445900e-02 	1.230581e-01 
8.474400e-02 	1.222595e-01 
8.503000e-02 	1.214672e-01 
8.531600e-02 	1.206837e-01 
8.560200e-02 	1.199090e-01 
8.588800e-02 	1.191430e-01 
8.617300e-02 	1.183882e-01 
8.645900e-02 	1.176392e-01 
8.674500e-02 	1.168986e-01 
8.703100e-02 	1.161663e-01 
8.731700e-02 	1.154422e-01 
8.760300e-02 	1.147263e-01 
8.788800e-02 	1.140207e-01 
8.817400e-02 	1.133206e-01 
8.846000e-02 	1.126283e-01 
8.874600e-02 	1.119438e-01 
8.903200e-02 	1.112670e-01 
8.931700e-02 	1.106001e-01 
8.960300e-02 	1.099384e-01 
8.988900e-02 	1.092841e-01 
9.017500e-02 	1.086371e-01 
9.046100e-02 	1.079975e-01 
9.074600e-02 	1.073672e-01 
9.103200e-02 	1.067417e-01 
9.131800e-02 	1.061233e-01 
9.160400e-02 	1.055118e-01 
9.189000e-02 	1.049072e-01 
9.217600e-02 	1.043093e-01 
9.246100e-02 	1.037201e-01 
9.274700e-02 	1.031355e-01 
9.303300e-02 	1.025573e-01 
9.331900e-02 	1.019856e-01 
9.360500e-02 	1.014203e-01 
9.389000e-02 	1.008631e-01 
9.417600e-02 	1.003102e-01 
9.446200e-02 	9.976328e-02 
9.474800e-02 	9.922242e-02 
9.503400e-02 	9.868751e-02 
9.532000e-02 	9.815847e-02 
9.560500e-02 	9.763707e-02 
9.589100e-02 	9.711956e-02 
9.617700e-02 	9.660773e-02 
9.646300e-02 	9.610149e-02 
9.674900e-02 	9.560078e-02 
9.703400e-02 	9.510726e-02 
9.732000e-02 	9.461738e-02 
9.760600e-02 	9.413282e-02 
9.789200e-02 	9.365352e-02 
9.817800e-02 	9.317940e-02 
9.846400e-02 	9.271040e-02 
9.874900e-02 	9.224807e-02 
9.903500e-02 	9.178907e-02 
9.932100e-02 	9.133497e-02 
9.960700e-02 	9.088569e-02 
9.989300e-02 	9.044114e-02 
1.001800e-01 	8.999973e-02 
1.004600e-01 	8.957354e-02 
1.007500e-01 	8.913671e-02 
1.010400e-01 	8.870446e-02 
1.013200e-01 	8.829139e-02 
1.016100e-01 	8.786795e-02 
1.018900e-01 	8.746327e-02 
1.021800e-01 	8.704838e-02 
1.024600e-01 	8.665186e-02 
1.027500e-01 	8.624531e-02 
1.030400e-01 	8.584292e-02 
1.033200e-01 	8.545829e-02 
1.036100e-01 	8.506389e-02 
1.038900e-01 	8.468686e-02 
1.041800e-01 	8.430021e-02 
1.044700e-01 	8.391742e-02 
1.047500e-01 	8.355143e-02 
1.050400e-01 	8.317602e-02 
1.053200e-01 	8.281704e-02 
1.056100e-01 	8.244877e-02 
1.058900e-01 	8.209655e-02 
1.061800e-01 	8.173516e-02 
1.064700e-01 	8.137717e-02 
1.067500e-01 	8.103469e-02 
1.070400e-01 	8.068319e-02 
1.073200e-01 	8.034687e-02 
1.076100e-01 	8.000167e-02 
1.079000e-01 	7.965959e-02 
1.081800e-01 	7.933222e-02 
1.084700e-01 	7.899615e-02 
1.087500e-01 	7.867451e-02 
1.090400e-01 	7.834426e-02 
1.093200e-01 	7.802815e-02 
1.096100e-01 	7.770354e-02 
1.099000e-01 	7.738173e-02 
1.101800e-01 	7.707361e-02 
1.104700e-01 	7.675714e-02 
1.107500e-01 	7.645408e-02 
1.110400e-01 	7.614275e-02 
1.113300e-01 	7.583396e-02 
1.116100e-01 	7.553819e-02 
1.119000e-01 	7.523427e-02 
1.121800e-01 	7.494311e-02 
1.124700e-01 	7.464387e-02 
1.127500e-01 	7.435714e-02 
1.130400e-01 	7.406239e-02 
1.133300e-01 	7.376986e-02 
1.136100e-01 	7.348948e-02 
1.139000e-01 	7.320117e-02 
1.141800e-01 	7.292480e-02 
1.144700e-01 	7.264056e-02 
1.147600e-01 	7.235832e-02 
1.150400e-01 	7.208767e-02 
1.153300e-01 	7.180924e-02 
1.156100e-01 	7.154221e-02 
1.159000e-01 	7.126745e-02 
1.161800e-01 	7.100389e-02 
1.164700e-01 	7.073267e-02 
1.167600e-01 	7.046319e-02 
1.170400e-01 	7.020461e-02 
1.173300e-01 	6.993845e-02 
1.176100e-01 	6.968302e-02 
1.179000e-01 	6.942005e-02 
1.181800e-01 	6.916764e-02 
1.184700e-01 	6.890773e-02 
1.187600e-01 	6.864933e-02 
1.190400e-01 	6.840123e-02 
1.193300e-01 	6.814569e-02 
1.196100e-01 	6.790029e-02 
1.199000e-01 	6.764748e-02 
1.201900e-01 	6.739602e-02 
1.204700e-01 	6.715449e-02 
1.207600e-01 	6.690561e-02 
1.210400e-01 	6.666652e-02 
1.213300e-01 	6.642012e-02 
1.216100e-01 	6.618337e-02 
1.219000e-01 	6.593935e-02 
1.221900e-01 	6.569649e-02 
1.224700e-01 	6.546311e-02 
1.227600e-01 	6.522248e-02 
1.230400e-01 	6.499120e-02 
1.233300e-01 	6.475271e-02 
1.236200e-01 	6.451528e-02 
1.239000e-01 	6.428701e-02 
1.241900e-01 	6.405158e-02 
1.244700e-01 	6.382521e-02 
1.247600e-01 	6.359170e-02 
1.250400e-01 	6.336713e-02 
1.253300e-01 	6.313545e-02 
1.256200e-01 	6.290468e-02 
1.259000e-01 	6.268269e-02 
1.261900e-01 	6.245362e-02 
1.264700e-01 	6.223325e-02 
1.267600e-01 	6.200581e-02 
1.270500e-01 	6.177917e-02 
1.273300e-01 	6.156108e-02 
1.276200e-01 	6.133595e-02 
1.279000e-01 	6.111928e-02 
1.281900e-01 	6.089559e-02 
1.284700e-01 	6.068028e-02 
1.287600e-01 	6.045797e-02 
1.290500e-01 	6.023632e-02 
1.293300e-01 	6.002294e-02 
1.296200e-01 	5.980257e-02 
1.299000e-01 	5.959039e-02 
1.301900e-01 	5.937124e-02 
1.304700e-01 	5.916022e-02 
1.307600e-01 	5.894225e-02 
1.310500e-01 	5.872486e-02 
1.313300e-01 	5.851551e-02 
1.316200e-01 	5.829924e-02 
1.319000e-01 	5.809095e-02 
1.321900e-01 	5.787577e-02 
1.324800e-01 	5.766112e-02 
1.327600e-01 	5.745437e-02 
1.330500e-01 	5.724075e-02 
1.333300e-01 	5.703498e-02 
1.336200e-01 	5.682236e-02 
1.339000e-01 	5.661754e-02 
1.341900e-01 	5.640588e-02 
1.344800e-01 	5.619470e-02 
1.347600e-01 	5.599124e-02 
1.350500e-01 	5.578098e-02 
1.353300e-01 	5.557840e-02 
1.356200e-01 	5.536902e-02 
1.359100e-01 	5.516008e-02 
1.361900e-01 	5.495875e-02 
1.364800e-01 	5.475065e-02 
1.367600e-01 	5.455012e-02 
1.370500e-01 	5.434283e-02 
1.373300e-01 	5.414307e-02 
1.376200e-01 	5.393657e-02 
1.379100e-01 	5.373045e-02 
1.381900e-01 	5.353180e-02 
1.384800e-01 	5.332642e-02 
1.387600e-01 	5.312847e-02 
1.390500e-01 	5.292382e-02 
1.393400e-01 	5.271953e-02 
1.396200e-01 	5.252264e-02 
1.399100e-01 	5.231906e-02 
1.401900e-01 	5.212283e-02 
1.404800e-01 	5.191995e-02 
1.407600e-01 	5.172440e-02 
1.410500e-01 	5.152222e-02 
1.413400e-01 	5.132038e-02 
1.416200e-01 	5.112584e-02 
1.419100e-01 	5.092469e-02 
1.421900e-01 	5.073081e-02 
1.424800e-01 	5.053035e-02 
1.427600e-01 	5.033714e-02 
1.430500e-01 	5.013737e-02 
1.433400e-01 	4.993794e-02 
1.436200e-01 	4.974572e-02 
1.439100e-01 	4.954698e-02 
1.441900e-01 	4.935542e-02 
1.444800e-01 	4.915735e-02 
1.447700e-01 	4.895964e-02 
1.450500e-01 	4.876906e-02 
1.453400e-01 	4.857202e-02 
1.456200e-01 	4.838210e-02 
1.459100e-01 	4.818574e-02 
1.461900e-01 	4.799647e-02 
1.464800e-01 	4.780078e-02 
1.467700e-01 	4.760544e-02 
1.470500e-01 	4.741715e-02 
1.473400e-01 	4.722248e-02 
1.476200e-01 	4.703485e-02 
1.479100e-01 	4.684086e-02 
1.482000e-01 	4.664722e-02 
1.484800e-01 	4.646059e-02 
1.487700e-01 	4.626764e-02 
1.490500e-01 	4.608169e-02 
1.493400e-01 	4.588945e-02 
1.496200e-01 	4.570419e-02 
1.499100e-01 	4.551267e-02 
1.502000e-01 	4.532152e-02 
1.504800e-01 	4.513732e-02 
1.507700e-01 	4.494692e-02 
1.510500e-01 	4.476345e-02 
1.513400e-01 	4.457380e-02 
1.516300e-01 	4.438455e-02 
1.519100e-01 	4.420220e-02 
1.522000e-01 	4.401373e-02 
1.524800e-01 	4.383214e-02 
1.527700e-01 	4.364446e-02 
1.530500e-01 	4.346365e-02 
1.533400e-01 	4.327678e-02 
1.536300e-01 	4.309033e-02 
1.539100e-01 	4.291070e-02 
1.542000e-01 	4.272508e-02 
1.544800e-01 	4.254627e-02 
1.547700e-01 	4.236149e-02 
1.550600e-01 	4.217715e-02 
1.553400e-01 	4.199959e-02 
1.556300e-01 	4.181612e-02 
1.559100e-01 	4.163941e-02 
1.562000e-01 	4.145683e-02 
1.564800e-01 	4.128098e-02 
1.567700e-01 	4.109931e-02 
1.570600e-01 	4.091810e-02 
1.573400e-01 	4.074359e-02 
1.576300e-01 	4.056331e-02 
1.579100e-01 	4.038970e-02 
1.582000e-01 	4.021037e-02 
1.584800e-01 	4.003767e-02 
1.587700e-01 	3.985930e-02 
1.590600e-01 	3.968141e-02 
1.593400e-01 	3.951014e-02 
1.596300e-01 	3.933323e-02 
1.599100e-01 	3.916292e-02 
1.602000e-01 	3.898702e-02 
1.604900e-01 	3.881164e-02 
1.607700e-01 	3.864280e-02 
1.610600e-01 	3.846845e-02 
1.613400e-01 	3.830061e-02 
1.616300e-01 	3.812731e-02 
1.619100e-01 	3.796049e-02 
1.622000e-01 	3.778825e-02 
1.624900e-01 	3.761655e-02 
1.627700e-01 	3.745130e-02 
1.630600e-01 	3.728069e-02 
1.633400e-01 	3.711648e-02 
1.636300e-01 	3.694697e-02 
1.639200e-01 	3.677802e-02 
1.642000e-01 	3.661544e-02 
1.644900e-01 	3.644762e-02 
1.647700e-01 	3.628613e-02 
1.650600e-01 	3.611945e-02 
1.653400e-01 	3.595907e-02 
1.656300e-01 	3.579354e-02 
1.659200e-01 	3.562860e-02 
1.662000e-01 	3.546992e-02 
1.664900e-01 	3.530616e-02 
1.667700e-01 	3.514862e-02 
1.670600e-01 	3.498605e-02 
1.673500e-01 	3.482410e-02 
1.676300e-01 	3.466831e-02 
1.679200e-01 	3.450756e-02 
1.682000e-01 	3.435295e-02 
1.684900e-01 	3.419344e-02 
1.687700e-01 	3.404002e-02 
1.690600e-01 	3.388174e-02 
1.693500e-01 	3.372410e-02 
1.696300e-01 	3.357251e-02 
1.699200e-01 	3.341613e-02 
1.702000e-01 	3.326576e-02 
1.704900e-01 	3.311066e-02 
1.707700e-01 	3.296154e-02 
1.710600e-01 	3.280773e-02 
1.713500e-01 	3.265458e-02 
1.716300e-01 	3.250734e-02 
1.719200e-01 	3.235550e-02 
1.722000e-01 	3.220952e-02 
1.724900e-01 	3.205899e-02 
1.727800e-01 	3.190913e-02 
1.730600e-01 	3.176507e-02 
1.733500e-01 	3.161653e-02 
1.736300e-01 	3.147374e-02 
1.739200e-01 	3.132652e-02 
1.742000e-01 	3.118502e-02 
1.744900e-01 	3.103912e-02 
1.747800e-01 	3.089389e-02 
1.750600e-01 	3.075432e-02 
1.753500e-01 	3.061042e-02 
1.756300e-01 	3.047213e-02 
1.759200e-01 	3.032957e-02 
1.762100e-01 	3.018768e-02 
1.764900e-01 	3.005133e-02 
1.767800e-01 	2.991078e-02 
1.770600e-01 	2.977573e-02 
1.773500e-01 	2.963651e-02 
1.776300e-01 	2.950275e-02 
1.779200e-01 	2.936488e-02 
1.782100e-01 	2.922769e-02 
1.784900e-01 	2.909588e-02 
1.787800e-01 	2.896004e-02 
1.790600e-01 	2.882953e-02 
1.793500e-01 	2.869503e-02 
1.796400e-01 	2.856123e-02 
1.799200e-01 	2.843269e-02 
1.802100e-01 	2.830023e-02 
1.804900e-01 	2.817300e-02 
1.807800e-01 	2.804190e-02 
1.810600e-01 	2.791597e-02 
1.813500e-01 	2.778623e-02 
1.816400e-01 	2.765718e-02 
1.819200e-01 	2.753323e-02 
1.822100e-01 	2.740555e-02 
1.824900e-01 	2.728292e-02 
1.827800e-01 	2.715659e-02 
1.830600e-01 	2.703528e-02 
1.833500e-01 	2.691031e-02 
1.836400e-01 	2.678604e-02 
1.839200e-01 	2.666671e-02 
1.842100e-01 	2.654379e-02 
1.844900e-01 	2.642576e-02 
1.847800e-01 	2.630418e-02 
1.850700e-01 	2.618329e-02 
1.853500e-01 	2.606722e-02 
1.856400e-01 	2.594766e-02 
1.859200e-01 	2.583287e-02 
1.862100e-01 	2.571465e-02 
1.864900e-01 	2.560113e-02 
1.867800e-01 	2.548423e-02 
1.870700e-01 	2.536799e-02 
1.873500e-01 	2.525639e-02 
1.876400e-01 	2.514146e-02 
1.879200e-01 	2.503112e-02 
1.882100e-01 	2.491749e-02 
1.885000e-01 	2.480451e-02 
1.887800e-01 	2.469606e-02 
1.890700e-01 	2.458438e-02 
1.893500e-01 	2.447716e-02 
1.896400e-01 	2.436676e-02 
1.899200e-01 	2.426078e-02 
1.902100e-01 	2.415164e-02 
1.905000e-01 	2.404316e-02 
1.907800e-01 	2.393902e-02 
1.910700e-01 	2.383179e-02 
1.913500e-01 	2.372887e-02 
1.916400e-01 	2.362290e-02 
1.919300e-01 	2.351756e-02 
1.922100e-01 	2.341645e-02 
1.925000e-01 	2.331235e-02 
1.927800e-01 	2.321244e-02 
1.930700e-01 	2.310957e-02 
1.933500e-01 	2.301085e-02 
1.936400e-01 	2.290920e-02 
1.939300e-01 	2.280817e-02 
1.942100e-01 	2.271121e-02 
1.945000e-01 	2.261139e-02 
1.947800e-01 	2.251559e-02 
1.950700e-01 	2.241696e-02 
1.953600e-01 	2.231894e-02 
1.956400e-01 	2.222487e-02 
1.959300e-01 	2.212802e-02 
1.962100e-01 	2.203509e-02 
1.965000e-01 	2.193941e-02 
1.967800e-01 	2.184760e-02 
1.970700e-01 	2.175308e-02 
1.973600e-01 	2.165915e-02 
1.976400e-01 	2.156900e-02 
1.979300e-01 	2.147620e-02 
1.982100e-01 	2.138715e-02 
1.985000e-01 	2.129548e-02 
1.987800e-01 	2.120751e-02 
1.990700e-01 	2.111695e-02 
1.993600e-01 	2.102695e-02 
1.996400e-01 	2.094058e-02 
1.999300e-01 	2.085167e-02 
2.002100e-01 	2.076635e-02 
2.005000e-01 	2.067852e-02 
2.007900e-01 	2.059123e-02 
2.010700e-01 	2.050747e-02 
2.013600e-01 	2.042124e-02 
2.016400e-01 	2.033850e-02 
2.019300e-01 	2.025331e-02 
2.022100e-01 	2.017157e-02 
2.025000e-01 	2.008742e-02 
2.027900e-01 	2.000379e-02 
2.030700e-01 	1.992354e-02 
2.033600e-01 	1.984092e-02 
2.036400e-01 	1.976164e-02 
2.039300e-01 	1.968003e-02 
2.042200e-01 	1.959891e-02 
2.045000e-01 	1.952107e-02 
2.047900e-01 	1.944094e-02 
2.050700e-01 	1.936403e-02 
2.053600e-01 	1.928486e-02 
2.056400e-01 	1.920889e-02 
2.059300e-01 	1.913067e-02 
2.062200e-01 	1.905293e-02 
2.065000e-01 	1.897832e-02 
2.067900e-01 	1.890151e-02 
2.070700e-01 	1.882779e-02 
2.073600e-01 	1.875190e-02 
2.076500e-01 	1.867646e-02 
2.079300e-01 	1.860407e-02 
2.082200e-01 	1.852953e-02 
2.085000e-01 	1.845799e-02 
2.087900e-01 	1.838434e-02 
2.090700e-01 	1.831365e-02 
2.093600e-01 	1.824087e-02 
2.096500e-01 	1.816853e-02 
2.099300e-01 	1.809909e-02 
2.102200e-01 	1.802760e-02 
2.105000e-01 	1.795897e-02 
2.107900e-01 	1.788832e-02 
2.110700e-01 	1.782050e-02 
2.113600e-01 	1.775067e-02 
2.116500e-01 	1.768125e-02 
2.119300e-01 	1.761462e-02 
2.122200e-01 	1.754600e-02 
2.125000e-01 	1.748014e-02 
2.127900e-01 	1.741232e-02 
2.130800e-01 	1.734490e-02 
2.133600e-01 	1.728018e-02 
2.136500e-01 	1.721353e-02 
2.139300e-01 	1.714955e-02 
2.142200e-01 	1.708367e-02 
2.145000e-01 	1.702042e-02 
2.147900e-01 	1.695529e-02 
2.150800e-01 	1.689053e-02 
2.153600e-01 	1.682836e-02 
2.156500e-01 	1.676433e-02 
2.159300e-01 	1.670286e-02 
2.162200e-01 	1.663955e-02 
2.165100e-01 	1.657661e-02 
2.167900e-01 	1.651617e-02 
2.170800e-01 	1.645393e-02 
2.173600e-01 	1.639417e-02 
2.176500e-01 	1.633261e-02 
2.179300e-01 	1.627351e-02 
2.182200e-01 	1.621264e-02 
2.185100e-01 	1.615210e-02 
2.187900e-01 	1.609397e-02 
2.190800e-01 	1.603410e-02 
2.193600e-01 	1.597660e-02 
2.196500e-01 	1.591738e-02 
2.199400e-01 	1.585848e-02 
2.202200e-01 	1.580192e-02 
2.205100e-01 	1.574366e-02 
2.207900e-01 	1.568771e-02 
2.210800e-01 	1.563007e-02 
2.213600e-01 	1.557471e-02 
2.216500e-01 	1.551768e-02 
2.219400e-01 	1.546096e-02 
2.222200e-01 	1.540649e-02 
2.225100e-01 	1.535037e-02 
2.227900e-01 	1.529647e-02 
2.230800e-01 	1.524094e-02 
2.233600e-01 	1.518761e-02 
2.236500e-01 	1.513265e-02 
2.239400e-01 	1.507800e-02 
2.242200e-01 	1.502550e-02 
2.245100e-01 	1.497140e-02 
2.247900e-01 	1.491945e-02 
2.250800e-01 	1.486591e-02 
2.253700e-01 	1.481266e-02 
2.256500e-01 	1.476151e-02 
2.259400e-01 	1.470880e-02 
2.262200e-01 	1.465818e-02 
2.265100e-01 	1.460601e-02 
2.267900e-01 	1.455589e-02 
2.270800e-01 	1.450426e-02 
2.273700e-01 	1.445289e-02 
2.276500e-01 	1.440354e-02 
2.279400e-01 	1.435268e-02 
2.282200e-01 	1.430383e-02 
2.285100e-01 	1.425349e-02 
2.288000e-01 	1.420341e-02 
2.290800e-01 	1.415530e-02 
2.293700e-01 	1.410571e-02 
2.296500e-01 	1.405808e-02 
2.299400e-01 	1.400899e-02 
2.302200e-01 	1.396183e-02 
2.305100e-01 	1.391323e-02 
2.308000e-01 	1.386487e-02 
2.310800e-01 	1.381842e-02 
2.313700e-01 	1.377054e-02 
2.316500e-01 	1.372454e-02 
2.319400e-01 	1.367713e-02 
2.322300e-01 	1.362996e-02 
2.325100e-01 	1.358464e-02 
2.328000e-01 	1.353792e-02 
2.330800e-01 	1.349305e-02 
2.333700e-01 	1.344679e-02 
2.336500e-01 	1.340235e-02 
2.339400e-01 	1.335654e-02 
2.342300e-01 	1.331096e-02 
2.345100e-01 	1.326716e-02 
2.348000e-01 	1.322202e-02 
2.350800e-01 	1.317865e-02 
2.353700e-01 	1.313394e-02 
2.356600e-01 	1.308945e-02 
2.359400e-01 	1.304670e-02 
2.362300e-01 	1.300264e-02 
2.365100e-01 	1.296030e-02 
2.368000e-01 	1.291666e-02 
2.370800e-01 	1.287473e-02 
2.373700e-01 	1.283151e-02 
2.376600e-01 	1.278850e-02 
2.379400e-01 	1.274717e-02 
2.382300e-01 	1.270457e-02 
2.385100e-01 	1.266363e-02 
2.388000e-01 	1.262144e-02 
2.390800e-01 	1.258089e-02 
2.393700e-01 	1.253910e-02 
2.396600e-01 	1.249751e-02 
2.399400e-01 	1.245755e-02 
2.402300e-01 	1.241636e-02 
2.405100e-01 	1.237677e-02 
2.408000e-01 	1.233597e-02 
2.410900e-01 	1.229537e-02 
2.413700e-01 	1.225635e-02 
2.416600e-01 	1.221614e-02 
2.419400e-01 	1.217749e-02 
2.422300e-01 	1.213766e-02 
2.425100e-01 	1.209938e-02 
2.428000e-01 	1.205992e-02 
2.430900e-01 	1.202066e-02 
2.433700e-01 	1.198293e-02 
2.436600e-01 	1.194404e-02 
2.439400e-01 	1.190667e-02 
2.442300e-01 	1.186815e-02 
2.445200e-01 	1.182982e-02 
2.448000e-01 	1.179298e-02 
2.450900e-01 	1.175502e-02 
2.453700e-01 	1.171853e-02 
2.456600e-01 	1.168093e-02 
2.459400e-01 	1.164479e-02 
2.462300e-01 	1.160755e-02 
2.465200e-01 	1.157048e-02 
2.468000e-01 	1.153486e-02 
2.470900e-01 	1.149815e-02 
2.473700e-01 	1.146288e-02 
2.476600e-01 	1.142652e-02 
2.479500e-01 	1.139033e-02 
2.482300e-01 	1.135556e-02 
2.485200e-01 	1.131973e-02 
2.488000e-01 	1.128529e-02 
2.490900e-01 	1.124980e-02 
2.493700e-01 	1.121569e-02 
2.496600e-01 	1.118054e-02 
2.499500e-01 	1.114556e-02 
2.502300e-01 	1.111195e-02 
2.505200e-01 	1.107731e-02 
2.508000e-01 	1.104402e-02 
2.510900e-01 	1.100971e-02 
2.513700e-01 	1.097674e-02 
2.516600e-01 	1.094276e-02 
2.519500e-01 	1.090895e-02 
2.522300e-01 	1.087647e-02 
2.525200e-01 	1.084298e-02 
2.528000e-01 	1.081081e-02 
2.530900e-01 	1.077765e-02 
2.533800e-01 	1.074466e-02 
2.536600e-01 	1.071295e-02 
2.539500e-01 	1.068028e-02 
2.542300e-01 	1.064889e-02 
2.545200e-01 	1.061653e-02 
2.548000e-01 	1.058544e-02 
2.550900e-01 	1.055341e-02 
2.553800e-01 	1.052153e-02 
2.556600e-01 	1.049090e-02 
2.559500e-01 	1.045933e-02 
2.562300e-01 	1.042900e-02 
2.565200e-01 	1.039775e-02 
2.568100e-01 	1.036665e-02 
2.570900e-01 	1.033677e-02 
2.573800e-01 	1.030598e-02 
2.576600e-01 	1.027640e-02 
2.579500e-01 	1.024591e-02 
2.582300e-01 	1.021662e-02 
2.585200e-01 	1.018644e-02 
2.588100e-01 	1.015641e-02 
2.590900e-01 	1.012756e-02 
2.593800e-01 	1.009784e-02 
2.596600e-01 	1.006928e-02 
2.599500e-01 	1.003984e-02 
2.602400e-01 	1.001057e-02 
2.605200e-01 	9.982438e-03 
2.608100e-01 	9.953453e-03 
2.610900e-01 	9.925609e-03 
2.613800e-01 	9.896917e-03 
2.616600e-01 	9.869355e-03 
2.619500e-01 	9.840954e-03 
2.622400e-01 	9.812700e-03 
2.625200e-01 	9.785559e-03 
2.628100e-01 	9.757593e-03 
2.630900e-01 	9.730729e-03 
2.633800e-01 	9.703048e-03 
2.636600e-01 	9.676459e-03 
2.639500e-01 	9.649061e-03 
2.642400e-01 	9.621807e-03 
2.645200e-01 	9.595628e-03 
2.648100e-01 	9.568654e-03 
2.650900e-01 	9.542744e-03 
2.653800e-01 	9.516048e-03 
2.656700e-01 	9.489493e-03 
2.659500e-01 	9.463986e-03 
2.662400e-01 	9.437705e-03 
2.665200e-01 	9.412463e-03 
2.668100e-01 	9.386455e-03 
2.670900e-01 	9.361476e-03 
2.673800e-01 	9.335739e-03 
2.676700e-01 	9.310140e-03 
2.679500e-01 	9.285553e-03 
2.682400e-01 	9.260222e-03 
2.685200e-01 	9.235893e-03 
2.688100e-01 	9.210828e-03 
2.691000e-01 	9.185897e-03 
2.693800e-01 	9.161954e-03 
2.696700e-01 	9.137287e-03 
2.699500e-01 	9.113598e-03 
2.702400e-01 	9.089192e-03 
2.705200e-01 	9.065754e-03 
2.708100e-01 	9.041608e-03 
2.711000e-01 	9.017594e-03 
2.713800e-01 	8.994532e-03 
2.716700e-01 	8.970774e-03 
2.719500e-01 	8.947958e-03 
2.722400e-01 	8.924455e-03 
2.725300e-01 	8.901081e-03 
2.728100e-01 	8.878634e-03 
2.731000e-01 	8.855512e-03 
2.733800e-01 	8.833307e-03 
2.736700e-01 	8.810435e-03 
2.739500e-01 	8.788471e-03 
2.742400e-01 	8.765846e-03 
2.745300e-01 	8.743347e-03 
2.748100e-01 	8.721742e-03 
2.751000e-01 	8.699488e-03 
2.753800e-01 	8.678119e-03 
2.756700e-01 	8.656108e-03 
2.759600e-01 	8.634220e-03 
2.762400e-01 	8.613202e-03 
2.765300e-01 	8.591554e-03 
2.768100e-01 	8.570768e-03 
2.771000e-01 	8.549358e-03 
2.773800e-01 	8.528801e-03 
2.776700e-01 	8.507627e-03 
2.779600e-01 	8.486573e-03 
2.782400e-01 	8.466357e-03 
2.785300e-01 	8.445536e-03 
2.788100e-01 	8.425545e-03 
2.791000e-01 	8.404955e-03 
2.793800e-01 	8.385185e-03 
2.796700e-01 	8.364824e-03 
2.799600e-01 	8.344579e-03 
2.802400e-01 	8.325141e-03 
2.805300e-01 	8.305122e-03 
2.808100e-01 	8.285902e-03 
2.811000e-01 	8.266106e-03 
2.813900e-01 	8.246424e-03 
2.816700e-01 	8.227528e-03 
2.819600e-01 	8.208067e-03 
2.822400e-01 	8.189383e-03 
2.825300e-01 	8.170141e-03 
2.828100e-01 	8.151667e-03 
2.831000e-01 	8.132642e-03 
2.833900e-01 	8.113726e-03 
2.836700e-01 	8.095566e-03 
2.839600e-01 	8.076864e-03 
2.842400e-01 	8.058910e-03 
2.845300e-01 	8.040420e-03 
2.848200e-01 	8.022037e-03 
2.851000e-01 	8.004389e-03 
2.853900e-01 	7.986215e-03 
2.856700e-01 	7.968768e-03 
2.859600e-01 	7.950801e-03 
2.862400e-01 	7.933553e-03 
2.865300e-01 	7.915791e-03 
2.868200e-01 	7.898133e-03 
2.871000e-01 	7.881181e-03 
2.873900e-01 	7.863724e-03 
2.876700e-01 	7.846967e-03 
2.879600e-01 	7.829710e-03 
2.882500e-01 	7.812554e-03 
2.885300e-01 	7.796086e-03 
2.888200e-01 	7.779127e-03 
2.891000e-01 	7.762848e-03 
2.893900e-01 	7.746084e-03 
2.896700e-01 	7.729992e-03 
2.899600e-01 	7.713422e-03 
2.902500e-01 	7.696949e-03 
2.905300e-01 	7.681137e-03 
2.908200e-01 	7.664855e-03 
2.911000e-01 	7.649225e-03 
2.913900e-01 	7.633132e-03 
2.916700e-01 	7.617683e-03 
2.919600e-01 	7.601776e-03 
2.922500e-01 	7.585964e-03 
2.925300e-01 	7.570785e-03 
2.928200e-01 	7.555156e-03 
2.931000e-01 	7.540155e-03 
2.933900e-01 	7.524708e-03 
2.936800e-01 	7.509353e-03 
2.939600e-01 	7.494614e-03 
2.942500e-01 	7.479439e-03 
2.945300e-01 	7.464872e-03 
2.948200e-01 	7.449874e-03 
2.951000e-01 	7.435478e-03 
2.953900e-01 	7.420656e-03 
2.956800e-01 	7.405922e-03 
2.959600e-01 	7.391780e-03 
2.962500e-01 	7.377220e-03 
2.965300e-01 	7.363245e-03 
2.968200e-01 	7.348856e-03 
2.971100e-01 	7.334553e-03 
2.973900e-01 	7.320826e-03 
2.976800e-01 	7.306692e-03 
2.979600e-01 	7.293127e-03 
2.982500e-01 	7.279160e-03 
2.985300e-01 	7.265755e-03 
2.988200e-01 	7.251955e-03 
2.991100e-01 	7.238237e-03 
2.993900e-01 	7.225072e-03 
2.996800e-01 	7.211518e-03 
2.999600e-01 	7.198509e-03 
3.002500e-01 	7.185116e-03 
3.005400e-01 	7.171805e-03 
3.008200e-01 	7.159030e-03 
3.011100e-01 	7.145878e-03 
3.013900e-01 	7.133256e-03 
3.016800e-01 	7.120262e-03 
3.019600e-01 	7.107792e-03 
3.022500e-01 	7.094954e-03 
3.025400e-01 	7.082195e-03 
3.028200e-01 	7.069951e-03 
3.031100e-01 	7.057346e-03 
3.033900e-01 	7.045250e-03 
3.036800e-01 	7.032798e-03 
3.039700e-01 	7.020423e-03 
3.042500e-01 	7.008548e-03 
3.045400e-01 	6.996325e-03 
3.048200e-01 	6.984595e-03 
3.051100e-01 	6.972520e-03 
3.053900e-01 	6.960934e-03 
3.056800e-01 	6.949008e-03 
3.059700e-01 	6.937156e-03 
3.062500e-01 	6.925784e-03 
3.065400e-01 	6.914079e-03 
3.068200e-01 	6.902848e-03 
3.071100e-01 	6.891287e-03 
3.073900e-01 	6.880195e-03 
3.076800e-01 	6.868778e-03 
3.079700e-01 	6.857433e-03 
3.082500e-01 	6.846548e-03 
3.085400e-01 	6.835344e-03 
3.088200e-01 	6.824595e-03 
3.091100e-01 	6.813532e-03 
3.094000e-01 	6.802539e-03 
3.096800e-01 	6.791992e-03 
3.099700e-01 	6.781138e-03 
3.102500e-01 	6.770724e-03 
3.105400e-01 	6.760006e-03 
3.108200e-01 	6.749724e-03 
3.111100e-01 	6.739142e-03 
3.114000e-01 	6.728628e-03 
3.116800e-01 	6.718542e-03 
3.119700e-01 	6.708162e-03 
3.122500e-01 	6.698205e-03 
3.125400e-01 	6.687957e-03 
3.128300e-01 	6.677777e-03 
3.131100e-01 	6.668011e-03 
3.134000e-01 	6.657961e-03 
3.136800e-01 	6.648320e-03 
3.139700e-01 	6.638400e-03 
3.142500e-01 	6.628884e-03 
3.145400e-01 	6.619091e-03 
3.148300e-01 	6.609364e-03 
3.151100e-01 	6.600032e-03 
3.154000e-01 	6.590431e-03 
3.156800e-01 	6.581221e-03 
3.159700e-01 	6.571744e-03 
3.162600e-01 	6.562330e-03 
3.165400e-01 	6.553301e-03 
3.168300e-01 	6.544010e-03 
3.171100e-01 	6.535098e-03 
3.174000e-01 	6.525929e-03 
3.176800e-01 	6.517134e-03 
3.179700e-01 	6.508084e-03 
3.182600e-01 	6.499096e-03 
3.185400e-01 	6.490474e-03 
3.188300e-01 	6.481604e-03 
3.191100e-01 	6.473095e-03 
3.194000e-01 	6.464341e-03 
3.196800e-01 	6.455945e-03 
3.199700e-01 	6.447306e-03 
3.202600e-01 	6.438725e-03 
3.205400e-01 	6.430495e-03 
3.208300e-01 	6.422028e-03 
3.211100e-01 	6.413906e-03 
3.214000e-01 	6.405550e-03 
3.216900e-01 	6.397250e-03 
3.219700e-01 	6.389290e-03 
3.222600e-01 	6.381099e-03 
3.225400e-01 	6.373244e-03 
3.228300e-01 	6.365162e-03 
3.231100e-01 	6.357410e-03 
3.234000e-01 	6.349434e-03 
3.236900e-01 	6.341512e-03 
3.239700e-01 	6.333914e-03 
3.242600e-01 	6.326096e-03 
3.245400e-01 	6.318598e-03 
3.248300e-01 	6.310883e-03 
3.251200e-01 	6.303221e-03 
3.254000e-01 	6.295872e-03 
3.256900e-01 	6.288311e-03 
3.259700e-01 	6.281058e-03 
3.262600e-01 	6.273597e-03 
3.265400e-01 	6.266441e-03 
3.268300e-01 	6.259078e-03 
3.271200e-01 	6.251765e-03 
3.274000e-01 	6.244752e-03 
3.276900e-01 	6.237536e-03 
3.279700e-01 	6.230616e-03 
3.282600e-01 	6.223496e-03 
3.285500e-01 	6.216425e-03 
3.288300e-01 	6.209644e-03 
3.291200e-01 	6.202668e-03 
3.294000e-01 	6.195978e-03 
3.296900e-01 	6.189095e-03 
3.299700e-01 	6.182495e-03 
3.302600e-01 	6.175706e-03 
3.305500e-01 	6.168965e-03 
3.308300e-01 	6.162500e-03 
3.311200e-01 	6.155851e-03 
3.314000e-01 	6.149475e-03 
3.316900e-01 	6.142917e-03 
3.319700e-01 	6.136630e-03 
3.322600e-01 	6.130164e-03 
3.325500e-01 	6.123744e-03 
3.328300e-01 	6.117590e-03 
3.331200e-01 	6.111261e-03 
3.334000e-01 	6.105194e-03 
3.336900e-01 	6.098956e-03 
3.339800e-01 	6.092764e-03 
3.342600e-01 	6.086830e-03 
3.345500e-01 	6.080728e-03 
3.348300e-01 	6.074881e-03 
3.351200e-01 	6.068870e-03 
3.354000e-01 	6.063109e-03 
3.356900e-01 	6.057188e-03 
3.359800e-01 	6.051312e-03 
3.362600e-01 	6.045683e-03 
3.365500e-01 	6.039897e-03 
3.368300e-01 	6.034353e-03 
3.371200e-01 	6.028656e-03 
3.374100e-01 	6.023004e-03 
3.376900e-01 	6.017589e-03 
3.379800e-01 	6.012024e-03 
3.382600e-01 	6.006693e-03 
3.385500e-01 	6.001214e-03 
3.388300e-01 	5.995964e-03 
3.391200e-01 	5.990569e-03 
3.394100e-01 	5.985215e-03 
3.396900e-01 	5.980084e-03 
3.399800e-01 	5.974809e-03 
3.402600e-01 	5.969754e-03 
3.405500e-01 	5.964555e-03 
3.408400e-01 	5.959394e-03 
3.411200e-01 	5.954445e-03 
3.414100e-01 	5.949354e-03 
3.416900e-01 	5.944470e-03 
3.419800e-01 	5.939445e-03 
3.422600e-01 	5.934623e-03 
3.425500e-01 	5.929659e-03 
3.428400e-01 	5.924724e-03 
3.431200e-01 	5.919986e-03 
3.434100e-01 	5.915105e-03 
3.436900e-01 	5.910418e-03 
3.439800e-01 	5.905586e-03 
3.442700e-01 	5.900779e-03 
3.445500e-01 	5.896158e-03 
3.448400e-01 	5.891393e-03 
3.451200e-01 	5.886811e-03 
3.454100e-01 	5.882084e-03 
3.456900e-01 	5.877537e-03 
3.459800e-01 	5.872843e-03 
3.462700e-01 	5.868165e-03 
3.465500e-01 	5.863660e-03 
3.468400e-01 	5.859008e-03 
3.471200e-01 	5.854527e-03 
3.474100e-01 	5.849896e-03 
3.476900e-01 	5.845434e-03 
3.479800e-01 	5.840820e-03 
3.482700e-01 	5.836213e-03 
3.485500e-01 	5.831770e-03 
3.488400e-01 	5.827173e-03 
3.491200e-01 	5.822738e-03 
3.494100e-01 	5.818146e-03 
3.497000e-01 	5.813555e-03 
