#q 	 Ifit_avg 
2.999000e-03 	1.000000e+00 
3.284000e-03 	9.989507e-01 
3.570000e-03 	9.979006e-01 
3.856000e-03 	9.968487e-01 
4.141000e-03 	9.957943e-01 
4.427000e-03 	9.947364e-01 
4.712000e-03 	9.936741e-01 
4.998000e-03 	9.926065e-01 
5.284000e-03 	9.915328e-01 
5.569000e-03 	9.904521e-01 
5.855000e-03 	9.893634e-01 
6.140000e-03 	9.882660e-01 
6.426000e-03 	9.871589e-01 
6.712000e-03 	9.860413e-01 
6.997000e-03 	9.849122e-01 
7.283000e-03 	9.837708e-01 
7.568000e-03 	9.826161e-01 
7.854000e-03 	9.814474e-01 
8.140000e-03 	9.802637e-01 
8.425000e-03 	9.790642e-01 
8.711000e-03 	9.778479e-01 
8.996000e-03 	9.766140e-01 
9.282000e-03 	9.753615e-01 
9.568000e-03 	9.740897e-01 
9.853000e-03 	9.727976e-01 
1.013900e-02 	9.714843e-01 
1.042400e-02 	9.701490e-01 
1.071000e-02 	9.687908e-01 
1.099600e-02 	9.674088e-01 
1.128100e-02 	9.660020e-01 
1.156700e-02 	9.645697e-01 
1.185300e-02 	9.631109e-01 
1.213800e-02 	9.616247e-01 
1.242400e-02 	9.601104e-01 
1.270900e-02 	9.585669e-01 
1.299500e-02 	9.569934e-01 
1.328100e-02 	9.553890e-01 
1.356600e-02 	9.537529e-01 
1.385200e-02 	9.520841e-01 
1.413700e-02 	9.503818e-01 
1.442300e-02 	9.486451e-01 
1.470900e-02 	9.468731e-01 
1.499400e-02 	9.450650e-01 
1.528000e-02 	9.432199e-01 
1.556500e-02 	9.413370e-01 
1.585100e-02 	9.394155e-01 
1.613700e-02 	9.374547e-01 
1.642200e-02 	9.354538e-01 
1.670800e-02 	9.334124e-01 
1.699300e-02 	9.313296e-01 
1.727900e-02 	9.292052e-01 
1.756500e-02 	9.270391e-01 
1.785000e-02 	9.248312e-01 
1.813600e-02 	9.225814e-01 
1.842100e-02 	9.202899e-01 
1.870700e-02 	9.179573e-01 
1.899300e-02 	9.155842e-01 
1.927800e-02 	9.131715e-01 
1.956400e-02 	9.107196e-01 
1.984900e-02 	9.082294e-01 
2.013500e-02 	9.057014e-01 
2.042100e-02 	9.031363e-01 
2.070600e-02 	9.005349e-01 
2.099200e-02 	8.978977e-01 
2.127700e-02 	8.952255e-01 
2.156300e-02 	8.925189e-01 
2.184900e-02 	8.897785e-01 
2.213400e-02 	8.870052e-01 
2.242000e-02 	8.841994e-01 
2.270500e-02 	8.813620e-01 
2.299100e-02 	8.784935e-01 
2.327700e-02 	8.755946e-01 
2.356200e-02 	8.726661e-01 
2.384800e-02 	8.697085e-01 
2.413300e-02 	8.667226e-01 
2.441900e-02 	8.637090e-01 
2.470500e-02 	8.606684e-01 
2.499000e-02 	8.576014e-01 
2.527600e-02 	8.545088e-01 
2.556100e-02 	8.513911e-01 
2.584700e-02 	8.482491e-01 
2.613300e-02 	8.450834e-01 
2.641800e-02 	8.418947e-01 
2.670400e-02 	8.386837e-01 
2.698900e-02 	8.354509e-01 
2.727500e-02 	8.321971e-01 
2.756100e-02 	8.289230e-01 
2.784600e-02 	8.256290e-01 
2.813200e-02 	8.223160e-01 
2.841700e-02 	8.189846e-01 
2.870300e-02 	8.156353e-01 
2.898900e-02 	8.122688e-01 
2.927400e-02 	8.088858e-01 
2.956000e-02 	8.054869e-01 
2.984500e-02 	8.020725e-01 
3.013100e-02 	7.986434e-01 
3.041700e-02 	7.952002e-01 
3.070200e-02 	7.917434e-01 
3.098800e-02 	7.882736e-01 
3.127300e-02 	7.847913e-01 
3.155900e-02 	7.812970e-01 
3.184500e-02 	7.777912e-01 
3.213000e-02 	7.742742e-01 
3.241600e-02 	7.707467e-01 
3.270100e-02 	7.672090e-01 
3.298700e-02 	7.636616e-01 
3.327300e-02 	7.601051e-01 
3.355800e-02 	7.565397e-01 
3.384400e-02 	7.529657e-01 
3.413000e-02 	7.493835e-01 
3.441500e-02 	7.457934e-01 
3.470100e-02 	7.421957e-01 
3.498600e-02 	7.385907e-01 
3.527200e-02 	7.349786e-01 
3.555800e-02 	7.313598e-01 
3.584300e-02 	7.277346e-01 
3.612900e-02 	7.241033e-01 
3.641400e-02 	7.204662e-01 
3.670000e-02 	7.168236e-01 
3.698600e-02 	7.131758e-01 
3.727100e-02 	7.095230e-01 
3.755700e-02 	7.058657e-01 
3.784200e-02 	7.022041e-01 
3.812800e-02 	6.985384e-01 
3.841400e-02 	6.948691e-01 
3.869900e-02 	6.911963e-01 
3.898500e-02 	6.875205e-01 
3.927000e-02 	6.838418e-01 
3.955600e-02 	6.801606e-01 
3.984200e-02 	6.764772e-01 
4.012700e-02 	6.727919e-01 
4.041300e-02 	6.691049e-01 
4.069800e-02 	6.654166e-01 
4.098400e-02 	6.617273e-01 
4.127000e-02 	6.580372e-01 
4.155500e-02 	6.543467e-01 
4.184100e-02 	6.506560e-01 
4.212600e-02 	6.469654e-01 
4.241200e-02 	6.432751e-01 
4.269800e-02 	6.395856e-01 
4.298300e-02 	6.358970e-01 
4.326900e-02 	6.322097e-01 
4.355400e-02 	6.285238e-01 
4.384000e-02 	6.248398e-01 
4.412600e-02 	6.211578e-01 
4.441100e-02 	6.174782e-01 
4.469700e-02 	6.138012e-01 
4.498200e-02 	6.101271e-01 
4.526800e-02 	6.064561e-01 
4.555400e-02 	6.027886e-01 
4.583900e-02 	5.991247e-01 
4.612500e-02 	5.954648e-01 
4.641000e-02 	5.918090e-01 
4.669600e-02 	5.881577e-01 
4.698200e-02 	5.845110e-01 
4.726700e-02 	5.808693e-01 
4.755300e-02 	5.772328e-01 
4.783800e-02 	5.736018e-01 
4.812400e-02 	5.699764e-01 
4.841000e-02 	5.663570e-01 
4.869500e-02 	5.627439e-01 
4.898100e-02 	5.591372e-01 
4.926600e-02 	5.555372e-01 
4.955200e-02 	5.519442e-01 
4.983800e-02 	5.483583e-01 
5.012300e-02 	5.447800e-01 
5.040900e-02 	5.412093e-01 
5.069400e-02 	5.376466e-01 
5.098000e-02 	5.340921e-01 
5.126600e-02 	5.305461e-01 
5.155100e-02 	5.270087e-01 
5.183700e-02 	5.234802e-01 
5.212200e-02 	5.199610e-01 
5.240800e-02 	5.164511e-01 
5.269400e-02 	5.129509e-01 
5.297900e-02 	5.094605e-01 
5.326500e-02 	5.059803e-01 
5.355000e-02 	5.025104e-01 
5.383600e-02 	4.990512e-01 
5.412200e-02 	4.956028e-01 
5.440700e-02 	4.921654e-01 
5.469300e-02 	4.887394e-01 
5.497800e-02 	4.853249e-01 
5.526400e-02 	4.819221e-01 
5.555000e-02 	4.785313e-01 
5.583500e-02 	4.751526e-01 
5.612100e-02 	4.717863e-01 
5.640700e-02 	4.684325e-01 
5.669200e-02 	4.650915e-01 
5.697800e-02 	4.617636e-01 
5.726300e-02 	4.584488e-01 
5.754900e-02 	4.551474e-01 
5.783500e-02 	4.518597e-01 
5.812000e-02 	4.485858e-01 
5.840600e-02 	4.453260e-01 
5.869100e-02 	4.420804e-01 
5.897700e-02 	4.388492e-01 
5.926300e-02 	4.356325e-01 
5.954800e-02 	4.324305e-01 
5.983400e-02 	4.292432e-01 
6.011900e-02 	4.260709e-01 
6.040500e-02 	4.229136e-01 
6.069100e-02 	4.197714e-01 
6.097600e-02 	4.166445e-01 
6.126200e-02 	4.135331e-01 
6.154700e-02 	4.104372e-01 
6.183300e-02 	4.073570e-01 
6.211900e-02 	4.042926e-01 
6.240400e-02 	4.012441e-01 
6.269000e-02 	3.982117e-01 
6.297500e-02 	3.951956e-01 
6.326100e-02 	3.921957e-01 
6.354700e-02 	3.892123e-01 
6.383200e-02 	3.862453e-01 
6.411800e-02 	3.832949e-01 
6.440300e-02 	3.803610e-01 
6.468900e-02 	3.774436e-01 
6.497500e-02 	3.745428e-01 
6.526000e-02 	3.716586e-01 
6.554600e-02 	3.687911e-01 
6.583100e-02 	3.659403e-01 
6.611700e-02 	3.631062e-01 
6.640300e-02 	3.602889e-01 
6.668800e-02 	3.574883e-01 
6.697400e-02 	3.547045e-01 
6.725900e-02 	3.519376e-01 
6.754500e-02 	3.491875e-01 
6.783100e-02 	3.464543e-01 
6.811600e-02 	3.437380e-01 
6.840200e-02 	3.410387e-01 
6.868700e-02 	3.383563e-01 
6.897300e-02 	3.356909e-01 
6.925900e-02 	3.330424e-01 
6.954400e-02 	3.304110e-01 
6.983000e-02 	3.277966e-01 
7.011500e-02 	3.251993e-01 
7.040100e-02 	3.226190e-01 
7.068700e-02 	3.200558e-01 
7.097200e-02 	3.175098e-01 
7.125800e-02 	3.149809e-01 
7.154300e-02 	3.124691e-01 
7.182900e-02 	3.099745e-01 
7.211500e-02 	3.074972e-01 
7.240000e-02 	3.050370e-01 
7.268600e-02 	3.025941e-01 
7.297100e-02 	3.001684e-01 
7.325700e-02 	2.977598e-01 
7.354300e-02 	2.953684e-01 
7.382800e-02 	2.929942e-01 
7.411400e-02 	2.906370e-01 
7.439900e-02 	2.882970e-01 
7.468500e-02 	2.859740e-01 
7.497100e-02 	2.836681e-01 
7.525600e-02 	2.813792e-01 
7.554200e-02 	2.791073e-01 
7.582700e-02 	2.768524e-01 
7.611300e-02 	2.746144e-01 
7.639900e-02 	2.723935e-01 
7.668400e-02 	2.701894e-01 
7.697000e-02 	2.680023e-01 
7.725500e-02 	2.658320e-01 
7.754100e-02 	2.636787e-01 
7.782700e-02 	2.615421e-01 
7.811200e-02 	2.594225e-01 
7.839800e-02 	2.573196e-01 
7.868400e-02 	2.552335e-01 
7.896900e-02 	2.531641e-01 
7.925500e-02 	2.511113e-01 
7.954000e-02 	2.490750e-01 
7.982600e-02 	2.470551e-01 
8.011200e-02 	2.450515e-01 
8.039700e-02 	2.430641e-01 
8.068300e-02 	2.410930e-01 
8.096800e-02 	2.391379e-01 
8.125400e-02 	2.371987e-01 
8.154000e-02 	2.352755e-01 
8.182500e-02 	2.333682e-01 
8.211100e-02 	2.314765e-01 
8.239600e-02 	2.296005e-01 
8.268200e-02 	2.277401e-01 
8.296800e-02 	2.258952e-01 
8.325300e-02 	2.240658e-01 
8.353900e-02 	2.222516e-01 
8.382400e-02 	2.204527e-01 
8.411000e-02 	2.186690e-01 
8.439600e-02 	2.169003e-01 
8.468100e-02 	2.151467e-01 
8.496700e-02 	2.134080e-01 
8.525200e-02 	2.116841e-01 
8.553800e-02 	2.099750e-01 
8.582400e-02 	2.082806e-01 
8.610900e-02 	2.066007e-01 
8.639500e-02 	2.049354e-01 
8.668000e-02 	2.032845e-01 
8.696600e-02 	2.016479e-01 
8.725200e-02 	2.000256e-01 
8.753700e-02 	1.984174e-01 
8.782300e-02 	1.968233e-01 
8.810800e-02 	1.952432e-01 
8.839400e-02 	1.936770e-01 
8.868000e-02 	1.921246e-01 
8.896500e-02 	1.905859e-01 
8.925100e-02 	1.890609e-01 
8.953600e-02 	1.875495e-01 
8.982200e-02 	1.860515e-01 
9.010800e-02 	1.845669e-01 
9.039300e-02 	1.830956e-01 
9.067900e-02 	1.816375e-01 
9.096400e-02 	1.801926e-01 
9.125000e-02 	1.787607e-01 
9.153600e-02 	1.773418e-01 
9.182100e-02 	1.759357e-01 
9.210700e-02 	1.745424e-01 
9.239200e-02 	1.731618e-01 
9.267800e-02 	1.717939e-01 
9.296400e-02 	1.704385e-01 
9.324900e-02 	1.690955e-01 
9.353500e-02 	1.677649e-01 
9.382000e-02 	1.664466e-01 
9.410600e-02 	1.651404e-01 
9.439200e-02 	1.638463e-01 
9.467700e-02 	1.625641e-01 
9.496300e-02 	1.612938e-01 
9.524800e-02 	1.600352e-01 
9.553400e-02 	1.587882e-01 
9.582000e-02 	1.575527e-01 
9.610500e-02 	1.563286e-01 
9.639100e-02 	1.551158e-01 
9.667600e-02 	1.539141e-01 
9.696200e-02 	1.527235e-01 
9.724800e-02 	1.515439e-01 
9.753300e-02 	1.503750e-01 
9.781900e-02 	1.492170e-01 
9.810400e-02 	1.480695e-01 
9.839000e-02 	1.469325e-01 
9.867600e-02 	1.458059e-01 
9.896100e-02 	1.446896e-01 
9.924700e-02 	1.435835e-01 
9.953200e-02 	1.424875e-01 
9.981800e-02 	1.414014e-01 
1.001040e-01 	1.403251e-01 
1.003890e-01 	1.392586e-01 
1.006750e-01 	1.382018e-01 
1.009610e-01 	1.371546e-01 
1.012460e-01 	1.361168e-01 
1.015320e-01 	1.350885e-01 
1.018170e-01 	1.340694e-01 
1.021030e-01 	1.330596e-01 
1.023890e-01 	1.320589e-01 
1.026740e-01 	1.310672e-01 
1.029600e-01 	1.300844e-01 
1.032450e-01 	1.291106e-01 
1.035310e-01 	1.281455e-01 
1.038170e-01 	1.271890e-01 
1.041020e-01 	1.262412e-01 
1.043880e-01 	1.253019e-01 
1.046730e-01 	1.243709e-01 
1.049590e-01 	1.234483e-01 
1.052450e-01 	1.225339e-01 
1.055300e-01 	1.216277e-01 
1.058160e-01 	1.207295e-01 
1.061010e-01 	1.198392e-01 
1.063870e-01 	1.189569e-01 
1.066730e-01 	1.180823e-01 
1.069580e-01 	1.172155e-01 
1.072440e-01 	1.163563e-01 
1.075290e-01 	1.155046e-01 
1.078150e-01 	1.146604e-01 
1.081010e-01 	1.138237e-01 
1.083860e-01 	1.129942e-01 
1.086720e-01 	1.121719e-01 
1.089570e-01 	1.113568e-01 
1.092430e-01 	1.105487e-01 
1.095290e-01 	1.097477e-01 
1.098140e-01 	1.089535e-01 
1.101000e-01 	1.081662e-01 
1.103850e-01 	1.073856e-01 
1.106710e-01 	1.066116e-01 
1.109570e-01 	1.058443e-01 
1.112420e-01 	1.050834e-01 
1.115280e-01 	1.043290e-01 
1.118130e-01 	1.035809e-01 
1.120990e-01 	1.028390e-01 
1.123850e-01 	1.021034e-01 
1.126700e-01 	1.013738e-01 
1.129560e-01 	1.006503e-01 
1.132410e-01 	9.993271e-02 
1.135270e-01 	9.922098e-02 
1.138130e-01 	9.851502e-02 
1.140980e-01 	9.781477e-02 
1.143840e-01 	9.712017e-02 
1.146690e-01 	9.643115e-02 
1.149550e-01 	9.574765e-02 
1.152410e-01 	9.506963e-02 
1.155260e-01 	9.439701e-02 
1.158120e-01 	9.372974e-02 
1.160970e-01 	9.306776e-02 
1.163830e-01 	9.241102e-02 
1.166690e-01 	9.175945e-02 
1.169540e-01 	9.111299e-02 
1.172400e-01 	9.047159e-02 
1.175250e-01 	8.983518e-02 
1.178110e-01 	8.920371e-02 
1.180970e-01 	8.857712e-02 
1.183820e-01 	8.795534e-02 
1.186680e-01 	8.733833e-02 
1.189530e-01 	8.672602e-02 
1.192390e-01 	8.611835e-02 
1.195250e-01 	8.551527e-02 
1.198100e-01 	8.491672e-02 
1.200960e-01 	8.432264e-02 
1.203810e-01 	8.373298e-02 
1.206670e-01 	8.314767e-02 
1.209530e-01 	8.256666e-02 
1.212380e-01 	8.198988e-02 
1.215240e-01 	8.141730e-02 
1.218090e-01 	8.084883e-02 
1.220950e-01 	8.028443e-02 
1.223810e-01 	7.972404e-02 
1.226660e-01 	7.916760e-02 
1.229520e-01 	7.861506e-02 
1.232380e-01 	7.806635e-02 
1.235230e-01 	7.752141e-02 
1.238090e-01 	7.698020e-02 
1.240940e-01 	7.644267e-02 
1.243800e-01 	7.590880e-02 
1.246660e-01 	7.537854e-02 
1.249510e-01 	7.485185e-02 
1.252370e-01 	7.432871e-02 
1.255220e-01 	7.380907e-02 
1.258080e-01 	7.329289e-02 
1.260940e-01 	7.278015e-02 
1.263790e-01 	7.227079e-02 
1.266650e-01 	7.176479e-02 
1.269500e-01 	7.126210e-02 
1.272360e-01 	7.076269e-02 
1.275220e-01 	7.026653e-02 
1.278070e-01 	6.977357e-02 
1.280930e-01 	6.928379e-02 
1.283780e-01 	6.879715e-02 
1.286640e-01 	6.831364e-02 
1.289500e-01 	6.783322e-02 
1.292350e-01 	6.735588e-02 
1.295210e-01 	6.688157e-02 
1.298060e-01 	6.641029e-02 
1.300920e-01 	6.594200e-02 
1.303780e-01 	6.547667e-02 
1.306630e-01 	6.501429e-02 
1.309490e-01 	6.455481e-02 
1.312340e-01 	6.409823e-02 
1.315200e-01 	6.364451e-02 
1.318060e-01 	6.319362e-02 
1.320910e-01 	6.274553e-02 
1.323770e-01 	6.230021e-02 
1.326620e-01 	6.185765e-02 
1.329480e-01 	6.141780e-02 
1.332340e-01 	6.098064e-02 
1.335190e-01 	6.054613e-02 
1.338050e-01 	6.011427e-02 
1.340900e-01 	5.968500e-02 
1.343760e-01 	5.925830e-02 
1.346620e-01 	5.883415e-02 
1.349470e-01 	5.841252e-02 
1.352330e-01 	5.799337e-02 
1.355180e-01 	5.757668e-02 
1.358040e-01 	5.716241e-02 
1.360900e-01 	5.675054e-02 
1.363750e-01 	5.634103e-02 
1.366610e-01 	5.593386e-02 
1.369460e-01 	5.552900e-02 
1.372320e-01 	5.512641e-02 
1.375180e-01 	5.472607e-02 
1.378030e-01 	5.432795e-02 
1.380890e-01 	5.393202e-02 
1.383740e-01 	5.353825e-02 
1.386600e-01 	5.314660e-02 
1.389460e-01 	5.275707e-02 
1.392310e-01 	5.236965e-02 
1.395170e-01 	5.198433e-02 
1.398020e-01 	5.160110e-02 
1.400880e-01 	5.121996e-02 
1.403740e-01 	5.084090e-02 
1.406590e-01 	5.046391e-02 
1.409450e-01 	5.008899e-02 
1.412300e-01 	4.971613e-02 
1.415160e-01 	4.934531e-02 
1.418020e-01 	4.897655e-02 
1.420870e-01 	4.860981e-02 
1.423730e-01 	4.824511e-02 
1.426580e-01 	4.788243e-02 
1.429440e-01 	4.752176e-02 
1.432300e-01 	4.716310e-02 
1.435150e-01 	4.680644e-02 
1.438010e-01 	4.645177e-02 
1.440860e-01 	4.609909e-02 
1.443720e-01 	4.574838e-02 
1.446580e-01 	4.539964e-02 
1.449430e-01 	4.505285e-02 
1.452290e-01 	4.470801e-02 
1.455150e-01 	4.436511e-02 
1.458000e-01 	4.402413e-02 
1.460860e-01 	4.368507e-02 
1.463710e-01 	4.334791e-02 
1.466570e-01 	4.301265e-02 
1.469430e-01 	4.267927e-02 
1.472280e-01 	4.234777e-02 
1.475140e-01 	4.201814e-02 
1.477990e-01 	4.169035e-02 
1.480850e-01 	4.136442e-02 
1.483710e-01 	4.104031e-02 
1.486560e-01 	4.071804e-02 
1.489420e-01 	4.039757e-02 
1.492270e-01 	4.007891e-02 
1.495130e-01 	3.976204e-02 
1.497990e-01 	3.944696e-02 
1.500840e-01 	3.913364e-02 
1.503700e-01 	3.882209e-02 
1.506550e-01 	3.851230e-02 
1.509410e-01 	3.820425e-02 
1.512270e-01 	3.789793e-02 
1.515120e-01 	3.759333e-02 
1.517980e-01 	3.729044e-02 
1.520830e-01 	3.698926e-02 
1.523690e-01 	3.668977e-02 
1.526550e-01 	3.639196e-02 
1.529400e-01 	3.609583e-02 
1.532260e-01 	3.580135e-02 
1.535110e-01 	3.550853e-02 
1.537970e-01 	3.521735e-02 
1.540830e-01 	3.492782e-02 
1.543680e-01 	3.463993e-02 
1.546540e-01 	3.435369e-02 
1.549390e-01 	3.406910e-02 
1.552250e-01 	3.378616e-02 
1.555110e-01 	3.350488e-02 
1.557960e-01 	3.322525e-02 
1.560820e-01 	3.294727e-02 
1.563670e-01 	3.267093e-02 
1.566530e-01 	3.239624e-02 
1.569390e-01 	3.212319e-02 
1.572240e-01 	3.185178e-02 
1.575100e-01 	3.158201e-02 
1.577950e-01 	3.131386e-02 
1.580810e-01 	3.104734e-02 
1.583670e-01 	3.078244e-02 
1.586520e-01 	3.051916e-02 
1.589380e-01 	3.025750e-02 
1.592230e-01 	2.999746e-02 
1.595090e-01 	2.973902e-02 
1.597950e-01 	2.948219e-02 
1.600800e-01 	2.922696e-02 
1.603660e-01 	2.897333e-02 
1.606510e-01 	2.872129e-02 
1.609370e-01 	2.847085e-02 
1.612230e-01 	2.822200e-02 
1.615080e-01 	2.797473e-02 
1.617940e-01 	2.772904e-02 
1.620790e-01 	2.748494e-02 
1.623650e-01 	2.724241e-02 
1.626510e-01 	2.700145e-02 
1.629360e-01 	2.676206e-02 
1.632220e-01 	2.652424e-02 
1.635070e-01 	2.628798e-02 
1.637930e-01 	2.605327e-02 
1.640790e-01 	2.582013e-02 
1.643640e-01 	2.558853e-02 
1.646500e-01 	2.535849e-02 
1.649350e-01 	2.512998e-02 
1.652210e-01 	2.490302e-02 
1.655070e-01 	2.467760e-02 
1.657920e-01 	2.445372e-02 
1.660780e-01 	2.423136e-02 
1.663630e-01 	2.401054e-02 
1.666490e-01 	2.379124e-02 
1.669350e-01 	2.357346e-02 
1.672200e-01 	2.335720e-02 
1.675060e-01 	2.314245e-02 
1.677920e-01 	2.292921e-02 
1.680770e-01 	2.271749e-02 
1.683630e-01 	2.250727e-02 
1.686480e-01 	2.229854e-02 
1.689340e-01 	2.209132e-02 
1.692200e-01 	2.188560e-02 
1.695050e-01 	2.168137e-02 
1.697910e-01 	2.147862e-02 
1.700760e-01 	2.127737e-02 
1.703620e-01 	2.107759e-02 
1.706480e-01 	2.087929e-02 
1.709330e-01 	2.068246e-02 
1.712190e-01 	2.048710e-02 
1.715040e-01 	2.029320e-02 
1.717900e-01 	2.010076e-02 
1.720760e-01 	1.990978e-02 
1.723610e-01 	1.972025e-02 
1.726470e-01 	1.953216e-02 
1.729320e-01 	1.934552e-02 
1.732180e-01 	1.916032e-02 
1.735040e-01 	1.897655e-02 
1.737890e-01 	1.879421e-02 
1.740750e-01 	1.861329e-02 
1.743600e-01 	1.843380e-02 
1.746460e-01 	1.825572e-02 
1.749320e-01 	1.807906e-02 
1.752170e-01 	1.790380e-02 
1.755030e-01 	1.772995e-02 
1.757880e-01 	1.755750e-02 
1.760740e-01 	1.738645e-02 
1.763600e-01 	1.721679e-02 
1.766450e-01 	1.704851e-02 
1.769310e-01 	1.688162e-02 
1.772160e-01 	1.671611e-02 
1.775020e-01 	1.655197e-02 
1.777880e-01 	1.638921e-02 
1.780730e-01 	1.622781e-02 
1.783590e-01 	1.606777e-02 
1.786440e-01 	1.590909e-02 
1.789300e-01 	1.575177e-02 
1.792160e-01 	1.559579e-02 
1.795010e-01 	1.544116e-02 
1.797870e-01 	1.528788e-02 
1.800720e-01 	1.513592e-02 
1.803580e-01 	1.498531e-02 
1.806440e-01 	1.483602e-02 
1.809290e-01 	1.468805e-02 
1.812150e-01 	1.454141e-02 
1.815000e-01 	1.439608e-02 
1.817860e-01 	1.425206e-02 
1.820720e-01 	1.410935e-02 
1.823570e-01 	1.396794e-02 
1.826430e-01 	1.382784e-02 
1.829280e-01 	1.368903e-02 
1.832140e-01 	1.355151e-02 
1.835000e-01 	1.341527e-02 
1.837850e-01 	1.328033e-02 
1.840710e-01 	1.314666e-02 
1.843560e-01 	1.301426e-02 
1.846420e-01 	1.288313e-02 
1.849280e-01 	1.275326e-02 
1.852130e-01 	1.262465e-02 
1.854990e-01 	1.249728e-02 
1.857840e-01 	1.237115e-02 
1.860700e-01 	1.224625e-02 
1.863560e-01 	1.212258e-02 
1.866410e-01 	1.200013e-02 
1.869270e-01 	1.187889e-02 
1.872120e-01 	1.175886e-02 
1.874980e-01 	1.164004e-02 
1.877840e-01 	1.152240e-02 
1.880690e-01 	1.140596e-02 
1.883550e-01 	1.129069e-02 
1.886400e-01 	1.117660e-02 
1.889260e-01 	1.106368e-02 
1.892120e-01 	1.095192e-02 
1.894970e-01 	1.084131e-02 
1.897830e-01 	1.073185e-02 
1.900690e-01 	1.062354e-02 
1.903540e-01 	1.051636e-02 
1.906400e-01 	1.041031e-02 
1.909250e-01 	1.030538e-02 
1.912110e-01 	1.020156e-02 
1.914970e-01 	1.009886e-02 
1.917820e-01 	9.997259e-03 
1.920680e-01 	9.896753e-03 
1.923530e-01 	9.797337e-03 
1.926390e-01 	9.699004e-03 
1.929250e-01 	9.601747e-03 
1.932100e-01 	9.505560e-03 
1.934960e-01 	9.410437e-03 
1.937810e-01 	9.316370e-03 
1.940670e-01 	9.223354e-03 
1.943530e-01 	9.131381e-03 
1.946380e-01 	9.040446e-03 
1.949240e-01 	8.950541e-03 
1.952090e-01 	8.861661e-03 
1.954950e-01 	8.773798e-03 
1.957810e-01 	8.686946e-03 
1.960660e-01 	8.601100e-03 
1.963520e-01 	8.516252e-03 
1.966370e-01 	8.432396e-03 
1.969230e-01 	8.349526e-03 
1.972090e-01 	8.267636e-03 
1.974940e-01 	8.186722e-03 
1.977800e-01 	8.106778e-03 
1.980650e-01 	8.027800e-03 
1.983510e-01 	7.949784e-03 
1.986370e-01 	7.872724e-03 
1.989220e-01 	7.796615e-03 
1.992080e-01 	7.721451e-03 
1.994930e-01 	7.647225e-03 
1.997790e-01 	7.573929e-03 
2.000650e-01 	7.501557e-03 
2.003500e-01 	7.430102e-03 
2.006360e-01 	7.359555e-03 
2.009210e-01 	7.289911e-03 
2.012070e-01 	7.221162e-03 
2.014930e-01 	7.153301e-03 
2.017780e-01 	7.086321e-03 
2.020640e-01 	7.020215e-03 
2.023490e-01 	6.954975e-03 
2.026350e-01 	6.890595e-03 
2.029210e-01 	6.827067e-03 
2.032060e-01 	6.764385e-03 
2.034920e-01 	6.702540e-03 
2.037770e-01 	6.641527e-03 
2.040630e-01 	6.581338e-03 
2.043490e-01 	6.521966e-03 
2.046340e-01 	6.463404e-03 
2.049200e-01 	6.405644e-03 
2.052050e-01 	6.348680e-03 
2.054910e-01 	6.292504e-03 
2.057770e-01 	6.237110e-03 
2.060620e-01 	6.182490e-03 
2.063480e-01 	6.128637e-03 
2.066330e-01 	6.075544e-03 
2.069190e-01 	6.023204e-03 
2.072050e-01 	5.971611e-03 
2.074900e-01 	5.920756e-03 
2.077760e-01 	5.870634e-03 
2.080610e-01 	5.821236e-03 
2.083470e-01 	5.772556e-03 
2.086330e-01 	5.724586e-03 
2.089180e-01 	5.677321e-03 
2.092040e-01 	5.630752e-03 
2.094890e-01 	5.584873e-03 
2.097750e-01 	5.539677e-03 
2.100610e-01 	5.495156e-03 
2.103460e-01 	5.451304e-03 
2.106320e-01 	5.408114e-03 
2.109170e-01 	5.365578e-03 
2.112030e-01 	5.323691e-03 
2.114890e-01 	5.282447e-03 
2.117740e-01 	5.241840e-03 
2.120600e-01 	5.201864e-03 
2.123450e-01 	5.162513e-03 
2.126310e-01 	5.123783e-03 
2.129170e-01 	5.085666e-03 
2.132020e-01 	5.048157e-03 
2.134880e-01 	5.011251e-03 
2.137740e-01 	4.974941e-03 
2.140590e-01 	4.939222e-03 
2.143450e-01 	4.904089e-03 
2.146300e-01 	4.869535e-03 
2.149160e-01 	4.835554e-03 
2.152020e-01 	4.802142e-03 
2.154870e-01 	4.769293e-03 
2.157730e-01 	4.737000e-03 
2.160580e-01 	4.705259e-03 
2.163440e-01 	4.674064e-03 
2.166300e-01 	4.643408e-03 
2.169150e-01 	4.613287e-03 
2.172010e-01 	4.583694e-03 
2.174860e-01 	4.554625e-03 
2.177720e-01 	4.526073e-03 
2.180580e-01 	4.498032e-03 
2.183430e-01 	4.470498e-03 
2.186290e-01 	4.443464e-03 
2.189140e-01 	4.416924e-03 
2.192000e-01 	4.390874e-03 
2.194860e-01 	4.365308e-03 
2.197710e-01 	4.340220e-03 
2.200570e-01 	4.315604e-03 
2.203420e-01 	4.291455e-03 
2.206280e-01 	4.267767e-03 
2.209140e-01 	4.244534e-03 
2.211990e-01 	4.221752e-03 
2.214850e-01 	4.199413e-03 
2.217700e-01 	4.177514e-03 
2.220560e-01 	4.156048e-03 
2.223420e-01 	4.135011e-03 
2.226270e-01 	4.114395e-03 
2.229130e-01 	4.094197e-03 
2.231980e-01 	4.074410e-03 
2.234840e-01 	4.055030e-03 
2.237700e-01 	4.036050e-03 
2.240550e-01 	4.017464e-03 
2.243410e-01 	3.999269e-03 
2.246260e-01 	3.981458e-03 
2.249120e-01 	3.964025e-03 
2.251980e-01 	3.946967e-03 
2.254830e-01 	3.930276e-03 
2.257690e-01 	3.913950e-03 
2.260540e-01 	3.897982e-03 
2.263400e-01 	3.882368e-03 
2.266260e-01 	3.867102e-03 
2.269110e-01 	3.852179e-03 
2.271970e-01 	3.837595e-03 
2.274820e-01 	3.823344e-03 
2.277680e-01 	3.809422e-03 
2.280540e-01 	3.795823e-03 
2.283390e-01 	3.782541e-03 
2.286250e-01 	3.769573e-03 
2.289100e-01 	3.756913e-03 
2.291960e-01 	3.744557e-03 
2.294820e-01 	3.732501e-03 
2.297670e-01 	3.720743e-03 
2.300530e-01 	3.709278e-03 
2.303380e-01 	3.698104e-03 
2.306240e-01 	3.687217e-03 
2.309100e-01 	3.676614e-03 
2.311950e-01 	3.666291e-03 
2.314810e-01 	3.656245e-03 
2.317660e-01 	3.646473e-03 
2.320520e-01 	3.636970e-03 
2.323380e-01 	3.627735e-03 
2.326230e-01 	3.618763e-03 
2.329090e-01 	3.610052e-03 
2.331940e-01 	3.601597e-03 
2.334800e-01 	3.593396e-03 
2.337660e-01 	3.585444e-03 
2.340510e-01 	3.577740e-03 
2.343370e-01 	3.570279e-03 
2.346230e-01 	3.563058e-03 
2.349080e-01 	3.556074e-03 
2.351940e-01 	3.549325e-03 
2.354790e-01 	3.542806e-03 
2.357650e-01 	3.536514e-03 
2.360510e-01 	3.530447e-03 
2.363360e-01 	3.524601e-03 
2.366220e-01 	3.518974e-03 
2.369070e-01 	3.513561e-03 
2.371930e-01 	3.508359e-03 
2.374790e-01 	3.503366e-03 
2.377640e-01 	3.498579e-03 
2.380500e-01 	3.493993e-03 
2.383350e-01 	3.489606e-03 
2.386210e-01 	3.485415e-03 
2.389070e-01 	3.481417e-03 
2.391920e-01 	3.477608e-03 
2.394780e-01 	3.473985e-03 
2.397630e-01 	3.470546e-03 
2.400490e-01 	3.467288e-03 
2.403350e-01 	3.464207e-03 
2.406200e-01 	3.461300e-03 
2.409060e-01 	3.458565e-03 
2.411910e-01 	3.455997e-03 
2.414770e-01 	3.453595e-03 
2.417630e-01 	3.451355e-03 
2.420480e-01 	3.449274e-03 
2.423340e-01 	3.447350e-03 
2.426190e-01 	3.445578e-03 
2.429050e-01 	3.443955e-03 
2.431910e-01 	3.442480e-03 
2.434760e-01 	3.441149e-03 
2.437620e-01 	3.439958e-03 
2.440470e-01 	3.438905e-03 
2.443330e-01 	3.437988e-03 
2.446190e-01 	3.437205e-03 
2.449040e-01 	3.436556e-03 
2.451900e-01 	3.436038e-03 
2.454750e-01 	3.435649e-03 
2.457610e-01 	3.435390e-03 
2.460470e-01 	3.435257e-03 
2.463320e-01 	3.435251e-03 
2.466180e-01 	3.435368e-03 
2.469030e-01 	3.435608e-03 
2.471890e-01 	3.435969e-03 
2.474750e-01 	3.436450e-03 
2.477600e-01 	3.437050e-03 
2.480460e-01 	3.437766e-03 
2.483310e-01 	3.438598e-03 
2.486170e-01 	3.439545e-03 
2.489030e-01 	3.440604e-03 
2.491880e-01 	3.441775e-03 
2.494740e-01 	3.443056e-03 
2.497590e-01 	3.444445e-03 
2.500450e-01 	3.445942e-03 
2.503310e-01 	3.447545e-03 
2.506160e-01 	3.449252e-03 
2.509020e-01 	3.451062e-03 
2.511870e-01 	3.452974e-03 
2.514730e-01 	3.454986e-03 
2.517590e-01 	3.457098e-03 
2.520440e-01 	3.459306e-03 
2.523300e-01 	3.461611e-03 
2.526150e-01 	3.464011e-03 
2.529010e-01 	3.466505e-03 
2.531870e-01 	3.469091e-03 
2.534720e-01 	3.471768e-03 
2.537580e-01 	3.474536e-03 
2.540430e-01 	3.477392e-03 
2.543290e-01 	3.480337e-03 
2.546150e-01 	3.483368e-03 
2.549000e-01 	3.486485e-03 
2.551860e-01 	3.489686e-03 
2.554710e-01 	3.492970e-03 
2.557570e-01 	3.496337e-03 
2.560430e-01 	3.499784e-03 
2.563280e-01 	3.503311e-03 
2.566140e-01 	3.506916e-03 
2.568990e-01 	3.510599e-03 
2.571850e-01 	3.514359e-03 
2.574710e-01 	3.518193e-03 
2.577560e-01 	3.522101e-03 
2.580420e-01 	3.526082e-03 
2.583280e-01 	3.530135e-03 
2.586130e-01 	3.534258e-03 
2.588990e-01 	3.538450e-03 
2.591840e-01 	3.542711e-03 
2.594700e-01 	3.547039e-03 
2.597560e-01 	3.551435e-03 
2.600410e-01 	3.555897e-03 
2.603270e-01 	3.560425e-03 
2.606120e-01 	3.565019e-03 
2.608980e-01 	3.569678e-03 
2.611840e-01 	3.574401e-03 
2.614690e-01 	3.579187e-03 
2.617550e-01 	3.584037e-03 
2.620400e-01 	3.588950e-03 
2.623260e-01 	3.593925e-03 
2.626120e-01 	3.598961e-03 
2.628970e-01 	3.604059e-03 
2.631830e-01 	3.609217e-03 
2.634680e-01 	3.614435e-03 
2.637540e-01 	3.619712e-03 
2.640400e-01 	3.625048e-03 
2.643250e-01 	3.630442e-03 
2.646110e-01 	3.635894e-03 
2.648960e-01 	3.641403e-03 
2.651820e-01 	3.646969e-03 
2.654680e-01 	3.652590e-03 
2.657530e-01 	3.658267e-03 
2.660390e-01 	3.663999e-03 
2.663240e-01 	3.669785e-03 
2.666100e-01 	3.675626e-03 
2.668960e-01 	3.681520e-03 
2.671810e-01 	3.687467e-03 
2.674670e-01 	3.693468e-03 
2.677520e-01 	3.699522e-03 
2.680380e-01 	3.705628e-03 
2.683240e-01 	3.711787e-03 
2.686090e-01 	3.717998e-03 
2.688950e-01 	3.724261e-03 
2.691800e-01 	3.730575e-03 
2.694660e-01 	3.736940e-03 
2.697520e-01 	3.743357e-03 
2.700370e-01 	3.749824e-03 
2.703230e-01 	3.756342e-03 
2.706080e-01 	3.762909e-03 
2.708940e-01 	3.769527e-03 
2.711800e-01 	3.776194e-03 
2.714650e-01 	3.782910e-03 
2.717510e-01 	3.789676e-03 
2.720360e-01 	3.796490e-03 
2.723220e-01 	3.803353e-03 
2.726080e-01 	3.810263e-03 
2.728930e-01 	3.817222e-03 
2.731790e-01 	3.824228e-03 
2.734640e-01 	3.831281e-03 
2.737500e-01 	3.838381e-03 
2.740360e-01 	3.845528e-03 
2.743210e-01 	3.852720e-03 
2.746070e-01 	3.859958e-03 
2.748920e-01 	3.867242e-03 
2.751780e-01 	3.874570e-03 
2.754640e-01 	3.881942e-03 
2.757490e-01 	3.889358e-03 
2.760350e-01 	3.896818e-03 
2.763200e-01 	3.904320e-03 
2.766060e-01 	3.911864e-03 
2.768920e-01 	3.919450e-03 
2.771770e-01 	3.927077e-03 
2.774630e-01 	3.934746e-03 
2.777480e-01 	3.942454e-03 
2.780340e-01 	3.950202e-03 
2.783200e-01 	3.957990e-03 
2.786050e-01 	3.965817e-03 
2.788910e-01 	3.973682e-03 
2.791760e-01 	3.981585e-03 
2.794620e-01 	3.989526e-03 
2.797480e-01 	3.997504e-03 
2.800330e-01 	4.005518e-03 
2.803190e-01 	4.013569e-03 
2.806050e-01 	4.021655e-03 
2.808900e-01 	4.029777e-03 
2.811760e-01 	4.037934e-03 
2.814610e-01 	4.046125e-03 
2.817470e-01 	4.054351e-03 
2.820330e-01 	4.062611e-03 
2.823180e-01 	4.070905e-03 
2.826040e-01 	4.079232e-03 
2.828890e-01 	4.087592e-03 
2.831750e-01 	4.095984e-03 
2.834610e-01 	4.104409e-03 
2.837460e-01 	4.112866e-03 
2.840320e-01 	4.121354e-03 
2.843170e-01 	4.129874e-03 
2.846030e-01 	4.138424e-03 
2.848890e-01 	4.147005e-03 
2.851740e-01 	4.155615e-03 
2.854600e-01 	4.164256e-03 
2.857450e-01 	4.172926e-03 
2.860310e-01 	4.181625e-03 
2.863170e-01 	4.190352e-03 
2.866020e-01 	4.199108e-03 
2.868880e-01 	4.207892e-03 
2.871730e-01 	4.216704e-03 
2.874590e-01 	4.225543e-03 
2.877450e-01 	4.234410e-03 
2.880300e-01 	4.243302e-03 
2.883160e-01 	4.252221e-03 
2.886010e-01 	4.261167e-03 
2.888870e-01 	4.270137e-03 
2.891730e-01 	4.279133e-03 
2.894580e-01 	4.288154e-03 
2.897440e-01 	4.297198e-03 
2.900290e-01 	4.306266e-03 
2.903150e-01 	4.315355e-03 
2.906010e-01 	4.324466e-03 
2.908860e-01 	4.333598e-03 
2.911720e-01 	4.342749e-03 
2.914570e-01 	4.351919e-03 
2.917430e-01 	4.361108e-03 
2.920290e-01 	4.370313e-03 
2.923140e-01 	4.379535e-03 
2.926000e-01 	4.388773e-03 
2.928850e-01 	4.398026e-03 
2.931710e-01 	4.407293e-03 
2.934570e-01 	4.416573e-03 
2.937420e-01 	4.425865e-03 
2.940280e-01 	4.435169e-03 
2.943130e-01 	4.444484e-03 
2.945990e-01 	4.453808e-03 
2.948850e-01 	4.463142e-03 
2.951700e-01 	4.472484e-03 
2.954560e-01 	4.481833e-03 
2.957410e-01 	4.491188e-03 
2.960270e-01 	4.500549e-03 
2.963130e-01 	4.509915e-03 
2.965980e-01 	4.519284e-03 
2.968840e-01 	4.528657e-03 
2.971690e-01 	4.538031e-03 
2.974550e-01 	4.547407e-03 
2.977410e-01 	4.556783e-03 
2.980260e-01 	4.566158e-03 
2.983120e-01 	4.575532e-03 
2.985970e-01 	4.584904e-03 
2.988830e-01 	4.594273e-03 
2.991690e-01 	4.603638e-03 
2.994540e-01 	4.612998e-03 
2.997400e-01 	4.622352e-03 
3.000250e-01 	4.631701e-03 
3.003110e-01 	4.641041e-03 
3.005970e-01 	4.650374e-03 
3.008820e-01 	4.659698e-03 
3.011680e-01 	4.669012e-03 
3.014530e-01 	4.678316e-03 
3.017390e-01 	4.687608e-03 
3.020250e-01 	4.696888e-03 
3.023100e-01 	4.706155e-03 
3.025960e-01 	4.715407e-03 
3.028820e-01 	4.724646e-03 
3.031670e-01 	4.733868e-03 
3.034530e-01 	4.743074e-03 
3.037380e-01 	4.752262e-03 
3.040240e-01 	4.761433e-03 
3.043100e-01 	4.770584e-03 
3.045950e-01 	4.779715e-03 
3.048810e-01 	4.788826e-03 
3.051660e-01 	4.797915e-03 
3.054520e-01 	4.806981e-03 
3.057380e-01 	4.816025e-03 
3.060230e-01 	4.825043e-03 
3.063090e-01 	4.834037e-03 
3.065940e-01 	4.843005e-03 
3.068800e-01 	4.851946e-03 
3.071660e-01 	4.860859e-03 
3.074510e-01 	4.869744e-03 
3.077370e-01 	4.878599e-03 
3.080220e-01 	4.887424e-03 
3.083080e-01 	4.896217e-03 
3.085940e-01 	4.904979e-03 
3.088790e-01 	4.913708e-03 
3.091650e-01 	4.922403e-03 
3.094500e-01 	4.931064e-03 
3.097360e-01 	4.939689e-03 
3.100220e-01 	4.948278e-03 
3.103070e-01 	4.956830e-03 
3.105930e-01 	4.965344e-03 
3.108780e-01 	4.973820e-03 
3.111640e-01 	4.982256e-03 
3.114500e-01 	4.990651e-03 
3.117350e-01 	4.999006e-03 
3.120210e-01 	5.007318e-03 
3.123060e-01 	5.015588e-03 
3.125920e-01 	5.023814e-03 
3.128780e-01 	5.031996e-03 
3.131630e-01 	5.040133e-03 
3.134490e-01 	5.048224e-03 
3.137340e-01 	5.056268e-03 
3.140200e-01 	5.064265e-03 
3.143060e-01 	5.072213e-03 
3.145910e-01 	5.080112e-03 
3.148770e-01 	5.087961e-03 
3.151620e-01 	5.095760e-03 
3.154480e-01 	5.103507e-03 
3.157340e-01 	5.111201e-03 
3.160190e-01 	5.118843e-03 
3.163050e-01 	5.126431e-03 
3.165900e-01 	5.133964e-03 
3.168760e-01 	5.141441e-03 
3.171620e-01 	5.148862e-03 
3.174470e-01 	5.156227e-03 
3.177330e-01 	5.163533e-03 
3.180180e-01 	5.170781e-03 
3.183040e-01 	5.177969e-03 
3.185900e-01 	5.185097e-03 
3.188750e-01 	5.192164e-03 
3.191610e-01 	5.199169e-03 
3.194460e-01 	5.206112e-03 
3.197320e-01 	5.212990e-03 
3.200180e-01 	5.219803e-03 
3.203030e-01 	5.226549e-03 
3.205890e-01 	5.233227e-03 
3.208740e-01 	5.239836e-03 
3.211600e-01 	5.246374e-03 
3.214460e-01 	5.252840e-03 
3.217310e-01 	5.259232e-03 
3.220170e-01 	5.265550e-03 
3.223020e-01 	5.271792e-03 
3.225880e-01 	5.277956e-03 
3.228740e-01 	5.284040e-03 
3.231590e-01 	5.290043e-03 
3.234450e-01 	5.295964e-03 
3.237300e-01 	5.301801e-03 
3.240160e-01 	5.307552e-03 
3.243020e-01 	5.313216e-03 
3.245870e-01 	5.318791e-03 
3.248730e-01 	5.324276e-03 
3.251590e-01 	5.329668e-03 
3.254440e-01 	5.334968e-03 
3.257300e-01 	5.340172e-03 
3.260150e-01 	5.345279e-03 
3.263010e-01 	5.350288e-03 
3.265870e-01 	5.355197e-03 
3.268720e-01 	5.360004e-03 
3.271580e-01 	5.364709e-03 
3.274430e-01 	5.369308e-03 
3.277290e-01 	5.373801e-03 
3.280150e-01 	5.378186e-03 
3.283000e-01 	5.382462e-03 
3.285860e-01 	5.386627e-03 
3.288710e-01 	5.390678e-03 
3.291570e-01 	5.394616e-03 
3.294430e-01 	5.398437e-03 
3.297280e-01 	5.402141e-03 
3.300140e-01 	5.405725e-03 
3.302990e-01 	5.409189e-03 
3.305850e-01 	5.412530e-03 
3.308710e-01 	5.415748e-03 
3.311560e-01 	5.418839e-03 
3.314420e-01 	5.421804e-03 
3.317270e-01 	5.424639e-03 
3.320130e-01 	5.427345e-03 
3.322990e-01 	5.429918e-03 
3.325840e-01 	5.432357e-03 
3.328700e-01 	5.434662e-03 
3.331550e-01 	5.436829e-03 
3.334410e-01 	5.438858e-03 
3.337270e-01 	5.440747e-03 
3.340120e-01 	5.442494e-03 
3.342980e-01 	5.444098e-03 
3.345830e-01 	5.445560e-03 
3.348690e-01 	5.446879e-03 
3.351550e-01 	5.448059e-03 
3.354400e-01 	5.449100e-03 
3.357260e-01 	5.450004e-03 
3.360110e-01 	5.450774e-03 
3.362970e-01 	5.451412e-03 
3.365830e-01 	5.451921e-03 
3.368680e-01 	5.452303e-03 
3.371540e-01 	5.452562e-03 
3.374390e-01 	5.452699e-03 
3.377250e-01 	5.452719e-03 
3.380110e-01 	5.452623e-03 
3.382960e-01 	5.452415e-03 
3.385820e-01 	5.452098e-03 
3.388670e-01 	5.451674e-03 
3.391530e-01 	5.451146e-03 
3.394390e-01 	5.450517e-03 
3.397240e-01 	5.449790e-03 
3.400100e-01 	5.448968e-03 
3.402950e-01 	5.448054e-03 
3.405810e-01 	5.447050e-03 
3.408670e-01 	5.445960e-03 
3.411520e-01 	5.444786e-03 
3.414380e-01 	5.443531e-03 
3.417230e-01 	5.442199e-03 
3.420090e-01 	5.440791e-03 
3.422950e-01 	5.439311e-03 
3.425800e-01 	5.437762e-03 
3.428660e-01 	5.436147e-03 
3.431510e-01 	5.434468e-03 
3.434370e-01 	5.432728e-03 
3.437230e-01 	5.430931e-03 
3.440080e-01 	5.429079e-03 
3.442940e-01 	5.427174e-03 
3.445790e-01 	5.425221e-03 
3.448650e-01 	5.423221e-03 
3.451510e-01 	5.421178e-03 
3.454360e-01 	5.419095e-03 
3.457220e-01 	5.416974e-03 
3.460070e-01 	5.414818e-03 
3.462930e-01 	5.412630e-03 
3.465790e-01 	5.410413e-03 
3.468640e-01 	5.408171e-03 
3.471500e-01 	5.405905e-03 
3.474360e-01 	5.403618e-03 
3.477210e-01 	5.401314e-03 
3.480070e-01 	5.398996e-03 
3.482920e-01 	5.396666e-03 
3.485780e-01 	5.394327e-03 
3.488640e-01 	5.391983e-03 
3.491490e-01 	5.389635e-03 
