#q 	 Ifit_avg 
1.657400e-02 	1.000000e+00 
1.800200e-02 	9.831255e-01 
1.943100e-02 	9.661780e-01 
2.086000e-02 	9.491076e-01 
2.228900e-02 	9.318522e-01 
2.371800e-02 	9.143501e-01 
2.514600e-02 	8.965519e-01 
2.657500e-02 	8.783709e-01 
2.800400e-02 	8.597575e-01 
2.943300e-02 	8.406501e-01 
3.086200e-02 	8.209950e-01 
3.229000e-02 	8.007912e-01 
3.371900e-02 	7.800606e-01 
3.514800e-02 	7.589095e-01 
3.657700e-02 	7.374362e-01 
3.800600e-02 	7.157390e-01 
3.943500e-02 	6.939163e-01 
4.086300e-02 	6.720817e-01 
4.229200e-02 	6.503011e-01 
4.372100e-02 	6.286811e-01 
4.515000e-02 	6.073020e-01 
4.657900e-02 	5.862286e-01 
4.800700e-02 	5.655235e-01 
4.943600e-02 	5.451925e-01 
5.086500e-02 	5.252769e-01 
5.229400e-02 	5.058016e-01 
5.372300e-02 	4.867907e-01 
5.515100e-02 	4.682807e-01 
5.658000e-02 	4.502678e-01 
5.800900e-02 	4.327846e-01 
5.943800e-02 	4.158477e-01 
6.086700e-02 	3.994691e-01 
6.229500e-02 	3.836689e-01 
6.372400e-02 	3.684301e-01 
6.515300e-02 	3.537676e-01 
6.658200e-02 	3.396831e-01 
6.801100e-02 	3.261774e-01 
6.943900e-02 	3.132599e-01 
7.086800e-02 	3.009115e-01 
7.229700e-02 	2.891391e-01 
7.372600e-02 	2.779377e-01 
7.515500e-02 	2.672994e-01 
7.658300e-02 	2.572211e-01 
7.801200e-02 	2.476740e-01 
7.944100e-02 	2.386493e-01 
8.087000e-02 	2.301294e-01 
8.229900e-02 	2.220936e-01 
8.372800e-02 	2.145217e-01 
8.515600e-02 	2.073989e-01 
8.658500e-02 	2.006955e-01 
8.801400e-02 	1.943972e-01 
8.944300e-02 	1.884847e-01 
9.087100e-02 	1.829425e-01 
9.230000e-02 	1.777430e-01 
9.372900e-02 	1.728703e-01 
9.515800e-02 	1.683048e-01 
9.658700e-02 	1.640266e-01 
9.801600e-02 	1.600159e-01 
9.944400e-02 	1.562559e-01 
1.008730e-01 	1.527223e-01 
1.023020e-01 	1.494011e-01 
1.037310e-01 	1.462756e-01 
1.051600e-01 	1.433296e-01 
1.065880e-01 	1.405498e-01 
1.080170e-01 	1.379183e-01 
1.094460e-01 	1.354235e-01 
1.108750e-01 	1.330526e-01 
1.123040e-01 	1.307931e-01 
1.137320e-01 	1.286342e-01 
1.151610e-01 	1.265617e-01 
1.165900e-01 	1.245677e-01 
1.180190e-01 	1.226426e-01 
1.194480e-01 	1.207767e-01 
1.208760e-01 	1.189627e-01 
1.223050e-01 	1.171917e-01 
1.237340e-01 	1.154588e-01 
1.251630e-01 	1.137577e-01 
1.265920e-01 	1.120822e-01 
1.280200e-01 	1.104286e-01 
1.294490e-01 	1.087909e-01 
1.308780e-01 	1.071668e-01 
1.323070e-01 	1.055530e-01 
1.337360e-01 	1.039459e-01 
1.351640e-01 	1.023437e-01 
1.365930e-01 	1.007425e-01 
1.380220e-01 	9.914199e-02 
1.394510e-01 	9.754071e-02 
1.408800e-01 	9.593720e-02 
1.423080e-01 	9.433124e-02 
1.437370e-01 	9.272029e-02 
1.451660e-01 	9.110568e-02 
1.465950e-01 	8.948766e-02 
1.480240e-01 	8.786649e-02 
1.494520e-01 	8.624358e-02 
1.508810e-01 	8.461721e-02 
1.523100e-01 	8.298931e-02 
1.537390e-01 	8.136072e-02 
1.551680e-01 	7.973244e-02 
1.565960e-01 	7.810643e-02 
1.580250e-01 	7.648098e-02 
1.594540e-01 	7.485844e-02 
1.608830e-01 	7.324032e-02 
1.623120e-01 	7.162825e-02 
1.637410e-01 	7.002393e-02 
1.651690e-01 	6.842987e-02 
1.665980e-01 	6.684505e-02 
1.680270e-01 	6.527190e-02 
1.694560e-01 	6.371183e-02 
1.708850e-01 	6.216608e-02 
1.723130e-01 	6.063682e-02 
1.737420e-01 	5.912303e-02 
1.751710e-01 	5.762706e-02 
1.766000e-01 	5.615037e-02 
1.780290e-01 	5.469440e-02 
1.794570e-01 	5.326132e-02 
1.808860e-01 	5.184987e-02 
1.823150e-01 	5.046177e-02 
1.837440e-01 	4.909773e-02 
1.851730e-01 	4.775850e-02 
1.866010e-01 	4.644580e-02 
1.880300e-01 	4.515860e-02 
1.894590e-01 	4.389856e-02 
1.908880e-01 	4.266619e-02 
1.923170e-01 	4.146184e-02 
1.937450e-01 	4.028653e-02 
1.951740e-01 	3.913866e-02 
1.966030e-01 	3.801904e-02 
1.980320e-01 	3.692773e-02 
1.994610e-01 	3.586488e-02 
2.008890e-01 	3.483129e-02 
2.023180e-01 	3.382552e-02 
2.037470e-01 	3.284822e-02 
2.051760e-01 	3.189922e-02 
2.066050e-01 	3.097806e-02 
2.080330e-01 	3.008493e-02 
2.094620e-01 	2.921816e-02 
2.108910e-01 	2.837800e-02 
2.123200e-01 	2.756405e-02 
2.137490e-01 	2.677587e-02 
2.151770e-01 	2.601347e-02 
2.166060e-01 	2.527525e-02 
2.180350e-01 	2.456124e-02 
2.194640e-01 	2.387092e-02 
2.208930e-01 	2.320375e-02 
2.223220e-01 	2.255911e-02 
2.237500e-01 	2.193683e-02 
2.251790e-01 	2.133550e-02 
2.266080e-01 	2.075494e-02 
2.280370e-01 	2.019453e-02 
2.294660e-01 	1.965369e-02 
2.308940e-01 	1.913225e-02 
2.323230e-01 	1.862892e-02 
2.337520e-01 	1.814352e-02 
2.351810e-01 	1.767551e-02 
2.366100e-01 	1.722431e-02 
2.380380e-01 	1.678971e-02 
2.394670e-01 	1.637057e-02 
2.408960e-01 	1.596673e-02 
2.423250e-01 	1.557776e-02 
2.437540e-01 	1.520321e-02 
2.451820e-01 	1.484290e-02 
2.466110e-01 	1.449586e-02 
2.480400e-01 	1.416193e-02 
2.494690e-01 	1.384065e-02 
2.508980e-01 	1.353159e-02 
2.523260e-01 	1.323454e-02 
2.537550e-01 	1.294875e-02 
2.551840e-01 	1.267411e-02 
2.566130e-01 	1.241031e-02 
2.580420e-01 	1.215704e-02 
2.594700e-01 	1.191415e-02 
2.608990e-01 	1.168097e-02 
2.623280e-01 	1.145737e-02 
2.637570e-01 	1.124303e-02 
2.651860e-01 	1.103763e-02 
2.666140e-01 	1.084100e-02 
2.680430e-01 	1.065259e-02 
2.694720e-01 	1.047231e-02 
2.709010e-01 	1.029992e-02 
2.723300e-01 	1.013518e-02 
2.737580e-01 	9.977975e-03 
2.751870e-01 	9.827835e-03 
2.766160e-01 	9.684641e-03 
2.780450e-01 	9.548158e-03 
2.794740e-01 	9.418145e-03 
2.809020e-01 	9.294445e-03 
2.823310e-01 	9.176663e-03 
2.837600e-01 	9.064686e-03 
2.851890e-01 	8.958318e-03 
2.866180e-01 	8.857369e-03 
2.880470e-01 	8.761648e-03 
2.894750e-01 	8.671025e-03 
2.909040e-01 	8.585185e-03 
2.923330e-01 	8.504010e-03 
2.937620e-01 	8.427318e-03 
2.951910e-01 	8.354922e-03 
2.966190e-01 	8.286690e-03 
2.980480e-01 	8.222365e-03 
2.994770e-01 	8.161839e-03 
3.009060e-01 	8.104958e-03 
3.023350e-01 	8.051569e-03 
3.037630e-01 	8.001555e-03 
3.051920e-01 	7.954701e-03 
3.066210e-01 	7.910909e-03 
3.080500e-01 	7.870043e-03 
3.094790e-01 	7.831972e-03 
3.109070e-01 	7.796589e-03 
3.123360e-01 	7.763726e-03 
3.137650e-01 	7.733292e-03 
3.151940e-01 	7.705175e-03 
3.166230e-01 	7.679268e-03 
3.180510e-01 	7.655479e-03 
3.194800e-01 	7.633675e-03 
3.209090e-01 	7.613776e-03 
3.223380e-01 	7.595692e-03 
3.237670e-01 	7.579337e-03 
3.251950e-01 	7.564637e-03 
3.266240e-01 	7.551495e-03 
3.280530e-01 	7.539844e-03 
3.294820e-01 	7.529609e-03 
3.309110e-01 	7.520723e-03 
3.323390e-01 	7.513125e-03 
3.337680e-01 	7.506737e-03 
3.351970e-01 	7.501502e-03 
3.366260e-01 	7.497362e-03 
3.380550e-01 	7.494264e-03 
3.394830e-01 	7.492155e-03 
3.409120e-01 	7.490985e-03 
3.423410e-01 	7.490712e-03 
3.437700e-01 	7.491290e-03 
3.451990e-01 	7.492676e-03 
3.466280e-01 	7.494830e-03 
3.480560e-01 	7.497711e-03 
3.494850e-01 	7.501284e-03 
3.509140e-01 	7.505509e-03 
3.523430e-01 	7.510349e-03 
3.537720e-01 	7.515766e-03 
3.552000e-01 	7.521724e-03 
3.566290e-01 	7.528202e-03 
3.580580e-01 	7.535167e-03 
3.594870e-01 	7.542596e-03 
3.609160e-01 	7.550462e-03 
3.623440e-01 	7.558736e-03 
3.637730e-01 	7.567406e-03 
3.652020e-01 	7.576438e-03 
3.666310e-01 	7.585807e-03 
3.680600e-01 	7.595483e-03 
3.694880e-01 	7.605433e-03 
3.709170e-01 	7.615649e-03 
3.723460e-01 	7.626105e-03 
3.737750e-01 	7.636784e-03 
3.752040e-01 	7.647665e-03 
3.766320e-01 	7.658725e-03 
3.780610e-01 	7.669959e-03 
3.794900e-01 	7.681345e-03 
3.809190e-01 	7.692863e-03 
3.823480e-01 	7.704497e-03 
3.837760e-01 	7.716220e-03 
3.852050e-01 	7.728031e-03 
3.866340e-01 	7.739904e-03 
3.880630e-01 	7.751822e-03 
3.894920e-01 	7.763766e-03 
3.909200e-01 	7.775714e-03 
3.923490e-01 	7.787671e-03 
3.937780e-01 	7.799619e-03 
3.952070e-01 	7.811548e-03 
3.966360e-01 	7.823447e-03 
3.980640e-01 	7.835294e-03 
3.994930e-01 	7.847092e-03 
4.009220e-01 	7.858817e-03 
4.023510e-01 	7.870454e-03 
4.037800e-01 	7.881991e-03 
4.052080e-01 	7.893409e-03 
4.066370e-01 	7.904713e-03 
4.080660e-01 	7.915886e-03 
4.094950e-01 	7.926918e-03 
4.109240e-01 	7.937798e-03 
4.123530e-01 	7.948515e-03 
4.137810e-01 	7.959051e-03 
4.152100e-01 	7.969411e-03 
4.166390e-01 	7.979575e-03 
4.180680e-01 	7.989532e-03 
4.194970e-01 	7.999270e-03 
4.209250e-01 	8.008771e-03 
4.223540e-01 	8.018035e-03 
4.237830e-01 	8.027046e-03 
4.252120e-01 	8.035792e-03 
4.266410e-01 	8.044261e-03 
4.280690e-01 	8.052436e-03 
4.294980e-01 	8.060317e-03 
4.309270e-01 	8.067885e-03 
4.323560e-01 	8.075130e-03 
4.337850e-01 	8.082037e-03 
4.352130e-01 	8.088590e-03 
4.366420e-01 	8.094786e-03 
4.380710e-01 	8.100607e-03 
4.395000e-01 	8.106041e-03 
4.409290e-01 	8.111073e-03 
4.423570e-01 	8.115685e-03 
4.437860e-01 	8.119869e-03 
4.452150e-01 	8.123608e-03 
4.466440e-01 	8.126886e-03 
4.480730e-01 	8.129689e-03 
4.495010e-01 	8.131999e-03 
4.509300e-01 	8.133804e-03 
4.523590e-01 	8.135087e-03 
4.537880e-01 	8.135835e-03 
4.552170e-01 	8.136033e-03 
4.566450e-01 	8.135671e-03 
4.580740e-01 	8.134736e-03 
4.595030e-01 	8.133221e-03 
4.609320e-01 	8.131118e-03 
4.623610e-01 	8.128422e-03 
4.637890e-01 	8.125128e-03 
4.652180e-01 	8.121227e-03 
4.666470e-01 	8.116718e-03 
4.680760e-01 	8.111596e-03 
4.695050e-01 	8.105855e-03 
4.709340e-01 	8.099486e-03 
4.723620e-01 	8.092476e-03 
4.737910e-01 	8.084792e-03 
4.752200e-01 	8.076411e-03 
4.766490e-01 	8.067301e-03 
4.780780e-01 	8.057432e-03 
4.795060e-01 	8.046780e-03 
4.809350e-01 	8.035300e-03 
4.823640e-01 	8.022969e-03 
4.837930e-01 	8.009754e-03 
4.852220e-01 	7.995631e-03 
4.866500e-01 	7.980625e-03 
4.880790e-01 	7.964777e-03 
4.895080e-01 	7.948187e-03 
4.909370e-01 	7.930945e-03 
4.923660e-01 	7.913143e-03 
4.937940e-01 	7.894884e-03 
4.952230e-01 	7.876236e-03 
4.966520e-01 	7.857302e-03 
4.980810e-01 	7.838173e-03 
4.995100e-01 	7.818942e-03 
