#q 	 Ifit_avg 
2.999000e-03 	1.000000e+00 
3.284000e-03 	9.981577e-01 
3.570000e-03 	9.963134e-01 
3.856000e-03 	9.944653e-01 
4.141000e-03 	9.926113e-01 
4.427000e-03 	9.907495e-01 
4.712000e-03 	9.888780e-01 
4.998000e-03 	9.869948e-01 
5.284000e-03 	9.850979e-01 
5.569000e-03 	9.831854e-01 
5.855000e-03 	9.812554e-01 
6.140000e-03 	9.793058e-01 
6.426000e-03 	9.773347e-01 
6.712000e-03 	9.753401e-01 
6.997000e-03 	9.733201e-01 
7.283000e-03 	9.712728e-01 
7.568000e-03 	9.691962e-01 
7.854000e-03 	9.670882e-01 
8.140000e-03 	9.649470e-01 
8.425000e-03 	9.627707e-01 
8.711000e-03 	9.605571e-01 
8.996000e-03 	9.583045e-01 
9.282000e-03 	9.560107e-01 
9.568000e-03 	9.536740e-01 
9.853000e-03 	9.512923e-01 
1.013900e-02 	9.488636e-01 
1.042400e-02 	9.463860e-01 
1.071000e-02 	9.438575e-01 
1.099600e-02 	9.412763e-01 
1.128100e-02 	9.386403e-01 
1.156700e-02 	9.359476e-01 
1.185300e-02 	9.331965e-01 
1.213800e-02 	9.303851e-01 
1.242400e-02 	9.275118e-01 
1.270900e-02 	9.245749e-01 
1.299500e-02 	9.215730e-01 
1.328100e-02 	9.185049e-01 
1.356600e-02 	9.153695e-01 
1.385200e-02 	9.121659e-01 
1.413700e-02 	9.088934e-01 
1.442300e-02 	9.055516e-01 
1.470900e-02 	9.021404e-01 
1.499400e-02 	8.986599e-01 
1.528000e-02 	8.951104e-01 
1.556500e-02 	8.914927e-01 
1.585100e-02 	8.878076e-01 
1.613700e-02 	8.840561e-01 
1.642200e-02 	8.802399e-01 
1.670800e-02 	8.763605e-01 
1.699300e-02 	8.724196e-01 
1.727900e-02 	8.684190e-01 
1.756500e-02 	8.643607e-01 
1.785000e-02 	8.602465e-01 
1.813600e-02 	8.560785e-01 
1.842100e-02 	8.518585e-01 
1.870700e-02 	8.475884e-01 
1.899300e-02 	8.432702e-01 
1.927800e-02 	8.389058e-01 
1.956400e-02 	8.344971e-01 
1.984900e-02 	8.300461e-01 
2.013500e-02 	8.255546e-01 
2.042100e-02 	8.210244e-01 
2.070600e-02 	8.164575e-01 
2.099200e-02 	8.118558e-01 
2.127700e-02 	8.072210e-01 
2.156300e-02 	8.025549e-01 
2.184900e-02 	7.978594e-01 
2.213400e-02 	7.931362e-01 
2.242000e-02 	7.883871e-01 
2.270500e-02 	7.836138e-01 
2.299100e-02 	7.788180e-01 
2.327700e-02 	7.740014e-01 
2.356200e-02 	7.691655e-01 
2.384800e-02 	7.643119e-01 
2.413300e-02 	7.594424e-01 
2.441900e-02 	7.545582e-01 
2.470500e-02 	7.496610e-01 
2.499000e-02 	7.447522e-01 
2.527600e-02 	7.398331e-01 
2.556100e-02 	7.349053e-01 
2.584700e-02 	7.299700e-01 
2.613300e-02 	7.250284e-01 
2.641800e-02 	7.200818e-01 
2.670400e-02 	7.151315e-01 
2.698900e-02 	7.101786e-01 
2.727500e-02 	7.052244e-01 
2.756100e-02 	7.002697e-01 
2.784600e-02 	6.953157e-01 
2.813200e-02 	6.903634e-01 
2.841700e-02 	6.854137e-01 
2.870300e-02 	6.804677e-01 
2.898900e-02 	6.755263e-01 
2.927400e-02 	6.705903e-01 
2.956000e-02 	6.656605e-01 
2.984500e-02 	6.607376e-01 
3.013100e-02 	6.558225e-01 
3.041700e-02 	6.509159e-01 
3.070200e-02 	6.460185e-01 
3.098800e-02 	6.411312e-01 
3.127300e-02 	6.362546e-01 
3.155900e-02 	6.313893e-01 
3.184500e-02 	6.265361e-01 
3.213000e-02 	6.216956e-01 
3.241600e-02 	6.168685e-01 
3.270100e-02 	6.120553e-01 
3.298700e-02 	6.072568e-01 
3.327300e-02 	6.024736e-01 
3.355800e-02 	5.977061e-01 
3.384400e-02 	5.929551e-01 
3.413000e-02 	5.882212e-01 
3.441500e-02 	5.835048e-01 
3.470100e-02 	5.788067e-01 
3.498600e-02 	5.741273e-01 
3.527200e-02 	5.694673e-01 
3.555800e-02 	5.648270e-01 
3.584300e-02 	5.602070e-01 
3.612900e-02 	5.556078e-01 
3.641400e-02 	5.510300e-01 
3.670000e-02 	5.464741e-01 
3.698600e-02 	5.419405e-01 
3.727100e-02 	5.374296e-01 
3.755700e-02 	5.329419e-01 
3.784200e-02 	5.284777e-01 
3.812800e-02 	5.240376e-01 
3.841400e-02 	5.196219e-01 
3.869900e-02 	5.152310e-01 
3.898500e-02 	5.108654e-01 
3.927000e-02 	5.065254e-01 
3.955600e-02 	5.022113e-01 
3.984200e-02 	4.979234e-01 
4.012700e-02 	4.936621e-01 
4.041300e-02 	4.894277e-01 
4.069800e-02 	4.852205e-01 
4.098400e-02 	4.810407e-01 
4.127000e-02 	4.768888e-01 
4.155500e-02 	4.727649e-01 
4.184100e-02 	4.686694e-01 
4.212600e-02 	4.646024e-01 
4.241200e-02 	4.605642e-01 
4.269800e-02 	4.565551e-01 
4.298300e-02 	4.525752e-01 
4.326900e-02 	4.486247e-01 
4.355400e-02 	4.447038e-01 
4.384000e-02 	4.408126e-01 
4.412600e-02 	4.369514e-01 
4.441100e-02 	4.331204e-01 
4.469700e-02 	4.293196e-01 
4.498200e-02 	4.255493e-01 
4.526800e-02 	4.218095e-01 
4.555400e-02 	4.181006e-01 
4.583900e-02 	4.144224e-01 
4.612500e-02 	4.107751e-01 
4.641000e-02 	4.071587e-01 
4.669600e-02 	4.035735e-01 
4.698200e-02 	4.000194e-01 
4.726700e-02 	3.964965e-01 
4.755300e-02 	3.930050e-01 
4.783800e-02 	3.895449e-01 
4.812400e-02 	3.861163e-01 
4.841000e-02 	3.827191e-01 
4.869500e-02 	3.793533e-01 
4.898100e-02 	3.760190e-01 
4.926600e-02 	3.727160e-01 
4.955200e-02 	3.694444e-01 
4.983800e-02 	3.662042e-01 
5.012300e-02 	3.629953e-01 
5.040900e-02 	3.598178e-01 
5.069400e-02 	3.566716e-01 
5.098000e-02 	3.535567e-01 
5.126600e-02 	3.504730e-01 
5.155100e-02 	3.474204e-01 
5.183700e-02 	3.443987e-01 
5.212200e-02 	3.414079e-01 
5.240800e-02 	3.384477e-01 
5.269400e-02 	3.355181e-01 
5.297900e-02 	3.326189e-01 
5.326500e-02 	3.297500e-01 
5.355000e-02 	3.269113e-01 
5.383600e-02 	3.241026e-01 
5.412200e-02 	3.213238e-01 
5.440700e-02 	3.185748e-01 
5.469300e-02 	3.158555e-01 
5.497800e-02 	3.131655e-01 
5.526400e-02 	3.105046e-01 
5.555000e-02 	3.078727e-01 
5.583500e-02 	3.052694e-01 
5.612100e-02 	3.026945e-01 
5.640700e-02 	3.001478e-01 
5.669200e-02 	2.976290e-01 
5.697800e-02 	2.951379e-01 
5.726300e-02 	2.926742e-01 
5.754900e-02 	2.902378e-01 
5.783500e-02 	2.878283e-01 
5.812000e-02 	2.854456e-01 
5.840600e-02 	2.830895e-01 
5.869100e-02 	2.807596e-01 
5.897700e-02 	2.784558e-01 
5.926300e-02 	2.761777e-01 
5.954800e-02 	2.739251e-01 
5.983400e-02 	2.716977e-01 
6.011900e-02 	2.694952e-01 
6.040500e-02 	2.673175e-01 
6.069100e-02 	2.651641e-01 
6.097600e-02 	2.630349e-01 
6.126200e-02 	2.609296e-01 
6.154700e-02 	2.588479e-01 
6.183300e-02 	2.567896e-01 
6.211900e-02 	2.547544e-01 
6.240400e-02 	2.527421e-01 
6.269000e-02 	2.507524e-01 
6.297500e-02 	2.487850e-01 
6.326100e-02 	2.468398e-01 
6.354700e-02 	2.449164e-01 
6.383200e-02 	2.430147e-01 
6.411800e-02 	2.411343e-01 
6.440300e-02 	2.392749e-01 
6.468900e-02 	2.374364e-01 
6.497500e-02 	2.356184e-01 
6.526000e-02 	2.338208e-01 
6.554600e-02 	2.320432e-01 
6.583100e-02 	2.302853e-01 
6.611700e-02 	2.285471e-01 
6.640300e-02 	2.268281e-01 
6.668800e-02 	2.251283e-01 
6.697400e-02 	2.234473e-01 
6.725900e-02 	2.217850e-01 
6.754500e-02 	2.201412e-01 
6.783100e-02 	2.185155e-01 
6.811600e-02 	2.169078e-01 
6.840200e-02 	2.153176e-01 
6.868700e-02 	2.137448e-01 
6.897300e-02 	2.121891e-01 
6.925900e-02 	2.106502e-01 
6.954400e-02 	2.091279e-01 
6.983000e-02 	2.076220e-01 
7.011500e-02 	2.061321e-01 
7.040100e-02 	2.046580e-01 
7.068700e-02 	2.031996e-01 
7.097200e-02 	2.017566e-01 
7.125800e-02 	2.003287e-01 
7.154300e-02 	1.989158e-01 
7.182900e-02 	1.975177e-01 
7.211500e-02 	1.961341e-01 
7.240000e-02 	1.947649e-01 
7.268600e-02 	1.934097e-01 
7.297100e-02 	1.920684e-01 
7.325700e-02 	1.907408e-01 
7.354300e-02 	1.894267e-01 
7.382800e-02 	1.881258e-01 
7.411400e-02 	1.868379e-01 
7.439900e-02 	1.855628e-01 
7.468500e-02 	1.843004e-01 
7.497100e-02 	1.830503e-01 
7.525600e-02 	1.818124e-01 
7.554200e-02 	1.805866e-01 
7.582700e-02 	1.793725e-01 
7.611300e-02 	1.781701e-01 
7.639900e-02 	1.769791e-01 
7.668400e-02 	1.757993e-01 
7.697000e-02 	1.746306e-01 
7.725500e-02 	1.734728e-01 
7.754100e-02 	1.723258e-01 
7.782700e-02 	1.711894e-01 
7.811200e-02 	1.700635e-01 
7.839800e-02 	1.689478e-01 
7.868400e-02 	1.678423e-01 
7.896900e-02 	1.667468e-01 
7.925500e-02 	1.656611e-01 
7.954000e-02 	1.645851e-01 
7.982600e-02 	1.635187e-01 
8.011200e-02 	1.624615e-01 
8.039700e-02 	1.614136e-01 
8.068300e-02 	1.603747e-01 
8.096800e-02 	1.593446e-01 
8.125400e-02 	1.583233e-01 
8.154000e-02 	1.573105e-01 
8.182500e-02 	1.563061e-01 
8.211100e-02 	1.553100e-01 
8.239600e-02 	1.543222e-01 
8.268200e-02 	1.533425e-01 
8.296800e-02 	1.523707e-01 
8.325300e-02 	1.514069e-01 
8.353900e-02 	1.504507e-01 
8.382400e-02 	1.495022e-01 
8.411000e-02 	1.485613e-01 
8.439600e-02 	1.476277e-01 
8.468100e-02 	1.467014e-01 
8.496700e-02 	1.457823e-01 
8.525200e-02 	1.448702e-01 
8.553800e-02 	1.439651e-01 
8.582400e-02 	1.430667e-01 
8.610900e-02 	1.421751e-01 
8.639500e-02 	1.412900e-01 
8.668000e-02 	1.404113e-01 
8.696600e-02 	1.395390e-01 
8.725200e-02 	1.386730e-01 
8.753700e-02 	1.378131e-01 
8.782300e-02 	1.369593e-01 
8.810800e-02 	1.361115e-01 
8.839400e-02 	1.352697e-01 
8.868000e-02 	1.344338e-01 
8.896500e-02 	1.336036e-01 
8.925100e-02 	1.327791e-01 
8.953600e-02 	1.319602e-01 
8.982200e-02 	1.311469e-01 
9.010800e-02 	1.303390e-01 
9.039300e-02 	1.295365e-01 
9.067900e-02 	1.287392e-01 
9.096400e-02 	1.279472e-01 
9.125000e-02 	1.271603e-01 
9.153600e-02 	1.263784e-01 
9.182100e-02 	1.256014e-01 
9.210700e-02 	1.248294e-01 
9.239200e-02 	1.240621e-01 
9.267800e-02 	1.232995e-01 
9.296400e-02 	1.225416e-01 
9.324900e-02 	1.217882e-01 
9.353500e-02 	1.210393e-01 
9.382000e-02 	1.202949e-01 
9.410600e-02 	1.195549e-01 
9.439200e-02 	1.188193e-01 
9.467700e-02 	1.180881e-01 
9.496300e-02 	1.173612e-01 
9.524800e-02 	1.166385e-01 
9.553400e-02 	1.159200e-01 
9.582000e-02 	1.152058e-01 
9.610500e-02 	1.144956e-01 
9.639100e-02 	1.137896e-01 
9.667600e-02 	1.130876e-01 
9.696200e-02 	1.123896e-01 
9.724800e-02 	1.116956e-01 
9.753300e-02 	1.110055e-01 
9.781900e-02 	1.103192e-01 
9.810400e-02 	1.096368e-01 
9.839000e-02 	1.089580e-01 
9.867600e-02 	1.082830e-01 
9.896100e-02 	1.076116e-01 
9.924700e-02 	1.069438e-01 
9.953200e-02 	1.062796e-01 
9.981800e-02 	1.056189e-01 
1.001040e-01 	1.049617e-01 
1.003890e-01 	1.043080e-01 
1.006750e-01 	1.036578e-01 
1.009610e-01 	1.030110e-01 
1.012460e-01 	1.023676e-01 
1.015320e-01 	1.017276e-01 
1.018170e-01 	1.010910e-01 
1.021030e-01 	1.004577e-01 
1.023890e-01 	9.982779e-02 
1.026740e-01 	9.920112e-02 
1.029600e-01 	9.857771e-02 
1.032450e-01 	9.795751e-02 
1.035310e-01 	9.734050e-02 
1.038170e-01 	9.672663e-02 
1.041020e-01 	9.611587e-02 
1.043880e-01 	9.550819e-02 
1.046730e-01 	9.490352e-02 
1.049590e-01 	9.430184e-02 
1.052450e-01 	9.370311e-02 
1.055300e-01 	9.310728e-02 
1.058160e-01 	9.251432e-02 
1.061010e-01 	9.192423e-02 
1.063870e-01 	9.133698e-02 
1.066730e-01 	9.075258e-02 
1.069580e-01 	9.017103e-02 
1.072440e-01 	8.959232e-02 
1.075290e-01 	8.901645e-02 
1.078150e-01 	8.844340e-02 
1.081010e-01 	8.787319e-02 
1.083860e-01 	8.730578e-02 
1.086720e-01 	8.674117e-02 
1.089570e-01 	8.617934e-02 
1.092430e-01 	8.562027e-02 
1.095290e-01 	8.506395e-02 
1.098140e-01 	8.451034e-02 
1.101000e-01 	8.395946e-02 
1.103850e-01 	8.341126e-02 
1.106710e-01 	8.286576e-02 
1.109570e-01 	8.232292e-02 
1.112420e-01 	8.178273e-02 
1.115280e-01 	8.124519e-02 
1.118130e-01 	8.071027e-02 
1.120990e-01 	8.017796e-02 
1.123850e-01 	7.964826e-02 
1.126700e-01 	7.912113e-02 
1.129560e-01 	7.859658e-02 
1.132410e-01 	7.807458e-02 
1.135270e-01 	7.755512e-02 
1.138130e-01 	7.703818e-02 
1.140980e-01 	7.652377e-02 
1.143840e-01 	7.601186e-02 
1.146690e-01 	7.550246e-02 
1.149550e-01 	7.499556e-02 
1.152410e-01 	7.449116e-02 
1.155260e-01 	7.398921e-02 
1.158120e-01 	7.348973e-02 
1.160970e-01 	7.299269e-02 
1.163830e-01 	7.249808e-02 
1.166690e-01 	7.200587e-02 
1.169540e-01 	7.151607e-02 
1.172400e-01 	7.102866e-02 
1.175250e-01 	7.054362e-02 
1.178110e-01 	7.006094e-02 
1.180970e-01 	6.958061e-02 
1.183820e-01 	6.910261e-02 
1.186680e-01 	6.862692e-02 
1.189530e-01 	6.815356e-02 
1.192390e-01 	6.768250e-02 
1.195250e-01 	6.721377e-02 
1.198100e-01 	6.674734e-02 
1.200960e-01 	6.628323e-02 
1.203810e-01 	6.582143e-02 
1.206670e-01 	6.536194e-02 
1.209530e-01 	6.490476e-02 
1.212380e-01 	6.444988e-02 
1.215240e-01 	6.399731e-02 
1.218090e-01 	6.354704e-02 
1.220950e-01 	6.309908e-02 
1.223810e-01 	6.265342e-02 
1.226660e-01 	6.221007e-02 
1.229520e-01 	6.176902e-02 
1.232380e-01 	6.133026e-02 
1.235230e-01 	6.089378e-02 
1.238090e-01 	6.045958e-02 
1.240940e-01 	6.002763e-02 
1.243800e-01 	5.959794e-02 
1.246660e-01 	5.917050e-02 
1.249510e-01 	5.874529e-02 
1.252370e-01 	5.832230e-02 
1.255220e-01 	5.790154e-02 
1.258080e-01 	5.748300e-02 
1.260940e-01 	5.706665e-02 
1.263790e-01 	5.665250e-02 
1.266650e-01 	5.624054e-02 
1.269500e-01 	5.583074e-02 
1.272360e-01 	5.542309e-02 
1.275220e-01 	5.501759e-02 
1.278070e-01 	5.461422e-02 
1.280930e-01 	5.421296e-02 
1.283780e-01 	5.381383e-02 
1.286640e-01 	5.341680e-02 
1.289500e-01 	5.302187e-02 
1.292350e-01 	5.262904e-02 
1.295210e-01 	5.223832e-02 
1.298060e-01 	5.184968e-02 
1.300920e-01 	5.146315e-02 
1.303780e-01 	5.107871e-02 
1.306630e-01 	5.069637e-02 
1.309490e-01 	5.031611e-02 
1.312340e-01 	4.993795e-02 
1.315200e-01 	4.956187e-02 
1.318060e-01 	4.918787e-02 
1.320910e-01 	4.881596e-02 
1.323770e-01 	4.844613e-02 
1.326620e-01 	4.807839e-02 
1.329480e-01 	4.771272e-02 
1.332340e-01 	4.734914e-02 
1.335190e-01 	4.698763e-02 
1.338050e-01 	4.662821e-02 
1.340900e-01 	4.627086e-02 
1.343760e-01 	4.591559e-02 
1.346620e-01 	4.556240e-02 
1.349470e-01 	4.521127e-02 
1.352330e-01 	4.486220e-02 
1.355180e-01 	4.451518e-02 
1.358040e-01 	4.417020e-02 
1.360900e-01 	4.382724e-02 
1.363750e-01 	4.348630e-02 
1.366610e-01 	4.314737e-02 
1.369460e-01 	4.281045e-02 
1.372320e-01 	4.247550e-02 
1.375180e-01 	4.214254e-02 
1.378030e-01 	4.181156e-02 
1.380890e-01 	4.148253e-02 
1.383740e-01 	4.115547e-02 
1.386600e-01 	4.083036e-02 
1.389460e-01 	4.050720e-02 
1.392310e-01 	4.018597e-02 
1.395170e-01 	3.986667e-02 
1.398020e-01 	3.954930e-02 
1.400880e-01 	3.923384e-02 
1.403740e-01 	3.892031e-02 
1.406590e-01 	3.860870e-02 
1.409450e-01 	3.829900e-02 
1.412300e-01 	3.799121e-02 
1.415160e-01 	3.768532e-02 
1.418020e-01 	3.738135e-02 
1.420870e-01 	3.707928e-02 
1.423730e-01 	3.677911e-02 
1.426580e-01 	3.648085e-02 
1.429440e-01 	3.618450e-02 
1.432300e-01 	3.589005e-02 
1.435150e-01 	3.559750e-02 
1.438010e-01 	3.530685e-02 
1.440860e-01 	3.501811e-02 
1.443720e-01 	3.473126e-02 
1.446580e-01 	3.444629e-02 
1.449430e-01 	3.416321e-02 
1.452290e-01 	3.388199e-02 
1.455150e-01 	3.360263e-02 
1.458000e-01 	3.332513e-02 
1.460860e-01 	3.304946e-02 
1.463710e-01 	3.277563e-02 
1.466570e-01 	3.250363e-02 
1.469430e-01 	3.223343e-02 
1.472280e-01 	3.196505e-02 
1.475140e-01 	3.169846e-02 
1.477990e-01 	3.143366e-02 
1.480850e-01 	3.117064e-02 
1.483710e-01 	3.090939e-02 
1.486560e-01 	3.064992e-02 
1.489420e-01 	3.039220e-02 
1.492270e-01 	3.013625e-02 
1.495130e-01 	2.988205e-02 
1.497990e-01 	2.962960e-02 
1.500840e-01 	2.937891e-02 
1.503700e-01 	2.912995e-02 
1.506550e-01 	2.888274e-02 
1.509410e-01 	2.863726e-02 
1.512270e-01 	2.839352e-02 
1.515120e-01 	2.815151e-02 
1.517980e-01 	2.791122e-02 
1.520830e-01 	2.767266e-02 
1.523690e-01 	2.743580e-02 
1.526550e-01 	2.720066e-02 
1.529400e-01 	2.696721e-02 
1.532260e-01 	2.673547e-02 
1.535110e-01 	2.650541e-02 
1.537970e-01 	2.627704e-02 
1.540830e-01 	2.605035e-02 
1.543680e-01 	2.582533e-02 
1.546540e-01 	2.560198e-02 
1.549390e-01 	2.538029e-02 
1.552250e-01 	2.516025e-02 
1.555110e-01 	2.494186e-02 
1.557960e-01 	2.472512e-02 
1.560820e-01 	2.451002e-02 
1.563670e-01 	2.429655e-02 
1.566530e-01 	2.408470e-02 
1.569390e-01 	2.387448e-02 
1.572240e-01 	2.366586e-02 
1.575100e-01 	2.345885e-02 
1.577950e-01 	2.325343e-02 
1.580810e-01 	2.304959e-02 
1.583670e-01 	2.284733e-02 
1.586520e-01 	2.264663e-02 
1.589380e-01 	2.244749e-02 
1.592230e-01 	2.224990e-02 
1.595090e-01 	2.205386e-02 
1.597950e-01 	2.185936e-02 
1.600800e-01 	2.166640e-02 
1.603660e-01 	2.147497e-02 
1.606510e-01 	2.128506e-02 
1.609370e-01 	2.109667e-02 
1.612230e-01 	2.090979e-02 
1.615080e-01 	2.072442e-02 
1.617940e-01 	2.054055e-02 
1.620790e-01 	2.035816e-02 
1.623650e-01 	2.017726e-02 
1.626510e-01 	1.999783e-02 
1.629360e-01 	1.981987e-02 
1.632220e-01 	1.964338e-02 
1.635070e-01 	1.946833e-02 
1.637930e-01 	1.929474e-02 
1.640790e-01 	1.912258e-02 
1.643640e-01 	1.895186e-02 
1.646500e-01 	1.878257e-02 
1.649350e-01 	1.861469e-02 
1.652210e-01 	1.844823e-02 
1.655070e-01 	1.828317e-02 
1.657920e-01 	1.811952e-02 
1.660780e-01 	1.795726e-02 
1.663630e-01 	1.779638e-02 
1.666490e-01 	1.763688e-02 
1.669350e-01 	1.747875e-02 
1.672200e-01 	1.732198e-02 
1.675060e-01 	1.716658e-02 
1.677920e-01 	1.701252e-02 
1.680770e-01 	1.685981e-02 
1.683630e-01 	1.670844e-02 
1.686480e-01 	1.655839e-02 
1.689340e-01 	1.640967e-02 
1.692200e-01 	1.626226e-02 
1.695050e-01 	1.611617e-02 
1.697910e-01 	1.597137e-02 
1.700760e-01 	1.582786e-02 
1.703620e-01 	1.568564e-02 
1.706480e-01 	1.554470e-02 
1.709330e-01 	1.540502e-02 
1.712190e-01 	1.526661e-02 
1.715040e-01 	1.512946e-02 
1.717900e-01 	1.499355e-02 
1.720760e-01 	1.485888e-02 
1.723610e-01 	1.472545e-02 
1.726470e-01 	1.459324e-02 
1.729320e-01 	1.446225e-02 
1.732180e-01 	1.433247e-02 
1.735040e-01 	1.420389e-02 
1.737890e-01 	1.407651e-02 
1.740750e-01 	1.395032e-02 
1.743600e-01 	1.382530e-02 
1.746460e-01 	1.370146e-02 
1.749320e-01 	1.357879e-02 
1.752170e-01 	1.345728e-02 
1.755030e-01 	1.333691e-02 
1.757880e-01 	1.321769e-02 
1.760740e-01 	1.309961e-02 
1.763600e-01 	1.298265e-02 
1.766450e-01 	1.286682e-02 
1.769310e-01 	1.275210e-02 
1.772160e-01 	1.263848e-02 
1.775020e-01 	1.252597e-02 
1.777880e-01 	1.241454e-02 
1.780730e-01 	1.230421e-02 
1.783590e-01 	1.219494e-02 
1.786440e-01 	1.208675e-02 
1.789300e-01 	1.197962e-02 
1.792160e-01 	1.187354e-02 
1.795010e-01 	1.176851e-02 
1.797870e-01 	1.166452e-02 
1.800720e-01 	1.156156e-02 
1.803580e-01 	1.145962e-02 
1.806440e-01 	1.135870e-02 
1.809290e-01 	1.125880e-02 
1.812150e-01 	1.115989e-02 
1.815000e-01 	1.106198e-02 
1.817860e-01 	1.096505e-02 
1.820720e-01 	1.086911e-02 
1.823570e-01 	1.077414e-02 
1.826430e-01 	1.068014e-02 
1.829280e-01 	1.058709e-02 
1.832140e-01 	1.049500e-02 
1.835000e-01 	1.040386e-02 
1.837850e-01 	1.031365e-02 
1.840710e-01 	1.022438e-02 
1.843560e-01 	1.013603e-02 
1.846420e-01 	1.004860e-02 
1.849280e-01 	9.962085e-03 
1.852130e-01 	9.876474e-03 
1.854990e-01 	9.791762e-03 
1.857840e-01 	9.707941e-03 
1.860700e-01 	9.625006e-03 
1.863560e-01 	9.542949e-03 
1.866410e-01 	9.461763e-03 
1.869270e-01 	9.381442e-03 
1.872120e-01 	9.301979e-03 
1.874980e-01 	9.223367e-03 
1.877840e-01 	9.145600e-03 
1.880690e-01 	9.068669e-03 
1.883550e-01 	8.992570e-03 
1.886400e-01 	8.917294e-03 
1.889260e-01 	8.842836e-03 
1.892120e-01 	8.769188e-03 
1.894970e-01 	8.696343e-03 
1.897830e-01 	8.624295e-03 
1.900690e-01 	8.553037e-03 
1.903540e-01 	8.482563e-03 
1.906400e-01 	8.412865e-03 
1.909250e-01 	8.343937e-03 
1.912110e-01 	8.275771e-03 
1.914970e-01 	8.208362e-03 
1.917820e-01 	8.141702e-03 
1.920680e-01 	8.075784e-03 
1.923530e-01 	8.010602e-03 
1.926390e-01 	7.946150e-03 
1.929250e-01 	7.882422e-03 
1.932100e-01 	7.819411e-03 
1.934960e-01 	7.757111e-03 
1.937810e-01 	7.695515e-03 
1.940670e-01 	7.634619e-03 
1.943530e-01 	7.574416e-03 
1.946380e-01 	7.514898e-03 
1.949240e-01 	7.456061e-03 
1.952090e-01 	7.397896e-03 
1.954950e-01 	7.340399e-03 
1.957810e-01 	7.283562e-03 
1.960660e-01 	7.227380e-03 
1.963520e-01 	7.171848e-03 
1.966370e-01 	7.116960e-03 
1.969230e-01 	7.062711e-03 
1.972090e-01 	7.009094e-03 
1.974940e-01 	6.956105e-03 
1.977800e-01 	6.903738e-03 
1.980650e-01 	6.851988e-03 
1.983510e-01 	6.800849e-03 
1.986370e-01 	6.750316e-03 
1.989220e-01 	6.700383e-03 
1.992080e-01 	6.651046e-03 
1.994930e-01 	6.602298e-03 
1.997790e-01 	6.554135e-03 
2.000650e-01 	6.506552e-03 
2.003500e-01 	6.459541e-03 
2.006360e-01 	6.413100e-03 
2.009210e-01 	6.367221e-03 
2.012070e-01 	6.321901e-03 
2.014930e-01 	6.277132e-03 
2.017780e-01 	6.232910e-03 
2.020640e-01 	6.189230e-03 
2.023490e-01 	6.146085e-03 
2.026350e-01 	6.103472e-03 
2.029210e-01 	6.061383e-03 
2.032060e-01 	6.019815e-03 
2.034920e-01 	5.978761e-03 
2.037770e-01 	5.938217e-03 
2.040630e-01 	5.898178e-03 
2.043490e-01 	5.858637e-03 
2.046340e-01 	5.819592e-03 
2.049200e-01 	5.781035e-03 
2.052050e-01 	5.742964e-03 
2.054910e-01 	5.705372e-03 
2.057770e-01 	5.668256e-03 
2.060620e-01 	5.631610e-03 
2.063480e-01 	5.595430e-03 
2.066330e-01 	5.559711e-03 
2.069190e-01 	5.524448e-03 
2.072050e-01 	5.489638e-03 
2.074900e-01 	5.455275e-03 
2.077760e-01 	5.421355e-03 
2.080610e-01 	5.387874e-03 
2.083470e-01 	5.354826e-03 
2.086330e-01 	5.322208e-03 
2.089180e-01 	5.290015e-03 
2.092040e-01 	5.258242e-03 
2.094890e-01 	5.226886e-03 
2.097750e-01 	5.195943e-03 
2.100610e-01 	5.165407e-03 
2.103460e-01 	5.135276e-03 
2.106320e-01 	5.105543e-03 
2.109170e-01 	5.076206e-03 
2.112030e-01 	5.047261e-03 
2.114890e-01 	5.018703e-03 
2.117740e-01 	4.990529e-03 
2.120600e-01 	4.962734e-03 
2.123450e-01 	4.935316e-03 
2.126310e-01 	4.908271e-03 
2.129170e-01 	4.881594e-03 
2.132020e-01 	4.855282e-03 
2.134880e-01 	4.829332e-03 
2.137740e-01 	4.803738e-03 
2.140590e-01 	4.778499e-03 
2.143450e-01 	4.753609e-03 
2.146300e-01 	4.729066e-03 
2.149160e-01 	4.704865e-03 
2.152020e-01 	4.681003e-03 
2.154870e-01 	4.657476e-03 
2.157730e-01 	4.634281e-03 
2.160580e-01 	4.611413e-03 
2.163440e-01 	4.588871e-03 
2.166300e-01 	4.566649e-03 
2.169150e-01 	4.544744e-03 
2.172010e-01 	4.523154e-03 
2.174860e-01 	4.501874e-03 
2.177720e-01 	4.480901e-03 
2.180580e-01 	4.460231e-03 
2.183430e-01 	4.439861e-03 
2.186290e-01 	4.419789e-03 
2.189140e-01 	4.400010e-03 
2.192000e-01 	4.380523e-03 
2.194860e-01 	4.361323e-03 
2.197710e-01 	4.342408e-03 
2.200570e-01 	4.323776e-03 
2.203420e-01 	4.305421e-03 
2.206280e-01 	4.287343e-03 
2.209140e-01 	4.269537e-03 
2.211990e-01 	4.252001e-03 
2.214850e-01 	4.234732e-03 
2.217700e-01 	4.217727e-03 
2.220560e-01 	4.200983e-03 
2.223420e-01 	4.184498e-03 
2.226270e-01 	4.168268e-03 
2.229130e-01 	4.152292e-03 
2.231980e-01 	4.136566e-03 
2.234840e-01 	4.121087e-03 
2.237700e-01 	4.105853e-03 
2.240550e-01 	4.090861e-03 
2.243410e-01 	4.076109e-03 
2.246260e-01 	4.061593e-03 
2.249120e-01 	4.047312e-03 
2.251980e-01 	4.033262e-03 
2.254830e-01 	4.019442e-03 
2.257690e-01 	4.005848e-03 
2.260540e-01 	3.992480e-03 
2.263400e-01 	3.979334e-03 
2.266260e-01 	3.966407e-03 
2.269110e-01 	3.953698e-03 
2.271970e-01 	3.941205e-03 
2.274820e-01 	3.928924e-03 
2.277680e-01 	3.916855e-03 
2.280540e-01 	3.904993e-03 
2.283390e-01 	3.893339e-03 
2.286250e-01 	3.881887e-03 
2.289100e-01 	3.870638e-03 
2.291960e-01 	3.859588e-03 
2.294820e-01 	3.848735e-03 
2.297670e-01 	3.838077e-03 
2.300530e-01 	3.827611e-03 
2.303380e-01 	3.817336e-03 
2.306240e-01 	3.807249e-03 
2.309100e-01 	3.797349e-03 
2.311950e-01 	3.787633e-03 
2.314810e-01 	3.778100e-03 
2.317660e-01 	3.768746e-03 
2.320520e-01 	3.759571e-03 
2.323380e-01 	3.750573e-03 
2.326230e-01 	3.741748e-03 
2.329090e-01 	3.733096e-03 
2.331940e-01 	3.724614e-03 
2.334800e-01 	3.716301e-03 
2.337660e-01 	3.708153e-03 
2.340510e-01 	3.700170e-03 
2.343370e-01 	3.692349e-03 
2.346230e-01 	3.684689e-03 
2.349080e-01 	3.677188e-03 
2.351940e-01 	3.669845e-03 
2.354790e-01 	3.662659e-03 
2.357650e-01 	3.655627e-03 
2.360510e-01 	3.648747e-03 
2.363360e-01 	3.642019e-03 
2.366220e-01 	3.635441e-03 
2.369070e-01 	3.629011e-03 
2.371930e-01 	3.622727e-03 
2.374790e-01 	3.616589e-03 
2.377640e-01 	3.610593e-03 
2.380500e-01 	3.604740e-03 
2.383350e-01 	3.599027e-03 
2.386210e-01 	3.593453e-03 
2.389070e-01 	3.588017e-03 
2.391920e-01 	3.582717e-03 
2.394780e-01 	3.577552e-03 
2.397630e-01 	3.572521e-03 
2.400490e-01 	3.567623e-03 
2.403350e-01 	3.562855e-03 
2.406200e-01 	3.558217e-03 
2.409060e-01 	3.553707e-03 
2.411910e-01 	3.549324e-03 
2.414770e-01 	3.545066e-03 
2.417630e-01 	3.540933e-03 
2.420480e-01 	3.536923e-03 
2.423340e-01 	3.533034e-03 
2.426190e-01 	3.529266e-03 
2.429050e-01 	3.525616e-03 
2.431910e-01 	3.522085e-03 
2.434760e-01 	3.518670e-03 
2.437620e-01 	3.515369e-03 
2.440470e-01 	3.512183e-03 
2.443330e-01 	3.509109e-03 
2.446190e-01 	3.506146e-03 
2.449040e-01 	3.503294e-03 
2.451900e-01 	3.500549e-03 
2.454750e-01 	3.497913e-03 
2.457610e-01 	3.495382e-03 
2.460470e-01 	3.492956e-03 
2.463320e-01 	3.490633e-03 
2.466180e-01 	3.488413e-03 
2.469030e-01 	3.486294e-03 
2.471890e-01 	3.484274e-03 
2.474750e-01 	3.482354e-03 
2.477600e-01 	3.480531e-03 
2.480460e-01 	3.478805e-03 
2.483310e-01 	3.477176e-03 
2.486170e-01 	3.475641e-03 
2.489030e-01 	3.474199e-03 
2.491880e-01 	3.472851e-03 
2.494740e-01 	3.471595e-03 
2.497590e-01 	3.470430e-03 
2.500450e-01 	3.469355e-03 
2.503310e-01 	3.468369e-03 
2.506160e-01 	3.467472e-03 
2.509020e-01 	3.466662e-03 
2.511870e-01 	3.465939e-03 
2.514730e-01 	3.465302e-03 
2.517590e-01 	3.464750e-03 
2.520440e-01 	3.464282e-03 
2.523300e-01 	3.463897e-03 
2.526150e-01 	3.463594e-03 
2.529010e-01 	3.463373e-03 
2.531870e-01 	3.463232e-03 
2.534720e-01 	3.463172e-03 
2.537580e-01 	3.463190e-03 
2.540430e-01 	3.463286e-03 
2.543290e-01 	3.463459e-03 
2.546150e-01 	3.463709e-03 
2.549000e-01 	3.464035e-03 
2.551860e-01 	3.464436e-03 
2.554710e-01 	3.464910e-03 
2.557570e-01 	3.465458e-03 
2.560430e-01 	3.466078e-03 
2.563280e-01 	3.466770e-03 
2.566140e-01 	3.467532e-03 
2.568990e-01 	3.468365e-03 
2.571850e-01 	3.469267e-03 
2.574710e-01 	3.470237e-03 
2.577560e-01 	3.471275e-03 
2.580420e-01 	3.472379e-03 
2.583280e-01 	3.473549e-03 
2.586130e-01 	3.474785e-03 
2.588990e-01 	3.476084e-03 
2.591840e-01 	3.477448e-03 
2.594700e-01 	3.478874e-03 
2.597560e-01 	3.480361e-03 
2.600410e-01 	3.481910e-03 
2.603270e-01 	3.483520e-03 
2.606120e-01 	3.485189e-03 
2.608980e-01 	3.486917e-03 
2.611840e-01 	3.488703e-03 
2.614690e-01 	3.490547e-03 
2.617550e-01 	3.492448e-03 
2.620400e-01 	3.494405e-03 
2.623260e-01 	3.496418e-03 
2.626120e-01 	3.498485e-03 
2.628970e-01 	3.500607e-03 
2.631830e-01 	3.502782e-03 
2.634680e-01 	3.505010e-03 
2.637540e-01 	3.507290e-03 
2.640400e-01 	3.509621e-03 
2.643250e-01 	3.512003e-03 
2.646110e-01 	3.514434e-03 
2.648960e-01 	3.516915e-03 
2.651820e-01 	3.519445e-03 
2.654680e-01 	3.522022e-03 
2.657530e-01 	3.524647e-03 
2.660390e-01 	3.527318e-03 
2.663240e-01 	3.530035e-03 
2.666100e-01 	3.532797e-03 
2.668960e-01 	3.535604e-03 
2.671810e-01 	3.538455e-03 
2.674670e-01 	3.541350e-03 
2.677520e-01 	3.544288e-03 
2.680380e-01 	3.547268e-03 
2.683240e-01 	3.550290e-03 
2.686090e-01 	3.553354e-03 
2.688950e-01 	3.556458e-03 
2.691800e-01 	3.559603e-03 
2.694660e-01 	3.562787e-03 
2.697520e-01 	3.566010e-03 
2.700370e-01 	3.569271e-03 
2.703230e-01 	3.572571e-03 
2.706080e-01 	3.575908e-03 
2.708940e-01 	3.579281e-03 
2.711800e-01 	3.582691e-03 
2.714650e-01 	3.586136e-03 
2.717510e-01 	3.589616e-03 
2.720360e-01 	3.593131e-03 
2.723220e-01 	3.596679e-03 
2.726080e-01 	3.600260e-03 
2.728930e-01 	3.603874e-03 
2.731790e-01 	3.607519e-03 
2.734640e-01 	3.611196e-03 
2.737500e-01 	3.614903e-03 
2.740360e-01 	3.618640e-03 
2.743210e-01 	3.622406e-03 
2.746070e-01 	3.626201e-03 
2.748920e-01 	3.630023e-03 
2.751780e-01 	3.633873e-03 
2.754640e-01 	3.637749e-03 
2.757490e-01 	3.641652e-03 
2.760350e-01 	3.645580e-03 
2.763200e-01 	3.649532e-03 
2.766060e-01 	3.653508e-03 
2.768920e-01 	3.657508e-03 
2.771770e-01 	3.661531e-03 
2.774630e-01 	3.665576e-03 
2.777480e-01 	3.669643e-03 
2.780340e-01 	3.673730e-03 
2.783200e-01 	3.677838e-03 
2.786050e-01 	3.681966e-03 
2.788910e-01 	3.686114e-03 
2.791760e-01 	3.690280e-03 
2.794620e-01 	3.694464e-03 
2.797480e-01 	3.698666e-03 
2.800330e-01 	3.702885e-03 
2.803190e-01 	3.707121e-03 
2.806050e-01 	3.711372e-03 
2.808900e-01 	3.715639e-03 
2.811760e-01 	3.719921e-03 
2.814610e-01 	3.724217e-03 
2.817470e-01 	3.728526e-03 
2.820330e-01 	3.732848e-03 
2.823180e-01 	3.737183e-03 
2.826040e-01 	3.741530e-03 
2.828890e-01 	3.745888e-03 
2.831750e-01 	3.750256e-03 
2.834610e-01 	3.754635e-03 
2.837460e-01 	3.759022e-03 
2.840320e-01 	3.763419e-03 
2.843170e-01 	3.767824e-03 
2.846030e-01 	3.772237e-03 
2.848890e-01 	3.776657e-03 
2.851740e-01 	3.781083e-03 
2.854600e-01 	3.785515e-03 
2.857450e-01 	3.789953e-03 
2.860310e-01 	3.794395e-03 
2.863170e-01 	3.798841e-03 
2.866020e-01 	3.803291e-03 
2.868880e-01 	3.807744e-03 
2.871730e-01 	3.812199e-03 
2.874590e-01 	3.816656e-03 
2.877450e-01 	3.821114e-03 
2.880300e-01 	3.825573e-03 
2.883160e-01 	3.830032e-03 
2.886010e-01 	3.834491e-03 
2.888870e-01 	3.838948e-03 
2.891730e-01 	3.843404e-03 
2.894580e-01 	3.847857e-03 
2.897440e-01 	3.852308e-03 
2.900290e-01 	3.856755e-03 
2.903150e-01 	3.861198e-03 
2.906010e-01 	3.865636e-03 
2.908860e-01 	3.870069e-03 
2.911720e-01 	3.874496e-03 
2.914570e-01 	3.878916e-03 
2.917430e-01 	3.883330e-03 
2.920290e-01 	3.887735e-03 
2.923140e-01 	3.892132e-03 
2.926000e-01 	3.896519e-03 
2.928850e-01 	3.900897e-03 
2.931710e-01 	3.905265e-03 
2.934570e-01 	3.909621e-03 
2.937420e-01 	3.913967e-03 
2.940280e-01 	3.918300e-03 
2.943130e-01 	3.922620e-03 
2.945990e-01 	3.926927e-03 
2.948850e-01 	3.931220e-03 
2.951700e-01 	3.935499e-03 
2.954560e-01 	3.939762e-03 
2.957410e-01 	3.944010e-03 
2.960270e-01 	3.948242e-03 
2.963130e-01 	3.952457e-03 
2.965980e-01 	3.956655e-03 
2.968840e-01 	3.960835e-03 
2.971690e-01 	3.964996e-03 
2.974550e-01 	3.969139e-03 
2.977410e-01 	3.973261e-03 
2.980260e-01 	3.977364e-03 
2.983120e-01 	3.981445e-03 
2.985970e-01 	3.985506e-03 
2.988830e-01 	3.989544e-03 
2.991690e-01 	3.993559e-03 
2.994540e-01 	3.997552e-03 
2.997400e-01 	4.001521e-03 
3.000250e-01 	4.005465e-03 
3.003110e-01 	4.009385e-03 
3.005970e-01 	4.013279e-03 
3.008820e-01 	4.017147e-03 
3.011680e-01 	4.020989e-03 
3.014530e-01 	4.024804e-03 
3.017390e-01 	4.028591e-03 
3.020250e-01 	4.032350e-03 
3.023100e-01 	4.036080e-03 
3.025960e-01 	4.039781e-03 
3.028820e-01 	4.043452e-03 
3.031670e-01 	4.047092e-03 
3.034530e-01 	4.050701e-03 
3.037380e-01 	4.054279e-03 
3.040240e-01 	4.057824e-03 
3.043100e-01 	4.061336e-03 
3.045950e-01 	4.064815e-03 
3.048810e-01 	4.068260e-03 
3.051660e-01 	4.071670e-03 
3.054520e-01 	4.075045e-03 
3.057380e-01 	4.078384e-03 
3.060230e-01 	4.081687e-03 
3.063090e-01 	4.084953e-03 
3.065940e-01 	4.088182e-03 
3.068800e-01 	4.091373e-03 
3.071660e-01 	4.094526e-03 
3.074510e-01 	4.097639e-03 
3.077370e-01 	4.100713e-03 
3.080220e-01 	4.103747e-03 
3.083080e-01 	4.106741e-03 
3.085940e-01 	4.109693e-03 
3.088790e-01 	4.112604e-03 
3.091650e-01 	4.115473e-03 
3.094500e-01 	4.118299e-03 
3.097360e-01 	4.121082e-03 
3.100220e-01 	4.123821e-03 
3.103070e-01 	4.126516e-03 
3.105930e-01 	4.129167e-03 
3.108780e-01 	4.131772e-03 
3.111640e-01 	4.134332e-03 
3.114500e-01 	4.136847e-03 
3.117350e-01 	4.139314e-03 
3.120210e-01 	4.141735e-03 
3.123060e-01 	4.144109e-03 
3.125920e-01 	4.146436e-03 
3.128780e-01 	4.148715e-03 
3.131630e-01 	4.150945e-03 
3.134490e-01 	4.153127e-03 
3.137340e-01 	4.155259e-03 
3.140200e-01 	4.157343e-03 
3.143060e-01 	4.159376e-03 
3.145910e-01 	4.161360e-03 
3.148770e-01 	4.163294e-03 
3.151620e-01 	4.165176e-03 
3.154480e-01 	4.167008e-03 
3.157340e-01 	4.168789e-03 
3.160190e-01 	4.170518e-03 
3.163050e-01 	4.172196e-03 
3.165900e-01 	4.173821e-03 
3.168760e-01 	4.175394e-03 
3.171620e-01 	4.176914e-03 
3.174470e-01 	4.178381e-03 
3.177330e-01 	4.179795e-03 
3.180180e-01 	4.181156e-03 
3.183040e-01 	4.182463e-03 
3.185900e-01 	4.183717e-03 
3.188750e-01 	4.184916e-03 
3.191610e-01 	4.186060e-03 
3.194460e-01 	4.187150e-03 
3.197320e-01 	4.188186e-03 
3.200180e-01 	4.189166e-03 
3.203030e-01 	4.190091e-03 
3.205890e-01 	4.190960e-03 
3.208740e-01 	4.191774e-03 
3.211600e-01 	4.192532e-03 
3.214460e-01 	4.193233e-03 
3.217310e-01 	4.193879e-03 
3.220170e-01 	4.194467e-03 
3.223020e-01 	4.194999e-03 
3.225880e-01 	4.195474e-03 
3.228740e-01 	4.195891e-03 
3.231590e-01 	4.196250e-03 
3.234450e-01 	4.196551e-03 
3.237300e-01 	4.196794e-03 
3.240160e-01 	4.196979e-03 
3.243020e-01 	4.197104e-03 
3.245870e-01 	4.197170e-03 
3.248730e-01 	4.197176e-03 
3.251590e-01 	4.197121e-03 
3.254440e-01 	4.197006e-03 
3.257300e-01 	4.196830e-03 
3.260150e-01 	4.196592e-03 
3.263010e-01 	4.196291e-03 
3.265870e-01 	4.195929e-03 
3.268720e-01 	4.195502e-03 
3.271580e-01 	4.195013e-03 
3.274430e-01 	4.194459e-03 
3.277290e-01 	4.193840e-03 
3.280150e-01 	4.193156e-03 
3.283000e-01 	4.192407e-03 
3.285860e-01 	4.191591e-03 
3.288710e-01 	4.190708e-03 
3.291570e-01 	4.189757e-03 
3.294430e-01 	4.188738e-03 
3.297280e-01 	4.187651e-03 
3.300140e-01 	4.186495e-03 
3.302990e-01 	4.185269e-03 
3.305850e-01 	4.183973e-03 
3.308710e-01 	4.182605e-03 
3.311560e-01 	4.181166e-03 
3.314420e-01 	4.179655e-03 
3.317270e-01 	4.178072e-03 
3.320130e-01 	4.176415e-03 
3.322990e-01 	4.174684e-03 
3.325840e-01 	4.172879e-03 
3.328700e-01 	4.170999e-03 
3.331550e-01 	4.169043e-03 
3.334410e-01 	4.167011e-03 
3.337270e-01 	4.164902e-03 
3.340120e-01 	4.162716e-03 
3.342980e-01 	4.160451e-03 
3.345830e-01 	4.158108e-03 
3.348690e-01 	4.155686e-03 
3.351550e-01 	4.153184e-03 
3.354400e-01 	4.150602e-03 
3.357260e-01 	4.147939e-03 
3.360110e-01 	4.145195e-03 
3.362970e-01 	4.142370e-03 
3.365830e-01 	4.139463e-03 
3.368680e-01 	4.136476e-03 
3.371540e-01 	4.133409e-03 
3.374390e-01 	4.130262e-03 
3.377250e-01 	4.127037e-03 
3.380110e-01 	4.123734e-03 
3.382960e-01 	4.120356e-03 
3.385820e-01 	4.116904e-03 
3.388670e-01 	4.113378e-03 
3.391530e-01 	4.109782e-03 
3.394390e-01 	4.106117e-03 
3.397240e-01 	4.102384e-03 
3.400100e-01 	4.098586e-03 
3.402950e-01 	4.094725e-03 
3.405810e-01 	4.090801e-03 
3.408670e-01 	4.086819e-03 
3.411520e-01 	4.082778e-03 
3.414380e-01 	4.078682e-03 
3.417230e-01 	4.074532e-03 
3.420090e-01 	4.070330e-03 
3.422950e-01 	4.066079e-03 
3.425800e-01 	4.061780e-03 
3.428660e-01 	4.057435e-03 
3.431510e-01 	4.053046e-03 
3.434370e-01 	4.048615e-03 
3.437230e-01 	4.044144e-03 
3.440080e-01 	4.039635e-03 
3.442940e-01 	4.035091e-03 
3.445790e-01 	4.030512e-03 
3.448650e-01 	4.025902e-03 
3.451510e-01 	4.021261e-03 
3.454360e-01 	4.016593e-03 
3.457220e-01 	4.011898e-03 
3.460070e-01 	4.007180e-03 
3.462930e-01 	4.002439e-03 
3.465790e-01 	3.997678e-03 
3.468640e-01 	3.992899e-03 
3.471500e-01 	3.988104e-03 
3.474360e-01 	3.983295e-03 
3.477210e-01 	3.978474e-03 
3.480070e-01 	3.973642e-03 
3.482920e-01 	3.968802e-03 
3.485780e-01 	3.963956e-03 
3.488640e-01 	3.959106e-03 
3.491490e-01 	3.954253e-03 
