#q 	 Ifit_avg 
7.110000e-03 	1.000000e+00 
7.880000e-03 	9.969409e-01 
8.650000e-03 	9.938731e-01 
9.420000e-03 	9.907877e-01 
1.019000e-02 	9.876757e-01 
1.095000e-02 	9.845692e-01 
1.172000e-02 	9.813777e-01 
1.249000e-02 	9.781328e-01 
1.326000e-02 	9.748254e-01 
1.403000e-02 	9.714467e-01 
1.480000e-02 	9.679876e-01 
1.557000e-02 	9.644392e-01 
1.634000e-02 	9.607925e-01 
1.710000e-02 	9.570880e-01 
1.787000e-02 	9.532192e-01 
1.864000e-02 	9.492254e-01 
1.941000e-02 	9.450976e-01 
2.018000e-02 	9.408271e-01 
2.095000e-02 	9.364055e-01 
2.172000e-02 	9.318249e-01 
2.249000e-02 	9.270780e-01 
2.325000e-02 	9.222235e-01 
2.402000e-02 	9.171292e-01 
2.479000e-02 	9.118562e-01 
2.556000e-02 	9.064038e-01 
2.633000e-02 	9.007747e-01 
2.710000e-02 	8.949759e-01 
2.787000e-02 	8.890147e-01 
2.864000e-02 	8.828981e-01 
2.940000e-02 	8.767157e-01 
3.017000e-02 	8.703119e-01 
3.094000e-02 	8.637742e-01 
3.171000e-02 	8.571097e-01 
3.248000e-02 	8.503255e-01 
3.325000e-02 	8.434286e-01 
3.402000e-02 	8.364260e-01 
3.479000e-02 	8.293244e-01 
3.555000e-02 	8.222245e-01 
3.632000e-02 	8.149463e-01 
3.709000e-02 	8.075890e-01 
3.786000e-02 	8.001587e-01 
3.863000e-02 	7.926617e-01 
3.940000e-02 	7.851042e-01 
4.017000e-02 	7.774919e-01 
4.094000e-02 	7.698295e-01 
4.170000e-02 	7.622223e-01 
4.247000e-02 	7.544747e-01 
4.324000e-02 	7.466915e-01 
4.401000e-02 	7.388772e-01 
4.478000e-02 	7.310350e-01 
4.555000e-02 	7.231678e-01 
4.632000e-02 	7.152784e-01 
4.709000e-02 	7.073696e-01 
4.785000e-02 	6.995473e-01 
4.862000e-02 	6.916082e-01 
4.939000e-02 	6.836580e-01 
5.016000e-02 	6.756994e-01 
5.093000e-02 	6.677351e-01 
5.170000e-02 	6.597676e-01 
5.247000e-02 	6.517996e-01 
5.324000e-02 	6.438337e-01 
5.400000e-02 	6.359756e-01 
5.477000e-02 	6.280213e-01 
5.554000e-02 	6.200766e-01 
5.631000e-02 	6.121440e-01 
5.708000e-02 	6.042258e-01 
5.785000e-02 	5.963242e-01 
5.862000e-02 	5.884417e-01 
5.938000e-02 	5.806824e-01 
6.015000e-02 	5.728443e-01 
6.092000e-02 	5.650321e-01 
6.169000e-02 	5.572478e-01 
6.246000e-02 	5.494937e-01 
6.323000e-02 	5.417720e-01 
6.400000e-02 	5.340849e-01 
6.477000e-02 	5.264346e-01 
6.553000e-02 	5.189219e-01 
6.630000e-02 	5.113509e-01 
6.707000e-02 	5.038227e-01 
6.784000e-02 	4.963392e-01 
6.861000e-02 	4.889026e-01 
6.938000e-02 	4.815147e-01 
7.015000e-02 	4.741776e-01 
7.091000e-02 	4.669874e-01 
7.168000e-02 	4.597570e-01 
7.245000e-02 	4.525825e-01 
7.322000e-02 	4.454654e-01 
7.399000e-02 	4.384070e-01 
7.476000e-02 	4.314084e-01 
7.553000e-02 	4.244711e-01 
7.630000e-02 	4.175962e-01 
7.706000e-02 	4.108732e-01 
7.783000e-02 	4.041264e-01 
7.860000e-02 	3.974460e-01 
7.937000e-02 	3.908332e-01 
8.014000e-02 	3.842893e-01 
8.110000e-02 	3.762280e-01 
8.206000e-02 	3.682753e-01 
8.283000e-02 	3.619754e-01 
8.360000e-02 	3.557462e-01 
8.437000e-02 	3.495879e-01 
8.514000e-02 	3.435008e-01 
8.610000e-02 	3.360120e-01 
8.706000e-02 	3.286353e-01 
8.783000e-02 	3.227999e-01 
8.859000e-02 	3.171114e-01 
8.955000e-02 	3.100270e-01 
9.052000e-02 	3.029834e-01 
9.128000e-02 	2.975452e-01 
9.224000e-02 	2.907772e-01 
9.321000e-02 	2.840536e-01 
9.417000e-02 	2.775131e-01 
9.513000e-02 	2.710861e-01 
9.609000e-02 	2.647727e-01 
9.705000e-02 	2.585732e-01 
9.801000e-02 	2.524879e-01 
9.897000e-02 	2.465164e-01 
9.993000e-02 	2.406578e-01 
1.010800e-01 	2.337870e-01 
1.020400e-01 	2.281731e-01 
1.030100e-01 	2.226123e-01 
1.041600e-01 	2.161632e-01 
1.051200e-01 	2.108978e-01 
1.060800e-01 	2.057386e-01 
1.072300e-01 	1.996967e-01 
1.083900e-01 	1.937533e-01 
1.093500e-01 	1.889479e-01 
1.103100e-01 	1.842444e-01 
1.114600e-01 	1.787425e-01 
1.126100e-01 	1.733836e-01 
1.137700e-01 	1.681214e-01 
1.149200e-01 	1.630450e-01 
1.160700e-01 	1.581068e-01 
1.172200e-01 	1.533047e-01 
1.183800e-01 	1.485958e-01 
1.195300e-01 	1.440582e-01 
1.206800e-01 	1.396483e-01 
1.220300e-01 	1.346307e-01 
1.233700e-01 	1.298166e-01 
1.245300e-01 	1.257802e-01 
1.256800e-01 	1.218960e-01 
1.270200e-01 	1.175143e-01 
1.283700e-01 	1.132530e-01 
1.295200e-01 	1.097413e-01 
1.308700e-01 	1.057542e-01 
1.322100e-01 	1.019375e-01 
1.333600e-01 	9.877082e-02 
1.347100e-01 	9.517834e-02 
1.360500e-01 	9.174203e-02 
1.374000e-01 	8.840694e-02 
1.389300e-01 	8.477662e-02 
1.402800e-01 	8.170126e-02 
1.416200e-01 	7.876353e-02 
1.431600e-01 	7.552409e-02 
1.445100e-01 	7.280060e-02 
1.458500e-01 	7.020100e-02 
1.473900e-01 	6.733646e-02 
1.489200e-01 	6.461581e-02 
1.504600e-01 	6.199817e-02 
1.520000e-01 	5.949638e-02 
1.535300e-01 	5.712068e-02 
1.550700e-01 	5.483608e-02 
1.566100e-01 	5.265466e-02 
1.581400e-01 	5.058585e-02 
1.596800e-01 	4.859883e-02 
1.612200e-01 	4.670366e-02 
1.627500e-01 	4.490802e-02 
1.644800e-01 	4.297771e-02 
1.662100e-01 	4.114850e-02 
1.677500e-01 	3.960083e-02 
1.694800e-01 	3.794787e-02 
1.712100e-01 	3.638046e-02 
1.729400e-01 	3.489449e-02 
1.746600e-01 	3.349457e-02 
1.763900e-01 	3.216116e-02 
1.781200e-01 	3.089934e-02 
1.798500e-01 	2.970585e-02 
1.817700e-01 	2.845738e-02 
1.835000e-01 	2.739752e-02 
1.852300e-01 	2.639591e-02 
1.871500e-01 	2.534837e-02 
1.890700e-01 	2.436372e-02 
1.909900e-01 	2.343824e-02 
1.929100e-01 	2.256921e-02 
1.948300e-01 	2.175400e-02 
1.967500e-01 	2.099006e-02 
1.986700e-01 	2.027487e-02 
2.005900e-01 	1.960590e-02 
2.027000e-01 	1.892092e-02 
2.048200e-01 	1.828219e-02 
2.067400e-01 	1.774358e-02 
2.088500e-01 	1.719244e-02 
2.109600e-01 	1.668180e-02 
2.130700e-01 	1.620946e-02 
2.151900e-01 	1.577127e-02 
2.173000e-01 	1.536922e-02 
2.196000e-01 	1.496734e-02 
2.217100e-01 	1.462990e-02 
2.238300e-01 	1.431890e-02 
2.261300e-01 	1.401098e-02 
2.284300e-01 	1.373156e-02 
2.307400e-01 	1.347752e-02 
2.330400e-01 	1.324906e-02 
2.353500e-01 	1.304240e-02 
2.376500e-01 	1.285767e-02 
2.401400e-01 	1.267938e-02 
2.426400e-01 	1.252097e-02 
2.449400e-01 	1.239164e-02 
2.474400e-01 	1.226707e-02 
2.499300e-01 	1.215779e-02 
2.524300e-01 	1.206136e-02 
2.549300e-01 	1.197667e-02 
2.574200e-01 	1.190249e-02 
2.601100e-01 	1.183201e-02 
2.626000e-01 	1.177411e-02 
2.651000e-01 	1.172183e-02 
2.679100e-01 	1.166882e-02 
2.704700e-01 	1.162480e-02 
2.731600e-01 	1.158184e-02 
2.758500e-01 	1.154115e-02 
2.787200e-01 	1.149899e-02 
