#q 	 Ifit_avg 
9.561000e-03 	1.000000e+00 
9.952000e-03 	9.982425e-01 
1.034200e-02 	9.964840e-01 
1.073200e-02 	9.947241e-01 
1.112200e-02 	9.929612e-01 
1.151300e-02 	9.911952e-01 
1.190300e-02 	9.894242e-01 
1.229300e-02 	9.876484e-01 
1.268300e-02 	9.858659e-01 
1.307400e-02 	9.840767e-01 
1.346400e-02 	9.822790e-01 
1.385400e-02 	9.804723e-01 
1.424400e-02 	9.786561e-01 
1.463500e-02 	9.768288e-01 
1.502500e-02 	9.749902e-01 
1.541500e-02 	9.731386e-01 
1.580500e-02 	9.712740e-01 
1.619600e-02 	9.693945e-01 
1.658600e-02 	9.675001e-01 
1.697600e-02 	9.655891e-01 
1.736600e-02 	9.636615e-01 
1.775700e-02 	9.617153e-01 
1.814700e-02 	9.597507e-01 
1.853700e-02 	9.577658e-01 
1.892700e-02 	9.557607e-01 
1.931800e-02 	9.537335e-01 
1.970800e-02 	9.516842e-01 
2.009800e-02 	9.496109e-01 
2.048800e-02 	9.475138e-01 
2.087900e-02 	9.453910e-01 
2.126900e-02 	9.432425e-01 
2.165900e-02 	9.410664e-01 
2.204900e-02 	9.388628e-01 
2.244000e-02 	9.366299e-01 
2.283000e-02 	9.343677e-01 
2.322000e-02 	9.320743e-01 
2.361000e-02 	9.297498e-01 
2.400100e-02 	9.273923e-01 
2.439100e-02 	9.250020e-01 
2.478100e-02 	9.225767e-01 
2.517100e-02 	9.201169e-01 
2.556200e-02 	9.176203e-01 
2.595200e-02 	9.150874e-01 
2.634200e-02 	9.125162e-01 
2.673200e-02 	9.099074e-01 
2.712300e-02 	9.072590e-01 
2.751300e-02 	9.045718e-01 
2.790300e-02 	9.018444e-01 
2.829300e-02 	8.990786e-01 
2.868400e-02 	8.962731e-01 
2.907400e-02 	8.934295e-01 
2.946400e-02 	8.905476e-01 
2.985400e-02 	8.876269e-01 
3.024500e-02 	8.846700e-01 
3.063500e-02 	8.816760e-01 
3.102500e-02 	8.786474e-01 
3.141500e-02 	8.755833e-01 
3.180600e-02 	8.724861e-01 
3.219600e-02 	8.693551e-01 
3.258600e-02 	8.661927e-01 
3.297600e-02 	8.629990e-01 
3.336700e-02 	8.597739e-01 
3.375700e-02 	8.565200e-01 
3.414700e-02 	8.532365e-01 
3.453700e-02 	8.499258e-01 
3.492800e-02 	8.465871e-01 
3.531800e-02 	8.432231e-01 
3.570800e-02 	8.398336e-01 
3.609800e-02 	8.364186e-01 
3.648800e-02 	8.329808e-01 
3.687900e-02 	8.295192e-01 
3.726900e-02 	8.260364e-01 
3.765900e-02 	8.225325e-01 
3.804900e-02 	8.190073e-01 
3.844000e-02 	8.154635e-01 
3.883000e-02 	8.119010e-01 
3.922000e-02 	8.083198e-01 
3.961000e-02 	8.047225e-01 
4.000100e-02 	8.011082e-01 
4.039100e-02 	7.974795e-01 
4.078100e-02 	7.938364e-01 
4.117100e-02 	7.901788e-01 
4.156200e-02 	7.865093e-01 
4.195200e-02 	7.828279e-01 
4.234200e-02 	7.791344e-01 
4.273200e-02 	7.754315e-01 
4.312200e-02 	7.717188e-01 
4.351300e-02 	7.679964e-01 
4.390300e-02 	7.642667e-01 
4.429300e-02 	7.605298e-01 
4.468300e-02 	7.567852e-01 
4.507400e-02 	7.530358e-01 
4.546400e-02 	7.492810e-01 
4.585400e-02 	7.455204e-01 
4.624400e-02 	7.417565e-01 
4.663500e-02 	7.379887e-01 
4.702500e-02 	7.342165e-01 
4.741500e-02 	7.304425e-01 
4.780500e-02 	7.266660e-01 
4.819500e-02 	7.228876e-01 
4.858600e-02 	7.191068e-01 
4.897600e-02 	7.153260e-01 
4.936600e-02 	7.115447e-01 
4.975600e-02 	7.077622e-01 
5.014700e-02 	7.039809e-01 
5.053700e-02 	7.002000e-01 
5.092700e-02 	6.964200e-01 
5.131700e-02 	6.926402e-01 
5.170800e-02 	6.888628e-01 
5.209800e-02 	6.850872e-01 
5.248800e-02 	6.813138e-01 
5.287800e-02 	6.775428e-01 
5.326800e-02 	6.737737e-01 
5.365900e-02 	6.700087e-01 
5.404900e-02 	6.662472e-01 
5.443900e-02 	6.624895e-01 
5.482900e-02 	6.587350e-01 
5.521900e-02 	6.549858e-01 
5.561000e-02 	6.512415e-01 
5.600000e-02 	6.475023e-01 
5.639000e-02 	6.437685e-01 
5.678000e-02 	6.400404e-01 
5.717100e-02 	6.363174e-01 
5.756100e-02 	6.326018e-01 
5.795100e-02 	6.288929e-01 
5.834100e-02 	6.251910e-01 
5.873100e-02 	6.214964e-01 
5.912200e-02 	6.178094e-01 
5.951200e-02 	6.141293e-01 
5.990200e-02 	6.104583e-01 
6.029200e-02 	6.067958e-01 
6.068300e-02 	6.031421e-01 
6.107300e-02 	5.994974e-01 
6.146300e-02 	5.958621e-01 
6.185300e-02 	5.922364e-01 
6.224300e-02 	5.886207e-01 
6.263300e-02 	5.850152e-01 
6.302400e-02 	5.814193e-01 
6.341400e-02 	5.778350e-01 
6.380400e-02 	5.742616e-01 
6.419400e-02 	5.706993e-01 
6.458500e-02 	5.671484e-01 
6.497500e-02 	5.636090e-01 
6.536500e-02 	5.600815e-01 
6.575500e-02 	5.565659e-01 
6.614500e-02 	5.530625e-01 
6.653600e-02 	5.495716e-01 
6.692600e-02 	5.460933e-01 
6.731600e-02 	5.426279e-01 
6.770600e-02 	5.391756e-01 
6.809600e-02 	5.357366e-01 
6.848700e-02 	5.323111e-01 
6.887700e-02 	5.288994e-01 
6.926700e-02 	5.255016e-01 
6.965700e-02 	5.221179e-01 
7.004700e-02 	5.187486e-01 
7.043800e-02 	5.153938e-01 
7.082800e-02 	5.120537e-01 
7.121800e-02 	5.087285e-01 
7.160800e-02 	5.054184e-01 
7.199800e-02 	5.021236e-01 
7.238900e-02 	4.988442e-01 
7.277900e-02 	4.955806e-01 
7.316900e-02 	4.923328e-01 
7.355900e-02 	4.891012e-01 
7.394900e-02 	4.858857e-01 
7.434000e-02 	4.826874e-01 
7.473000e-02 	4.795049e-01 
7.512000e-02 	4.763390e-01 
7.551000e-02 	4.731900e-01 
7.590000e-02 	4.700580e-01 
7.629000e-02 	4.669432e-01 
7.668100e-02 	4.638456e-01 
7.707100e-02 	4.607656e-01 
7.746100e-02 	4.577039e-01 
7.785100e-02 	4.546592e-01 
7.824100e-02 	4.516325e-01 
7.863200e-02 	4.486238e-01 
7.902200e-02 	4.456334e-01 
7.941200e-02 	4.426614e-01 
7.980200e-02 	4.397086e-01 
8.019200e-02 	4.367738e-01 
8.058300e-02 	4.338578e-01 
8.097300e-02 	4.309605e-01 
8.136300e-02 	4.280820e-01 
8.175300e-02 	4.252230e-01 
8.214300e-02 	4.223821e-01 
8.253300e-02 	4.195601e-01 
8.292400e-02 	4.167569e-01 
8.331400e-02 	4.139732e-01 
8.370400e-02 	4.112077e-01 
8.409400e-02 	4.084611e-01 
8.448400e-02 	4.057341e-01 
8.487400e-02 	4.030253e-01 
8.526500e-02 	4.003355e-01 
8.565500e-02 	3.976646e-01 
8.604500e-02 	3.950134e-01 
8.643500e-02 	3.923805e-01 
8.682500e-02 	3.897666e-01 
8.721500e-02 	3.871724e-01 
8.760600e-02 	3.845965e-01 
8.799600e-02 	3.820397e-01 
8.838600e-02 	3.795026e-01 
8.877600e-02 	3.769839e-01 
8.916600e-02 	3.744848e-01 
8.955600e-02 	3.720040e-01 
8.994700e-02 	3.695420e-01 
9.033700e-02 	3.670994e-01 
9.072700e-02 	3.646749e-01 
9.111700e-02 	3.622696e-01 
9.150700e-02 	3.598822e-01 
9.189700e-02 	3.575139e-01 
9.228700e-02 	3.551634e-01 
9.267800e-02 	3.528313e-01 
9.306800e-02 	3.505180e-01 
9.345800e-02 	3.482223e-01 
9.384800e-02 	3.459452e-01 
9.423800e-02 	3.436857e-01 
9.462800e-02 	3.414447e-01 
9.501900e-02 	3.392210e-01 
9.540900e-02 	3.370157e-01 
9.579900e-02 	3.348276e-01 
9.618900e-02 	3.326578e-01 
9.657900e-02 	3.305050e-01 
9.696900e-02 	3.283702e-01 
9.735900e-02 	3.262530e-01 
9.775000e-02 	3.241526e-01 
9.814000e-02 	3.220700e-01 
9.853000e-02 	3.200041e-01 
9.892000e-02 	3.179557e-01 
9.931000e-02 	3.159243e-01 
9.970000e-02 	3.139092e-01 
1.000900e-01 	3.119133e-01 
1.004810e-01 	3.099274e-01 
1.008710e-01 	3.079631e-01 
1.012610e-01 	3.060150e-01 
1.016510e-01 	3.040832e-01 
1.020410e-01 	3.021675e-01 
1.024310e-01 	3.002677e-01 
1.028210e-01 	2.983837e-01 
1.032110e-01 	2.965155e-01 
1.036020e-01 	2.946581e-01 
1.039920e-01 	2.928210e-01 
1.043820e-01 	2.909993e-01 
1.047720e-01 	2.891928e-01 
1.051620e-01 	2.874014e-01 
1.055520e-01 	2.856250e-01 
1.059420e-01 	2.838635e-01 
1.063320e-01 	2.821168e-01 
1.067230e-01 	2.803803e-01 
1.071130e-01 	2.786629e-01 
1.075030e-01 	2.769599e-01 
1.078930e-01 	2.752713e-01 
1.082830e-01 	2.735969e-01 
1.086730e-01 	2.719367e-01 
1.090630e-01 	2.702903e-01 
1.094530e-01 	2.686577e-01 
1.098440e-01 	2.670347e-01 
1.102340e-01 	2.654292e-01 
1.106240e-01 	2.638372e-01 
1.110140e-01 	2.622583e-01 
1.114040e-01 	2.606924e-01 
1.117940e-01 	2.591394e-01 
1.121840e-01 	2.575992e-01 
1.125740e-01 	2.560715e-01 
1.129640e-01 	2.545563e-01 
1.133550e-01 	2.530495e-01 
1.137450e-01 	2.515588e-01 
1.141350e-01 	2.500800e-01 
1.145250e-01 	2.486130e-01 
1.149150e-01 	2.471577e-01 
1.153050e-01 	2.457140e-01 
1.156950e-01 	2.442816e-01 
1.160850e-01 	2.428605e-01 
1.164750e-01 	2.414506e-01 
1.168650e-01 	2.400517e-01 
1.172550e-01 	2.386637e-01 
1.176460e-01 	2.372829e-01 
1.180360e-01 	2.359163e-01 
1.184260e-01 	2.345602e-01 
1.188160e-01 	2.332144e-01 
1.192060e-01 	2.318790e-01 
1.195960e-01 	2.305536e-01 
1.199860e-01 	2.292383e-01 
1.203760e-01 	2.279328e-01 
1.207660e-01 	2.266371e-01 
1.211560e-01 	2.253510e-01 
1.215460e-01 	2.240744e-01 
1.219370e-01 	2.228039e-01 
1.223270e-01 	2.215460e-01 
1.227170e-01 	2.202972e-01 
1.231070e-01 	2.190575e-01 
1.234970e-01 	2.178267e-01 
1.238870e-01 	2.166047e-01 
1.242770e-01 	2.153915e-01 
1.246670e-01 	2.141869e-01 
1.250570e-01 	2.129907e-01 
1.254470e-01 	2.118029e-01 
1.258370e-01 	2.106234e-01 
1.262270e-01 	2.094521e-01 
1.266170e-01 	2.082888e-01 
1.270070e-01 	2.071334e-01 
1.273980e-01 	2.059829e-01 
1.277880e-01 	2.048430e-01 
1.281780e-01 	2.037107e-01 
1.285680e-01 	2.025859e-01 
1.289580e-01 	2.014684e-01 
1.293480e-01 	2.003582e-01 
1.297380e-01 	1.992550e-01 
1.301280e-01 	1.981588e-01 
1.305180e-01 	1.970695e-01 
1.309080e-01 	1.959869e-01 
1.312980e-01 	1.949109e-01 
1.316880e-01 	1.938413e-01 
1.320780e-01 	1.927782e-01 
1.324680e-01 	1.917212e-01 
1.328580e-01 	1.906704e-01 
1.332480e-01 	1.896257e-01 
1.336380e-01 	1.885868e-01 
1.340280e-01 	1.875539e-01 
1.344180e-01 	1.865268e-01 
1.348080e-01 	1.855054e-01 
1.351990e-01 	1.844871e-01 
1.355890e-01 	1.834770e-01 
1.359790e-01 	1.824725e-01 
1.363690e-01 	1.814734e-01 
1.367590e-01 	1.804797e-01 
1.371490e-01 	1.794913e-01 
1.375390e-01 	1.785082e-01 
1.379290e-01 	1.775303e-01 
1.383190e-01 	1.765576e-01 
1.387090e-01 	1.755899e-01 
1.390990e-01 	1.746272e-01 
1.394890e-01 	1.736695e-01 
1.398790e-01 	1.727167e-01 
1.402690e-01 	1.717687e-01 
1.406590e-01 	1.708256e-01 
1.410490e-01 	1.698871e-01 
1.414390e-01 	1.689533e-01 
1.418290e-01 	1.680240e-01 
1.422190e-01 	1.670994e-01 
1.426090e-01 	1.661791e-01 
1.429990e-01 	1.652633e-01 
1.433890e-01 	1.643519e-01 
1.437790e-01 	1.634447e-01 
1.441690e-01 	1.625418e-01 
1.445590e-01 	1.616431e-01 
1.449490e-01 	1.607484e-01 
1.453390e-01 	1.598578e-01 
1.457290e-01 	1.589711e-01 
1.461190e-01 	1.580884e-01 
1.465090e-01 	1.572095e-01 
1.468990e-01 	1.563345e-01 
1.472890e-01 	1.554631e-01 
1.476790e-01 	1.545954e-01 
1.480690e-01 	1.537314e-01 
1.484590e-01 	1.528709e-01 
1.488490e-01 	1.520140e-01 
1.492390e-01 	1.511605e-01 
1.496290e-01 	1.503105e-01 
1.500190e-01 	1.494639e-01 
1.504090e-01 	1.486206e-01 
1.507990e-01 	1.477806e-01 
1.511890e-01 	1.469440e-01 
1.515790e-01 	1.461106e-01 
1.519690e-01 	1.452806e-01 
1.523590e-01 	1.444537e-01 
1.527490e-01 	1.436302e-01 
1.531390e-01 	1.428099e-01 
1.535290e-01 	1.419928e-01 
1.539190e-01 	1.411789e-01 
1.543090e-01 	1.403683e-01 
1.546990e-01 	1.395608e-01 
1.550890e-01 	1.387565e-01 
1.554790e-01 	1.379554e-01 
1.558690e-01 	1.371574e-01 
1.562590e-01 	1.363626e-01 
1.566490e-01 	1.355709e-01 
1.570390e-01 	1.347822e-01 
1.574290e-01 	1.339967e-01 
1.578190e-01 	1.332143e-01 
1.582090e-01 	1.324349e-01 
1.585980e-01 	1.316606e-01 
1.589880e-01 	1.308873e-01 
1.593780e-01 	1.301170e-01 
1.597680e-01 	1.293498e-01 
1.601580e-01 	1.285855e-01 
1.605480e-01 	1.278242e-01 
1.609380e-01 	1.270659e-01 
1.613280e-01 	1.263106e-01 
1.617180e-01 	1.255582e-01 
1.621080e-01 	1.248087e-01 
1.624980e-01 	1.240622e-01 
1.628880e-01 	1.233185e-01 
1.632780e-01 	1.225777e-01 
1.636680e-01 	1.218399e-01 
1.640580e-01 	1.211048e-01 
1.644480e-01 	1.203726e-01 
1.648380e-01 	1.196433e-01 
1.652280e-01 	1.189167e-01 
1.656170e-01 	1.181949e-01 
1.660070e-01 	1.174739e-01 
1.663970e-01 	1.167557e-01 
1.667870e-01 	1.160403e-01 
1.671770e-01 	1.153277e-01 
1.675670e-01 	1.146178e-01 
1.679570e-01 	1.139107e-01 
1.683470e-01 	1.132063e-01 
1.687370e-01 	1.125048e-01 
1.691270e-01 	1.118060e-01 
1.695170e-01 	1.111100e-01 
1.699070e-01 	1.104169e-01 
1.702970e-01 	1.097265e-01 
1.706860e-01 	1.090407e-01 
1.710760e-01 	1.083560e-01 
1.714660e-01 	1.076741e-01 
1.718560e-01 	1.069950e-01 
1.722460e-01 	1.063187e-01 
1.726360e-01 	1.056453e-01 
1.730260e-01 	1.049747e-01 
1.734160e-01 	1.043069e-01 
1.738060e-01 	1.036420e-01 
1.741960e-01 	1.029800e-01 
1.745850e-01 	1.023225e-01 
1.749750e-01 	1.016661e-01 
1.753650e-01 	1.010126e-01 
1.757550e-01 	1.003620e-01 
1.761450e-01 	9.971421e-02 
1.765350e-01 	9.906933e-02 
1.769250e-01 	9.842732e-02 
1.773150e-01 	9.778819e-02 
1.777050e-01 	9.715195e-02 
1.780940e-01 	9.652022e-02 
1.784840e-01 	9.588976e-02 
1.788740e-01 	9.526220e-02 
1.792640e-01 	9.463754e-02 
1.796540e-01 	9.401579e-02 
1.800440e-01 	9.339695e-02 
1.804340e-01 	9.278103e-02 
1.808240e-01 	9.216802e-02 
1.812130e-01 	9.155950e-02 
1.816030e-01 	9.095234e-02 
1.819930e-01 	9.034812e-02 
1.823830e-01 	8.974683e-02 
1.827730e-01 	8.914848e-02 
1.831630e-01 	8.855308e-02 
1.835530e-01 	8.796062e-02 
1.839420e-01 	8.737263e-02 
1.843320e-01 	8.678608e-02 
1.847220e-01 	8.620249e-02 
1.851120e-01 	8.562187e-02 
1.855020e-01 	8.504421e-02 
1.858920e-01 	8.446951e-02 
1.862820e-01 	8.389775e-02 
1.866710e-01 	8.333038e-02 
1.870610e-01 	8.276447e-02 
1.874510e-01 	8.220148e-02 
1.878410e-01 	8.164142e-02 
1.882310e-01 	8.108427e-02 
1.886210e-01 	8.053004e-02 
1.890100e-01 	7.998014e-02 
1.894000e-01 	7.943173e-02 
1.897900e-01 	7.888624e-02 
1.901800e-01 	7.834367e-02 
1.905700e-01 	7.780401e-02 
1.909600e-01 	7.726726e-02 
1.913490e-01 	7.673479e-02 
1.917390e-01 	7.620386e-02 
1.921290e-01 	7.567584e-02 
1.925190e-01 	7.515073e-02 
1.929090e-01 	7.462853e-02 
1.932980e-01 	7.411057e-02 
1.936880e-01 	7.359418e-02 
1.940780e-01 	7.308069e-02 
1.944680e-01 	7.257011e-02 
1.948580e-01 	7.206244e-02 
1.952470e-01 	7.155896e-02 
1.956370e-01 	7.105709e-02 
1.960270e-01 	7.055812e-02 
1.964170e-01 	7.006205e-02 
1.968070e-01 	6.956889e-02 
1.971960e-01 	6.907988e-02 
1.975860e-01 	6.859251e-02 
1.979760e-01 	6.810804e-02 
1.983660e-01 	6.762647e-02 
1.987560e-01 	6.714779e-02 
1.991450e-01 	6.667323e-02 
1.995350e-01 	6.620034e-02 
1.999250e-01 	6.573035e-02 
2.003150e-01 	6.526325e-02 
2.007050e-01 	6.479905e-02 
2.010940e-01 	6.433892e-02 
2.014840e-01 	6.388050e-02 
2.018740e-01 	6.342497e-02 
2.022640e-01 	6.297233e-02 
2.026530e-01 	6.252374e-02 
2.030430e-01 	6.207687e-02 
2.034330e-01 	6.163290e-02 
2.038230e-01 	6.119180e-02 
2.042120e-01 	6.075468e-02 
2.046020e-01 	6.031928e-02 
2.049920e-01 	5.988672e-02 
2.053820e-01 	5.945698e-02 
2.057710e-01 	5.903114e-02 
2.061610e-01 	5.860699e-02 
2.065510e-01 	5.818563e-02 
2.069410e-01 	5.776704e-02 
2.073300e-01 	5.735226e-02 
2.077200e-01 	5.693917e-02 
2.081100e-01 	5.652882e-02 
2.085000e-01 	5.612119e-02 
2.088890e-01 	5.571731e-02 
2.092790e-01 	5.531509e-02 
2.096690e-01 	5.491556e-02 
2.100590e-01 	5.451871e-02 
2.104480e-01 	5.412553e-02 
2.108380e-01 	5.373401e-02 
2.112280e-01 	5.334513e-02 
2.116180e-01 	5.295889e-02 
2.120070e-01 	5.257626e-02 
2.123970e-01 	5.219526e-02 
2.127870e-01 	5.181686e-02 
2.131760e-01 	5.144203e-02 
2.135660e-01 	5.106882e-02 
2.139560e-01 	5.069819e-02 
2.143460e-01 	5.033012e-02 
2.147350e-01 	4.996555e-02 
2.151250e-01 	4.960258e-02 
2.155150e-01 	4.924216e-02 
2.159040e-01 	4.888517e-02 
2.162940e-01 	4.852978e-02 
2.166840e-01 	4.817690e-02 
2.170740e-01 	4.782652e-02 
2.174630e-01 	4.747952e-02 
2.178530e-01 	4.713411e-02 
2.182430e-01 	4.679118e-02 
2.186320e-01 	4.645158e-02 
2.190220e-01 	4.611357e-02 
2.194120e-01 	4.577802e-02 
2.198010e-01 	4.544576e-02 
2.201910e-01 	4.511508e-02 
2.205810e-01 	4.478684e-02 
2.209700e-01 	4.446185e-02 
2.213600e-01 	4.413844e-02 
2.217500e-01 	4.381742e-02 
2.221390e-01 	4.349962e-02 
2.225290e-01 	4.318338e-02 
2.229190e-01 	4.286951e-02 
2.233080e-01 	4.255880e-02 
2.236980e-01 	4.224964e-02 
2.240880e-01 	4.194282e-02 
2.244770e-01 	4.163912e-02 
2.248670e-01 	4.133695e-02 
2.252570e-01 	4.103710e-02 
2.256460e-01 	4.074030e-02 
2.260360e-01 	4.044504e-02 
2.264260e-01 	4.015205e-02 
2.268150e-01 	3.986207e-02 
2.272050e-01 	3.957360e-02 
2.275950e-01 	3.928736e-02 
2.279840e-01 	3.900408e-02 
2.283740e-01 	3.872228e-02 
2.287630e-01 	3.844338e-02 
2.291530e-01 	3.816596e-02 
2.295430e-01 	3.789070e-02 
2.299320e-01 	3.761830e-02 
2.303220e-01 	3.734734e-02 
2.307120e-01 	3.707851e-02 
2.311010e-01 	3.681248e-02 
2.314910e-01 	3.654786e-02 
2.318810e-01 	3.628534e-02 
2.322700e-01 	3.602555e-02 
2.326600e-01 	3.576716e-02 
2.330490e-01 	3.551148e-02 
2.334390e-01 	3.525717e-02 
2.338290e-01 	3.500490e-02 
2.342180e-01 	3.475528e-02 
2.346080e-01 	3.450702e-02 
2.349970e-01 	3.426138e-02 
2.353870e-01 	3.401710e-02 
2.357770e-01 	3.377478e-02 
2.361660e-01 	3.353504e-02 
2.365560e-01 	3.329663e-02 
2.369450e-01 	3.306076e-02 
2.373350e-01 	3.282621e-02 
2.377250e-01 	3.259358e-02 
2.381140e-01 	3.236343e-02 
2.385040e-01 	3.213459e-02 
2.388930e-01 	3.190821e-02 
2.392830e-01 	3.168312e-02 
2.396720e-01 	3.146048e-02 
2.400620e-01 	3.123912e-02 
2.404520e-01 	3.101963e-02 
2.408410e-01 	3.080254e-02 
2.412310e-01 	3.058673e-02 
2.416200e-01 	3.037331e-02 
2.420100e-01 	3.016116e-02 
2.423990e-01 	2.995138e-02 
2.427890e-01 	2.974287e-02 
2.431790e-01 	2.953617e-02 
2.435680e-01 	2.933180e-02 
2.439580e-01 	2.912869e-02 
2.443470e-01 	2.892789e-02 
2.447370e-01 	2.872835e-02 
2.451260e-01 	2.853109e-02 
2.455160e-01 	2.833509e-02 
2.459050e-01 	2.814134e-02 
2.462950e-01 	2.794885e-02 
2.466840e-01 	2.775858e-02 
2.470740e-01 	2.756955e-02 
2.474630e-01 	2.738271e-02 
2.478530e-01 	2.719710e-02 
2.482430e-01 	2.701320e-02 
2.486320e-01 	2.683144e-02 
2.490220e-01 	2.665090e-02 
2.494110e-01 	2.647247e-02 
2.498010e-01 	2.629525e-02 
2.501900e-01 	2.612012e-02 
2.505800e-01 	2.594617e-02 
2.509690e-01 	2.577429e-02 
2.513590e-01 	2.560358e-02 
2.517480e-01 	2.543490e-02 
2.521380e-01 	2.526738e-02 
2.525270e-01 	2.510187e-02 
2.529170e-01 	2.493750e-02 
2.533060e-01 	2.477511e-02 
2.536960e-01 	2.461385e-02 
2.540850e-01 	2.445454e-02 
2.544750e-01 	2.429635e-02 
2.548640e-01 	2.414008e-02 
2.552540e-01 	2.398491e-02 
2.556430e-01 	2.383163e-02 
2.560330e-01 	2.367945e-02 
2.564220e-01 	2.352913e-02 
2.568110e-01 	2.338027e-02 
2.572010e-01 	2.323251e-02 
2.575900e-01 	2.308657e-02 
2.579800e-01 	2.294172e-02 
2.583690e-01 	2.279868e-02 
2.587590e-01 	2.265671e-02 
2.591480e-01 	2.251654e-02 
2.595380e-01 	2.237744e-02 
2.599270e-01 	2.224011e-02 
2.603170e-01 	2.210385e-02 
2.607060e-01 	2.196934e-02 
2.610960e-01 	2.183589e-02 
2.614850e-01 	2.170418e-02 
2.618740e-01 	2.157385e-02 
2.622640e-01 	2.144458e-02 
2.626530e-01 	2.131701e-02 
2.630430e-01 	2.119048e-02 
2.634320e-01 	2.106564e-02 
2.638220e-01 	2.094184e-02 
2.642110e-01 	2.081971e-02 
2.646000e-01 	2.069892e-02 
2.649900e-01 	2.057916e-02 
2.653790e-01 	2.046103e-02 
2.657690e-01 	2.034392e-02 
2.661580e-01 	2.022843e-02 
2.665480e-01 	2.011395e-02 
2.669370e-01 	2.000105e-02 
2.673260e-01 	1.988945e-02 
2.677160e-01 	1.977884e-02 
2.681050e-01 	1.966979e-02 
2.684950e-01 	1.956172e-02 
2.688840e-01 	1.945519e-02 
2.692730e-01 	1.934991e-02 
2.696630e-01 	1.924559e-02 
2.700520e-01 	1.914278e-02 
2.704420e-01 	1.904093e-02 
2.708310e-01 	1.894056e-02 
2.712200e-01 	1.884139e-02 
2.716100e-01 	1.874317e-02 
2.719990e-01 	1.864640e-02 
2.723880e-01 	1.855081e-02 
2.727780e-01 	1.845615e-02 
2.731670e-01 	1.836290e-02 
2.735570e-01 	1.827058e-02 
2.739460e-01 	1.817964e-02 
2.743350e-01 	1.808985e-02 
2.747250e-01 	1.800097e-02 
2.751140e-01 	1.791344e-02 
2.755030e-01 	1.782704e-02 
2.758930e-01 	1.774154e-02 
2.762820e-01 	1.765736e-02 
2.766710e-01 	1.757428e-02 
2.770610e-01 	1.749209e-02 
2.774500e-01 	1.741119e-02 
2.778390e-01 	1.733137e-02 
2.782290e-01 	1.725242e-02 
2.786180e-01 	1.717473e-02 
2.790080e-01 	1.709790e-02 
2.793970e-01 	1.702232e-02 
2.797860e-01 	1.694778e-02 
2.801750e-01 	1.687427e-02 
2.805650e-01 	1.680160e-02 
2.809540e-01 	1.673014e-02 
2.813430e-01 	1.665968e-02 
2.817330e-01 	1.659005e-02 
2.821220e-01 	1.652159e-02 
2.825110e-01 	1.645411e-02 
2.829010e-01 	1.638744e-02 
2.832900e-01 	1.632191e-02 
2.836790e-01 	1.625734e-02 
2.840690e-01 	1.619356e-02 
2.844580e-01 	1.613089e-02 
2.848470e-01 	1.606916e-02 
2.852360e-01 	1.600836e-02 
2.856260e-01 	1.594833e-02 
2.860150e-01 	1.588937e-02 
2.864040e-01 	1.583131e-02 
2.867940e-01 	1.577402e-02 
2.871830e-01 	1.571776e-02 
2.875720e-01 	1.566240e-02 
2.879610e-01 	1.560791e-02 
2.883510e-01 	1.555417e-02 
2.887400e-01 	1.550143e-02 
2.891290e-01 	1.544955e-02 
2.895190e-01 	1.539839e-02 
2.899080e-01 	1.534822e-02 
2.902970e-01 	1.529888e-02 
2.906860e-01 	1.525038e-02 
2.910760e-01 	1.520258e-02 
2.914650e-01 	1.515572e-02 
2.918540e-01 	1.510968e-02 
2.922430e-01 	1.506444e-02 
2.926330e-01 	1.501988e-02 
2.930220e-01 	1.497622e-02 
2.934110e-01 	1.493333e-02 
2.938000e-01 	1.489122e-02 
2.941890e-01 	1.484987e-02 
2.945790e-01 	1.480917e-02 
2.949680e-01 	1.476933e-02 
2.953570e-01 	1.473022e-02 
2.957460e-01 	1.469184e-02 
2.961360e-01 	1.465408e-02 
2.965250e-01 	1.461714e-02 
2.969140e-01 	1.458090e-02 
2.973030e-01 	1.454536e-02 
2.976920e-01 	1.451052e-02 
2.980820e-01 	1.447627e-02 
2.984710e-01 	1.444278e-02 
2.988600e-01 	1.440996e-02 
2.992490e-01 	1.437781e-02 
2.996380e-01 	1.434630e-02 
3.000280e-01 	1.431537e-02 
3.004170e-01 	1.428515e-02 
3.008060e-01 	1.425556e-02 
3.011950e-01 	1.422660e-02 
3.015840e-01 	1.419825e-02 
3.019730e-01 	1.417051e-02 
3.023630e-01 	1.414330e-02 
3.027520e-01 	1.411675e-02 
3.031410e-01 	1.409078e-02 
3.035300e-01 	1.406540e-02 
3.039190e-01 	1.404058e-02 
3.043080e-01 	1.401632e-02 
3.046980e-01 	1.399255e-02 
3.050870e-01 	1.396940e-02 
3.054760e-01 	1.394678e-02 
3.058650e-01 	1.392470e-02 
3.062540e-01 	1.390315e-02 
3.066430e-01 	1.388213e-02 
3.070330e-01 	1.386157e-02 
3.074220e-01 	1.384157e-02 
3.078110e-01 	1.382208e-02 
3.082000e-01 	1.380310e-02 
3.085890e-01 	1.378460e-02 
3.089780e-01 	1.376660e-02 
3.093670e-01 	1.374907e-02 
3.097560e-01 	1.373203e-02 
3.101460e-01 	1.371541e-02 
3.105350e-01 	1.369929e-02 
3.109240e-01 	1.368363e-02 
3.113130e-01 	1.366843e-02 
3.117020e-01 	1.365366e-02 
3.120910e-01 	1.363934e-02 
3.124800e-01 	1.362545e-02 
3.128690e-01 	1.361198e-02 
3.132580e-01 	1.359893e-02 
3.136470e-01 	1.358631e-02 
3.140370e-01 	1.357406e-02 
3.144260e-01 	1.356224e-02 
3.148150e-01 	1.355083e-02 
3.152040e-01 	1.353982e-02 
3.155930e-01 	1.352919e-02 
3.159820e-01 	1.351895e-02 
3.163710e-01 	1.350908e-02 
3.167600e-01 	1.349959e-02 
3.171490e-01 	1.349047e-02 
3.175380e-01 	1.348171e-02 
3.179270e-01 	1.347330e-02 
3.183160e-01 	1.346525e-02 
3.187050e-01 	1.345755e-02 
3.190940e-01 	1.345019e-02 
3.194830e-01 	1.344316e-02 
3.198720e-01 	1.343647e-02 
3.202620e-01 	1.343008e-02 
3.206510e-01 	1.342403e-02 
3.210400e-01 	1.341830e-02 
3.214290e-01 	1.341287e-02 
3.218180e-01 	1.340775e-02 
3.222070e-01 	1.340293e-02 
3.225960e-01 	1.339840e-02 
3.229850e-01 	1.339416e-02 
3.233740e-01 	1.339020e-02 
3.237630e-01 	1.338652e-02 
3.241520e-01 	1.338311e-02 
3.245410e-01 	1.337996e-02 
3.249300e-01 	1.337707e-02 
3.253190e-01 	1.337444e-02 
3.257080e-01 	1.337205e-02 
3.260970e-01 	1.336990e-02 
3.264860e-01 	1.336799e-02 
3.268750e-01 	1.336631e-02 
3.272640e-01 	1.336485e-02 
3.276530e-01 	1.336361e-02 
3.280420e-01 	1.336258e-02 
3.284310e-01 	1.336176e-02 
3.288200e-01 	1.336115e-02 
3.292090e-01 	1.336073e-02 
3.295980e-01 	1.336051e-02 
3.299870e-01 	1.336047e-02 
3.303760e-01 	1.336062e-02 
3.307650e-01 	1.336095e-02 
3.311530e-01 	1.336144e-02 
3.315420e-01 	1.336210e-02 
3.319310e-01 	1.336293e-02 
3.323200e-01 	1.336391e-02 
3.327090e-01 	1.336504e-02 
3.330980e-01 	1.336632e-02 
3.334870e-01 	1.336774e-02 
3.338760e-01 	1.336930e-02 
3.342650e-01 	1.337099e-02 
3.346540e-01 	1.337280e-02 
3.350430e-01 	1.337473e-02 
3.354320e-01 	1.337677e-02 
3.358210e-01 	1.337893e-02 
3.362100e-01 	1.338119e-02 
3.365990e-01 	1.338354e-02 
3.369870e-01 	1.338599e-02 
3.373760e-01 	1.338853e-02 
3.377650e-01 	1.339115e-02 
3.381540e-01 	1.339385e-02 
3.385430e-01 	1.339663e-02 
3.389320e-01 	1.339947e-02 
3.393210e-01 	1.340237e-02 
3.397100e-01 	1.340533e-02 
3.400990e-01 	1.340834e-02 
3.404870e-01 	1.341139e-02 
3.408760e-01 	1.341449e-02 
3.412650e-01 	1.341763e-02 
3.416540e-01 	1.342079e-02 
3.420430e-01 	1.342398e-02 
3.424320e-01 	1.342719e-02 
3.428210e-01 	1.343041e-02 
3.432100e-01 	1.343365e-02 
3.435980e-01 	1.343688e-02 
