#q 	 Ifit_avg 
5.698000e-03 	1.000000e+00 
5.998000e-03 	9.987763e-01 
6.298000e-03 	9.975518e-01 
6.598000e-03 	9.963257e-01 
6.897000e-03 	9.950973e-01 
7.197000e-03 	9.938658e-01 
7.497000e-03 	9.926303e-01 
7.797000e-03 	9.913905e-01 
8.097000e-03 	9.901448e-01 
8.397000e-03 	9.888927e-01 
8.697000e-03 	9.876335e-01 
8.997000e-03 	9.863664e-01 
9.297000e-03 	9.850905e-01 
9.597000e-03 	9.838052e-01 
9.896000e-03 	9.825095e-01 
1.019600e-02 	9.812041e-01 
1.049600e-02 	9.798850e-01 
1.079600e-02 	9.785531e-01 
1.109600e-02 	9.772078e-01 
1.139600e-02 	9.758482e-01 
1.169600e-02 	9.744735e-01 
1.199600e-02 	9.730829e-01 
1.229500e-02 	9.716803e-01 
1.259500e-02 	9.702555e-01 
1.289500e-02 	9.688125e-01 
1.319500e-02 	9.673503e-01 
1.349500e-02 	9.658683e-01 
1.379500e-02 	9.643656e-01 
1.409500e-02 	9.628415e-01 
1.439500e-02 	9.612950e-01 
1.469500e-02 	9.597255e-01 
1.499400e-02 	9.581375e-01 
1.529400e-02 	9.565195e-01 
1.559400e-02 	9.548761e-01 
1.589400e-02 	9.532064e-01 
1.619400e-02 	9.515096e-01 
1.649400e-02 	9.497850e-01 
1.679400e-02 	9.480318e-01 
1.709400e-02 	9.462491e-01 
1.739400e-02 	9.444361e-01 
1.769300e-02 	9.425983e-01 
1.799300e-02 	9.407226e-01 
1.829300e-02 	9.388142e-01 
1.859300e-02 	9.368724e-01 
1.889300e-02 	9.348964e-01 
1.919300e-02 	9.328854e-01 
1.949300e-02 	9.308386e-01 
1.979300e-02 	9.287553e-01 
2.009300e-02 	9.266349e-01 
2.039200e-02 	9.244841e-01 
2.069200e-02 	9.222879e-01 
2.099200e-02 	9.200536e-01 
2.129200e-02 	9.177816e-01 
2.159200e-02 	9.154726e-01 
2.189200e-02 	9.131269e-01 
2.219200e-02 	9.107452e-01 
2.249200e-02 	9.083281e-01 
2.279200e-02 	9.058759e-01 
2.309100e-02 	9.033977e-01 
2.339100e-02 	9.008775e-01 
2.369100e-02 	8.983239e-01 
2.399100e-02 	8.957376e-01 
2.429100e-02 	8.931190e-01 
2.459100e-02 	8.904689e-01 
2.489100e-02 	8.877876e-01 
2.519100e-02 	8.850758e-01 
2.549100e-02 	8.823341e-01 
2.579000e-02 	8.795721e-01 
2.609000e-02 	8.767721e-01 
2.639000e-02 	8.739438e-01 
2.669000e-02 	8.710877e-01 
2.699000e-02 	8.682043e-01 
2.729000e-02 	8.652943e-01 
2.759000e-02 	8.623581e-01 
2.789000e-02 	8.593964e-01 
2.818900e-02 	8.564196e-01 
2.848900e-02 	8.534084e-01 
2.878900e-02 	8.503733e-01 
2.908900e-02 	8.473149e-01 
2.938900e-02 	8.442336e-01 
2.968900e-02 	8.411300e-01 
2.998900e-02 	8.380048e-01 
3.028900e-02 	8.348583e-01 
3.058900e-02 	8.316913e-01 
3.088800e-02 	8.285148e-01 
3.118800e-02 	8.253083e-01 
3.148800e-02 	8.220827e-01 
3.178800e-02 	8.188388e-01 
3.208800e-02 	8.155770e-01 
3.238800e-02 	8.122978e-01 
3.268800e-02 	8.090019e-01 
3.298800e-02 	8.056897e-01 
3.328700e-02 	8.023730e-01 
3.358700e-02 	7.990300e-01 
3.388700e-02 	7.956724e-01 
3.418700e-02 	7.923006e-01 
3.448700e-02 	7.889152e-01 
3.478700e-02 	7.855165e-01 
3.508700e-02 	7.821052e-01 
3.538700e-02 	7.786818e-01 
3.568600e-02 	7.752580e-01 
3.598600e-02 	7.718114e-01 
3.628600e-02 	7.683534e-01 
3.658600e-02 	7.648845e-01 
3.688600e-02 	7.614049e-01 
3.718600e-02 	7.579147e-01 
3.748600e-02 	7.544143e-01 
3.778600e-02 	7.509039e-01 
3.808500e-02 	7.473955e-01 
3.838500e-02 	7.438658e-01 
3.868500e-02 	7.403269e-01 
3.898500e-02 	7.367790e-01 
3.928500e-02 	7.332223e-01 
3.958500e-02 	7.296571e-01 
3.988500e-02 	7.260836e-01 
4.018500e-02 	7.225020e-01 
4.048500e-02 	7.189126e-01 
4.078400e-02 	7.153277e-01 
4.108400e-02 	7.117235e-01 
4.138400e-02 	7.081121e-01 
4.168400e-02 	7.044940e-01 
4.198400e-02 	7.008692e-01 
4.228400e-02 	6.972381e-01 
4.258400e-02 	6.936009e-01 
4.288400e-02 	6.899578e-01 
4.318300e-02 	6.863213e-01 
4.348300e-02 	6.826672e-01 
4.378300e-02 	6.790080e-01 
4.408300e-02 	6.753439e-01 
4.438300e-02 	6.716751e-01 
4.468300e-02 	6.680019e-01 
4.498300e-02 	6.643245e-01 
4.528200e-02 	6.606555e-01 
4.558200e-02 	6.569706e-01 
4.588200e-02 	6.532821e-01 
4.618200e-02 	6.495905e-01 
4.648200e-02 	6.458959e-01 
4.678200e-02 	6.421986e-01 
4.708200e-02 	6.384988e-01 
4.738200e-02 	6.347968e-01 
4.768100e-02 	6.311051e-01 
4.798100e-02 	6.273993e-01 
4.828100e-02 	6.236919e-01 
4.858100e-02 	6.199833e-01 
4.888100e-02 	6.162736e-01 
4.918100e-02 	6.125631e-01 
4.948100e-02 	6.088520e-01 
4.978100e-02 	6.051406e-01 
5.008000e-02 	6.014414e-01 
5.038000e-02 	5.977301e-01 
5.068000e-02 	5.940191e-01 
5.098000e-02 	5.903087e-01 
5.128000e-02 	5.865993e-01 
5.158000e-02 	5.828910e-01 
5.188000e-02 	5.791841e-01 
5.217900e-02 	5.754912e-01 
5.247900e-02 	5.717878e-01 
5.277900e-02 	5.680866e-01 
5.307900e-02 	5.643878e-01 
5.337900e-02 	5.606917e-01 
5.367900e-02 	5.569985e-01 
5.397900e-02 	5.533084e-01 
5.427900e-02 	5.496218e-01 
5.457800e-02 	5.459511e-01 
5.487800e-02 	5.422720e-01 
5.517800e-02 	5.385972e-01 
5.547800e-02 	5.349267e-01 
5.577800e-02 	5.312610e-01 
5.607800e-02 	5.276002e-01 
5.637800e-02 	5.239445e-01 
5.667700e-02 	5.203065e-01 
5.697700e-02 	5.166620e-01 
5.727700e-02 	5.130234e-01 
5.757700e-02 	5.093911e-01 
5.787700e-02 	5.057651e-01 
5.817700e-02 	5.021459e-01 
5.847700e-02 	4.985337e-01 
5.877600e-02 	4.949406e-01 
5.907600e-02 	4.913429e-01 
5.937600e-02 	4.877530e-01 
5.967600e-02 	4.841710e-01 
5.997600e-02 	4.805972e-01 
6.027600e-02 	4.770319e-01 
6.057600e-02 	4.734753e-01 
6.087500e-02 	4.699394e-01 
6.117500e-02 	4.664009e-01 
6.147500e-02 	4.628718e-01 
6.177500e-02 	4.593523e-01 
6.207500e-02 	4.558427e-01 
6.237500e-02 	4.523432e-01 
6.267500e-02 	4.488540e-01 
6.297400e-02 	4.453869e-01 
6.327400e-02 	4.419190e-01 
6.357400e-02 	4.384621e-01 
6.387400e-02 	4.350165e-01 
6.417400e-02 	4.315823e-01 
6.447400e-02 	4.281597e-01 
6.477400e-02 	4.247492e-01 
6.507300e-02 	4.213620e-01 
6.537300e-02 	4.179758e-01 
6.567300e-02 	4.146021e-01 
6.597300e-02 	4.112408e-01 
6.627300e-02 	4.078921e-01 
6.657300e-02 	4.045562e-01 
6.687200e-02 	4.012442e-01 
6.717200e-02 	3.979340e-01 
6.747200e-02 	3.946368e-01 
6.777200e-02 	3.913528e-01 
6.807200e-02 	3.880821e-01 
6.837200e-02 	3.848248e-01 
6.867200e-02 	3.815809e-01 
6.897100e-02 	3.783614e-01 
6.927100e-02 	3.751448e-01 
6.957100e-02 	3.719419e-01 
6.987100e-02 	3.687530e-01 
7.017100e-02 	3.655781e-01 
7.047100e-02 	3.624174e-01 
7.077000e-02 	3.592813e-01 
7.107000e-02 	3.561490e-01 
7.137000e-02 	3.530312e-01 
7.167000e-02 	3.499279e-01 
7.197000e-02 	3.468393e-01 
7.227000e-02 	3.437654e-01 
7.257000e-02 	3.407063e-01 
7.286900e-02 	3.376724e-01 
7.316900e-02 	3.346433e-01 
7.346900e-02 	3.316293e-01 
7.376900e-02 	3.286307e-01 
7.406900e-02 	3.256473e-01 
7.436900e-02 	3.226795e-01 
7.466800e-02 	3.197370e-01 
7.496800e-02 	3.168004e-01 
7.526800e-02 	3.138794e-01 
7.556800e-02 	3.109743e-01 
7.586800e-02 	3.080852e-01 
7.616800e-02 	3.052120e-01 
7.646700e-02 	3.023645e-01 
7.676700e-02 	2.995235e-01 
7.706700e-02 	2.966989e-01 
7.736700e-02 	2.938907e-01 
7.766700e-02 	2.910989e-01 
7.796700e-02 	2.883237e-01 
7.826600e-02 	2.855742e-01 
7.856600e-02 	2.828323e-01 
7.886600e-02 	2.801073e-01 
7.916600e-02 	2.773991e-01 
7.946600e-02 	2.747080e-01 
7.976600e-02 	2.720339e-01 
8.006500e-02 	2.693858e-01 
8.036500e-02 	2.667460e-01 
8.066500e-02 	2.641234e-01 
8.096500e-02 	2.615179e-01 
8.126500e-02 	2.589295e-01 
8.156500e-02 	2.563583e-01 
8.186400e-02 	2.538126e-01 
8.216400e-02 	2.512756e-01 
8.246400e-02 	2.487557e-01 
8.276400e-02 	2.462529e-01 
8.306400e-02 	2.437673e-01 
8.336400e-02 	2.412988e-01 
8.366300e-02 	2.388555e-01 
8.396300e-02 	2.364211e-01 
8.426300e-02 	2.340038e-01 
8.456300e-02 	2.316037e-01 
8.486300e-02 	2.292206e-01 
8.516300e-02 	2.268546e-01 
8.546200e-02 	2.245136e-01 
8.576200e-02 	2.221817e-01 
8.606200e-02 	2.198670e-01 
8.636200e-02 	2.175693e-01 
8.666200e-02 	2.152887e-01 
8.696100e-02 	2.130327e-01 
8.726100e-02 	2.107861e-01 
8.756100e-02 	2.085567e-01 
8.786100e-02 	2.063442e-01 
8.816100e-02 	2.041489e-01 
8.846100e-02 	2.019705e-01 
8.876000e-02 	1.998163e-01 
8.906000e-02 	1.976720e-01 
8.936000e-02 	1.955446e-01 
8.966000e-02 	1.934342e-01 
8.996000e-02 	1.913408e-01 
9.025900e-02 	1.892712e-01 
9.055900e-02 	1.872116e-01 
9.085900e-02 	1.851690e-01 
9.115900e-02 	1.831432e-01 
9.145900e-02 	1.811344e-01 
9.175900e-02 	1.791425e-01 
9.205800e-02 	1.771740e-01 
9.235800e-02 	1.752158e-01 
9.265800e-02 	1.732745e-01 
9.295800e-02 	1.713500e-01 
9.325800e-02 	1.694423e-01 
9.355700e-02 	1.675578e-01 
9.385700e-02 	1.656837e-01 
9.415700e-02 	1.638264e-01 
9.445700e-02 	1.619860e-01 
9.475700e-02 	1.601623e-01 
9.505600e-02 	1.583612e-01 
9.535600e-02 	1.565708e-01 
9.565600e-02 	1.547969e-01 
9.595600e-02 	1.530395e-01 
9.625600e-02 	1.512984e-01 
9.655600e-02 	1.495737e-01 
9.685500e-02 	1.478709e-01 
9.715500e-02 	1.461785e-01 
9.745500e-02 	1.445022e-01 
9.775500e-02 	1.428419e-01 
9.805500e-02 	1.411975e-01 
9.835400e-02 	1.395744e-01 
9.865400e-02 	1.379616e-01 
9.895400e-02 	1.363645e-01 
9.925400e-02 	1.347830e-01 
9.955400e-02 	1.332171e-01 
9.985300e-02 	1.316717e-01 
1.001500e-01 	1.301519e-01 
1.004500e-01 	1.286319e-01 
1.007500e-01 	1.271271e-01 
1.010500e-01 	1.256375e-01 
1.013500e-01 	1.241630e-01 
1.016500e-01 	1.227034e-01 
1.019500e-01 	1.212588e-01 
1.022500e-01 	1.198291e-01 
1.025500e-01 	1.184141e-01 
1.028500e-01 	1.170138e-01 
1.031500e-01 	1.156281e-01 
1.034500e-01 	1.142570e-01 
1.037500e-01 	1.129003e-01 
1.040500e-01 	1.115580e-01 
1.043500e-01 	1.102300e-01 
1.046500e-01 	1.089162e-01 
1.049500e-01 	1.076166e-01 
1.052500e-01 	1.063310e-01 
1.055500e-01 	1.050594e-01 
1.058500e-01 	1.038018e-01 
1.061500e-01 	1.025579e-01 
1.064500e-01 	1.013278e-01 
1.067500e-01 	1.001114e-01 
1.070500e-01 	9.890862e-02 
1.073500e-01 	9.771933e-02 
1.076500e-01 	9.654347e-02 
1.079500e-01 	9.538098e-02 
1.082500e-01 	9.423177e-02 
1.085500e-01 	9.309577e-02 
1.088500e-01 	9.197290e-02 
1.091500e-01 	9.086308e-02 
1.094500e-01 	8.976622e-02 
1.097500e-01 	8.868225e-02 
1.100500e-01 	8.761106e-02 
1.103500e-01 	8.655256e-02 
1.106500e-01 	8.550664e-02 
1.109500e-01 	8.447322e-02 
1.112500e-01 	8.345218e-02 
1.115500e-01 	8.244344e-02 
1.118400e-01 	8.147991e-02 
1.121400e-01 	8.049506e-02 
1.124400e-01 	7.952221e-02 
1.127400e-01 	7.856126e-02 
1.130400e-01 	7.761212e-02 
1.133400e-01 	7.667469e-02 
1.136400e-01 	7.574887e-02 
1.139400e-01 	7.483456e-02 
1.142400e-01 	7.393167e-02 
1.145400e-01 	7.304009e-02 
1.148400e-01 	7.215974e-02 
1.151400e-01 	7.129050e-02 
1.154400e-01 	7.043228e-02 
1.157400e-01 	6.958500e-02 
1.160400e-01 	6.874854e-02 
1.163400e-01 	6.792282e-02 
1.166400e-01 	6.710775e-02 
1.169400e-01 	6.630323e-02 
1.172400e-01 	6.550916e-02 
1.175400e-01 	6.472546e-02 
1.178400e-01 	6.395202e-02 
1.181400e-01 	6.318876e-02 
1.184400e-01 	6.243557e-02 
1.187400e-01 	6.169237e-02 
1.190400e-01 	6.095906e-02 
1.193400e-01 	6.023554e-02 
1.196400e-01 	5.952172e-02 
1.199400e-01 	5.881751e-02 
1.202400e-01 	5.812280e-02 
1.205400e-01 	5.743751e-02 
1.208400e-01 	5.676154e-02 
1.211400e-01 	5.609479e-02 
1.214400e-01 	5.543717e-02 
1.217400e-01 	5.478858e-02 
1.220400e-01 	5.414893e-02 
1.223400e-01 	5.351812e-02 
1.226400e-01 	5.289606e-02 
1.229400e-01 	5.228266e-02 
1.232400e-01 	5.167781e-02 
1.235400e-01 	5.108142e-02 
1.238400e-01 	5.049341e-02 
1.241400e-01 	4.991366e-02 
1.244300e-01 	4.936102e-02 
1.247300e-01 	4.879729e-02 
1.250300e-01 	4.824158e-02 
1.253300e-01 	4.769380e-02 
1.256300e-01 	4.715388e-02 
1.259300e-01 	4.662174e-02 
1.262300e-01 	4.609728e-02 
1.265300e-01 	4.558043e-02 
1.268300e-01 	4.507111e-02 
1.271300e-01 	4.456923e-02 
1.274300e-01 	4.407471e-02 
1.277300e-01 	4.358747e-02 
1.280300e-01 	4.310742e-02 
1.283300e-01 	4.263449e-02 
1.286300e-01 	4.216859e-02 
1.289300e-01 	4.170963e-02 
1.292300e-01 	4.125755e-02 
1.295300e-01 	4.081225e-02 
1.298300e-01 	4.037366e-02 
1.301300e-01 	3.994169e-02 
1.304300e-01 	3.951628e-02 
1.307300e-01 	3.909733e-02 
1.310300e-01 	3.868478e-02 
1.313300e-01 	3.827853e-02 
1.316300e-01 	3.787852e-02 
1.319300e-01 	3.748466e-02 
1.322300e-01 	3.709687e-02 
1.325300e-01 	3.671508e-02 
1.328300e-01 	3.633921e-02 
1.331300e-01 	3.596917e-02 
1.334300e-01 	3.560488e-02 
1.337300e-01 	3.524627e-02 
1.340300e-01 	3.489326e-02 
1.343300e-01 	3.454577e-02 
1.346300e-01 	3.420372e-02 
1.349300e-01 	3.386703e-02 
1.352300e-01 	3.353562e-02 
1.355300e-01 	3.320941e-02 
1.358200e-01 	3.289894e-02 
1.361200e-01 	3.258273e-02 
1.364200e-01 	3.227149e-02 
1.367200e-01 	3.196514e-02 
1.370200e-01 	3.166360e-02 
1.373200e-01 	3.136678e-02 
1.376200e-01 	3.107462e-02 
1.379200e-01 	3.078703e-02 
1.382200e-01 	3.050394e-02 
1.385200e-01 	3.022525e-02 
1.388200e-01 	2.995091e-02 
1.391200e-01 	2.968082e-02 
1.394200e-01 	2.941493e-02 
1.397200e-01 	2.915320e-02 
1.400200e-01 	2.889556e-02 
1.403200e-01 	2.864197e-02 
1.406200e-01 	2.839237e-02 
1.409200e-01 	2.814671e-02 
1.412200e-01 	2.790495e-02 
1.415200e-01 	2.766702e-02 
1.418200e-01 	2.743287e-02 
1.421200e-01 	2.720246e-02 
1.424200e-01 	2.697573e-02 
1.427200e-01 	2.675263e-02 
1.430200e-01 	2.653310e-02 
1.433200e-01 	2.631710e-02 
1.436200e-01 	2.610458e-02 
1.439200e-01 	2.589548e-02 
1.442200e-01 	2.568975e-02 
1.445200e-01 	2.548735e-02 
1.448200e-01 	2.528822e-02 
1.451200e-01 	2.509232e-02 
1.454200e-01 	2.489958e-02 
1.457200e-01 	2.470997e-02 
1.460100e-01 	2.452960e-02 
1.463100e-01 	2.434598e-02 
1.466100e-01 	2.416533e-02 
1.469100e-01 	2.398760e-02 
1.472100e-01 	2.381274e-02 
1.475100e-01 	2.364070e-02 
1.478100e-01 	2.347143e-02 
1.481100e-01 	2.330488e-02 
1.484100e-01 	2.314099e-02 
1.487100e-01 	2.297972e-02 
1.490100e-01 	2.282102e-02 
1.493100e-01 	2.266484e-02 
1.496100e-01 	2.251112e-02 
1.499100e-01 	2.235981e-02 
1.502100e-01 	2.221087e-02 
1.505100e-01 	2.206424e-02 
1.508100e-01 	2.191988e-02 
1.511100e-01 	2.177772e-02 
1.514100e-01 	2.163774e-02 
1.517100e-01 	2.149986e-02 
1.520100e-01 	2.136405e-02 
1.523100e-01 	2.123026e-02 
1.526100e-01 	2.109843e-02 
1.529100e-01 	2.096852e-02 
1.532100e-01 	2.084047e-02 
1.535100e-01 	2.071424e-02 
1.538100e-01 	2.058977e-02 
1.541100e-01 	2.046704e-02 
1.544100e-01 	2.034601e-02 
1.547100e-01 	2.022667e-02 
1.550100e-01 	2.010898e-02 
1.553100e-01 	1.999292e-02 
1.556000e-01 	1.988227e-02 
1.559000e-01 	1.976935e-02 
1.562000e-01 	1.965799e-02 
1.565000e-01 	1.954817e-02 
1.568000e-01 	1.943985e-02 
1.571000e-01 	1.933302e-02 
1.574000e-01 	1.922765e-02 
1.577000e-01 	1.912372e-02 
1.580000e-01 	1.902119e-02 
1.583000e-01 	1.892006e-02 
1.586000e-01 	1.882029e-02 
1.589000e-01 	1.872186e-02 
1.592000e-01 	1.862475e-02 
1.595000e-01 	1.852893e-02 
1.598000e-01 	1.843437e-02 
1.601000e-01 	1.834106e-02 
1.604000e-01 	1.824897e-02 
1.607000e-01 	1.815807e-02 
1.610000e-01 	1.806834e-02 
1.613000e-01 	1.797976e-02 
1.616000e-01 	1.789230e-02 
1.619000e-01 	1.780594e-02 
1.622000e-01 	1.772066e-02 
1.625000e-01 	1.763642e-02 
1.628000e-01 	1.755321e-02 
1.631000e-01 	1.747100e-02 
1.634000e-01 	1.738977e-02 
1.637000e-01 	1.730949e-02 
1.640000e-01 	1.723014e-02 
1.642900e-01 	1.715430e-02 
1.645900e-01 	1.707671e-02 
1.648900e-01 	1.699997e-02 
1.651900e-01 	1.692407e-02 
1.654900e-01 	1.684898e-02 
1.657900e-01 	1.677467e-02 
1.660900e-01 	1.670113e-02 
1.663900e-01 	1.662832e-02 
1.666900e-01 	1.655622e-02 
1.669900e-01 	1.648481e-02 
1.672900e-01 	1.641407e-02 
1.675900e-01 	1.634397e-02 
1.678900e-01 	1.627449e-02 
1.681900e-01 	1.620560e-02 
1.684900e-01 	1.613729e-02 
1.687900e-01 	1.606953e-02 
1.690900e-01 	1.600232e-02 
1.693900e-01 	1.593564e-02 
1.696900e-01 	1.586950e-02 
1.699900e-01 	1.580388e-02 
1.702900e-01 	1.573877e-02 
1.705900e-01 	1.567416e-02 
1.708900e-01 	1.561006e-02 
1.711900e-01 	1.554645e-02 
1.714900e-01 	1.548332e-02 
1.717900e-01 	1.542066e-02 
1.720900e-01 	1.535848e-02 
1.723800e-01 	1.529881e-02 
1.726800e-01 	1.523753e-02 
1.729800e-01 	1.517669e-02 
1.732800e-01 	1.511630e-02 
1.735800e-01 	1.505634e-02 
1.738800e-01 	1.499680e-02 
1.741800e-01 	1.493768e-02 
1.744800e-01 	1.487897e-02 
1.747800e-01 	1.482066e-02 
1.750800e-01 	1.476275e-02 
1.753800e-01 	1.470523e-02 
1.756800e-01 	1.464808e-02 
1.759800e-01 	1.459132e-02 
1.762800e-01 	1.453491e-02 
1.765800e-01 	1.447887e-02 
1.768800e-01 	1.442317e-02 
1.771800e-01 	1.436782e-02 
1.774800e-01 	1.431281e-02 
1.777800e-01 	1.425812e-02 
1.780800e-01 	1.420376e-02 
1.783800e-01 	1.414971e-02 
1.786800e-01 	1.409597e-02 
1.789800e-01 	1.404252e-02 
1.792800e-01 	1.398937e-02 
1.795800e-01 	1.393650e-02 
1.798800e-01 	1.388391e-02 
1.801700e-01 	1.383333e-02 
1.804700e-01 	1.378127e-02 
1.807700e-01 	1.372945e-02 
1.810700e-01 	1.367789e-02 
1.813700e-01 	1.362657e-02 
1.816700e-01 	1.357547e-02 
1.819700e-01 	1.352461e-02 
1.822700e-01 	1.347396e-02 
1.825700e-01 	1.342352e-02 
1.828700e-01 	1.337329e-02 
1.831700e-01 	1.332325e-02 
1.834700e-01 	1.327341e-02 
1.837700e-01 	1.322375e-02 
1.840700e-01 	1.317428e-02 
1.843700e-01 	1.312499e-02 
1.846700e-01 	1.307589e-02 
1.849700e-01 	1.302698e-02 
1.852700e-01 	1.297825e-02 
1.855700e-01 	1.292971e-02 
1.858700e-01 	1.288136e-02 
1.861700e-01 	1.283319e-02 
1.864700e-01 	1.278520e-02 
1.867700e-01 	1.273740e-02 
1.870700e-01 	1.268978e-02 
1.873600e-01 	1.264392e-02 
1.876600e-01 	1.259667e-02 
1.879600e-01 	1.254959e-02 
1.882600e-01 	1.250270e-02 
1.885600e-01 	1.245599e-02 
1.888600e-01 	1.240946e-02 
1.891600e-01 	1.236311e-02 
1.894600e-01 	1.231695e-02 
1.897600e-01 	1.227096e-02 
1.900600e-01 	1.222515e-02 
1.903600e-01 	1.217953e-02 
1.906600e-01 	1.213408e-02 
1.909600e-01 	1.208882e-02 
1.912600e-01 	1.204373e-02 
1.915600e-01 	1.199882e-02 
1.918600e-01 	1.195409e-02 
1.921600e-01 	1.190954e-02 
1.924600e-01 	1.186517e-02 
1.927600e-01 	1.182097e-02 
1.930600e-01 	1.177695e-02 
1.933600e-01 	1.173311e-02 
1.936600e-01 	1.168944e-02 
1.939500e-01 	1.164740e-02 
1.942500e-01 	1.160408e-02 
1.945500e-01 	1.156093e-02 
1.948500e-01 	1.151796e-02 
1.951500e-01 	1.147517e-02 
1.954500e-01 	1.143254e-02 
1.957500e-01 	1.139010e-02 
1.960500e-01 	1.134782e-02 
1.963500e-01 	1.130572e-02 
1.966500e-01 	1.126379e-02 
1.969500e-01 	1.122204e-02 
1.972500e-01 	1.118046e-02 
1.975500e-01 	1.113905e-02 
1.978500e-01 	1.109781e-02 
1.981500e-01 	1.105674e-02 
1.984500e-01 	1.101584e-02 
1.987500e-01 	1.097512e-02 
1.990500e-01 	1.093457e-02 
1.993500e-01 	1.089419e-02 
1.996500e-01 	1.085399e-02 
1.999500e-01 	1.081396e-02 
2.002500e-01 	1.077411e-02 
2.005400e-01 	1.073576e-02 
2.008400e-01 	1.069625e-02 
2.011400e-01 	1.065692e-02 
2.014400e-01 	1.061777e-02 
2.017400e-01 	1.057880e-02 
2.020400e-01 	1.054001e-02 
2.023400e-01 	1.050140e-02 
2.026400e-01 	1.046298e-02 
2.029400e-01 	1.042473e-02 
2.032400e-01 	1.038666e-02 
2.035400e-01 	1.034878e-02 
2.038400e-01 	1.031109e-02 
2.041400e-01 	1.027357e-02 
2.044400e-01 	1.023624e-02 
2.047400e-01 	1.019910e-02 
2.050400e-01 	1.016215e-02 
2.053400e-01 	1.012538e-02 
2.056400e-01 	1.008880e-02 
2.059400e-01 	1.005240e-02 
2.062400e-01 	1.001620e-02 
2.065300e-01 	9.981385e-03 
2.068300e-01 	9.945556e-03 
2.071300e-01 	9.909919e-03 
2.074300e-01 	9.874473e-03 
2.077300e-01 	9.839220e-03 
2.080300e-01 	9.804161e-03 
2.083300e-01 	9.769295e-03 
2.086300e-01 	9.734624e-03 
2.089300e-01 	9.700149e-03 
2.092300e-01 	9.665869e-03 
2.095300e-01 	9.631787e-03 
2.098300e-01 	9.597902e-03 
2.101300e-01 	9.564215e-03 
2.104300e-01 	9.530726e-03 
2.107300e-01 	9.497438e-03 
2.110300e-01 	9.464349e-03 
2.113300e-01 	9.431462e-03 
2.116300e-01 	9.398776e-03 
2.119300e-01 	9.366293e-03 
2.122300e-01 	9.334012e-03 
2.125200e-01 	9.303002e-03 
2.128200e-01 	9.271125e-03 
2.131200e-01 	9.239452e-03 
2.134200e-01 	9.207985e-03 
2.137200e-01 	9.176723e-03 
2.140200e-01 	9.145666e-03 
2.143200e-01 	9.114812e-03 
2.146200e-01 	9.084162e-03 
2.149200e-01 	9.053715e-03 
2.152200e-01 	9.023471e-03 
2.155200e-01 	8.993430e-03 
2.158200e-01 	8.963591e-03 
2.161200e-01 	8.933953e-03 
2.164200e-01 	8.904515e-03 
2.167200e-01 	8.875279e-03 
2.170200e-01 	8.846243e-03 
2.173200e-01 	8.817406e-03 
2.176200e-01 	8.788769e-03 
2.179200e-01 	8.760330e-03 
2.182100e-01 	8.733028e-03 
2.185100e-01 	8.704979e-03 
2.188100e-01 	8.677127e-03 
2.191100e-01 	8.649472e-03 
2.194100e-01 	8.622014e-03 
2.197100e-01 	8.594752e-03 
2.200100e-01 	8.567686e-03 
2.203100e-01 	8.540815e-03 
2.206100e-01 	8.514139e-03 
2.209100e-01 	8.487656e-03 
2.212100e-01 	8.461368e-03 
2.215100e-01 	8.435273e-03 
2.218100e-01 	8.409371e-03 
2.221100e-01 	8.383662e-03 
2.224100e-01 	8.358144e-03 
2.227100e-01 	8.332818e-03 
2.230100e-01 	8.307684e-03 
2.233100e-01 	8.282740e-03 
2.236000e-01 	8.258808e-03 
2.239000e-01 	8.234238e-03 
2.242000e-01 	8.209857e-03 
2.245000e-01 	8.185665e-03 
2.248000e-01 	8.161661e-03 
2.251000e-01 	8.137846e-03 
2.254000e-01 	8.114218e-03 
2.257000e-01 	8.090778e-03 
2.260000e-01 	8.067524e-03 
2.263000e-01 	8.044456e-03 
2.266000e-01 	8.021574e-03 
2.269000e-01 	7.998878e-03 
2.272000e-01 	7.976366e-03 
2.275000e-01 	7.954039e-03 
2.278000e-01 	7.931896e-03 
2.281000e-01 	7.909936e-03 
2.284000e-01 	7.888158e-03 
2.286900e-01 	7.867277e-03 
2.289900e-01 	7.845853e-03 
2.292900e-01 	7.824606e-03 
2.295900e-01 	7.803537e-03 
2.298900e-01 	7.782643e-03 
2.301900e-01 	7.761924e-03 
2.304900e-01 	7.741377e-03 
2.307900e-01 	7.721003e-03 
2.310900e-01 	7.700799e-03 
2.313900e-01 	7.680764e-03 
2.316900e-01 	7.660897e-03 
2.319900e-01 	7.641197e-03 
2.322900e-01 	7.621661e-03 
2.325900e-01 	7.602289e-03 
2.328900e-01 	7.583080e-03 
2.331900e-01 	7.564031e-03 
2.334900e-01 	7.545142e-03 
2.337800e-01 	7.527033e-03 
2.340800e-01 	7.508454e-03 
2.343800e-01 	7.490029e-03 
2.346800e-01 	7.471760e-03 
2.349800e-01 	7.453642e-03 
2.352800e-01 	7.435676e-03 
2.355800e-01 	7.417860e-03 
2.358800e-01 	7.400192e-03 
2.361800e-01 	7.382672e-03 
2.364800e-01 	7.365297e-03 
2.367800e-01 	7.348066e-03 
2.370800e-01 	7.330979e-03 
2.373800e-01 	7.314033e-03 
2.376800e-01 	7.297227e-03 
2.379800e-01 	7.280560e-03 
2.382800e-01 	7.264031e-03 
2.385700e-01 	7.248182e-03 
2.388700e-01 	7.231919e-03 
2.391700e-01 	7.215789e-03 
2.394700e-01 	7.199791e-03 
2.397700e-01 	7.183924e-03 
2.400700e-01 	7.168186e-03 
2.403700e-01 	7.152576e-03 
2.406700e-01 	7.137092e-03 
2.409700e-01 	7.121733e-03 
2.412700e-01 	7.106498e-03 
2.415700e-01 	7.091385e-03 
2.418700e-01 	7.076392e-03 
2.421700e-01 	7.061519e-03 
2.424700e-01 	7.046764e-03 
2.427700e-01 	7.032125e-03 
2.430700e-01 	7.017602e-03 
2.433600e-01 	7.003671e-03 
2.436600e-01 	6.989371e-03 
2.439600e-01 	6.975182e-03 
2.442600e-01 	6.961103e-03 
2.445600e-01 	6.947132e-03 
2.448600e-01 	6.933269e-03 
2.451600e-01 	6.919512e-03 
2.454600e-01 	6.905860e-03 
2.457600e-01 	6.892311e-03 
2.460600e-01 	6.878864e-03 
2.463600e-01 	6.865517e-03 
2.466600e-01 	6.852271e-03 
2.469600e-01 	6.839122e-03 
2.472600e-01 	6.826070e-03 
2.475600e-01 	6.813113e-03 
2.478500e-01 	6.800677e-03 
2.481500e-01 	6.787904e-03 
2.484500e-01 	6.775221e-03 
2.487500e-01 	6.762628e-03 
2.490500e-01 	6.750124e-03 
2.493500e-01 	6.737707e-03 
2.496500e-01 	6.725375e-03 
2.499500e-01 	6.713127e-03 
2.502500e-01 	6.700961e-03 
2.505500e-01 	6.688877e-03 
2.508500e-01 	6.676873e-03 
2.511500e-01 	6.664947e-03 
2.514500e-01 	6.653099e-03 
2.517500e-01 	6.641326e-03 
2.520500e-01 	6.629627e-03 
2.523400e-01 	6.618387e-03 
2.526400e-01 	6.606831e-03 
2.529400e-01 	6.595344e-03 
2.532400e-01 	6.583926e-03 
2.535400e-01 	6.572575e-03 
2.538400e-01 	6.561290e-03 
2.541400e-01 	6.550070e-03 
2.544400e-01 	6.538913e-03 
2.547400e-01 	6.527817e-03 
2.550400e-01 	6.516782e-03 
2.553400e-01 	6.505806e-03 
2.556400e-01 	6.494888e-03 
2.559400e-01 	6.484026e-03 
2.562400e-01 	6.473219e-03 
2.565300e-01 	6.462823e-03 
2.568300e-01 	6.452120e-03 
2.571300e-01 	6.441467e-03 
2.574300e-01 	6.430864e-03 
2.577300e-01 	6.420310e-03 
2.580300e-01 	6.409803e-03 
2.583300e-01 	6.399343e-03 
2.586300e-01 	6.388929e-03 
2.589300e-01 	6.378560e-03 
2.592300e-01 	6.368235e-03 
2.595300e-01 	6.357955e-03 
2.598300e-01 	6.347717e-03 
2.601300e-01 	6.337521e-03 
2.604300e-01 	6.327366e-03 
2.607200e-01 	6.317588e-03 
2.610200e-01 	6.307511e-03 
2.613200e-01 	6.297474e-03 
2.616200e-01 	6.287474e-03 
2.619200e-01 	6.277512e-03 
2.622200e-01 	6.267585e-03 
2.625200e-01 	6.257695e-03 
2.628200e-01 	6.247839e-03 
2.631200e-01 	6.238016e-03 
2.634200e-01 	6.228227e-03 
2.637200e-01 	6.218470e-03 
2.640200e-01 	6.208745e-03 
2.643200e-01 	6.199050e-03 
2.646200e-01 	6.189385e-03 
2.649100e-01 	6.180070e-03 
2.652100e-01 	6.170461e-03 
2.655100e-01 	6.160879e-03 
2.658100e-01 	6.151325e-03 
2.661100e-01 	6.141796e-03 
2.664100e-01 	6.132291e-03 
2.667100e-01 	6.122812e-03 
2.670100e-01 	6.113355e-03 
2.673100e-01 	6.103921e-03 
2.676100e-01 	6.094510e-03 
2.679100e-01 	6.085119e-03 
2.682100e-01 	6.075749e-03 
2.685100e-01 	6.066398e-03 
2.688000e-01 	6.057378e-03 
2.691000e-01 	6.048064e-03 
2.694000e-01 	6.038767e-03 
2.697000e-01 	6.029487e-03 
2.700000e-01 	6.020223e-03 
2.703000e-01 	6.010974e-03 
2.706000e-01 	6.001740e-03 
2.709000e-01 	5.992519e-03 
2.712000e-01 	5.983311e-03 
2.715000e-01 	5.974115e-03 
2.718000e-01 	5.964931e-03 
2.721000e-01 	5.955757e-03 
2.724000e-01 	5.946593e-03 
2.726900e-01 	5.937745e-03 
2.729900e-01 	5.928600e-03 
2.732900e-01 	5.919465e-03 
2.735900e-01 	5.910340e-03 
2.738900e-01 	5.901223e-03 
2.741900e-01 	5.892116e-03 
2.744900e-01 	5.883017e-03 
2.747900e-01 	5.873927e-03 
2.750900e-01 	5.864845e-03 
2.753900e-01 	5.855772e-03 
2.756900e-01 	5.846707e-03 
2.759900e-01 	5.837649e-03 
2.762800e-01 	5.828901e-03 
2.765800e-01 	5.819858e-03 
2.768800e-01 	5.810823e-03 
2.771800e-01 	5.801795e-03 
2.774800e-01 	5.792773e-03 
2.777800e-01 	5.783759e-03 
2.780800e-01 	5.774751e-03 
2.783800e-01 	5.765750e-03 
2.786800e-01 	5.756754e-03 
2.789800e-01 	5.747765e-03 
2.792800e-01 	5.738781e-03 
2.795800e-01 	5.729803e-03 
2.798700e-01 	5.721130e-03 
2.801700e-01 	5.712163e-03 
2.804700e-01 	5.703201e-03 
2.807700e-01 	5.694245e-03 
2.810700e-01 	5.685293e-03 
2.813700e-01 	5.676347e-03 
2.816700e-01 	5.667405e-03 
2.819700e-01 	5.658469e-03 
2.822700e-01 	5.649537e-03 
2.825700e-01 	5.640610e-03 
2.828700e-01 	5.631687e-03 
2.831700e-01 	5.622769e-03 
2.834600e-01 	5.614152e-03 
2.837600e-01 	5.605242e-03 
2.840600e-01 	5.596337e-03 
2.843600e-01 	5.587435e-03 
2.846600e-01 	5.578538e-03 
2.849600e-01 	5.569644e-03 
2.852600e-01 	5.560754e-03 
2.855600e-01 	5.551868e-03 
2.858600e-01 	5.542986e-03 
2.861600e-01 	5.534106e-03 
2.864600e-01 	5.525231e-03 
2.867600e-01 	5.516358e-03 
2.870500e-01 	5.507785e-03 
2.873500e-01 	5.498919e-03 
2.876500e-01 	5.490057e-03 
2.879500e-01 	5.481198e-03 
2.882500e-01 	5.472344e-03 
2.885500e-01 	5.463494e-03 
2.888500e-01 	5.454648e-03 
2.891500e-01 	5.445807e-03 
2.894500e-01 	5.436970e-03 
2.897500e-01 	5.428139e-03 
2.900500e-01 	5.419313e-03 
2.903500e-01 	5.410493e-03 
2.906400e-01 	5.401972e-03 
2.909400e-01 	5.393163e-03 
2.912400e-01 	5.384360e-03 
2.915400e-01 	5.375564e-03 
2.918400e-01 	5.366774e-03 
2.921400e-01 	5.357991e-03 
2.924400e-01 	5.349214e-03 
2.927400e-01 	5.340445e-03 
2.930400e-01 	5.331684e-03 
2.933400e-01 	5.322929e-03 
2.936400e-01 	5.314183e-03 
2.939300e-01 	5.305736e-03 
2.942300e-01 	5.297006e-03 
2.945300e-01 	5.288284e-03 
2.948300e-01 	5.279570e-03 
2.951300e-01 	5.270866e-03 
2.954300e-01 	5.262171e-03 
2.957300e-01 	5.253485e-03 
2.960300e-01 	5.244809e-03 
2.963300e-01 	5.236143e-03 
2.966300e-01 	5.227487e-03 
2.969300e-01 	5.218841e-03 
2.972200e-01 	5.210494e-03 
2.975200e-01 	5.201869e-03 
2.978200e-01 	5.193256e-03 
2.981200e-01 	5.184654e-03 
2.984200e-01 	5.176064e-03 
2.987200e-01 	5.167486e-03 
2.990200e-01 	5.158921e-03 
2.993200e-01 	5.150367e-03 
2.996200e-01 	5.141827e-03 
2.999200e-01 	5.133300e-03 
3.002200e-01 	5.124786e-03 
3.005100e-01 	5.116568e-03 
3.008100e-01 	5.108081e-03 
3.011100e-01 	5.099608e-03 
3.014100e-01 	5.091150e-03 
3.017100e-01 	5.082706e-03 
3.020100e-01 	5.074277e-03 
3.023100e-01 	5.065863e-03 
3.026100e-01 	5.057464e-03 
3.029100e-01 	5.049082e-03 
3.032100e-01 	5.040715e-03 
3.035000e-01 	5.032643e-03 
3.038000e-01 	5.024309e-03 
3.041000e-01 	5.015991e-03 
3.044000e-01 	5.007691e-03 
3.047000e-01 	4.999408e-03 
3.050000e-01 	4.991143e-03 
3.053000e-01 	4.982896e-03 
3.056000e-01 	4.974668e-03 
3.059000e-01 	4.966457e-03 
3.062000e-01 	4.958266e-03 
3.065000e-01 	4.950094e-03 
3.067900e-01 	4.942213e-03 
3.070900e-01 	4.934080e-03 
3.073900e-01 	4.925966e-03 
3.076900e-01 	4.917873e-03 
3.079900e-01 	4.909800e-03 
3.082900e-01 	4.901748e-03 
3.085900e-01 	4.893717e-03 
3.088900e-01 	4.885708e-03 
3.091900e-01 	4.877720e-03 
3.094900e-01 	4.869754e-03 
3.097800e-01 	4.862075e-03 
3.100800e-01 	4.854153e-03 
3.103800e-01 	4.846254e-03 
3.106800e-01 	4.838377e-03 
3.109800e-01 	4.830524e-03 
3.112800e-01 	4.822695e-03 
3.115800e-01 	4.814889e-03 
3.118800e-01 	4.807108e-03 
3.121800e-01 	4.799350e-03 
3.124800e-01 	4.791618e-03 
3.127700e-01 	4.784167e-03 
3.130700e-01 	4.776484e-03 
3.133700e-01 	4.768826e-03 
3.136700e-01 	4.761194e-03 
3.139700e-01 	4.753589e-03 
3.142700e-01 	4.746010e-03 
3.145700e-01 	4.738457e-03 
3.148700e-01 	4.730931e-03 
3.151700e-01 	4.723433e-03 
3.154700e-01 	4.715962e-03 
3.157600e-01 	4.708767e-03 
3.160600e-01 	4.701351e-03 
3.163600e-01 	4.693963e-03 
3.166600e-01 	4.686604e-03 
3.169600e-01 	4.679274e-03 
3.172600e-01 	4.671973e-03 
3.175600e-01 	4.664701e-03 
3.178600e-01 	4.657459e-03 
3.181600e-01 	4.650246e-03 
3.184600e-01 	4.643062e-03 
3.187500e-01 	4.636146e-03 
3.190500e-01 	4.629022e-03 
3.193500e-01 	4.621927e-03 
3.196500e-01 	4.614863e-03 
3.199500e-01 	4.607829e-03 
3.202500e-01 	4.600825e-03 
3.205500e-01 	4.593853e-03 
3.208500e-01 	4.586911e-03 
3.211500e-01 	4.580000e-03 
3.214400e-01 	4.573350e-03 
3.217400e-01 	4.566501e-03 
3.220400e-01 	4.559683e-03 
3.223400e-01 	4.552897e-03 
3.226400e-01 	4.546143e-03 
3.229400e-01 	4.539421e-03 
3.232400e-01 	4.532731e-03 
3.235400e-01 	4.526073e-03 
3.238400e-01 	4.519448e-03 
3.241400e-01 	4.512855e-03 
3.244300e-01 	4.506513e-03 
3.247300e-01 	4.499985e-03 
3.250300e-01 	4.493490e-03 
3.253300e-01 	4.487027e-03 
3.256300e-01 	4.480598e-03 
3.259300e-01 	4.474203e-03 
3.262300e-01 	4.467841e-03 
3.265300e-01 	4.461513e-03 
3.268300e-01 	4.455218e-03 
3.271200e-01 	4.449166e-03 
3.274200e-01 	4.442939e-03 
3.277200e-01 	4.436746e-03 
3.280200e-01 	4.430587e-03 
3.283200e-01 	4.424463e-03 
3.286200e-01 	4.418374e-03 
3.289200e-01 	4.412319e-03 
3.292200e-01 	4.406299e-03 
3.295200e-01 	4.400315e-03 
3.298100e-01 	4.394563e-03 
3.301100e-01 	4.388648e-03 
3.304100e-01 	4.382769e-03 
3.307100e-01 	4.376925e-03 
3.310100e-01 	4.371117e-03 
3.313100e-01 	4.365344e-03 
3.316100e-01 	4.359608e-03 
3.319100e-01 	4.353907e-03 
3.322100e-01 	4.348242e-03 
3.325000e-01 	4.342800e-03 
3.328000e-01 	4.337206e-03 
3.331000e-01 	4.331647e-03 
3.334000e-01 	4.326124e-03 
3.337000e-01 	4.320636e-03 
3.340000e-01 	4.315183e-03 
3.343000e-01 	4.309766e-03 
3.346000e-01 	4.304385e-03 
3.349000e-01 	4.299039e-03 
3.351900e-01 	4.293904e-03 
3.354900e-01 	4.288627e-03 
3.357900e-01 	4.283385e-03 
3.360900e-01 	4.278178e-03 
3.363900e-01 	4.273006e-03 
3.366900e-01 	4.267869e-03 
3.369900e-01 	4.262767e-03 
3.372900e-01 	4.257699e-03 
3.375900e-01 	4.252666e-03 
3.378800e-01 	4.247834e-03 
3.381800e-01 	4.242870e-03 
3.384800e-01 	4.237939e-03 
3.387800e-01 	4.233044e-03 
3.390800e-01 	4.228182e-03 
3.393800e-01 	4.223355e-03 
3.396800e-01 	4.218562e-03 
3.399800e-01 	4.213803e-03 
3.402800e-01 	4.209078e-03 
3.405700e-01 	4.204543e-03 
3.408700e-01 	4.199886e-03 
3.411700e-01 	4.195261e-03 
3.414700e-01 	4.190671e-03 
3.417700e-01 	4.186115e-03 
3.420700e-01 	4.181592e-03 
3.423700e-01 	4.177103e-03 
3.426700e-01 	4.172647e-03 
3.429600e-01 	4.168372e-03 
3.432600e-01 	4.163982e-03 
3.435600e-01 	4.159625e-03 
3.438600e-01 	4.155302e-03 
3.441600e-01 	4.151012e-03 
3.444600e-01 	4.146755e-03 
3.447600e-01 	4.142530e-03 
3.450600e-01 	4.138339e-03 
3.453600e-01 	4.134181e-03 
3.456500e-01 	4.130193e-03 
3.459500e-01 	4.126099e-03 
3.462500e-01 	4.122037e-03 
3.465500e-01 	4.118009e-03 
3.468500e-01 	4.114013e-03 
3.471500e-01 	4.110049e-03 
3.474500e-01 	4.106118e-03 
3.477500e-01 	4.102219e-03 
3.480400e-01 	4.098481e-03 
3.483400e-01 	4.094646e-03 
3.486400e-01 	4.090844e-03 
3.489400e-01 	4.087073e-03 
3.492400e-01 	4.083335e-03 
3.495400e-01 	4.079630e-03 
3.498400e-01 	4.075956e-03 
3.501400e-01 	4.072315e-03 
3.504300e-01 	4.068825e-03 
3.507300e-01 	4.065247e-03 
3.510300e-01 	4.061701e-03 
3.513300e-01 	4.058187e-03 
3.516300e-01 	4.054705e-03 
3.519300e-01 	4.051256e-03 
3.522300e-01 	4.047838e-03 
3.525300e-01 	4.044452e-03 
3.528200e-01 	4.041210e-03 
3.531200e-01 	4.037887e-03 
3.534200e-01 	4.034596e-03 
3.537200e-01 	4.031337e-03 
3.540200e-01 	4.028110e-03 
3.543200e-01 	4.024915e-03 
3.546200e-01 	4.021752e-03 
3.549200e-01 	4.018620e-03 
3.552100e-01 	4.015623e-03 
3.555100e-01 	4.012554e-03 
3.558100e-01 	4.009517e-03 
3.561100e-01 	4.006511e-03 
3.564100e-01 	4.003537e-03 
3.567100e-01 	4.000595e-03 
3.570100e-01 	3.997684e-03 
3.573100e-01 	3.994805e-03 
3.576000e-01 	3.992052e-03 
3.579000e-01 	3.989235e-03 
3.582000e-01 	3.986450e-03 
3.585000e-01 	3.983696e-03 
3.588000e-01 	3.980973e-03 
3.591000e-01 	3.978282e-03 
3.594000e-01 	3.975623e-03 
3.597000e-01 	3.972994e-03 
3.599900e-01 	3.970484e-03 
3.602900e-01 	3.967917e-03 
3.605900e-01 	3.965382e-03 
3.608900e-01 	3.962877e-03 
3.611900e-01 	3.960404e-03 
3.614900e-01 	3.957961e-03 
3.617900e-01 	3.955547e-03 
3.620900e-01 	3.953162e-03 
3.623800e-01 	3.950884e-03 
3.626800e-01 	3.948555e-03 
3.629800e-01 	3.946253e-03 
3.632800e-01 	3.943977e-03 
3.635800e-01 	3.941728e-03 
3.638800e-01 	3.939503e-03 
3.641800e-01 	3.937303e-03 
3.644700e-01 	3.935200e-03 
3.647700e-01 	3.933047e-03 
3.650700e-01 	3.930916e-03 
3.653700e-01 	3.928808e-03 
3.656700e-01 	3.926721e-03 
3.659700e-01 	3.924655e-03 
3.662700e-01 	3.922609e-03 
3.665700e-01 	3.920583e-03 
3.668600e-01 	3.918642e-03 
3.671600e-01 	3.916653e-03 
3.674600e-01 	3.914681e-03 
3.677600e-01 	3.912726e-03 
3.680600e-01 	3.910788e-03 
3.683600e-01 	3.908865e-03 
3.686600e-01 	3.906958e-03 
3.689500e-01 	3.905128e-03 
3.692500e-01 	3.903248e-03 
3.695500e-01 	3.901382e-03 
3.698500e-01 	3.899528e-03 
3.701500e-01 	3.897686e-03 
3.704500e-01 	3.895856e-03 
3.707500e-01 	3.894036e-03 
3.710500e-01 	3.892227e-03 
3.713400e-01 	3.890487e-03 
3.716400e-01 	3.888695e-03 
3.719400e-01 	3.886911e-03 
3.722400e-01 	3.885136e-03 
3.725400e-01 	3.883367e-03 
3.728400e-01 	3.881604e-03 
3.731400e-01 	3.879847e-03 
3.734300e-01 	3.878153e-03 
3.737300e-01 	3.876405e-03 
3.740300e-01 	3.874661e-03 
3.743300e-01 	3.872920e-03 
3.746300e-01 	3.871181e-03 
3.749300e-01 	3.869445e-03 
3.752300e-01 	3.867709e-03 
3.755200e-01 	3.866032e-03 
