#q 	 Ifit_avg 
5.698000e-03 	1.000000e+00 
5.998000e-03 	9.982190e-01 
6.298000e-03 	9.964367e-01 
6.598000e-03 	9.946520e-01 
6.897000e-03 	9.928635e-01 
7.197000e-03 	9.910700e-01 
7.497000e-03 	9.892702e-01 
7.797000e-03 	9.874635e-01 
8.097000e-03 	9.856474e-01 
8.397000e-03 	9.838212e-01 
8.697000e-03 	9.819836e-01 
8.997000e-03 	9.801335e-01 
9.297000e-03 	9.782695e-01 
9.597000e-03 	9.763904e-01 
9.896000e-03 	9.744949e-01 
1.019600e-02 	9.725836e-01 
1.049600e-02 	9.706509e-01 
1.079600e-02 	9.686980e-01 
1.109600e-02 	9.667236e-01 
1.139600e-02 	9.647265e-01 
1.169600e-02 	9.627054e-01 
1.199600e-02 	9.606591e-01 
1.229500e-02 	9.585932e-01 
1.259500e-02 	9.564926e-01 
1.289500e-02 	9.543630e-01 
1.319500e-02 	9.522030e-01 
1.349500e-02 	9.500115e-01 
1.379500e-02 	9.477871e-01 
1.409500e-02 	9.455287e-01 
1.439500e-02 	9.432348e-01 
1.469500e-02 	9.409043e-01 
1.499400e-02 	9.385439e-01 
1.529400e-02 	9.361365e-01 
1.559400e-02 	9.336886e-01 
1.589400e-02 	9.311992e-01 
1.619400e-02 	9.286669e-01 
1.649400e-02 	9.260906e-01 
1.679400e-02 	9.234691e-01 
1.709400e-02 	9.208013e-01 
1.739400e-02 	9.180862e-01 
1.769300e-02 	9.153321e-01 
1.799300e-02 	9.125198e-01 
1.829300e-02 	9.096577e-01 
1.859300e-02 	9.067451e-01 
1.889300e-02 	9.037818e-01 
1.919300e-02 	9.007676e-01 
1.949300e-02 	8.977026e-01 
1.979300e-02 	8.945871e-01 
2.009300e-02 	8.914218e-01 
2.039200e-02 	8.882186e-01 
2.069200e-02 	8.849569e-01 
2.099200e-02 	8.816483e-01 
2.129200e-02 	8.782940e-01 
2.159200e-02 	8.748949e-01 
2.189200e-02 	8.714522e-01 
2.219200e-02 	8.679670e-01 
2.249200e-02 	8.644402e-01 
2.279200e-02 	8.608731e-01 
2.309100e-02 	8.572787e-01 
2.339100e-02 	8.536341e-01 
2.369100e-02 	8.499522e-01 
2.399100e-02 	8.462343e-01 
2.429100e-02 	8.424813e-01 
2.459100e-02 	8.386944e-01 
2.489100e-02 	8.348745e-01 
2.519100e-02 	8.310228e-01 
2.549100e-02 	8.271402e-01 
2.579000e-02 	8.232411e-01 
2.609000e-02 	8.193003e-01 
2.639000e-02 	8.153319e-01 
2.669000e-02 	8.113369e-01 
2.699000e-02 	8.073164e-01 
2.729000e-02 	8.032714e-01 
2.759000e-02 	7.992029e-01 
2.789000e-02 	7.951119e-01 
2.818900e-02 	7.910133e-01 
2.848900e-02 	7.868805e-01 
2.878900e-02 	7.827283e-01 
2.908900e-02 	7.785576e-01 
2.938900e-02 	7.743693e-01 
2.968900e-02 	7.701644e-01 
2.998900e-02 	7.659439e-01 
3.028900e-02 	7.617087e-01 
3.058900e-02 	7.574595e-01 
3.088800e-02 	7.532115e-01 
3.118800e-02 	7.489372e-01 
3.148800e-02 	7.446516e-01 
3.178800e-02 	7.403554e-01 
3.208800e-02 	7.360493e-01 
3.238800e-02 	7.317341e-01 
3.268800e-02 	7.274104e-01 
3.298800e-02 	7.230789e-01 
3.328700e-02 	7.187548e-01 
3.358700e-02 	7.144098e-01 
3.388700e-02 	7.100587e-01 
3.418700e-02 	7.057020e-01 
3.448700e-02 	7.013402e-01 
3.478700e-02 	6.969738e-01 
3.508700e-02 	6.926032e-01 
3.538700e-02 	6.882288e-01 
3.568600e-02 	6.838658e-01 
3.598600e-02 	6.794854e-01 
3.628600e-02 	6.751026e-01 
3.658600e-02 	6.707177e-01 
3.688600e-02 	6.663313e-01 
3.718600e-02 	6.619438e-01 
3.748600e-02 	6.575555e-01 
3.778600e-02 	6.531668e-01 
3.808500e-02 	6.487929e-01 
3.838500e-02 	6.444049e-01 
3.868500e-02 	6.400178e-01 
3.898500e-02 	6.356321e-01 
3.928500e-02 	6.312480e-01 
3.958500e-02 	6.268662e-01 
3.988500e-02 	6.224869e-01 
4.018500e-02 	6.181105e-01 
4.048500e-02 	6.137375e-01 
4.078400e-02 	6.093828e-01 
4.108400e-02 	6.050177e-01 
4.138400e-02 	6.006571e-01 
4.168400e-02 	5.963015e-01 
4.198400e-02 	5.919512e-01 
4.228400e-02 	5.876066e-01 
4.258400e-02 	5.832681e-01 
4.288400e-02 	5.789360e-01 
4.318300e-02 	5.746252e-01 
4.348300e-02 	5.703071e-01 
4.378300e-02 	5.659967e-01 
4.408300e-02 	5.616941e-01 
4.438300e-02 	5.573999e-01 
4.468300e-02 	5.531144e-01 
4.498300e-02 	5.488379e-01 
4.528200e-02 	5.445849e-01 
4.558200e-02 	5.403273e-01 
4.588200e-02 	5.360798e-01 
4.618200e-02 	5.318426e-01 
4.648200e-02 	5.276162e-01 
4.678200e-02 	5.234007e-01 
4.708200e-02 	5.191967e-01 
4.738200e-02 	5.150043e-01 
4.768100e-02 	5.108379e-01 
4.798100e-02 	5.066698e-01 
4.828100e-02 	5.025144e-01 
4.858100e-02 	4.983719e-01 
4.888100e-02 	4.942426e-01 
4.918100e-02 	4.901268e-01 
4.948100e-02 	4.860249e-01 
4.978100e-02 	4.819372e-01 
5.008000e-02 	4.778775e-01 
5.038000e-02 	4.738189e-01 
5.068000e-02 	4.697753e-01 
5.098000e-02 	4.657472e-01 
5.128000e-02 	4.617346e-01 
5.158000e-02 	4.577380e-01 
5.188000e-02 	4.537575e-01 
5.217900e-02 	4.498067e-01 
5.247900e-02 	4.458594e-01 
5.277900e-02 	4.419292e-01 
5.307900e-02 	4.380163e-01 
5.337900e-02 	4.341210e-01 
5.367900e-02 	4.302435e-01 
5.397900e-02 	4.263842e-01 
5.427900e-02 	4.225433e-01 
5.457800e-02 	4.187337e-01 
5.487800e-02 	4.149301e-01 
5.517800e-02 	4.111457e-01 
5.547800e-02 	4.073806e-01 
5.577800e-02 	4.036350e-01 
5.607800e-02 	3.999093e-01 
5.637800e-02 	3.962036e-01 
5.667700e-02 	3.925305e-01 
5.697700e-02 	3.888656e-01 
5.727700e-02 	3.852214e-01 
5.757700e-02 	3.815981e-01 
5.787700e-02 	3.779958e-01 
5.817700e-02 	3.744146e-01 
5.847700e-02 	3.708548e-01 
5.877600e-02 	3.673283e-01 
5.907600e-02 	3.638115e-01 
5.937600e-02 	3.603166e-01 
5.967600e-02 	3.568436e-01 
5.997600e-02 	3.533927e-01 
6.027600e-02 	3.499641e-01 
6.057600e-02 	3.465579e-01 
6.087500e-02 	3.431855e-01 
6.117500e-02 	3.398244e-01 
6.147500e-02 	3.364859e-01 
6.177500e-02 	3.331700e-01 
6.207500e-02 	3.298768e-01 
6.237500e-02 	3.266064e-01 
6.267500e-02 	3.233587e-01 
6.297400e-02 	3.201444e-01 
6.327400e-02 	3.169422e-01 
6.357400e-02 	3.137629e-01 
6.387400e-02 	3.106064e-01 
6.417400e-02 	3.074728e-01 
6.447400e-02 	3.043621e-01 
6.477400e-02 	3.012744e-01 
6.507300e-02 	2.982199e-01 
6.537300e-02 	2.951781e-01 
6.567300e-02 	2.921593e-01 
6.597300e-02 	2.891636e-01 
6.627300e-02 	2.861909e-01 
6.657300e-02 	2.832412e-01 
6.687200e-02 	2.803242e-01 
6.717200e-02 	2.774205e-01 
6.747200e-02 	2.745398e-01 
6.777200e-02 	2.716820e-01 
6.807200e-02 	2.688473e-01 
6.837200e-02 	2.660356e-01 
6.867200e-02 	2.632469e-01 
6.897100e-02 	2.604903e-01 
6.927100e-02 	2.577476e-01 
6.957100e-02 	2.550278e-01 
6.987100e-02 	2.523310e-01 
7.017100e-02 	2.496571e-01 
7.047100e-02 	2.470062e-01 
7.077000e-02 	2.443869e-01 
7.107000e-02 	2.417816e-01 
7.137000e-02 	2.391991e-01 
7.167000e-02 	2.366394e-01 
7.197000e-02 	2.341025e-01 
7.227000e-02 	2.315882e-01 
7.257000e-02 	2.290965e-01 
7.286900e-02 	2.266357e-01 
7.316900e-02 	2.241892e-01 
7.346900e-02 	2.217653e-01 
7.376900e-02 	2.193639e-01 
7.406900e-02 	2.169849e-01 
7.436900e-02 	2.146284e-01 
7.466800e-02 	2.123021e-01 
7.496800e-02 	2.099901e-01 
7.526800e-02 	2.077004e-01 
7.556800e-02 	2.054327e-01 
7.586800e-02 	2.031869e-01 
7.616800e-02 	2.009630e-01 
7.646700e-02 	1.987682e-01 
7.676700e-02 	1.965876e-01 
7.706700e-02 	1.944285e-01 
7.736700e-02 	1.922908e-01 
7.766700e-02 	1.901745e-01 
7.796700e-02 	1.880793e-01 
7.826600e-02 	1.860122e-01 
7.856600e-02 	1.839591e-01 
7.886600e-02 	1.819269e-01 
7.916600e-02 	1.799155e-01 
7.946600e-02 	1.779248e-01 
7.976600e-02 	1.759547e-01 
8.006500e-02 	1.740116e-01 
8.036500e-02 	1.720823e-01 
8.066500e-02 	1.701733e-01 
8.096500e-02 	1.682844e-01 
8.126500e-02 	1.664155e-01 
8.156500e-02 	1.645665e-01 
8.186400e-02 	1.627434e-01 
8.216400e-02 	1.609338e-01 
8.246400e-02 	1.591438e-01 
8.276400e-02 	1.573733e-01 
8.306400e-02 	1.556220e-01 
8.336400e-02 	1.538899e-01 
8.366300e-02 	1.521826e-01 
8.396300e-02 	1.504885e-01 
8.426300e-02 	1.488132e-01 
8.456300e-02 	1.471566e-01 
8.486300e-02 	1.455186e-01 
8.516300e-02 	1.438991e-01 
8.546200e-02 	1.423033e-01 
8.576200e-02 	1.407203e-01 
8.606200e-02 	1.391554e-01 
8.636200e-02 	1.376085e-01 
8.666200e-02 	1.360795e-01 
8.696100e-02 	1.345733e-01 
8.726100e-02 	1.330797e-01 
8.756100e-02 	1.316036e-01 
8.786100e-02 	1.301449e-01 
8.816100e-02 	1.287034e-01 
8.846100e-02 	1.272792e-01 
8.876000e-02 	1.258766e-01 
8.906000e-02 	1.244861e-01 
8.936000e-02 	1.231123e-01 
8.966000e-02 	1.217551e-01 
8.996000e-02 	1.204143e-01 
9.025900e-02 	1.190942e-01 
9.055900e-02 	1.177857e-01 
9.085900e-02 	1.164933e-01 
9.115900e-02 	1.152167e-01 
9.145900e-02 	1.139558e-01 
9.175900e-02 	1.127105e-01 
9.205800e-02 	1.114848e-01 
9.235800e-02 	1.102702e-01 
9.265800e-02 	1.090707e-01 
9.295800e-02 	1.078863e-01 
9.325800e-02 	1.067167e-01 
9.355700e-02 	1.055658e-01 
9.385700e-02 	1.044255e-01 
9.415700e-02 	1.032997e-01 
9.445700e-02 	1.021882e-01 
9.475700e-02 	1.010909e-01 
9.505600e-02 	1.000112e-01 
9.535600e-02 	9.894178e-02 
9.565600e-02 	9.788609e-02 
9.595600e-02 	9.684403e-02 
9.625600e-02 	9.581544e-02 
9.655600e-02 	9.480021e-02 
9.685500e-02 	9.380151e-02 
9.715500e-02 	9.281254e-02 
9.745500e-02 	9.183652e-02 
9.775500e-02 	9.087331e-02 
9.805500e-02 	8.992280e-02 
9.835400e-02 	8.898794e-02 
9.865400e-02 	8.806235e-02 
9.895400e-02 	8.714904e-02 
9.925400e-02 	8.624789e-02 
9.955400e-02 	8.535876e-02 
9.985300e-02 	8.448442e-02 
1.001500e-01 	8.362749e-02 
1.004500e-01 	8.277346e-02 
1.007500e-01 	8.193091e-02 
1.010500e-01 	8.109973e-02 
1.013500e-01 	8.027976e-02 
1.016500e-01 	7.947088e-02 
1.019500e-01 	7.867297e-02 
1.022500e-01 	7.788590e-02 
1.025500e-01 	7.710955e-02 
1.028500e-01 	7.634382e-02 
1.031500e-01 	7.558857e-02 
1.034500e-01 	7.484369e-02 
1.037500e-01 	7.410906e-02 
1.040500e-01 	7.338457e-02 
1.043500e-01 	7.267009e-02 
1.046500e-01 	7.196550e-02 
1.049500e-01 	7.127069e-02 
1.052500e-01 	7.058554e-02 
1.055500e-01 	6.990993e-02 
1.058500e-01 	6.924375e-02 
1.061500e-01 	6.858686e-02 
1.064500e-01 	6.793916e-02 
1.067500e-01 	6.730052e-02 
1.070500e-01 	6.667083e-02 
1.073500e-01 	6.604997e-02 
1.076500e-01 	6.543781e-02 
1.079500e-01 	6.483425e-02 
1.082500e-01 	6.423917e-02 
1.085500e-01 	6.365246e-02 
1.088500e-01 	6.307403e-02 
1.091500e-01 	6.250377e-02 
1.094500e-01 	6.194158e-02 
1.097500e-01 	6.138735e-02 
1.100500e-01 	6.084097e-02 
1.103500e-01 	6.030235e-02 
1.106500e-01 	5.977138e-02 
1.109500e-01 	5.924795e-02 
1.112500e-01 	5.873197e-02 
1.115500e-01 	5.822332e-02 
1.118400e-01 	5.773851e-02 
1.121400e-01 	5.724399e-02 
1.124400e-01 	5.675649e-02 
1.127400e-01 	5.627593e-02 
1.130400e-01 	5.580218e-02 
1.133400e-01 	5.533515e-02 
1.136400e-01 	5.487473e-02 
1.139400e-01 	5.442082e-02 
1.142400e-01 	5.397333e-02 
1.145400e-01 	5.353213e-02 
1.148400e-01 	5.309714e-02 
1.151400e-01 	5.266824e-02 
1.154400e-01 	5.224535e-02 
1.157400e-01 	5.182836e-02 
1.160400e-01 	5.141720e-02 
1.163400e-01 	5.101179e-02 
1.166400e-01 	5.061206e-02 
1.169400e-01 	5.021793e-02 
1.172400e-01 	4.982932e-02 
1.175400e-01 	4.944616e-02 
1.178400e-01 	4.906836e-02 
1.181400e-01 	4.869586e-02 
1.184400e-01 	4.832857e-02 
1.187400e-01 	4.796642e-02 
1.190400e-01 	4.760932e-02 
1.193400e-01 	4.725722e-02 
1.196400e-01 	4.691001e-02 
1.199400e-01 	4.656764e-02 
1.202400e-01 	4.623002e-02 
1.205400e-01 	4.589707e-02 
1.208400e-01 	4.556873e-02 
1.211400e-01 	4.524491e-02 
1.214400e-01 	4.492556e-02 
1.217400e-01 	4.461061e-02 
1.220400e-01 	4.429998e-02 
1.223400e-01 	4.399360e-02 
1.226400e-01 	4.369141e-02 
1.229400e-01 	4.339335e-02 
1.232400e-01 	4.309933e-02 
1.235400e-01 	4.280930e-02 
1.238400e-01 	4.252318e-02 
1.241400e-01 	4.224090e-02 
1.244300e-01 	4.197163e-02 
1.247300e-01 	4.169673e-02 
1.250300e-01 	4.142549e-02 
1.253300e-01 	4.115783e-02 
1.256300e-01 	4.089371e-02 
1.259300e-01 	4.063304e-02 
1.262300e-01 	4.037578e-02 
1.265300e-01 	4.012186e-02 
1.268300e-01 	3.987121e-02 
1.271300e-01 	3.962377e-02 
1.274300e-01 	3.937948e-02 
1.277300e-01 	3.913828e-02 
1.280300e-01 	3.890010e-02 
1.283300e-01 	3.866488e-02 
1.286300e-01 	3.843256e-02 
1.289300e-01 	3.820308e-02 
1.292300e-01 	3.797636e-02 
1.295300e-01 	3.775238e-02 
1.298300e-01 	3.753108e-02 
1.301300e-01 	3.731243e-02 
1.304300e-01 	3.709639e-02 
1.307300e-01 	3.688292e-02 
1.310300e-01 	3.667197e-02 
1.313300e-01 	3.646351e-02 
1.316300e-01 	3.625750e-02 
1.319300e-01 	3.605390e-02 
1.322300e-01 	3.585267e-02 
1.325300e-01 	3.565377e-02 
1.328300e-01 	3.545715e-02 
1.331300e-01 	3.526278e-02 
1.334300e-01 	3.507062e-02 
1.337300e-01 	3.488064e-02 
1.340300e-01 	3.469279e-02 
1.343300e-01 	3.450703e-02 
1.346300e-01 	3.432334e-02 
1.349300e-01 	3.414168e-02 
1.352300e-01 	3.396201e-02 
1.355300e-01 	3.378428e-02 
1.358200e-01 	3.361431e-02 
1.361200e-01 	3.344032e-02 
1.364200e-01 	3.326817e-02 
1.367200e-01 	3.309784e-02 
1.370200e-01 	3.292927e-02 
1.373200e-01 	3.276245e-02 
1.376200e-01 	3.259732e-02 
1.379200e-01 	3.243386e-02 
1.382200e-01 	3.227202e-02 
1.385200e-01 	3.211178e-02 
1.388200e-01 	3.195310e-02 
1.391200e-01 	3.179595e-02 
1.394200e-01 	3.164029e-02 
1.397200e-01 	3.148609e-02 
1.400200e-01 	3.133333e-02 
1.403200e-01 	3.118197e-02 
1.406200e-01 	3.103199e-02 
1.409200e-01 	3.088335e-02 
1.412200e-01 	3.073603e-02 
1.415200e-01 	3.058999e-02 
1.418200e-01 	3.044522e-02 
1.421200e-01 	3.030168e-02 
1.424200e-01 	3.015933e-02 
1.427200e-01 	3.001816e-02 
1.430200e-01 	2.987814e-02 
1.433200e-01 	2.973924e-02 
1.436200e-01 	2.960145e-02 
1.439200e-01 	2.946476e-02 
1.442200e-01 	2.932915e-02 
1.445200e-01 	2.919459e-02 
1.448200e-01 	2.906108e-02 
1.451200e-01 	2.892860e-02 
1.454200e-01 	2.879712e-02 
1.457200e-01 	2.866664e-02 
1.460100e-01 	2.854143e-02 
1.463100e-01 	2.841285e-02 
1.466100e-01 	2.828522e-02 
1.469100e-01 	2.815851e-02 
1.472100e-01 	2.803272e-02 
1.475100e-01 	2.790783e-02 
1.478100e-01 	2.778382e-02 
1.481100e-01 	2.766068e-02 
1.484100e-01 	2.753840e-02 
1.487100e-01 	2.741695e-02 
1.490100e-01 	2.729632e-02 
1.493100e-01 	2.717651e-02 
1.496100e-01 	2.705749e-02 
1.499100e-01 	2.693925e-02 
1.502100e-01 	2.682177e-02 
1.505100e-01 	2.670505e-02 
1.508100e-01 	2.658907e-02 
1.511100e-01 	2.647382e-02 
1.514100e-01 	2.635928e-02 
1.517100e-01 	2.624543e-02 
1.520100e-01 	2.613227e-02 
1.523100e-01 	2.601978e-02 
1.526100e-01 	2.590795e-02 
1.529100e-01 	2.579677e-02 
1.532100e-01 	2.568621e-02 
1.535100e-01 	2.557627e-02 
1.538100e-01 	2.546694e-02 
1.541100e-01 	2.535820e-02 
1.544100e-01 	2.525004e-02 
1.547100e-01 	2.514245e-02 
1.550100e-01 	2.503543e-02 
1.553100e-01 	2.492896e-02 
1.556000e-01 	2.482656e-02 
1.559000e-01 	2.472115e-02 
1.562000e-01 	2.461627e-02 
1.565000e-01 	2.451190e-02 
1.568000e-01 	2.440803e-02 
1.571000e-01 	2.430467e-02 
1.574000e-01 	2.420180e-02 
1.577000e-01 	2.409942e-02 
1.580000e-01 	2.399752e-02 
1.583000e-01 	2.389610e-02 
1.586000e-01 	2.379515e-02 
1.589000e-01 	2.369467e-02 
1.592000e-01 	2.359464e-02 
1.595000e-01 	2.349508e-02 
1.598000e-01 	2.339596e-02 
1.601000e-01 	2.329729e-02 
1.604000e-01 	2.319906e-02 
1.607000e-01 	2.310127e-02 
1.610000e-01 	2.300392e-02 
1.613000e-01 	2.290700e-02 
1.616000e-01 	2.281050e-02 
1.619000e-01 	2.271443e-02 
1.622000e-01 	2.261878e-02 
1.625000e-01 	2.252355e-02 
1.628000e-01 	2.242873e-02 
1.631000e-01 	2.233432e-02 
1.634000e-01 	2.224031e-02 
1.637000e-01 	2.214671e-02 
1.640000e-01 	2.205351e-02 
1.642900e-01 	2.196379e-02 
1.645900e-01 	2.187137e-02 
1.648900e-01 	2.177934e-02 
1.651900e-01 	2.168769e-02 
1.654900e-01 	2.159642e-02 
1.657900e-01 	2.150554e-02 
1.660900e-01 	2.141503e-02 
1.663900e-01 	2.132489e-02 
1.666900e-01 	2.123512e-02 
1.669900e-01 	2.114572e-02 
1.672900e-01 	2.105668e-02 
1.675900e-01 	2.096799e-02 
1.678900e-01 	2.087967e-02 
1.681900e-01 	2.079170e-02 
1.684900e-01 	2.070407e-02 
1.687900e-01 	2.061679e-02 
1.690900e-01 	2.052986e-02 
1.693900e-01 	2.044326e-02 
1.696900e-01 	2.035701e-02 
1.699900e-01 	2.027109e-02 
1.702900e-01 	2.018551e-02 
1.705900e-01 	2.010027e-02 
1.708900e-01 	2.001535e-02 
1.711900e-01 	1.993077e-02 
1.714900e-01 	1.984651e-02 
1.717900e-01 	1.976258e-02 
1.720900e-01 	1.967898e-02 
1.723800e-01 	1.959847e-02 
1.726800e-01 	1.951551e-02 
1.729800e-01 	1.943288e-02 
1.732800e-01 	1.935056e-02 
1.735800e-01 	1.926858e-02 
1.738800e-01 	1.918691e-02 
1.741800e-01 	1.910557e-02 
1.744800e-01 	1.902456e-02 
1.747800e-01 	1.894386e-02 
1.750800e-01 	1.886349e-02 
1.753800e-01 	1.878344e-02 
1.756800e-01 	1.870371e-02 
1.759800e-01 	1.862431e-02 
1.762800e-01 	1.854522e-02 
1.765800e-01 	1.846646e-02 
1.768800e-01 	1.838801e-02 
1.771800e-01 	1.830989e-02 
1.774800e-01 	1.823208e-02 
1.777800e-01 	1.815460e-02 
1.780800e-01 	1.807743e-02 
1.783800e-01 	1.800059e-02 
1.786800e-01 	1.792406e-02 
1.789800e-01 	1.784785e-02 
1.792800e-01 	1.777196e-02 
1.795800e-01 	1.769639e-02 
1.798800e-01 	1.762113e-02 
1.801700e-01 	1.754868e-02 
1.804700e-01 	1.747405e-02 
1.807700e-01 	1.739973e-02 
1.810700e-01 	1.732573e-02 
1.813700e-01 	1.725205e-02 
1.816700e-01 	1.717868e-02 
1.819700e-01 	1.710562e-02 
1.822700e-01 	1.703288e-02 
1.825700e-01 	1.696046e-02 
1.828700e-01 	1.688835e-02 
1.831700e-01 	1.681655e-02 
1.834700e-01 	1.674507e-02 
1.837700e-01 	1.667390e-02 
1.840700e-01 	1.660304e-02 
1.843700e-01 	1.653250e-02 
1.846700e-01 	1.646226e-02 
1.849700e-01 	1.639234e-02 
1.852700e-01 	1.632273e-02 
1.855700e-01 	1.625343e-02 
1.858700e-01 	1.618444e-02 
1.861700e-01 	1.611576e-02 
1.864700e-01 	1.604739e-02 
1.867700e-01 	1.597933e-02 
1.870700e-01 	1.591158e-02 
1.873600e-01 	1.584638e-02 
1.876600e-01 	1.577924e-02 
1.879600e-01 	1.571240e-02 
1.882600e-01 	1.564588e-02 
1.885600e-01 	1.557965e-02 
1.888600e-01 	1.551374e-02 
1.891600e-01 	1.544814e-02 
1.894600e-01 	1.538284e-02 
1.897600e-01 	1.531784e-02 
1.900600e-01 	1.525316e-02 
1.903600e-01 	1.518877e-02 
1.906600e-01 	1.512470e-02 
1.909600e-01 	1.506093e-02 
1.912600e-01 	1.499746e-02 
1.915600e-01 	1.493430e-02 
1.918600e-01 	1.487144e-02 
1.921600e-01 	1.480889e-02 
1.924600e-01 	1.474664e-02 
1.927600e-01 	1.468469e-02 
1.930600e-01 	1.462305e-02 
1.933600e-01 	1.456171e-02 
1.936600e-01 	1.450067e-02 
1.939500e-01 	1.444195e-02 
1.942500e-01 	1.438151e-02 
1.945500e-01 	1.432136e-02 
1.948500e-01 	1.426152e-02 
1.951500e-01 	1.420198e-02 
1.954500e-01 	1.414274e-02 
1.957500e-01 	1.408379e-02 
1.960500e-01 	1.402515e-02 
1.963500e-01 	1.396681e-02 
1.966500e-01 	1.390877e-02 
1.969500e-01 	1.385102e-02 
1.972500e-01 	1.379358e-02 
1.975500e-01 	1.373643e-02 
1.978500e-01 	1.367958e-02 
1.981500e-01 	1.362303e-02 
1.984500e-01 	1.356677e-02 
1.987500e-01 	1.351081e-02 
1.990500e-01 	1.345514e-02 
1.993500e-01 	1.339977e-02 
1.996500e-01 	1.334469e-02 
1.999500e-01 	1.328990e-02 
2.002500e-01 	1.323540e-02 
2.005400e-01 	1.318299e-02 
2.008400e-01 	1.312906e-02 
2.011400e-01 	1.307542e-02 
2.014400e-01 	1.302207e-02 
2.017400e-01 	1.296900e-02 
2.020400e-01 	1.291622e-02 
2.023400e-01 	1.286372e-02 
2.026400e-01 	1.281150e-02 
2.029400e-01 	1.275956e-02 
2.032400e-01 	1.270791e-02 
2.035400e-01 	1.265654e-02 
2.038400e-01 	1.260545e-02 
2.041400e-01 	1.255463e-02 
2.044400e-01 	1.250409e-02 
2.047400e-01 	1.245383e-02 
2.050400e-01 	1.240385e-02 
2.053400e-01 	1.235414e-02 
2.056400e-01 	1.230470e-02 
2.059400e-01 	1.225554e-02 
2.062400e-01 	1.220665e-02 
2.065300e-01 	1.215964e-02 
2.068300e-01 	1.211128e-02 
2.071300e-01 	1.206319e-02 
2.074300e-01 	1.201537e-02 
2.077300e-01 	1.196781e-02 
2.080300e-01 	1.192052e-02 
2.083300e-01 	1.187350e-02 
2.086300e-01 	1.182673e-02 
2.089300e-01 	1.178024e-02 
2.092300e-01 	1.173400e-02 
2.095300e-01 	1.168803e-02 
2.098300e-01 	1.164232e-02 
2.101300e-01 	1.159686e-02 
2.104300e-01 	1.155167e-02 
2.107300e-01 	1.150673e-02 
2.110300e-01 	1.146204e-02 
2.113300e-01 	1.141762e-02 
2.116300e-01 	1.137344e-02 
2.119300e-01 	1.132952e-02 
2.122300e-01 	1.128585e-02 
2.125200e-01 	1.124388e-02 
2.128200e-01 	1.120070e-02 
2.131200e-01 	1.115778e-02 
2.134200e-01 	1.111510e-02 
2.137200e-01 	1.107266e-02 
2.140200e-01 	1.103048e-02 
2.143200e-01 	1.098853e-02 
2.146200e-01 	1.094683e-02 
2.149200e-01 	1.090537e-02 
2.152200e-01 	1.086416e-02 
2.155200e-01 	1.082318e-02 
2.158200e-01 	1.078244e-02 
2.161200e-01 	1.074193e-02 
2.164200e-01 	1.070166e-02 
2.167200e-01 	1.066163e-02 
2.170200e-01 	1.062182e-02 
2.173200e-01 	1.058225e-02 
2.176200e-01 	1.054291e-02 
2.179200e-01 	1.050380e-02 
2.182100e-01 	1.046621e-02 
2.185100e-01 	1.042755e-02 
2.188100e-01 	1.038911e-02 
2.191100e-01 	1.035090e-02 
2.194100e-01 	1.031291e-02 
2.197100e-01 	1.027514e-02 
2.200100e-01 	1.023759e-02 
2.203100e-01 	1.020026e-02 
2.206100e-01 	1.016315e-02 
2.209100e-01 	1.012626e-02 
2.212100e-01 	1.008958e-02 
2.215100e-01 	1.005312e-02 
2.218100e-01 	1.001686e-02 
2.221100e-01 	9.980825e-03 
2.224100e-01 	9.944996e-03 
2.227100e-01 	9.909377e-03 
2.230100e-01 	9.873966e-03 
2.233100e-01 	9.838762e-03 
2.236000e-01 	9.804927e-03 
2.239000e-01 	9.770126e-03 
2.242000e-01 	9.735529e-03 
2.245000e-01 	9.701134e-03 
2.248000e-01 	9.666940e-03 
2.251000e-01 	9.632946e-03 
2.254000e-01 	9.599150e-03 
2.257000e-01 	9.565552e-03 
2.260000e-01 	9.532150e-03 
2.263000e-01 	9.498944e-03 
2.266000e-01 	9.465931e-03 
2.269000e-01 	9.433112e-03 
2.272000e-01 	9.400484e-03 
2.275000e-01 	9.368048e-03 
2.278000e-01 	9.335801e-03 
2.281000e-01 	9.303742e-03 
2.284000e-01 	9.271871e-03 
2.286900e-01 	9.241239e-03 
2.289900e-01 	9.209733e-03 
2.292900e-01 	9.178412e-03 
2.295900e-01 	9.147273e-03 
2.298900e-01 	9.116316e-03 
2.301900e-01 	9.085539e-03 
2.304900e-01 	9.054942e-03 
2.307900e-01 	9.024524e-03 
2.310900e-01 	8.994283e-03 
2.313900e-01 	8.964218e-03 
2.316900e-01 	8.934328e-03 
2.319900e-01 	8.904613e-03 
2.322900e-01 	8.875070e-03 
2.325900e-01 	8.845698e-03 
2.328900e-01 	8.816498e-03 
2.331900e-01 	8.787467e-03 
2.334900e-01 	8.758604e-03 
2.337800e-01 	8.730862e-03 
2.340800e-01 	8.702327e-03 
2.343800e-01 	8.673958e-03 
2.346800e-01 	8.645752e-03 
2.349800e-01 	8.617709e-03 
2.352800e-01 	8.589828e-03 
2.355800e-01 	8.562108e-03 
2.358800e-01 	8.534547e-03 
2.361800e-01 	8.507145e-03 
2.364800e-01 	8.479901e-03 
2.367800e-01 	8.452813e-03 
2.370800e-01 	8.425882e-03 
2.373800e-01 	8.399105e-03 
2.376800e-01 	8.372482e-03 
2.379800e-01 	8.346012e-03 
2.382800e-01 	8.319694e-03 
2.385700e-01 	8.294396e-03 
2.388700e-01 	8.268374e-03 
2.391700e-01 	8.242501e-03 
2.394700e-01 	8.216775e-03 
2.397700e-01 	8.191197e-03 
2.400700e-01 	8.165765e-03 
2.403700e-01 	8.140479e-03 
2.406700e-01 	8.115336e-03 
2.409700e-01 	8.090337e-03 
2.412700e-01 	8.065480e-03 
2.415700e-01 	8.040765e-03 
2.418700e-01 	8.016190e-03 
2.421700e-01 	7.991755e-03 
2.424700e-01 	7.967458e-03 
2.427700e-01 	7.943299e-03 
2.430700e-01 	7.919277e-03 
2.433600e-01 	7.896185e-03 
2.436600e-01 	7.872430e-03 
2.439600e-01 	7.848810e-03 
2.442600e-01 	7.825323e-03 
2.445600e-01 	7.801969e-03 
2.448600e-01 	7.778747e-03 
2.451600e-01 	7.755656e-03 
2.454600e-01 	7.732695e-03 
2.457600e-01 	7.709865e-03 
2.460600e-01 	7.687163e-03 
2.463600e-01 	7.664589e-03 
2.466600e-01 	7.642142e-03 
2.469600e-01 	7.619821e-03 
2.472600e-01 	7.597627e-03 
2.475600e-01 	7.575557e-03 
2.478500e-01 	7.554340e-03 
2.481500e-01 	7.532514e-03 
2.484500e-01 	7.510809e-03 
2.487500e-01 	7.489227e-03 
2.490500e-01 	7.467765e-03 
2.493500e-01 	7.446424e-03 
2.496500e-01 	7.425203e-03 
2.499500e-01 	7.404101e-03 
2.502500e-01 	7.383117e-03 
2.505500e-01 	7.362250e-03 
2.508500e-01 	7.341501e-03 
2.511500e-01 	7.320867e-03 
2.514500e-01 	7.300350e-03 
2.517500e-01 	7.279947e-03 
2.520500e-01 	7.259658e-03 
2.523400e-01 	7.240154e-03 
2.526400e-01 	7.220087e-03 
2.529400e-01 	7.200133e-03 
2.532400e-01 	7.180291e-03 
2.535400e-01 	7.160559e-03 
2.538400e-01 	7.140937e-03 
2.541400e-01 	7.121426e-03 
2.544400e-01 	7.102023e-03 
2.547400e-01 	7.082728e-03 
2.550400e-01 	7.063541e-03 
2.553400e-01 	7.044462e-03 
2.556400e-01 	7.025488e-03 
2.559400e-01 	7.006621e-03 
2.562400e-01 	6.987858e-03 
2.565300e-01 	6.969821e-03 
2.568300e-01 	6.951263e-03 
2.571300e-01 	6.932809e-03 
2.574300e-01 	6.914458e-03 
2.577300e-01 	6.896209e-03 
2.580300e-01 	6.878061e-03 
2.583300e-01 	6.860015e-03 
2.586300e-01 	6.842070e-03 
2.589300e-01 	6.824224e-03 
2.592300e-01 	6.806478e-03 
2.595300e-01 	6.788831e-03 
2.598300e-01 	6.771282e-03 
2.601300e-01 	6.753832e-03 
2.604300e-01 	6.736478e-03 
2.607200e-01 	6.719796e-03 
2.610200e-01 	6.702633e-03 
2.613200e-01 	6.685566e-03 
2.616200e-01 	6.668594e-03 
2.619200e-01 	6.651717e-03 
2.622200e-01 	6.634935e-03 
2.625200e-01 	6.618247e-03 
2.628200e-01 	6.601652e-03 
2.631200e-01 	6.585151e-03 
2.634200e-01 	6.568742e-03 
2.637200e-01 	6.552425e-03 
2.640200e-01 	6.536200e-03 
2.643200e-01 	6.520066e-03 
2.646200e-01 	6.504022e-03 
2.649100e-01 	6.488599e-03 
2.652100e-01 	6.472733e-03 
2.655100e-01 	6.456955e-03 
2.658100e-01 	6.441267e-03 
2.661100e-01 	6.425667e-03 
2.664100e-01 	6.410155e-03 
2.667100e-01 	6.394730e-03 
2.670100e-01 	6.379393e-03 
2.673100e-01 	6.364142e-03 
2.676100e-01 	6.348977e-03 
2.679100e-01 	6.333899e-03 
2.682100e-01 	6.318906e-03 
2.685100e-01 	6.303998e-03 
2.688000e-01 	6.289667e-03 
2.691000e-01 	6.274926e-03 
2.694000e-01 	6.260268e-03 
2.697000e-01 	6.245693e-03 
2.700000e-01 	6.231202e-03 
2.703000e-01 	6.216794e-03 
2.706000e-01 	6.202468e-03 
2.709000e-01 	6.188224e-03 
2.712000e-01 	6.174061e-03 
2.715000e-01 	6.159980e-03 
2.718000e-01 	6.145980e-03 
2.721000e-01 	6.132060e-03 
2.724000e-01 	6.118220e-03 
2.726900e-01 	6.104917e-03 
2.729900e-01 	6.091233e-03 
2.732900e-01 	6.077629e-03 
2.735900e-01 	6.064103e-03 
2.738900e-01 	6.050655e-03 
2.741900e-01 	6.037286e-03 
2.744900e-01 	6.023993e-03 
2.747900e-01 	6.010778e-03 
2.750900e-01 	5.997640e-03 
2.753900e-01 	5.984578e-03 
2.756900e-01 	5.971593e-03 
2.759900e-01 	5.958683e-03 
2.762800e-01 	5.946275e-03 
2.765800e-01 	5.933513e-03 
2.768800e-01 	5.920826e-03 
2.771800e-01 	5.908213e-03 
2.774800e-01 	5.895674e-03 
2.777800e-01 	5.883209e-03 
2.780800e-01 	5.870817e-03 
2.783800e-01 	5.858498e-03 
2.786800e-01 	5.846251e-03 
2.789800e-01 	5.834077e-03 
2.792800e-01 	5.821974e-03 
2.795800e-01 	5.809943e-03 
2.798700e-01 	5.798381e-03 
2.801700e-01 	5.786490e-03 
2.804700e-01 	5.774669e-03 
2.807700e-01 	5.762919e-03 
2.810700e-01 	5.751239e-03 
2.813700e-01 	5.739628e-03 
2.816700e-01 	5.728087e-03 
2.819700e-01 	5.716615e-03 
2.822700e-01 	5.705212e-03 
2.825700e-01 	5.693877e-03 
2.828700e-01 	5.682610e-03 
2.831700e-01 	5.671412e-03 
2.834600e-01 	5.660651e-03 
2.837600e-01 	5.649586e-03 
2.840600e-01 	5.638588e-03 
2.843600e-01 	5.627656e-03 
2.846600e-01 	5.616791e-03 
2.849600e-01 	5.605992e-03 
2.852600e-01 	5.595260e-03 
2.855600e-01 	5.584593e-03 
2.858600e-01 	5.573991e-03 
2.861600e-01 	5.563455e-03 
2.864600e-01 	5.552984e-03 
2.867600e-01 	5.542577e-03 
2.870500e-01 	5.532578e-03 
2.873500e-01 	5.522297e-03 
2.876500e-01 	5.512080e-03 
2.879500e-01 	5.501926e-03 
2.882500e-01 	5.491835e-03 
2.885500e-01 	5.481808e-03 
2.888500e-01 	5.471842e-03 
2.891500e-01 	5.461939e-03 
2.894500e-01 	5.452098e-03 
2.897500e-01 	5.442318e-03 
2.900500e-01 	5.432600e-03 
2.903500e-01 	5.422943e-03 
2.906400e-01 	5.413665e-03 
2.909400e-01 	5.404127e-03 
2.912400e-01 	5.394649e-03 
2.915400e-01 	5.385231e-03 
2.918400e-01 	5.375872e-03 
2.921400e-01 	5.366573e-03 
2.924400e-01 	5.357332e-03 
2.927400e-01 	5.348151e-03 
2.930400e-01 	5.339027e-03 
2.933400e-01 	5.329962e-03 
2.936400e-01 	5.320954e-03 
2.939300e-01 	5.312302e-03 
2.942300e-01 	5.303407e-03 
2.945300e-01 	5.294569e-03 
2.948300e-01 	5.285788e-03 
2.951300e-01 	5.277064e-03 
2.954300e-01 	5.268396e-03 
2.957300e-01 	5.259784e-03 
2.960300e-01 	5.251228e-03 
2.963300e-01 	5.242727e-03 
2.966300e-01 	5.234281e-03 
2.969300e-01 	5.225891e-03 
2.972200e-01 	5.217833e-03 
2.975200e-01 	5.209550e-03 
2.978200e-01 	5.201321e-03 
2.981200e-01 	5.193147e-03 
2.984200e-01 	5.185027e-03 
2.987200e-01 	5.176960e-03 
2.990200e-01 	5.168946e-03 
2.993200e-01 	5.160986e-03 
2.996200e-01 	5.153078e-03 
2.999200e-01 	5.145223e-03 
3.002200e-01 	5.137420e-03 
3.005100e-01 	5.129927e-03 
3.008100e-01 	5.122226e-03 
3.011100e-01 	5.114578e-03 
3.014100e-01 	5.106980e-03 
3.017100e-01 	5.099433e-03 
3.020100e-01 	5.091938e-03 
3.023100e-01 	5.084493e-03 
3.026100e-01 	5.077098e-03 
3.029100e-01 	5.069754e-03 
3.032100e-01 	5.062459e-03 
3.035000e-01 	5.055455e-03 
3.038000e-01 	5.048257e-03 
3.041000e-01 	5.041109e-03 
3.044000e-01 	5.034009e-03 
3.047000e-01 	5.026958e-03 
3.050000e-01 	5.019955e-03 
3.053000e-01 	5.013001e-03 
3.056000e-01 	5.006094e-03 
3.059000e-01 	4.999234e-03 
3.062000e-01 	4.992422e-03 
3.065000e-01 	4.985657e-03 
3.067900e-01 	4.979162e-03 
3.070900e-01 	4.972489e-03 
3.073900e-01 	4.965862e-03 
3.076900e-01 	4.959281e-03 
3.079900e-01 	4.952746e-03 
3.082900e-01 	4.946257e-03 
3.085900e-01 	4.939813e-03 
3.088900e-01 	4.933414e-03 
3.091900e-01 	4.927060e-03 
3.094900e-01 	4.920751e-03 
3.097800e-01 	4.914694e-03 
3.100800e-01 	4.908473e-03 
3.103800e-01 	4.902295e-03 
3.106800e-01 	4.896161e-03 
3.109800e-01 	4.890070e-03 
3.112800e-01 	4.884023e-03 
3.115800e-01 	4.878019e-03 
3.118800e-01 	4.872058e-03 
3.121800e-01 	4.866140e-03 
3.124800e-01 	4.860264e-03 
3.127700e-01 	4.854625e-03 
3.130700e-01 	4.848832e-03 
3.133700e-01 	4.843081e-03 
3.136700e-01 	4.837371e-03 
3.139700e-01 	4.831703e-03 
3.142700e-01 	4.826076e-03 
3.145700e-01 	4.820490e-03 
3.148700e-01 	4.814945e-03 
3.151700e-01 	4.809440e-03 
3.154700e-01 	4.803975e-03 
3.157600e-01 	4.798731e-03 
3.160600e-01 	4.793344e-03 
3.163600e-01 	4.787998e-03 
3.166600e-01 	4.782691e-03 
3.169600e-01 	4.777423e-03 
3.172600e-01 	4.772194e-03 
3.175600e-01 	4.767004e-03 
3.178600e-01 	4.761852e-03 
3.181600e-01 	4.756738e-03 
3.184600e-01 	4.751663e-03 
3.187500e-01 	4.746793e-03 
3.190500e-01 	4.741791e-03 
3.193500e-01 	4.736827e-03 
3.196500e-01 	4.731901e-03 
3.199500e-01 	4.727011e-03 
3.202500e-01 	4.722158e-03 
3.205500e-01 	4.717342e-03 
3.208500e-01 	4.712562e-03 
3.211500e-01 	4.707818e-03 
3.214400e-01 	4.703267e-03 
3.217400e-01 	4.698594e-03 
3.220400e-01 	4.693956e-03 
3.223400e-01 	4.689353e-03 
3.226400e-01 	4.684786e-03 
3.229400e-01 	4.680253e-03 
3.232400e-01 	4.675756e-03 
3.235400e-01 	4.671292e-03 
3.238400e-01 	4.666863e-03 
3.241400e-01 	4.662468e-03 
3.244300e-01 	4.658252e-03 
3.247300e-01 	4.653923e-03 
3.250300e-01 	4.649628e-03 
3.253300e-01 	4.645366e-03 
3.256300e-01 	4.641137e-03 
3.259300e-01 	4.636941e-03 
3.262300e-01 	4.632778e-03 
3.265300e-01 	4.628647e-03 
3.268300e-01 	4.624549e-03 
3.271200e-01 	4.620617e-03 
3.274200e-01 	4.616582e-03 
3.277200e-01 	4.612578e-03 
3.280200e-01 	4.608605e-03 
3.283200e-01 	4.604664e-03 
3.286200e-01 	4.600754e-03 
3.289200e-01 	4.596875e-03 
3.292200e-01 	4.593026e-03 
3.295200e-01 	4.589208e-03 
3.298100e-01 	4.585546e-03 
3.301100e-01 	4.581788e-03 
3.304100e-01 	4.578060e-03 
3.307100e-01 	4.574361e-03 
3.310100e-01 	4.570692e-03 
3.313100e-01 	4.567052e-03 
3.316100e-01 	4.563441e-03 
3.319100e-01 	4.559860e-03 
3.322100e-01 	4.556307e-03 
3.325000e-01 	4.552900e-03 
3.328000e-01 	4.549404e-03 
3.331000e-01 	4.545936e-03 
3.334000e-01 	4.542496e-03 
3.337000e-01 	4.539083e-03 
3.340000e-01 	4.535699e-03 
3.343000e-01 	4.532342e-03 
3.346000e-01 	4.529013e-03 
3.349000e-01 	4.525710e-03 
3.351900e-01 	4.522544e-03 
3.354900e-01 	4.519294e-03 
3.357900e-01 	4.516071e-03 
3.360900e-01 	4.512875e-03 
3.363900e-01 	4.509704e-03 
3.366900e-01 	4.506560e-03 
3.369900e-01 	4.503442e-03 
3.372900e-01 	4.500349e-03 
3.375900e-01 	4.497281e-03 
3.378800e-01 	4.494340e-03 
3.381800e-01 	4.491322e-03 
3.384800e-01 	4.488328e-03 
3.387800e-01 	4.485360e-03 
3.390800e-01 	4.482416e-03 
3.393800e-01 	4.479496e-03 
3.396800e-01 	4.476600e-03 
3.399800e-01 	4.473728e-03 
3.402800e-01 	4.470880e-03 
3.405700e-01 	4.468150e-03 
3.408700e-01 	4.465348e-03 
3.411700e-01 	4.462569e-03 
3.414700e-01 	4.459813e-03 
3.417700e-01 	4.457080e-03 
3.420700e-01 	4.454370e-03 
3.423700e-01 	4.451682e-03 
3.426700e-01 	4.449016e-03 
3.429600e-01 	4.446460e-03 
3.432600e-01 	4.443838e-03 
3.435600e-01 	4.441237e-03 
3.438600e-01 	4.438658e-03 
3.441600e-01 	4.436100e-03 
3.444600e-01 	4.433563e-03 
3.447600e-01 	4.431047e-03 
3.450600e-01 	4.428552e-03 
3.453600e-01 	4.426077e-03 
3.456500e-01 	4.423705e-03 
3.459500e-01 	4.421270e-03 
3.462500e-01 	4.418855e-03 
3.465500e-01 	4.416460e-03 
3.468500e-01 	4.414085e-03 
3.471500e-01 	4.411729e-03 
3.474500e-01 	4.409393e-03 
3.477500e-01 	4.407076e-03 
3.480400e-01 	4.404854e-03 
3.483400e-01 	4.402573e-03 
3.486400e-01 	4.400312e-03 
3.489400e-01 	4.398068e-03 
3.492400e-01 	4.395843e-03 
3.495400e-01 	4.393637e-03 
3.498400e-01 	4.391448e-03 
3.501400e-01 	4.389277e-03 
3.504300e-01 	4.387195e-03 
3.507300e-01 	4.385058e-03 
3.510300e-01 	4.382939e-03 
3.513300e-01 	4.380838e-03 
3.516300e-01 	4.378753e-03 
3.519300e-01 	4.376686e-03 
3.522300e-01 	4.374635e-03 
3.525300e-01 	4.372601e-03 
3.528200e-01 	4.370651e-03 
3.531200e-01 	4.368650e-03 
3.534200e-01 	4.366666e-03 
3.537200e-01 	4.364697e-03 
3.540200e-01 	4.362745e-03 
3.543200e-01 	4.360809e-03 
3.546200e-01 	4.358889e-03 
3.549200e-01 	4.356985e-03 
3.552100e-01 	4.355160e-03 
3.555100e-01 	4.353286e-03 
3.558100e-01 	4.351429e-03 
3.561100e-01 	4.349586e-03 
3.564100e-01 	4.347759e-03 
3.567100e-01 	4.345947e-03 
3.570100e-01 	4.344150e-03 
3.573100e-01 	4.342368e-03 
3.576000e-01 	4.340660e-03 
3.579000e-01 	4.338907e-03 
3.582000e-01 	4.337168e-03 
3.585000e-01 	4.335444e-03 
3.588000e-01 	4.333734e-03 
3.591000e-01 	4.332039e-03 
3.594000e-01 	4.330357e-03 
3.597000e-01 	4.328690e-03 
3.599900e-01 	4.327091e-03 
3.602900e-01 	4.325450e-03 
3.605900e-01 	4.323824e-03 
3.608900e-01 	4.322210e-03 
3.611900e-01 	4.320610e-03 
3.614900e-01 	4.319023e-03 
3.617900e-01 	4.317450e-03 
3.620900e-01 	4.315889e-03 
3.623800e-01 	4.314392e-03 
3.626800e-01 	4.312857e-03 
3.629800e-01 	4.311333e-03 
3.632800e-01 	4.309822e-03 
3.635800e-01 	4.308322e-03 
3.638800e-01 	4.306835e-03 
3.641800e-01 	4.305358e-03 
3.644700e-01 	4.303941e-03 
3.647700e-01 	4.302486e-03 
3.650700e-01 	4.301041e-03 
3.653700e-01 	4.299607e-03 
3.656700e-01 	4.298182e-03 
3.659700e-01 	4.296767e-03 
3.662700e-01 	4.295361e-03 
3.665700e-01 	4.293964e-03 
3.668600e-01 	4.292622e-03 
3.671600e-01 	4.291242e-03 
3.674600e-01 	4.289870e-03 
3.677600e-01 	4.288505e-03 
3.680600e-01 	4.287149e-03 
3.683600e-01 	4.285799e-03 
3.686600e-01 	4.284456e-03 
3.689500e-01 	4.283165e-03 
3.692500e-01 	4.281835e-03 
3.695500e-01 	4.280511e-03 
3.698500e-01 	4.279193e-03 
3.701500e-01 	4.277881e-03 
3.704500e-01 	4.276573e-03 
3.707500e-01 	4.275271e-03 
3.710500e-01 	4.273973e-03 
3.713400e-01 	4.272722e-03 
3.716400e-01 	4.271433e-03 
3.719400e-01 	4.270147e-03 
3.722400e-01 	4.268864e-03 
3.725400e-01 	4.267585e-03 
3.728400e-01 	4.266308e-03 
3.731400e-01 	4.265034e-03 
3.734300e-01 	4.263805e-03 
3.737300e-01 	4.262535e-03 
3.740300e-01 	4.261267e-03 
3.743300e-01 	4.260001e-03 
3.746300e-01 	4.258735e-03 
3.749300e-01 	4.257470e-03 
3.752300e-01 	4.256206e-03 
3.755200e-01 	4.254984e-03 
