#q 	 Ifit_avg 
4.430000e-03 	1.000000e+00 
4.716000e-03 	9.976322e-01 
5.002000e-03 	9.952633e-01 
5.288000e-03 	9.928905e-01 
5.573000e-03 	9.905116e-01 
5.859000e-03 	9.881248e-01 
6.145000e-03 	9.857281e-01 
6.431000e-03 	9.833186e-01 
6.717000e-03 	9.808959e-01 
7.003000e-03 	9.784573e-01 
7.288000e-03 	9.760008e-01 
7.574000e-03 	9.735243e-01 
7.860000e-03 	9.710258e-01 
8.146000e-03 	9.685034e-01 
8.432000e-03 	9.659542e-01 
8.717000e-03 	9.633779e-01 
9.003000e-03 	9.607717e-01 
9.289000e-03 	9.581335e-01 
9.575000e-03 	9.554614e-01 
9.861000e-03 	9.527534e-01 
1.014600e-02 	9.500113e-01 
1.043200e-02 	9.472235e-01 
1.071800e-02 	9.443937e-01 
1.100400e-02 	9.415199e-01 
1.129000e-02 	9.386001e-01 
1.157600e-02 	9.356323e-01 
1.186100e-02 	9.326251e-01 
1.214700e-02 	9.295556e-01 
1.243300e-02 	9.264322e-01 
1.271900e-02 	9.232530e-01 
1.300500e-02 	9.200162e-01 
1.329000e-02 	9.167317e-01 
1.357600e-02 	9.133750e-01 
1.386200e-02 	9.099559e-01 
1.414800e-02 	9.064735e-01 
1.443400e-02 	9.029265e-01 
1.472000e-02 	8.993144e-01 
1.500500e-02 	8.956496e-01 
1.529100e-02 	8.919061e-01 
1.557700e-02 	8.880969e-01 
1.586300e-02 	8.842220e-01 
1.614900e-02 	8.802822e-01 
1.643400e-02 	8.762924e-01 
1.672000e-02 	8.722254e-01 
1.700600e-02 	8.680966e-01 
1.729200e-02 	8.639073e-01 
1.757800e-02 	8.596590e-01 
1.786300e-02 	8.553686e-01 
1.814900e-02 	8.510079e-01 
1.843500e-02 	8.465937e-01 
1.872100e-02 	8.421279e-01 
1.900700e-02 	8.376128e-01 
1.929300e-02 	8.330503e-01 
1.957800e-02 	8.284588e-01 
1.986400e-02 	8.238082e-01 
2.015000e-02 	8.191166e-01 
2.043600e-02 	8.143862e-01 
2.072200e-02 	8.096190e-01 
2.100700e-02 	8.048341e-01 
2.129300e-02 	7.999999e-01 
2.157900e-02 	7.951352e-01 
2.186500e-02 	7.902421e-01 
2.215100e-02 	7.853225e-01 
2.243700e-02 	7.803785e-01 
2.272200e-02 	7.754293e-01 
2.300800e-02 	7.704421e-01 
2.329400e-02 	7.654361e-01 
2.358000e-02 	7.604131e-01 
2.386600e-02 	7.553749e-01 
2.415100e-02 	7.503408e-01 
2.443700e-02 	7.452773e-01 
2.472300e-02 	7.402035e-01 
2.500900e-02 	7.351210e-01 
2.529500e-02 	7.300314e-01 
2.558100e-02 	7.249362e-01 
2.586600e-02 	7.198547e-01 
2.615200e-02 	7.147524e-01 
2.643800e-02 	7.096486e-01 
2.672400e-02 	7.045445e-01 
2.701000e-02 	6.994416e-01 
2.729500e-02 	6.943587e-01 
2.758100e-02 	6.892612e-01 
2.786700e-02 	6.841682e-01 
2.815300e-02 	6.790808e-01 
2.843900e-02 	6.739999e-01 
2.872400e-02 	6.689444e-01 
2.901000e-02 	6.638796e-01 
2.929600e-02 	6.588242e-01 
2.958200e-02 	6.537790e-01 
2.986800e-02 	6.487451e-01 
3.015400e-02 	6.437232e-01 
3.043900e-02 	6.387316e-01 
3.072500e-02 	6.337360e-01 
3.101100e-02 	6.287547e-01 
3.129700e-02 	6.237884e-01 
3.158300e-02 	6.188378e-01 
3.186800e-02 	6.139208e-01 
3.215400e-02 	6.090035e-01 
3.244000e-02 	6.041038e-01 
3.272600e-02 	5.992225e-01 
3.301200e-02 	5.943600e-01 
3.329800e-02 	5.895168e-01 
3.358300e-02 	5.847104e-01 
3.386900e-02 	5.799075e-01 
3.415500e-02 	5.751257e-01 
3.444100e-02 	5.703654e-01 
3.472700e-02 	5.656270e-01 
3.501200e-02 	5.609276e-01 
3.529800e-02 	5.562345e-01 
3.558400e-02 	5.515648e-01 
3.587000e-02 	5.469188e-01 
3.615600e-02 	5.422971e-01 
3.644200e-02 	5.377000e-01 
3.672700e-02 	5.331438e-01 
3.701300e-02 	5.285969e-01 
3.729900e-02 	5.240757e-01 
3.758500e-02 	5.195806e-01 
3.787100e-02 	5.151119e-01 
3.815600e-02 	5.106854e-01 
3.844200e-02 	5.062704e-01 
3.872800e-02 	5.018828e-01 
3.901400e-02 	4.975228e-01 
3.930000e-02 	4.931906e-01 
3.958500e-02 	4.889015e-01 
3.987100e-02 	4.846257e-01 
4.015700e-02 	4.803786e-01 
4.044300e-02 	4.761604e-01 
4.072900e-02 	4.719712e-01 
4.101500e-02 	4.678113e-01 
4.130000e-02 	4.636952e-01 
4.158600e-02 	4.595941e-01 
4.187200e-02 	4.555229e-01 
4.215800e-02 	4.514816e-01 
4.244400e-02 	4.474703e-01 
4.272900e-02 	4.435031e-01 
4.301500e-02 	4.395522e-01 
4.330100e-02 	4.356318e-01 
4.358700e-02 	4.317419e-01 
4.387300e-02 	4.278825e-01 
4.415900e-02 	4.240539e-01 
4.444400e-02 	4.202692e-01 
4.473000e-02 	4.165019e-01 
4.501600e-02 	4.127655e-01 
4.530200e-02 	4.090598e-01 
4.558800e-02 	4.053850e-01 
4.587300e-02 	4.017538e-01 
4.615900e-02 	3.981408e-01 
4.644500e-02 	3.945586e-01 
4.673100e-02 	3.910074e-01 
4.701700e-02 	3.874871e-01 
4.730200e-02 	3.840097e-01 
4.758800e-02 	3.805508e-01 
4.787400e-02 	3.771227e-01 
4.816000e-02 	3.737252e-01 
4.844600e-02 	3.703583e-01 
4.873200e-02 	3.670220e-01 
4.901700e-02 	3.637277e-01 
4.930300e-02 	3.604523e-01 
4.958900e-02 	3.572072e-01 
4.987500e-02 	3.539923e-01 
5.016100e-02 	3.508076e-01 
5.044600e-02 	3.476638e-01 
5.073200e-02 	3.445387e-01 
5.101800e-02 	3.414433e-01 
5.130400e-02 	3.383776e-01 
5.159000e-02 	3.353413e-01 
5.187600e-02 	3.323344e-01 
5.216100e-02 	3.293671e-01 
5.244700e-02 	3.264184e-01 
5.273300e-02 	3.234987e-01 
5.301900e-02 	3.206077e-01 
5.330500e-02 	3.177453e-01 
5.359000e-02 	3.149211e-01 
5.387600e-02 	3.121150e-01 
5.416200e-02 	3.093370e-01 
5.444800e-02 	3.065867e-01 
5.473400e-02 	3.038641e-01 
5.502000e-02 	3.011689e-01 
5.530500e-02 	2.985103e-01 
5.559100e-02 	2.958694e-01 
5.587700e-02 	2.932554e-01 
5.616300e-02 	2.906682e-01 
5.644900e-02 	2.881074e-01 
5.673400e-02 	2.855817e-01 
5.702000e-02 	2.830731e-01 
5.730600e-02 	2.805903e-01 
5.759200e-02 	2.781330e-01 
5.787800e-02 	2.757011e-01 
5.816300e-02 	2.733026e-01 
5.844900e-02 	2.709206e-01 
5.873500e-02 	2.685633e-01 
5.902100e-02 	2.662305e-01 
5.930700e-02 	2.639220e-01 
5.959300e-02 	2.616376e-01 
5.987800e-02 	2.593850e-01 
6.016400e-02 	2.571480e-01 
6.045000e-02 	2.549344e-01 
6.073600e-02 	2.527440e-01 
6.102200e-02 	2.505765e-01 
6.130700e-02 	2.484392e-01 
6.159300e-02 	2.463168e-01 
6.187900e-02 	2.442166e-01 
6.216500e-02 	2.421385e-01 
6.245100e-02 	2.400822e-01 
6.273700e-02 	2.380475e-01 
6.302200e-02 	2.360412e-01 
6.330800e-02 	2.340490e-01 
6.359400e-02 	2.320776e-01 
6.388000e-02 	2.301270e-01 
6.416600e-02 	2.281969e-01 
6.445100e-02 	2.262937e-01 
6.473700e-02 	2.244040e-01 
6.502300e-02 	2.225341e-01 
6.530900e-02 	2.206840e-01 
6.559500e-02 	2.188534e-01 
6.588100e-02 	2.170420e-01 
6.616600e-02 	2.152559e-01 
6.645200e-02 	2.134824e-01 
6.673800e-02 	2.117275e-01 
6.702400e-02 	2.099911e-01 
6.731000e-02 	2.082729e-01 
6.759500e-02 	2.065787e-01 
6.788100e-02 	2.048963e-01 
6.816700e-02 	2.032317e-01 
6.845300e-02 	2.015846e-01 
6.873900e-02 	1.999549e-01 
6.902400e-02 	1.983480e-01 
6.931000e-02 	1.967523e-01 
6.959600e-02 	1.951735e-01 
6.988200e-02 	1.936112e-01 
7.016800e-02 	1.920654e-01 
7.045400e-02 	1.905358e-01 
7.073900e-02 	1.890275e-01 
7.102500e-02 	1.875297e-01 
7.131100e-02 	1.860476e-01 
7.159700e-02 	1.845811e-01 
7.188300e-02 	1.831299e-01 
7.216800e-02 	1.816989e-01 
7.245400e-02 	1.802779e-01 
7.274000e-02 	1.788719e-01 
7.302600e-02 	1.774806e-01 
7.331200e-02 	1.761039e-01 
7.359800e-02 	1.747417e-01 
7.388300e-02 	1.733984e-01 
7.416900e-02 	1.720646e-01 
7.445500e-02 	1.707447e-01 
7.474100e-02 	1.694387e-01 
7.502700e-02 	1.681464e-01 
7.531200e-02 	1.668721e-01 
7.559800e-02 	1.656067e-01 
7.588400e-02 	1.643545e-01 
7.617000e-02 	1.631154e-01 
7.645600e-02 	1.618892e-01 
7.674200e-02 	1.606758e-01 
7.702700e-02 	1.594792e-01 
7.731300e-02 	1.582910e-01 
7.759900e-02 	1.571151e-01 
7.788500e-02 	1.559515e-01 
7.817100e-02 	1.548000e-01 
7.845600e-02 	1.536645e-01 
7.874200e-02 	1.525368e-01 
7.902800e-02 	1.514210e-01 
7.931400e-02 	1.503168e-01 
7.960000e-02 	1.492242e-01 
7.988500e-02 	1.481468e-01 
8.017100e-02 	1.470769e-01 
8.045700e-02 	1.460182e-01 
8.074300e-02 	1.449705e-01 
8.102900e-02 	1.439338e-01 
8.131500e-02 	1.429079e-01 
8.160000e-02 	1.418963e-01 
8.188600e-02 	1.408916e-01 
8.217200e-02 	1.398974e-01 
8.245800e-02 	1.389135e-01 
8.274400e-02 	1.379398e-01 
8.302900e-02 	1.369796e-01 
8.331500e-02 	1.360261e-01 
8.360100e-02 	1.350825e-01 
8.388700e-02 	1.341488e-01 
8.417300e-02 	1.332248e-01 
8.445900e-02 	1.323105e-01 
8.474400e-02 	1.314090e-01 
8.503000e-02 	1.305137e-01 
8.531600e-02 	1.296278e-01 
8.560200e-02 	1.287512e-01 
8.588800e-02 	1.278837e-01 
8.617300e-02 	1.270283e-01 
8.645900e-02 	1.261789e-01 
8.674500e-02 	1.253384e-01 
8.703100e-02 	1.245066e-01 
8.731700e-02 	1.236835e-01 
8.760300e-02 	1.228691e-01 
8.788800e-02 	1.220659e-01 
8.817400e-02 	1.212682e-01 
8.846000e-02 	1.204790e-01 
8.874600e-02 	1.196979e-01 
8.903200e-02 	1.189250e-01 
8.931700e-02 	1.181629e-01 
8.960300e-02 	1.174061e-01 
8.988900e-02 	1.166572e-01 
9.017500e-02 	1.159162e-01 
9.046100e-02 	1.151829e-01 
9.074600e-02 	1.144599e-01 
9.103200e-02 	1.137419e-01 
9.131800e-02 	1.130314e-01 
9.160400e-02 	1.123284e-01 
9.189000e-02 	1.116328e-01 
9.217600e-02 	1.109444e-01 
9.246100e-02 	1.102657e-01 
9.274700e-02 	1.095916e-01 
9.303300e-02 	1.089246e-01 
9.331900e-02 	1.082646e-01 
9.360500e-02 	1.076114e-01 
9.389000e-02 	1.069673e-01 
9.417600e-02 	1.063277e-01 
9.446200e-02 	1.056947e-01 
9.474800e-02 	1.050683e-01 
9.503400e-02 	1.044483e-01 
9.532000e-02 	1.038349e-01 
9.560500e-02 	1.032299e-01 
9.589100e-02 	1.026292e-01 
9.617700e-02 	1.020346e-01 
9.646300e-02 	1.014463e-01 
9.674900e-02 	1.008641e-01 
9.703400e-02 	1.002900e-01 
9.732000e-02 	9.971978e-02 
9.760600e-02 	9.915553e-02 
9.789200e-02 	9.859716e-02 
9.817800e-02 	9.804458e-02 
9.846400e-02 	9.749775e-02 
9.874900e-02 	9.695847e-02 
9.903500e-02 	9.642289e-02 
9.932100e-02 	9.589285e-02 
9.960700e-02 	9.536826e-02 
9.989300e-02 	9.484905e-02 
1.001800e-01 	9.433336e-02 
1.004600e-01 	9.383535e-02 
1.007500e-01 	9.332479e-02 
1.010400e-01 	9.281949e-02 
1.013200e-01 	9.233654e-02 
1.016100e-01 	9.184139e-02 
1.018900e-01 	9.136813e-02 
1.021800e-01 	9.088291e-02 
1.024600e-01 	9.041914e-02 
1.027500e-01 	8.994363e-02 
1.030400e-01 	8.947298e-02 
1.033200e-01 	8.902312e-02 
1.036100e-01 	8.856187e-02 
1.038900e-01 	8.812097e-02 
1.041800e-01 	8.766889e-02 
1.044700e-01 	8.722139e-02 
1.047500e-01 	8.679362e-02 
1.050400e-01 	8.635496e-02 
1.053200e-01 	8.593560e-02 
1.056100e-01 	8.550552e-02 
1.058900e-01 	8.509433e-02 
1.061800e-01 	8.467260e-02 
1.064700e-01 	8.425501e-02 
1.067500e-01 	8.385570e-02 
1.070400e-01 	8.344608e-02 
1.073200e-01 	8.305435e-02 
1.076100e-01 	8.265249e-02 
1.079000e-01 	8.225450e-02 
1.081800e-01 	8.187388e-02 
1.084700e-01 	8.148337e-02 
1.087500e-01 	8.110987e-02 
1.090400e-01 	8.072666e-02 
1.093200e-01 	8.036011e-02 
1.096100e-01 	7.998400e-02 
1.099000e-01 	7.961142e-02 
1.101800e-01 	7.925500e-02 
1.104700e-01 	7.888922e-02 
1.107500e-01 	7.853928e-02 
1.110400e-01 	7.818011e-02 
1.113300e-01 	7.782423e-02 
1.116100e-01 	7.748369e-02 
1.119000e-01 	7.713413e-02 
1.121800e-01 	7.679961e-02 
1.124700e-01 	7.645617e-02 
1.127500e-01 	7.612745e-02 
1.130400e-01 	7.578993e-02 
1.133300e-01 	7.545535e-02 
1.136100e-01 	7.513505e-02 
1.139000e-01 	7.480611e-02 
1.141800e-01 	7.449117e-02 
1.144700e-01 	7.416768e-02 
1.147600e-01 	7.384689e-02 
1.150400e-01 	7.353968e-02 
1.153300e-01 	7.322407e-02 
1.156100e-01 	7.292179e-02 
1.159000e-01 	7.261120e-02 
1.161800e-01 	7.231369e-02 
1.164700e-01 	7.200798e-02 
1.167600e-01 	7.170467e-02 
1.170400e-01 	7.141409e-02 
1.173300e-01 	7.111542e-02 
1.176100e-01 	7.082923e-02 
1.179000e-01 	7.053504e-02 
1.181800e-01 	7.025310e-02 
1.184700e-01 	6.996324e-02 
1.187600e-01 	6.967552e-02 
1.190400e-01 	6.939971e-02 
1.193300e-01 	6.911609e-02 
1.196100e-01 	6.884417e-02 
1.199000e-01 	6.856449e-02 
1.201900e-01 	6.828676e-02 
1.204700e-01 	6.802044e-02 
1.207600e-01 	6.774646e-02 
1.210400e-01 	6.748369e-02 
1.213300e-01 	6.721333e-02 
1.216100e-01 	6.695399e-02 
1.219000e-01 	6.668712e-02 
1.221900e-01 	6.642198e-02 
1.224700e-01 	6.616758e-02 
1.227600e-01 	6.590573e-02 
1.230400e-01 	6.565446e-02 
1.233300e-01 	6.539578e-02 
1.236200e-01 	6.513867e-02 
1.239000e-01 	6.489188e-02 
1.241900e-01 	6.463776e-02 
1.244700e-01 	6.439380e-02 
1.247600e-01 	6.414254e-02 
1.250400e-01 	6.390129e-02 
1.253300e-01 	6.365279e-02 
1.256200e-01 	6.340564e-02 
1.259000e-01 	6.316827e-02 
1.261900e-01 	6.292370e-02 
1.264700e-01 	6.268877e-02 
1.267600e-01 	6.244667e-02 
1.270500e-01 	6.220579e-02 
1.273300e-01 	6.197434e-02 
1.276200e-01 	6.173576e-02 
1.279000e-01 	6.150649e-02 
1.281900e-01 	6.127013e-02 
1.284700e-01 	6.104295e-02 
1.287600e-01 	6.080870e-02 
1.290500e-01 	6.057549e-02 
1.293300e-01 	6.035128e-02 
1.296200e-01 	6.012005e-02 
1.299000e-01 	5.989772e-02 
1.301900e-01 	5.966839e-02 
1.304700e-01 	5.944785e-02 
1.307600e-01 	5.922035e-02 
1.310500e-01 	5.899376e-02 
1.313300e-01 	5.877583e-02 
1.316200e-01 	5.855097e-02 
1.319000e-01 	5.833469e-02 
1.321900e-01 	5.811152e-02 
1.324800e-01 	5.788918e-02 
1.327600e-01 	5.767529e-02 
1.330500e-01 	5.745454e-02 
1.333300e-01 	5.724215e-02 
1.336200e-01 	5.702294e-02 
1.339000e-01 	5.681200e-02 
1.341900e-01 	5.659426e-02 
1.344800e-01 	5.637724e-02 
1.347600e-01 	5.616839e-02 
1.350500e-01 	5.595276e-02 
1.353300e-01 	5.574522e-02 
1.356200e-01 	5.553092e-02 
1.359100e-01 	5.531728e-02 
1.361900e-01 	5.511161e-02 
1.364800e-01 	5.489921e-02 
1.367600e-01 	5.469472e-02 
1.370500e-01 	5.448352e-02 
1.373300e-01 	5.428016e-02 
1.376200e-01 	5.407011e-02 
1.379100e-01 	5.386061e-02 
1.381900e-01 	5.365887e-02 
1.384800e-01 	5.345044e-02 
1.387600e-01 	5.324971e-02 
1.390500e-01 	5.304233e-02 
1.393400e-01 	5.283546e-02 
1.396200e-01 	5.263621e-02 
1.399100e-01 	5.243033e-02 
1.401900e-01 	5.223202e-02 
1.404800e-01 	5.202711e-02 
1.407600e-01 	5.182973e-02 
1.410500e-01 	5.162577e-02 
1.413400e-01 	5.142228e-02 
1.416200e-01 	5.122626e-02 
1.419100e-01 	5.102371e-02 
1.421900e-01 	5.082857e-02 
1.424800e-01 	5.062693e-02 
1.427600e-01 	5.043267e-02 
1.430500e-01 	5.023191e-02 
1.433400e-01 	5.003161e-02 
1.436200e-01 	4.983864e-02 
1.439100e-01 	4.963921e-02 
1.441900e-01 	4.944707e-02 
1.444800e-01 	4.924850e-02 
1.447700e-01 	4.905036e-02 
1.450500e-01 	4.885946e-02 
1.453400e-01 	4.866216e-02 
1.456200e-01 	4.847206e-02 
1.459100e-01 	4.827558e-02 
1.461900e-01 	4.808628e-02 
1.464800e-01 	4.789061e-02 
1.467700e-01 	4.769536e-02 
1.470500e-01 	4.750723e-02 
1.473400e-01 	4.731277e-02 
1.476200e-01 	4.712541e-02 
1.479100e-01 	4.693175e-02 
1.482000e-01 	4.673850e-02 
1.484800e-01 	4.655229e-02 
1.487700e-01 	4.635983e-02 
1.490500e-01 	4.617440e-02 
1.493400e-01 	4.598274e-02 
1.496200e-01 	4.579809e-02 
1.499100e-01 	4.560724e-02 
1.502000e-01 	4.541681e-02 
1.504800e-01 	4.523333e-02 
1.507700e-01 	4.504372e-02 
1.510500e-01 	4.486105e-02 
1.513400e-01 	4.467226e-02 
1.516300e-01 	4.448390e-02 
1.519100e-01 	4.430245e-02 
1.522000e-01 	4.411493e-02 
1.524800e-01 	4.393428e-02 
1.527700e-01 	4.374761e-02 
1.530500e-01 	4.356778e-02 
1.533400e-01 	4.338196e-02 
1.536300e-01 	4.319658e-02 
1.539100e-01 	4.301801e-02 
1.542000e-01 	4.283349e-02 
1.544800e-01 	4.265575e-02 
1.547700e-01 	4.247210e-02 
1.550600e-01 	4.228891e-02 
1.553400e-01 	4.211245e-02 
1.556300e-01 	4.193014e-02 
1.559100e-01 	4.175456e-02 
1.562000e-01 	4.157315e-02 
1.564800e-01 	4.139843e-02 
1.567700e-01 	4.121794e-02 
1.570600e-01 	4.103791e-02 
1.573400e-01 	4.086453e-02 
1.576300e-01 	4.068542e-02 
1.579100e-01 	4.051294e-02 
1.582000e-01 	4.033477e-02 
1.584800e-01 	4.016319e-02 
1.587700e-01 	3.998596e-02 
1.590600e-01 	3.980921e-02 
1.593400e-01 	3.963902e-02 
1.596300e-01 	3.946324e-02 
1.599100e-01 	3.929399e-02 
1.602000e-01 	3.911919e-02 
1.604900e-01 	3.894489e-02 
1.607700e-01 	3.877708e-02 
1.610600e-01 	3.860379e-02 
1.613400e-01 	3.843696e-02 
1.616300e-01 	3.826469e-02 
1.619100e-01 	3.809885e-02 
1.622000e-01 	3.792761e-02 
1.624900e-01 	3.775689e-02 
1.627700e-01 	3.759257e-02 
1.630600e-01 	3.742291e-02 
1.633400e-01 	3.725960e-02 
1.636300e-01 	3.709101e-02 
1.639200e-01 	3.692295e-02 
1.642000e-01 	3.676122e-02 
1.644900e-01 	3.659425e-02 
1.647700e-01 	3.643357e-02 
1.650600e-01 	3.626770e-02 
1.653400e-01 	3.610809e-02 
1.656300e-01 	3.594333e-02 
1.659200e-01 	3.577915e-02 
1.662000e-01 	3.562117e-02 
1.664900e-01 	3.545811e-02 
1.667700e-01 	3.530122e-02 
1.670600e-01 	3.513931e-02 
1.673500e-01 	3.497798e-02 
1.676300e-01 	3.482278e-02 
1.679200e-01 	3.466261e-02 
1.682000e-01 	3.450854e-02 
1.684900e-01 	3.434955e-02 
1.687700e-01 	3.419661e-02 
1.690600e-01 	3.403881e-02 
1.693500e-01 	3.388162e-02 
1.696300e-01 	3.373042e-02 
1.699200e-01 	3.357444e-02 
1.702000e-01 	3.342442e-02 
1.704900e-01 	3.326965e-02 
1.707700e-01 	3.312081e-02 
1.710600e-01 	3.296728e-02 
1.713500e-01 	3.281437e-02 
1.716300e-01 	3.266734e-02 
1.719200e-01 	3.251568e-02 
1.722000e-01 	3.236985e-02 
1.724900e-01 	3.221944e-02 
1.727800e-01 	3.206967e-02 
1.730600e-01 	3.192567e-02 
1.733500e-01 	3.177716e-02 
1.736300e-01 	3.163438e-02 
1.739200e-01 	3.148713e-02 
1.742000e-01 	3.134557e-02 
1.744900e-01 	3.119959e-02 
1.747800e-01 	3.105425e-02 
1.750600e-01 	3.091454e-02 
1.753500e-01 	3.077048e-02 
1.756300e-01 	3.063200e-02 
1.759200e-01 	3.048921e-02 
1.762100e-01 	3.034708e-02 
1.764900e-01 	3.021046e-02 
1.767800e-01 	3.006961e-02 
1.770600e-01 	2.993424e-02 
1.773500e-01 	2.979467e-02 
1.776300e-01 	2.966054e-02 
1.779200e-01 	2.952227e-02 
1.782100e-01 	2.938466e-02 
1.784900e-01 	2.925242e-02 
1.787800e-01 	2.911610e-02 
1.790600e-01 	2.898511e-02 
1.793500e-01 	2.885010e-02 
1.796400e-01 	2.871575e-02 
1.799200e-01 	2.858667e-02 
1.802100e-01 	2.845363e-02 
1.804900e-01 	2.832581e-02 
1.807800e-01 	2.819408e-02 
1.810600e-01 	2.806753e-02 
1.813500e-01 	2.793712e-02 
1.816400e-01 	2.780738e-02 
1.819200e-01 	2.768275e-02 
1.822100e-01 	2.755433e-02 
1.824900e-01 	2.743098e-02 
1.827800e-01 	2.730389e-02 
1.830600e-01 	2.718182e-02 
1.833500e-01 	2.705606e-02 
1.836400e-01 	2.693097e-02 
1.839200e-01 	2.681083e-02 
1.842100e-01 	2.668707e-02 
1.844900e-01 	2.656820e-02 
1.847800e-01 	2.644575e-02 
1.850700e-01 	2.632397e-02 
1.853500e-01 	2.620702e-02 
1.856400e-01 	2.608655e-02 
1.859200e-01 	2.597086e-02 
1.862100e-01 	2.585169e-02 
1.864900e-01 	2.573725e-02 
1.867800e-01 	2.561938e-02 
1.870700e-01 	2.550216e-02 
1.873500e-01 	2.538960e-02 
1.876400e-01 	2.527366e-02 
1.879200e-01 	2.516235e-02 
1.882100e-01 	2.504769e-02 
1.885000e-01 	2.493368e-02 
1.887800e-01 	2.482422e-02 
1.890700e-01 	2.471148e-02 
1.893500e-01 	2.460324e-02 
1.896400e-01 	2.449177e-02 
1.899200e-01 	2.438474e-02 
1.902100e-01 	2.427452e-02 
1.905000e-01 	2.416494e-02 
1.907800e-01 	2.405974e-02 
1.910700e-01 	2.395140e-02 
1.913500e-01 	2.384740e-02 
1.916400e-01 	2.374030e-02 
1.919300e-01 	2.363383e-02 
1.922100e-01 	2.353162e-02 
1.925000e-01 	2.342638e-02 
1.927800e-01 	2.332536e-02 
1.930700e-01 	2.322133e-02 
1.933500e-01 	2.312148e-02 
1.936400e-01 	2.301867e-02 
1.939300e-01 	2.291647e-02 
1.942100e-01 	2.281838e-02 
1.945000e-01 	2.271738e-02 
1.947800e-01 	2.262044e-02 
1.950700e-01 	2.252063e-02 
1.953600e-01 	2.242143e-02 
1.956400e-01 	2.232621e-02 
1.959300e-01 	2.222818e-02 
1.962100e-01 	2.213410e-02 
1.965000e-01 	2.203723e-02 
1.967800e-01 	2.194427e-02 
1.970700e-01 	2.184856e-02 
1.973600e-01 	2.175344e-02 
1.976400e-01 	2.166215e-02 
1.979300e-01 	2.156817e-02 
1.982100e-01 	2.147797e-02 
1.985000e-01 	2.138511e-02 
1.987800e-01 	2.129600e-02 
1.990700e-01 	2.120426e-02 
1.993600e-01 	2.111308e-02 
1.996400e-01 	2.102558e-02 
1.999300e-01 	2.093550e-02 
2.002100e-01 	2.084905e-02 
2.005000e-01 	2.076005e-02 
2.007900e-01 	2.067160e-02 
2.010700e-01 	2.058672e-02 
2.013600e-01 	2.049933e-02 
2.016400e-01 	2.041547e-02 
2.019300e-01 	2.032913e-02 
2.022100e-01 	2.024628e-02 
2.025000e-01 	2.016098e-02 
2.027900e-01 	2.007621e-02 
2.030700e-01 	1.999485e-02 
2.033600e-01 	1.991110e-02 
2.036400e-01 	1.983072e-02 
2.039300e-01 	1.974798e-02 
2.042200e-01 	1.966574e-02 
2.045000e-01 	1.958681e-02 
2.047900e-01 	1.950556e-02 
2.050700e-01 	1.942758e-02 
2.053600e-01 	1.934730e-02 
2.056400e-01 	1.927026e-02 
2.059300e-01 	1.919095e-02 
2.062200e-01 	1.911211e-02 
2.065000e-01 	1.903646e-02 
2.067900e-01 	1.895857e-02 
2.070700e-01 	1.888382e-02 
2.073600e-01 	1.880686e-02 
2.076500e-01 	1.873037e-02 
2.079300e-01 	1.865696e-02 
2.082200e-01 	1.858139e-02 
2.085000e-01 	1.850885e-02 
2.087900e-01 	1.843417e-02 
2.090700e-01 	1.836250e-02 
2.093600e-01 	1.828871e-02 
2.096500e-01 	1.821537e-02 
2.099300e-01 	1.814498e-02 
2.102200e-01 	1.807250e-02 
2.105000e-01 	1.800294e-02 
2.107900e-01 	1.793133e-02 
2.110700e-01 	1.786259e-02 
2.113600e-01 	1.779181e-02 
2.116500e-01 	1.772146e-02 
2.119300e-01 	1.765393e-02 
2.122200e-01 	1.758441e-02 
2.125000e-01 	1.751767e-02 
2.127900e-01 	1.744896e-02 
2.130800e-01 	1.738065e-02 
2.133600e-01 	1.731508e-02 
2.136500e-01 	1.724757e-02 
2.139300e-01 	1.718276e-02 
2.142200e-01 	1.711603e-02 
2.145000e-01 	1.705198e-02 
2.147900e-01 	1.698601e-02 
2.150800e-01 	1.692044e-02 
2.153600e-01 	1.685749e-02 
2.156500e-01 	1.679267e-02 
2.159300e-01 	1.673044e-02 
2.162200e-01 	1.666636e-02 
2.165100e-01 	1.660265e-02 
2.167900e-01 	1.654149e-02 
2.170800e-01 	1.647851e-02 
2.173600e-01 	1.641804e-02 
2.176500e-01 	1.635577e-02 
2.179300e-01 	1.629598e-02 
2.182200e-01 	1.623441e-02 
2.185100e-01 	1.617319e-02 
2.187900e-01 	1.611442e-02 
2.190800e-01 	1.605389e-02 
2.193600e-01 	1.599577e-02 
2.196500e-01 	1.593591e-02 
2.199400e-01 	1.587638e-02 
2.202200e-01 	1.581923e-02 
2.205100e-01 	1.576037e-02 
2.207900e-01 	1.570385e-02 
2.210800e-01 	1.564564e-02 
2.213600e-01 	1.558974e-02 
2.216500e-01 	1.553216e-02 
2.219400e-01 	1.547491e-02 
2.222200e-01 	1.541992e-02 
2.225100e-01 	1.536329e-02 
2.227900e-01 	1.530891e-02 
2.230800e-01 	1.525289e-02 
2.233600e-01 	1.519909e-02 
2.236500e-01 	1.514368e-02 
2.239400e-01 	1.508857e-02 
2.242200e-01 	1.503564e-02 
2.245100e-01 	1.498112e-02 
2.247900e-01 	1.492876e-02 
2.250800e-01 	1.487482e-02 
2.253700e-01 	1.482118e-02 
2.256500e-01 	1.476966e-02 
2.259400e-01 	1.471658e-02 
2.262200e-01 	1.466560e-02 
2.265100e-01 	1.461309e-02 
2.267900e-01 	1.456265e-02 
2.270800e-01 	1.451068e-02 
2.273700e-01 	1.445900e-02 
2.276500e-01 	1.440936e-02 
2.279400e-01 	1.435821e-02 
2.282200e-01 	1.430909e-02 
2.285100e-01 	1.425847e-02 
2.288000e-01 	1.420813e-02 
2.290800e-01 	1.415977e-02 
2.293700e-01 	1.410995e-02 
2.296500e-01 	1.406209e-02 
2.299400e-01 	1.401278e-02 
2.302200e-01 	1.396542e-02 
2.305100e-01 	1.391661e-02 
2.308000e-01 	1.386806e-02 
2.310800e-01 	1.382143e-02 
2.313700e-01 	1.377338e-02 
2.316500e-01 	1.372722e-02 
2.319400e-01 	1.367966e-02 
2.322300e-01 	1.363234e-02 
2.325100e-01 	1.358689e-02 
2.328000e-01 	1.354005e-02 
2.330800e-01 	1.349506e-02 
2.333700e-01 	1.344870e-02 
2.336500e-01 	1.340416e-02 
2.339400e-01 	1.335826e-02 
2.342300e-01 	1.331260e-02 
2.345100e-01 	1.326874e-02 
2.348000e-01 	1.322353e-02 
2.350800e-01 	1.318010e-02 
2.353700e-01 	1.313535e-02 
2.356600e-01 	1.309082e-02 
2.359400e-01 	1.304804e-02 
2.362300e-01 	1.300396e-02 
2.365100e-01 	1.296160e-02 
2.368000e-01 	1.291796e-02 
2.370800e-01 	1.287602e-02 
2.373700e-01 	1.283280e-02 
2.376600e-01 	1.278980e-02 
2.379400e-01 	1.274849e-02 
2.382300e-01 	1.270591e-02 
2.385100e-01 	1.266500e-02 
2.388000e-01 	1.262284e-02 
2.390800e-01 	1.258234e-02 
2.393700e-01 	1.254059e-02 
2.396600e-01 	1.249905e-02 
2.399400e-01 	1.245914e-02 
2.402300e-01 	1.241801e-02 
2.405100e-01 	1.237849e-02 
2.408000e-01 	1.233776e-02 
2.410900e-01 	1.229723e-02 
2.413700e-01 	1.225829e-02 
2.416600e-01 	1.221815e-02 
2.419400e-01 	1.217959e-02 
2.422300e-01 	1.213985e-02 
2.425100e-01 	1.210166e-02 
2.428000e-01 	1.206230e-02 
2.430900e-01 	1.202314e-02 
2.433700e-01 	1.198551e-02 
2.436600e-01 	1.194673e-02 
2.439400e-01 	1.190947e-02 
2.442300e-01 	1.187106e-02 
2.445200e-01 	1.183285e-02 
2.448000e-01 	1.179613e-02 
2.450900e-01 	1.175829e-02 
2.453700e-01 	1.172193e-02 
2.456600e-01 	1.168445e-02 
2.459400e-01 	1.164844e-02 
2.462300e-01 	1.161133e-02 
2.465200e-01 	1.157440e-02 
2.468000e-01 	1.153891e-02 
2.470900e-01 	1.150234e-02 
2.473700e-01 	1.146720e-02 
2.476600e-01 	1.143098e-02 
2.479500e-01 	1.139494e-02 
2.482300e-01 	1.136031e-02 
2.485200e-01 	1.132462e-02 
2.488000e-01 	1.129033e-02 
2.490900e-01 	1.125499e-02 
2.493700e-01 	1.122102e-02 
2.496600e-01 	1.118602e-02 
2.499500e-01 	1.115119e-02 
2.502300e-01 	1.111773e-02 
2.505200e-01 	1.108323e-02 
2.508000e-01 	1.105009e-02 
2.510900e-01 	1.101593e-02 
2.513700e-01 	1.098311e-02 
2.516600e-01 	1.094928e-02 
2.519500e-01 	1.091562e-02 
2.522300e-01 	1.088328e-02 
2.525200e-01 	1.084994e-02 
2.528000e-01 	1.081792e-02 
2.530900e-01 	1.078490e-02 
2.533800e-01 	1.075206e-02 
2.536600e-01 	1.072050e-02 
2.539500e-01 	1.068797e-02 
2.542300e-01 	1.065672e-02 
2.545200e-01 	1.062451e-02 
2.548000e-01 	1.059356e-02 
2.550900e-01 	1.056166e-02 
2.553800e-01 	1.052992e-02 
2.556600e-01 	1.049943e-02 
2.559500e-01 	1.046800e-02 
2.562300e-01 	1.043781e-02 
2.565200e-01 	1.040669e-02 
2.568100e-01 	1.037573e-02 
2.570900e-01 	1.034598e-02 
2.573800e-01 	1.031532e-02 
2.576600e-01 	1.028587e-02 
2.579500e-01 	1.025552e-02 
2.582300e-01 	1.022636e-02 
2.585200e-01 	1.019630e-02 
2.588100e-01 	1.016640e-02 
2.590900e-01 	1.013768e-02 
2.593800e-01 	1.010807e-02 
2.596600e-01 	1.007963e-02 
2.599500e-01 	1.005033e-02 
2.602400e-01 	1.002117e-02 
2.605200e-01 	9.993156e-03 
2.608100e-01 	9.964289e-03 
2.610900e-01 	9.936559e-03 
2.613800e-01 	9.907982e-03 
2.616600e-01 	9.880530e-03 
2.619500e-01 	9.852242e-03 
2.622400e-01 	9.824099e-03 
2.625200e-01 	9.797065e-03 
2.628100e-01 	9.769207e-03 
2.630900e-01 	9.742447e-03 
2.633800e-01 	9.714872e-03 
2.636600e-01 	9.688384e-03 
2.639500e-01 	9.661091e-03 
2.642400e-01 	9.633940e-03 
2.645200e-01 	9.607861e-03 
2.648100e-01 	9.580988e-03 
2.650900e-01 	9.555176e-03 
2.653800e-01 	9.528580e-03 
2.656700e-01 	9.502124e-03 
2.659500e-01 	9.476713e-03 
2.662400e-01 	9.450531e-03 
2.665200e-01 	9.425383e-03 
2.668100e-01 	9.399472e-03 
2.670900e-01 	9.374586e-03 
2.673800e-01 	9.348945e-03 
2.676700e-01 	9.323442e-03 
2.679500e-01 	9.298947e-03 
2.682400e-01 	9.273711e-03 
2.685200e-01 	9.249474e-03 
2.688100e-01 	9.224504e-03 
2.691000e-01 	9.199669e-03 
2.693800e-01 	9.175817e-03 
2.696700e-01 	9.151245e-03 
2.699500e-01 	9.127647e-03 
2.702400e-01 	9.103337e-03 
2.705200e-01 	9.079991e-03 
2.708100e-01 	9.055941e-03 
2.711000e-01 	9.032023e-03 
2.713800e-01 	9.009054e-03 
2.716700e-01 	8.985394e-03 
2.719500e-01 	8.962674e-03 
2.722400e-01 	8.939269e-03 
2.725300e-01 	8.915995e-03 
2.728100e-01 	8.893645e-03 
2.731000e-01 	8.870624e-03 
2.733800e-01 	8.848519e-03 
2.736700e-01 	8.825749e-03 
2.739500e-01 	8.803886e-03 
2.742400e-01 	8.781367e-03 
2.745300e-01 	8.758974e-03 
2.748100e-01 	8.737473e-03 
2.751000e-01 	8.715328e-03 
2.753800e-01 	8.694066e-03 
2.756700e-01 	8.672166e-03 
2.759600e-01 	8.650391e-03 
2.762400e-01 	8.629485e-03 
2.765300e-01 	8.607953e-03 
2.768100e-01 	8.587281e-03 
2.771000e-01 	8.565991e-03 
2.773800e-01 	8.545552e-03 
2.776700e-01 	8.524502e-03 
2.779600e-01 	8.503573e-03 
2.782400e-01 	8.483481e-03 
2.785300e-01 	8.462790e-03 
2.788100e-01 	8.442926e-03 
2.791000e-01 	8.422470e-03 
2.793800e-01 	8.402833e-03 
2.796700e-01 	8.382610e-03 
2.799600e-01 	8.362506e-03 
2.802400e-01 	8.343207e-03 
2.805300e-01 	8.323334e-03 
2.808100e-01 	8.304256e-03 
2.811000e-01 	8.284612e-03 
2.813900e-01 	8.265083e-03 
2.816700e-01 	8.246337e-03 
2.819600e-01 	8.227034e-03 
2.822400e-01 	8.208504e-03 
2.825300e-01 	8.189425e-03 
2.828100e-01 	8.171110e-03 
2.831000e-01 	8.152252e-03 
2.833900e-01 	8.133506e-03 
2.836700e-01 	8.115513e-03 
2.839600e-01 	8.096985e-03 
2.842400e-01 	8.079201e-03 
2.845300e-01 	8.060890e-03 
2.848200e-01 	8.042688e-03 
2.851000e-01 	8.025218e-03 
2.853900e-01 	8.007229e-03 
2.856700e-01 	7.989964e-03 
2.859600e-01 	7.972187e-03 
2.862400e-01 	7.955124e-03 
2.865300e-01 	7.937556e-03 
2.868200e-01 	7.920094e-03 
2.871000e-01 	7.903334e-03 
2.873900e-01 	7.886078e-03 
2.876700e-01 	7.869515e-03 
2.879600e-01 	7.852463e-03 
2.882500e-01 	7.835514e-03 
2.885300e-01 	7.819246e-03 
2.888200e-01 	7.802498e-03 
2.891000e-01 	7.786422e-03 
2.893900e-01 	7.769872e-03 
2.896700e-01 	7.753988e-03 
2.899600e-01 	7.737634e-03 
2.902500e-01 	7.721378e-03 
2.905300e-01 	7.705777e-03 
2.908200e-01 	7.689715e-03 
2.911000e-01 	7.674299e-03 
2.913900e-01 	7.658427e-03 
2.916700e-01 	7.643194e-03 
2.919600e-01 	7.627512e-03 
2.922500e-01 	7.611924e-03 
2.925300e-01 	7.596963e-03 
2.928200e-01 	7.581561e-03 
2.931000e-01 	7.566779e-03 
2.933900e-01 	7.551560e-03 
2.936800e-01 	7.536434e-03 
2.939600e-01 	7.521917e-03 
2.942500e-01 	7.506972e-03 
2.945300e-01 	7.492628e-03 
2.948200e-01 	7.477860e-03 
2.951000e-01 	7.463688e-03 
2.953900e-01 	7.449097e-03 
2.956800e-01 	7.434594e-03 
2.959600e-01 	7.420676e-03 
2.962500e-01 	7.406347e-03 
2.965300e-01 	7.392595e-03 
2.968200e-01 	7.378437e-03 
2.971100e-01 	7.364365e-03 
2.973900e-01 	7.350859e-03 
2.976800e-01 	7.336955e-03 
2.979600e-01 	7.323611e-03 
2.982500e-01 	7.309872e-03 
2.985300e-01 	7.296687e-03 
2.988200e-01 	7.283113e-03 
2.991100e-01 	7.269621e-03 
2.993900e-01 	7.256672e-03 
2.996800e-01 	7.243341e-03 
2.999600e-01 	7.230547e-03 
3.002500e-01 	7.217375e-03 
3.005400e-01 	7.204283e-03 
3.008200e-01 	7.191718e-03 
3.011100e-01 	7.178783e-03 
3.013900e-01 	7.166368e-03 
3.016800e-01 	7.153587e-03 
3.019600e-01 	7.141321e-03 
3.022500e-01 	7.128693e-03 
3.025400e-01 	7.116142e-03 
3.028200e-01 	7.104097e-03 
3.031100e-01 	7.091696e-03 
3.033900e-01 	7.079795e-03 
3.036800e-01 	7.067544e-03 
3.039700e-01 	7.055367e-03 
3.042500e-01 	7.043681e-03 
3.045400e-01 	7.031651e-03 
3.048200e-01 	7.020105e-03 
3.051100e-01 	7.008219e-03 
3.053900e-01 	6.996813e-03 
3.056800e-01 	6.985071e-03 
3.059700e-01 	6.973401e-03 
3.062500e-01 	6.962201e-03 
3.065400e-01 	6.950672e-03 
3.068200e-01 	6.939608e-03 
3.071100e-01 	6.928219e-03 
3.073900e-01 	6.917289e-03 
3.076800e-01 	6.906038e-03 
3.079700e-01 	6.894856e-03 
3.082500e-01 	6.884127e-03 
3.085400e-01 	6.873081e-03 
3.088200e-01 	6.862482e-03 
3.091100e-01 	6.851572e-03 
3.094000e-01 	6.840729e-03 
3.096800e-01 	6.830325e-03 
3.099700e-01 	6.819615e-03 
3.102500e-01 	6.809339e-03 
3.105400e-01 	6.798760e-03 
3.108200e-01 	6.788610e-03 
3.111100e-01 	6.778162e-03 
3.114000e-01 	6.767779e-03 
3.116800e-01 	6.757817e-03 
3.119700e-01 	6.747563e-03 
3.122500e-01 	6.737723e-03 
3.125400e-01 	6.727596e-03 
3.128300e-01 	6.717532e-03 
3.131100e-01 	6.707877e-03 
3.134000e-01 	6.697938e-03 
3.136800e-01 	6.688402e-03 
3.139700e-01 	6.678588e-03 
3.142500e-01 	6.669171e-03 
3.145400e-01 	6.659479e-03 
3.148300e-01 	6.649849e-03 
3.151100e-01 	6.640610e-03 
3.154000e-01 	6.631101e-03 
3.156800e-01 	6.621977e-03 
3.159700e-01 	6.612588e-03 
3.162600e-01 	6.603259e-03 
3.165400e-01 	6.594309e-03 
3.168300e-01 	6.585098e-03 
3.171100e-01 	6.576262e-03 
3.174000e-01 	6.567168e-03 
3.176800e-01 	6.558443e-03 
3.179700e-01 	6.549465e-03 
3.182600e-01 	6.540544e-03 
3.185400e-01 	6.531987e-03 
3.188300e-01 	6.523180e-03 
3.191100e-01 	6.514731e-03 
3.194000e-01 	6.506037e-03 
3.196800e-01 	6.497696e-03 
3.199700e-01 	6.489113e-03 
3.202600e-01 	6.480586e-03 
3.205400e-01 	6.472406e-03 
3.208300e-01 	6.463988e-03 
3.211100e-01 	6.455912e-03 
3.214000e-01 	6.447602e-03 
3.216900e-01 	6.439346e-03 
3.219700e-01 	6.431427e-03 
3.222600e-01 	6.423277e-03 
3.225400e-01 	6.415459e-03 
3.228300e-01 	6.407414e-03 
3.231100e-01 	6.399696e-03 
3.234000e-01 	6.391755e-03 
3.236900e-01 	6.383866e-03 
3.239700e-01 	6.376298e-03 
3.242600e-01 	6.368511e-03 
3.245400e-01 	6.361041e-03 
3.248300e-01 	6.353354e-03 
3.251200e-01 	6.345718e-03 
3.254000e-01 	6.338394e-03 
3.256900e-01 	6.330857e-03 
3.259700e-01 	6.323628e-03 
3.262600e-01 	6.316190e-03 
3.265400e-01 	6.309055e-03 
3.268300e-01 	6.301715e-03 
3.271200e-01 	6.294423e-03 
3.274000e-01 	6.287430e-03 
3.276900e-01 	6.280235e-03 
3.279700e-01 	6.273334e-03 
3.282600e-01 	6.266234e-03 
3.285500e-01 	6.259183e-03 
3.288300e-01 	6.252421e-03 
3.291200e-01 	6.245465e-03 
3.294000e-01 	6.238794e-03 
3.296900e-01 	6.231932e-03 
3.299700e-01 	6.225352e-03 
3.302600e-01 	6.218584e-03 
3.305500e-01 	6.211864e-03 
3.308300e-01 	6.205420e-03 
3.311200e-01 	6.198793e-03 
3.314000e-01 	6.192439e-03 
3.316900e-01 	6.185905e-03 
3.319700e-01 	6.179641e-03 
3.322600e-01 	6.173200e-03 
3.325500e-01 	6.166805e-03 
3.328300e-01 	6.160675e-03 
3.331200e-01 	6.154372e-03 
3.334000e-01 	6.148331e-03 
3.336900e-01 	6.142120e-03 
3.339800e-01 	6.135956e-03 
3.342600e-01 	6.130048e-03 
3.345500e-01 	6.123975e-03 
3.348300e-01 	6.118155e-03 
3.351200e-01 	6.112173e-03 
3.354000e-01 	6.106441e-03 
3.356900e-01 	6.100550e-03 
3.359800e-01 	6.094704e-03 
3.362600e-01 	6.089103e-03 
3.365500e-01 	6.083347e-03 
3.368300e-01 	6.077833e-03 
3.371200e-01 	6.072166e-03 
3.374100e-01 	6.066544e-03 
3.376900e-01 	6.061158e-03 
3.379800e-01 	6.055623e-03 
3.382600e-01 	6.050321e-03 
3.385500e-01 	6.044871e-03 
3.388300e-01 	6.039649e-03 
3.391200e-01 	6.034282e-03 
3.394100e-01 	6.028955e-03 
3.396900e-01 	6.023850e-03 
3.399800e-01 	6.018602e-03 
3.402600e-01 	6.013571e-03 
3.405500e-01 	6.008396e-03 
3.408400e-01 	6.003258e-03 
3.411200e-01 	5.998331e-03 
3.414100e-01 	5.993261e-03 
3.416900e-01 	5.988397e-03 
3.419800e-01 	5.983391e-03 
3.422600e-01 	5.978587e-03 
3.425500e-01 	5.973641e-03 
3.428400e-01 	5.968722e-03 
3.431200e-01 	5.964000e-03 
3.434100e-01 	5.959135e-03 
3.436900e-01 	5.954461e-03 
3.439800e-01 	5.949643e-03 
3.442700e-01 	5.944849e-03 
3.445500e-01 	5.940240e-03 
3.448400e-01 	5.935487e-03 
3.451200e-01 	5.930916e-03 
3.454100e-01 	5.926200e-03 
3.456900e-01 	5.921663e-03 
3.459800e-01 	5.916979e-03 
3.462700e-01 	5.912309e-03 
3.465500e-01 	5.907814e-03 
3.468400e-01 	5.903170e-03 
3.471200e-01 	5.898697e-03 
3.474100e-01 	5.894074e-03 
3.476900e-01 	5.889619e-03 
3.479800e-01 	5.885013e-03 
3.482700e-01 	5.880413e-03 
3.485500e-01 	5.875977e-03 
3.488400e-01 	5.871387e-03 
3.491200e-01 	5.866958e-03 
3.494100e-01 	5.862373e-03 
3.497000e-01 	5.857789e-03 
