#q 	 Ifit_avg 
2.999000e-03 	1.000000e+00 
3.284000e-03 	9.988371e-01 
3.570000e-03 	9.976731e-01 
3.856000e-03 	9.965072e-01 
4.141000e-03 	9.953383e-01 
4.427000e-03 	9.941654e-01 
4.712000e-03 	9.929875e-01 
4.998000e-03 	9.918035e-01 
5.284000e-03 	9.906125e-01 
5.569000e-03 	9.894134e-01 
5.855000e-03 	9.882052e-01 
6.140000e-03 	9.869869e-01 
6.426000e-03 	9.857575e-01 
6.712000e-03 	9.845159e-01 
6.997000e-03 	9.832612e-01 
7.283000e-03 	9.819924e-01 
7.568000e-03 	9.807084e-01 
7.854000e-03 	9.794082e-01 
8.140000e-03 	9.780908e-01 
8.425000e-03 	9.767551e-01 
8.711000e-03 	9.754003e-01 
8.996000e-03 	9.740252e-01 
9.282000e-03 	9.726288e-01 
9.568000e-03 	9.712102e-01 
9.853000e-03 	9.697682e-01 
1.013900e-02 	9.683020e-01 
1.042400e-02 	9.668105e-01 
1.071000e-02 	9.652926e-01 
1.099600e-02 	9.637473e-01 
1.128100e-02 	9.621737e-01 
1.156700e-02 	9.605707e-01 
1.185300e-02 	9.589374e-01 
1.213800e-02 	9.572726e-01 
1.242400e-02 	9.555754e-01 
1.270900e-02 	9.538447e-01 
1.299500e-02 	9.520796e-01 
1.328100e-02 	9.502790e-01 
1.356600e-02 	9.484420e-01 
1.385200e-02 	9.465675e-01 
1.413700e-02 	9.446545e-01 
1.442300e-02 	9.427020e-01 
1.470900e-02 	9.407090e-01 
1.499400e-02 	9.386747e-01 
1.528000e-02 	9.365980e-01 
1.556500e-02 	9.344781e-01 
1.585100e-02 	9.323141e-01 
1.613700e-02 	9.301054e-01 
1.642200e-02 	9.278512e-01 
1.670800e-02 	9.255512e-01 
1.699300e-02 	9.232047e-01 
1.727900e-02 	9.208117e-01 
1.756500e-02 	9.183726e-01 
1.785000e-02 	9.158878e-01 
1.813600e-02 	9.133577e-01 
1.842100e-02 	9.107828e-01 
1.870700e-02 	9.081639e-01 
1.899300e-02 	9.055018e-01 
1.927800e-02 	9.027974e-01 
1.956400e-02 	9.000514e-01 
1.984900e-02 	8.972646e-01 
2.013500e-02 	8.944379e-01 
2.042100e-02 	8.915721e-01 
2.070600e-02 	8.886679e-01 
2.099200e-02 	8.857262e-01 
2.127700e-02 	8.827478e-01 
2.156300e-02 	8.797336e-01 
2.184900e-02 	8.766842e-01 
2.213400e-02 	8.736005e-01 
2.242000e-02 	8.704834e-01 
2.270500e-02 	8.673336e-01 
2.299100e-02 	8.641520e-01 
2.327700e-02 	8.609393e-01 
2.356200e-02 	8.576964e-01 
2.384800e-02 	8.544241e-01 
2.413300e-02 	8.511231e-01 
2.441900e-02 	8.477943e-01 
2.470500e-02 	8.444386e-01 
2.499000e-02 	8.410566e-01 
2.527600e-02 	8.376492e-01 
2.556100e-02 	8.342172e-01 
2.584700e-02 	8.307614e-01 
2.613300e-02 	8.272826e-01 
2.641800e-02 	8.237816e-01 
2.670400e-02 	8.202592e-01 
2.698900e-02 	8.167161e-01 
2.727500e-02 	8.131532e-01 
2.756100e-02 	8.095711e-01 
2.784600e-02 	8.059708e-01 
2.813200e-02 	8.023529e-01 
2.841700e-02 	7.987181e-01 
2.870300e-02 	7.950673e-01 
2.898900e-02 	7.914012e-01 
2.927400e-02 	7.877204e-01 
2.956000e-02 	7.840257e-01 
2.984500e-02 	7.803177e-01 
3.013100e-02 	7.765971e-01 
3.041700e-02 	7.728645e-01 
3.070200e-02 	7.691207e-01 
3.098800e-02 	7.653663e-01 
3.127300e-02 	7.616017e-01 
3.155900e-02 	7.578274e-01 
3.184500e-02 	7.540439e-01 
3.213000e-02 	7.502516e-01 
3.241600e-02 	7.464510e-01 
3.270100e-02 	7.426425e-01 
3.298700e-02 	7.388266e-01 
3.327300e-02 	7.350038e-01 
3.355800e-02 	7.311743e-01 
3.384400e-02 	7.273387e-01 
3.413000e-02 	7.234972e-01 
3.441500e-02 	7.196502e-01 
3.470100e-02 	7.157982e-01 
3.498600e-02 	7.119413e-01 
3.527200e-02 	7.080800e-01 
3.555800e-02 	7.042147e-01 
3.584300e-02 	7.003457e-01 
3.612900e-02 	6.964734e-01 
3.641400e-02 	6.925981e-01 
3.670000e-02 	6.887202e-01 
3.698600e-02 	6.848401e-01 
3.727100e-02 	6.809580e-01 
3.755700e-02 	6.770744e-01 
3.784200e-02 	6.731896e-01 
3.812800e-02 	6.693040e-01 
3.841400e-02 	6.654178e-01 
3.869900e-02 	6.615316e-01 
3.898500e-02 	6.576455e-01 
3.927000e-02 	6.537601e-01 
3.955600e-02 	6.498755e-01 
3.984200e-02 	6.459922e-01 
4.012700e-02 	6.421105e-01 
4.041300e-02 	6.382307e-01 
4.069800e-02 	6.343533e-01 
4.098400e-02 	6.304784e-01 
4.127000e-02 	6.266064e-01 
4.155500e-02 	6.227378e-01 
4.184100e-02 	6.188728e-01 
4.212600e-02 	6.150118e-01 
4.241200e-02 	6.111550e-01 
4.269800e-02 	6.073028e-01 
4.298300e-02 	6.034555e-01 
4.326900e-02 	5.996134e-01 
4.355400e-02 	5.957769e-01 
4.384000e-02 	5.919461e-01 
4.412600e-02 	5.881216e-01 
4.441100e-02 	5.843035e-01 
4.469700e-02 	5.804921e-01 
4.498200e-02 	5.766879e-01 
4.526800e-02 	5.728910e-01 
4.555400e-02 	5.691018e-01 
4.583900e-02 	5.653204e-01 
4.612500e-02 	5.615473e-01 
4.641000e-02 	5.577826e-01 
4.669600e-02 	5.540267e-01 
4.698200e-02 	5.502798e-01 
4.726700e-02 	5.465421e-01 
4.755300e-02 	5.428141e-01 
4.783800e-02 	5.390959e-01 
4.812400e-02 	5.353878e-01 
4.841000e-02 	5.316901e-01 
4.869500e-02 	5.280031e-01 
4.898100e-02 	5.243269e-01 
4.926600e-02 	5.206620e-01 
4.955200e-02 	5.170085e-01 
4.983800e-02 	5.133667e-01 
5.012300e-02 	5.097369e-01 
5.040900e-02 	5.061194e-01 
5.069400e-02 	5.025143e-01 
5.098000e-02 	4.989220e-01 
5.126600e-02 	4.953427e-01 
5.155100e-02 	4.917767e-01 
5.183700e-02 	4.882242e-01 
5.212200e-02 	4.846854e-01 
5.240800e-02 	4.811607e-01 
5.269400e-02 	4.776501e-01 
5.297900e-02 	4.741541e-01 
5.326500e-02 	4.706727e-01 
5.355000e-02 	4.672064e-01 
5.383600e-02 	4.637552e-01 
5.412200e-02 	4.603195e-01 
5.440700e-02 	4.568995e-01 
5.469300e-02 	4.534955e-01 
5.497800e-02 	4.501075e-01 
5.526400e-02 	4.467359e-01 
5.555000e-02 	4.433807e-01 
5.583500e-02 	4.400422e-01 
5.612100e-02 	4.367207e-01 
5.640700e-02 	4.334161e-01 
5.669200e-02 	4.301289e-01 
5.697800e-02 	4.268591e-01 
5.726300e-02 	4.236069e-01 
5.754900e-02 	4.203726e-01 
5.783500e-02 	4.171563e-01 
5.812000e-02 	4.139582e-01 
5.840600e-02 	4.107786e-01 
5.869100e-02 	4.076175e-01 
5.897700e-02 	4.044750e-01 
5.926300e-02 	4.013513e-01 
5.954800e-02 	3.982463e-01 
5.983400e-02 	3.951601e-01 
6.011900e-02 	3.920928e-01 
6.040500e-02 	3.890444e-01 
6.069100e-02 	3.860150e-01 
6.097600e-02 	3.830046e-01 
6.126200e-02 	3.800133e-01 
6.154700e-02 	3.770411e-01 
6.183300e-02 	3.740882e-01 
6.211900e-02 	3.711545e-01 
6.240400e-02 	3.682400e-01 
6.269000e-02 	3.653450e-01 
6.297500e-02 	3.624694e-01 
6.326100e-02 	3.596132e-01 
6.354700e-02 	3.567765e-01 
6.383200e-02 	3.539593e-01 
6.411800e-02 	3.511617e-01 
6.440300e-02 	3.483835e-01 
6.468900e-02 	3.456247e-01 
6.497500e-02 	3.428855e-01 
6.526000e-02 	3.401657e-01 
6.554600e-02 	3.374654e-01 
6.583100e-02 	3.347846e-01 
6.611700e-02 	3.321232e-01 
6.640300e-02 	3.294812e-01 
6.668800e-02 	3.268587e-01 
6.697400e-02 	3.242556e-01 
6.725900e-02 	3.216720e-01 
6.754500e-02 	3.191078e-01 
6.783100e-02 	3.165629e-01 
6.811600e-02 	3.140375e-01 
6.840200e-02 	3.115313e-01 
6.868700e-02 	3.090445e-01 
6.897300e-02 	3.065770e-01 
6.925900e-02 	3.041288e-01 
6.954400e-02 	3.016997e-01 
6.983000e-02 	2.992899e-01 
7.011500e-02 	2.968993e-01 
7.040100e-02 	2.945279e-01 
7.068700e-02 	2.921756e-01 
7.097200e-02 	2.898424e-01 
7.125800e-02 	2.875283e-01 
7.154300e-02 	2.852333e-01 
7.182900e-02 	2.829573e-01 
7.211500e-02 	2.807004e-01 
7.240000e-02 	2.784624e-01 
7.268600e-02 	2.762434e-01 
7.297100e-02 	2.740433e-01 
7.325700e-02 	2.718618e-01 
7.354300e-02 	2.696991e-01 
7.382800e-02 	2.675548e-01 
7.411400e-02 	2.654291e-01 
7.439900e-02 	2.633216e-01 
7.468500e-02 	2.612325e-01 
7.497100e-02 	2.591615e-01 
7.525600e-02 	2.571085e-01 
7.554200e-02 	2.550735e-01 
7.582700e-02 	2.530565e-01 
7.611300e-02 	2.510572e-01 
7.639900e-02 	2.490756e-01 
7.668400e-02 	2.471116e-01 
7.697000e-02 	2.451651e-01 
7.725500e-02 	2.432361e-01 
7.754100e-02 	2.413243e-01 
7.782700e-02 	2.394299e-01 
7.811200e-02 	2.375525e-01 
7.839800e-02 	2.356923e-01 
7.868400e-02 	2.338490e-01 
7.896900e-02 	2.320225e-01 
7.925500e-02 	2.302127e-01 
7.954000e-02 	2.284194e-01 
7.982600e-02 	2.266426e-01 
8.011200e-02 	2.248822e-01 
8.039700e-02 	2.231378e-01 
8.068300e-02 	2.214096e-01 
8.096800e-02 	2.196973e-01 
8.125400e-02 	2.180008e-01 
8.154000e-02 	2.163200e-01 
8.182500e-02 	2.146548e-01 
8.211100e-02 	2.130050e-01 
8.239600e-02 	2.113706e-01 
8.268200e-02 	2.097513e-01 
8.296800e-02 	2.081472e-01 
8.325300e-02 	2.065581e-01 
8.353900e-02 	2.049838e-01 
8.382400e-02 	2.034243e-01 
8.411000e-02 	2.018793e-01 
8.439600e-02 	2.003489e-01 
8.468100e-02 	1.988329e-01 
8.496700e-02 	1.973311e-01 
8.525200e-02 	1.958435e-01 
8.553800e-02 	1.943699e-01 
8.582400e-02 	1.929102e-01 
8.610900e-02 	1.914643e-01 
8.639500e-02 	1.900320e-01 
8.668000e-02 	1.886133e-01 
8.696600e-02 	1.872080e-01 
8.725200e-02 	1.858160e-01 
8.753700e-02 	1.844371e-01 
8.782300e-02 	1.830712e-01 
8.810800e-02 	1.817182e-01 
8.839400e-02 	1.803780e-01 
8.868000e-02 	1.790505e-01 
8.896500e-02 	1.777354e-01 
8.925100e-02 	1.764328e-01 
8.953600e-02 	1.751424e-01 
8.982200e-02 	1.738641e-01 
9.010800e-02 	1.725979e-01 
9.039300e-02 	1.713435e-01 
9.067900e-02 	1.701009e-01 
9.096400e-02 	1.688700e-01 
9.125000e-02 	1.676505e-01 
9.153600e-02 	1.664424e-01 
9.182100e-02 	1.652456e-01 
9.210700e-02 	1.640599e-01 
9.239200e-02 	1.628852e-01 
9.267800e-02 	1.617214e-01 
9.296400e-02 	1.605684e-01 
9.324900e-02 	1.594259e-01 
9.353500e-02 	1.582941e-01 
9.382000e-02 	1.571726e-01 
9.410600e-02 	1.560614e-01 
9.439200e-02 	1.549604e-01 
9.467700e-02 	1.538695e-01 
9.496300e-02 	1.527885e-01 
9.524800e-02 	1.517173e-01 
9.553400e-02 	1.506557e-01 
9.582000e-02 	1.496038e-01 
9.610500e-02 	1.485612e-01 
9.639100e-02 	1.475280e-01 
9.667600e-02 	1.465040e-01 
9.696200e-02 	1.454890e-01 
9.724800e-02 	1.444830e-01 
9.753300e-02 	1.434858e-01 
9.781900e-02 	1.424973e-01 
9.810400e-02 	1.415174e-01 
9.839000e-02 	1.405459e-01 
9.867600e-02 	1.395828e-01 
9.896100e-02 	1.386279e-01 
9.924700e-02 	1.376811e-01 
9.953200e-02 	1.367422e-01 
9.981800e-02 	1.358112e-01 
1.001040e-01 	1.348880e-01 
1.003890e-01 	1.339724e-01 
1.006750e-01 	1.330643e-01 
1.009610e-01 	1.321638e-01 
1.012460e-01 	1.312705e-01 
1.015320e-01 	1.303846e-01 
1.018170e-01 	1.295059e-01 
1.021030e-01 	1.286343e-01 
1.023890e-01 	1.277697e-01 
1.026740e-01 	1.269120e-01 
1.029600e-01 	1.260612e-01 
1.032450e-01 	1.252171e-01 
1.035310e-01 	1.243797e-01 
1.038170e-01 	1.235489e-01 
1.041020e-01 	1.227246e-01 
1.043880e-01 	1.219066e-01 
1.046730e-01 	1.210950e-01 
1.049590e-01 	1.202896e-01 
1.052450e-01 	1.194903e-01 
1.055300e-01 	1.186971e-01 
1.058160e-01 	1.179098e-01 
1.061010e-01 	1.171284e-01 
1.063870e-01 	1.163528e-01 
1.066730e-01 	1.155829e-01 
1.069580e-01 	1.148186e-01 
1.072440e-01 	1.140600e-01 
1.075290e-01 	1.133068e-01 
1.078150e-01 	1.125591e-01 
1.081010e-01 	1.118167e-01 
1.083860e-01 	1.110796e-01 
1.086720e-01 	1.103477e-01 
1.089570e-01 	1.096209e-01 
1.092430e-01 	1.088992e-01 
1.095290e-01 	1.081825e-01 
1.098140e-01 	1.074706e-01 
1.101000e-01 	1.067637e-01 
1.103850e-01 	1.060615e-01 
1.106710e-01 	1.053640e-01 
1.109570e-01 	1.046712e-01 
1.112420e-01 	1.039829e-01 
1.115280e-01 	1.032991e-01 
1.118130e-01 	1.026197e-01 
1.120990e-01 	1.019447e-01 
1.123850e-01 	1.012739e-01 
1.126700e-01 	1.006074e-01 
1.129560e-01 	9.994496e-02 
1.132410e-01 	9.928661e-02 
1.135270e-01 	9.863226e-02 
1.138130e-01 	9.798182e-02 
1.140980e-01 	9.733525e-02 
1.143840e-01 	9.669249e-02 
1.146690e-01 	9.605352e-02 
1.149550e-01 	9.541830e-02 
1.152410e-01 	9.478680e-02 
1.155260e-01 	9.415897e-02 
1.158120e-01 	9.353479e-02 
1.160970e-01 	9.291422e-02 
1.163830e-01 	9.229721e-02 
1.166690e-01 	9.168374e-02 
1.169540e-01 	9.107376e-02 
1.172400e-01 	9.046725e-02 
1.175250e-01 	8.986417e-02 
1.178110e-01 	8.926448e-02 
1.180970e-01 	8.866814e-02 
1.183820e-01 	8.807512e-02 
1.186680e-01 	8.748538e-02 
1.189530e-01 	8.689889e-02 
1.192390e-01 	8.631561e-02 
1.195250e-01 	8.573551e-02 
1.198100e-01 	8.515857e-02 
1.200960e-01 	8.458474e-02 
1.203810e-01 	8.401399e-02 
1.206670e-01 	8.344629e-02 
1.209530e-01 	8.288161e-02 
1.212380e-01 	8.231990e-02 
1.215240e-01 	8.176114e-02 
1.218090e-01 	8.120530e-02 
1.220950e-01 	8.065234e-02 
1.223810e-01 	8.010223e-02 
1.226660e-01 	7.955492e-02 
1.229520e-01 	7.901040e-02 
1.232380e-01 	7.846862e-02 
1.235230e-01 	7.792954e-02 
1.238090e-01 	7.739314e-02 
1.240940e-01 	7.685939e-02 
1.243800e-01 	7.632828e-02 
1.246660e-01 	7.579976e-02 
1.249510e-01 	7.527384e-02 
1.252370e-01 	7.475048e-02 
1.255220e-01 	7.422966e-02 
1.258080e-01 	7.371135e-02 
1.260940e-01 	7.319555e-02 
1.263790e-01 	7.268221e-02 
1.266650e-01 	7.217133e-02 
1.269500e-01 	7.166288e-02 
1.272360e-01 	7.115682e-02 
1.275220e-01 	7.065316e-02 
1.278070e-01 	7.015184e-02 
1.280930e-01 	6.965288e-02 
1.283780e-01 	6.915627e-02 
1.286640e-01 	6.866200e-02 
1.289500e-01 	6.817006e-02 
1.292350e-01 	6.768046e-02 
1.295210e-01 	6.719319e-02 
1.298060e-01 	6.670826e-02 
1.300920e-01 	6.622565e-02 
1.303780e-01 	6.574536e-02 
1.306630e-01 	6.526739e-02 
1.309490e-01 	6.479173e-02 
1.312340e-01 	6.431839e-02 
1.315200e-01 	6.384736e-02 
1.318060e-01 	6.337863e-02 
1.320910e-01 	6.291219e-02 
1.323770e-01 	6.244803e-02 
1.326620e-01 	6.198616e-02 
1.329480e-01 	6.152655e-02 
1.332340e-01 	6.106921e-02 
1.335190e-01 	6.061411e-02 
1.338050e-01 	6.016127e-02 
1.340900e-01 	5.971065e-02 
1.343760e-01 	5.926227e-02 
1.346620e-01 	5.881611e-02 
1.349470e-01 	5.837216e-02 
1.352330e-01 	5.793041e-02 
1.355180e-01 	5.749085e-02 
1.358040e-01 	5.705347e-02 
1.360900e-01 	5.661826e-02 
1.363750e-01 	5.618521e-02 
1.366610e-01 	5.575431e-02 
1.369460e-01 	5.532555e-02 
1.372320e-01 	5.489892e-02 
1.375180e-01 	5.447441e-02 
1.378030e-01 	5.405201e-02 
1.380890e-01 	5.363171e-02 
1.383740e-01 	5.321350e-02 
1.386600e-01 	5.279737e-02 
1.389460e-01 	5.238332e-02 
1.392310e-01 	5.197136e-02 
1.395170e-01 	5.156147e-02 
1.398020e-01 	5.115367e-02 
1.400880e-01 	5.074796e-02 
1.403740e-01 	5.034435e-02 
1.406590e-01 	4.994282e-02 
1.409450e-01 	4.954340e-02 
1.412300e-01 	4.914607e-02 
1.415160e-01 	4.875084e-02 
1.418020e-01 	4.835771e-02 
1.420870e-01 	4.796669e-02 
1.423730e-01 	4.757779e-02 
1.426580e-01 	4.719099e-02 
1.429440e-01 	4.680631e-02 
1.432300e-01 	4.642374e-02 
1.435150e-01 	4.604329e-02 
1.438010e-01 	4.566497e-02 
1.440860e-01 	4.528878e-02 
1.443720e-01 	4.491470e-02 
1.446580e-01 	4.454276e-02 
1.449430e-01 	4.417294e-02 
1.452290e-01 	4.380523e-02 
1.455150e-01 	4.343965e-02 
1.458000e-01 	4.307618e-02 
1.460860e-01 	4.271482e-02 
1.463710e-01 	4.235558e-02 
1.466570e-01 	4.199844e-02 
1.469430e-01 	4.164341e-02 
1.472280e-01 	4.129049e-02 
1.475140e-01 	4.093966e-02 
1.477990e-01 	4.059094e-02 
1.480850e-01 	4.024431e-02 
1.483710e-01 	3.989977e-02 
1.486560e-01 	3.955732e-02 
1.489420e-01 	3.921697e-02 
1.492270e-01 	3.887870e-02 
1.495130e-01 	3.854252e-02 
1.497990e-01 	3.820842e-02 
1.500840e-01 	3.787639e-02 
1.503700e-01 	3.754645e-02 
1.506550e-01 	3.721859e-02 
1.509410e-01 	3.689280e-02 
1.512270e-01 	3.656908e-02 
1.515120e-01 	3.624743e-02 
1.517980e-01 	3.592785e-02 
1.520830e-01 	3.561034e-02 
1.523690e-01 	3.529489e-02 
1.526550e-01 	3.498150e-02 
1.529400e-01 	3.467017e-02 
1.532260e-01 	3.436090e-02 
1.535110e-01 	3.405368e-02 
1.537970e-01 	3.374852e-02 
1.540830e-01 	3.344542e-02 
1.543680e-01 	3.314437e-02 
1.546540e-01 	3.284539e-02 
1.549390e-01 	3.254848e-02 
1.552250e-01 	3.225363e-02 
1.555110e-01 	3.196085e-02 
1.557960e-01 	3.167015e-02 
1.560820e-01 	3.138151e-02 
1.563670e-01 	3.109493e-02 
1.566530e-01 	3.081041e-02 
1.569390e-01 	3.052794e-02 
1.572240e-01 	3.024752e-02 
1.575100e-01 	2.996913e-02 
1.577950e-01 	2.969278e-02 
1.580810e-01 	2.941845e-02 
1.583670e-01 	2.914615e-02 
1.586520e-01 	2.887586e-02 
1.589380e-01 	2.860759e-02 
1.592230e-01 	2.834131e-02 
1.595090e-01 	2.807704e-02 
1.597950e-01 	2.781476e-02 
1.600800e-01 	2.755446e-02 
1.603660e-01 	2.729615e-02 
1.606510e-01 	2.703982e-02 
1.609370e-01 	2.678546e-02 
1.612230e-01 	2.653306e-02 
1.615080e-01 	2.628263e-02 
1.617940e-01 	2.603415e-02 
1.620790e-01 	2.578762e-02 
1.623650e-01 	2.554304e-02 
1.626510e-01 	2.530040e-02 
1.629360e-01 	2.505969e-02 
1.632220e-01 	2.482091e-02 
1.635070e-01 	2.458405e-02 
1.637930e-01 	2.434911e-02 
1.640790e-01 	2.411608e-02 
1.643640e-01 	2.388496e-02 
1.646500e-01 	2.365574e-02 
1.649350e-01 	2.342842e-02 
1.652210e-01 	2.320299e-02 
1.655070e-01 	2.297944e-02 
1.657920e-01 	2.275777e-02 
1.660780e-01 	2.253798e-02 
1.663630e-01 	2.232006e-02 
1.666490e-01 	2.210400e-02 
1.669350e-01 	2.188980e-02 
1.672200e-01 	2.167745e-02 
1.675060e-01 	2.146695e-02 
1.677920e-01 	2.125829e-02 
1.680770e-01 	2.105147e-02 
1.683630e-01 	2.084648e-02 
1.686480e-01 	2.064331e-02 
1.689340e-01 	2.044197e-02 
1.692200e-01 	2.024244e-02 
1.695050e-01 	2.004471e-02 
1.697910e-01 	1.984879e-02 
1.700760e-01 	1.965464e-02 
1.703620e-01 	1.946228e-02 
1.706480e-01 	1.927168e-02 
1.709330e-01 	1.908283e-02 
1.712190e-01 	1.889574e-02 
1.715040e-01 	1.871038e-02 
1.717900e-01 	1.852675e-02 
1.720760e-01 	1.834483e-02 
1.723610e-01 	1.816463e-02 
1.726470e-01 	1.798612e-02 
1.729320e-01 	1.780931e-02 
1.732180e-01 	1.763417e-02 
1.735040e-01 	1.746071e-02 
1.737890e-01 	1.728890e-02 
1.740750e-01 	1.711875e-02 
1.743600e-01 	1.695024e-02 
1.746460e-01 	1.678336e-02 
1.749320e-01 	1.661810e-02 
1.752170e-01 	1.645446e-02 
1.755030e-01 	1.629241e-02 
1.757880e-01 	1.613197e-02 
1.760740e-01 	1.597310e-02 
1.763600e-01 	1.581582e-02 
1.766450e-01 	1.566009e-02 
1.769310e-01 	1.550592e-02 
1.772160e-01 	1.535330e-02 
1.775020e-01 	1.520222e-02 
1.777880e-01 	1.505266e-02 
1.780730e-01 	1.490461e-02 
1.783590e-01 	1.475808e-02 
1.786440e-01 	1.461304e-02 
1.789300e-01 	1.446949e-02 
1.792160e-01 	1.432742e-02 
1.795010e-01 	1.418682e-02 
1.797870e-01 	1.404768e-02 
1.800720e-01 	1.390999e-02 
1.803580e-01 	1.377374e-02 
1.806440e-01 	1.363892e-02 
1.809290e-01 	1.350552e-02 
1.812150e-01 	1.337353e-02 
1.815000e-01 	1.324294e-02 
1.817860e-01 	1.311375e-02 
1.820720e-01 	1.298594e-02 
1.823570e-01 	1.285950e-02 
1.826430e-01 	1.273443e-02 
1.829280e-01 	1.261071e-02 
1.832140e-01 	1.248833e-02 
1.835000e-01 	1.236730e-02 
1.837850e-01 	1.224759e-02 
1.840710e-01 	1.212921e-02 
1.843560e-01 	1.201214e-02 
1.846420e-01 	1.189636e-02 
1.849280e-01 	1.178188e-02 
1.852130e-01 	1.166868e-02 
1.854990e-01 	1.155676e-02 
1.857840e-01 	1.144609e-02 
1.860700e-01 	1.133667e-02 
1.863560e-01 	1.122849e-02 
1.866410e-01 	1.112155e-02 
1.869270e-01 	1.101582e-02 
1.872120e-01 	1.091131e-02 
1.874980e-01 	1.080799e-02 
1.877840e-01 	1.070587e-02 
1.880690e-01 	1.060493e-02 
1.883550e-01 	1.050515e-02 
1.886400e-01 	1.040654e-02 
1.889260e-01 	1.030908e-02 
1.892120e-01 	1.021275e-02 
1.894970e-01 	1.011756e-02 
1.897830e-01 	1.002349e-02 
1.900690e-01 	9.930527e-03 
1.903540e-01 	9.838665e-03 
1.906400e-01 	9.747892e-03 
1.909250e-01 	9.658200e-03 
1.912110e-01 	9.569576e-03 
1.914970e-01 	9.482013e-03 
1.917820e-01 	9.395499e-03 
1.920680e-01 	9.310024e-03 
1.923530e-01 	9.225580e-03 
1.926390e-01 	9.142154e-03 
1.929250e-01 	9.059738e-03 
1.932100e-01 	8.978321e-03 
1.934960e-01 	8.897894e-03 
1.937810e-01 	8.818445e-03 
1.940670e-01 	8.739966e-03 
1.943530e-01 	8.662446e-03 
1.946380e-01 	8.585875e-03 
1.949240e-01 	8.510243e-03 
1.952090e-01 	8.435539e-03 
1.954950e-01 	8.361755e-03 
1.957810e-01 	8.288879e-03 
1.960660e-01 	8.216902e-03 
1.963520e-01 	8.145815e-03 
1.966370e-01 	8.075607e-03 
1.969230e-01 	8.006270e-03 
1.972090e-01 	7.937795e-03 
1.974940e-01 	7.870175e-03 
1.977800e-01 	7.803403e-03 
1.980650e-01 	7.737473e-03 
1.983510e-01 	7.672378e-03 
1.986370e-01 	7.608111e-03 
1.989220e-01 	7.544667e-03 
1.992080e-01 	7.482037e-03 
1.994930e-01 	7.420214e-03 
1.997790e-01 	7.359191e-03 
2.000650e-01 	7.298960e-03 
2.003500e-01 	7.239512e-03 
2.006360e-01 	7.180842e-03 
2.009210e-01 	7.122942e-03 
2.012070e-01 	7.065803e-03 
2.014930e-01 	7.009418e-03 
2.017780e-01 	6.953780e-03 
2.020640e-01 	6.898881e-03 
2.023490e-01 	6.844713e-03 
2.026350e-01 	6.791270e-03 
2.029210e-01 	6.738543e-03 
2.032060e-01 	6.686525e-03 
2.034920e-01 	6.635209e-03 
2.037770e-01 	6.584586e-03 
2.040630e-01 	6.534650e-03 
2.043490e-01 	6.485392e-03 
2.046340e-01 	6.436806e-03 
2.049200e-01 	6.388884e-03 
2.052050e-01 	6.341618e-03 
2.054910e-01 	6.295001e-03 
2.057770e-01 	6.249025e-03 
2.060620e-01 	6.203682e-03 
2.063480e-01 	6.158966e-03 
2.066330e-01 	6.114868e-03 
2.069190e-01 	6.071382e-03 
2.072050e-01 	6.028500e-03 
2.074900e-01 	5.986214e-03 
2.077760e-01 	5.944517e-03 
2.080610e-01 	5.903401e-03 
2.083470e-01 	5.862859e-03 
2.086330e-01 	5.822884e-03 
2.089180e-01 	5.783468e-03 
2.092040e-01 	5.744603e-03 
2.094890e-01 	5.706282e-03 
2.097750e-01 	5.668499e-03 
2.100610e-01 	5.631244e-03 
2.103460e-01 	5.594511e-03 
2.106320e-01 	5.558293e-03 
2.109170e-01 	5.522582e-03 
2.112030e-01 	5.487372e-03 
2.114890e-01 	5.452658e-03 
2.117740e-01 	5.418436e-03 
2.120600e-01 	5.384700e-03 
2.123450e-01 	5.351445e-03 
2.126310e-01 	5.318666e-03 
2.129170e-01 	5.286358e-03 
2.132020e-01 	5.254516e-03 
2.134880e-01 	5.223135e-03 
2.137740e-01 	5.192210e-03 
2.140590e-01 	5.161735e-03 
2.143450e-01 	5.131707e-03 
2.146300e-01 	5.102121e-03 
2.149160e-01 	5.072972e-03 
2.152020e-01 	5.044257e-03 
2.154870e-01 	5.015970e-03 
2.157730e-01 	4.988107e-03 
2.160580e-01 	4.960664e-03 
2.163440e-01 	4.933636e-03 
2.166300e-01 	4.907019e-03 
2.169150e-01 	4.880809e-03 
2.172010e-01 	4.855000e-03 
2.174860e-01 	4.829589e-03 
2.177720e-01 	4.804571e-03 
2.180580e-01 	4.779942e-03 
2.183430e-01 	4.755697e-03 
2.186290e-01 	4.731832e-03 
2.189140e-01 	4.708343e-03 
2.192000e-01 	4.685225e-03 
2.194860e-01 	4.662474e-03 
2.197710e-01 	4.640085e-03 
2.200570e-01 	4.618055e-03 
2.203420e-01 	4.596379e-03 
2.206280e-01 	4.575052e-03 
2.209140e-01 	4.554071e-03 
2.211990e-01 	4.533430e-03 
2.214850e-01 	4.513127e-03 
2.217700e-01 	4.493155e-03 
2.220560e-01 	4.473512e-03 
2.223420e-01 	4.454194e-03 
2.226270e-01 	4.435195e-03 
2.229130e-01 	4.416511e-03 
2.231980e-01 	4.398140e-03 
2.234840e-01 	4.380075e-03 
2.237700e-01 	4.362314e-03 
2.240550e-01 	4.344852e-03 
2.243410e-01 	4.327684e-03 
2.246260e-01 	4.310807e-03 
2.249120e-01 	4.294216e-03 
2.251980e-01 	4.277909e-03 
2.254830e-01 	4.261881e-03 
2.257690e-01 	4.246130e-03 
2.260540e-01 	4.230651e-03 
2.263400e-01 	4.215442e-03 
2.266260e-01 	4.200499e-03 
2.269110e-01 	4.185819e-03 
2.271970e-01 	4.171398e-03 
2.274820e-01 	4.157233e-03 
2.277680e-01 	4.143321e-03 
2.280540e-01 	4.129657e-03 
2.283390e-01 	4.116239e-03 
2.286250e-01 	4.103064e-03 
2.289100e-01 	4.090127e-03 
2.291960e-01 	4.077426e-03 
2.294820e-01 	4.064959e-03 
2.297670e-01 	4.052723e-03 
2.300530e-01 	4.040717e-03 
2.303380e-01 	4.028937e-03 
2.306240e-01 	4.017382e-03 
2.309100e-01 	4.006050e-03 
2.311950e-01 	3.994938e-03 
2.314810e-01 	3.984045e-03 
2.317660e-01 	3.973367e-03 
2.320520e-01 	3.962902e-03 
2.323380e-01 	3.952650e-03 
2.326230e-01 	3.942606e-03 
2.329090e-01 	3.932770e-03 
2.331940e-01 	3.923138e-03 
2.334800e-01 	3.913709e-03 
2.337660e-01 	3.904480e-03 
2.340510e-01 	3.895449e-03 
2.343370e-01 	3.886614e-03 
2.346230e-01 	3.877974e-03 
2.349080e-01 	3.869526e-03 
2.351940e-01 	3.861268e-03 
2.354790e-01 	3.853199e-03 
2.357650e-01 	3.845316e-03 
2.360510e-01 	3.837618e-03 
2.363360e-01 	3.830103e-03 
2.366220e-01 	3.822768e-03 
2.369070e-01 	3.815612e-03 
2.371930e-01 	3.808632e-03 
2.374790e-01 	3.801828e-03 
2.377640e-01 	3.795196e-03 
2.380500e-01 	3.788736e-03 
2.383350e-01 	3.782444e-03 
2.386210e-01 	3.776320e-03 
2.389070e-01 	3.770361e-03 
2.391920e-01 	3.764565e-03 
2.394780e-01 	3.758931e-03 
2.397630e-01 	3.753457e-03 
2.400490e-01 	3.748140e-03 
2.403350e-01 	3.742980e-03 
2.406200e-01 	3.737974e-03 
2.409060e-01 	3.733120e-03 
2.411910e-01 	3.728416e-03 
2.414770e-01 	3.723861e-03 
2.417630e-01 	3.719453e-03 
2.420480e-01 	3.715190e-03 
2.423340e-01 	3.711070e-03 
2.426190e-01 	3.707091e-03 
2.429050e-01 	3.703251e-03 
2.431910e-01 	3.699548e-03 
2.434760e-01 	3.695982e-03 
2.437620e-01 	3.692548e-03 
2.440470e-01 	3.689247e-03 
2.443330e-01 	3.686077e-03 
2.446190e-01 	3.683035e-03 
2.449040e-01 	3.680122e-03 
2.451900e-01 	3.677336e-03 
2.454750e-01 	3.674676e-03 
2.457610e-01 	3.672140e-03 
2.460470e-01 	3.669728e-03 
2.463320e-01 	3.667438e-03 
2.466180e-01 	3.665269e-03 
2.469030e-01 	3.663221e-03 
2.471890e-01 	3.661291e-03 
2.474750e-01 	3.659479e-03 
2.477600e-01 	3.657784e-03 
2.480460e-01 	3.656205e-03 
2.483310e-01 	3.654740e-03 
2.486170e-01 	3.653390e-03 
2.489030e-01 	3.652152e-03 
2.491880e-01 	3.651027e-03 
2.494740e-01 	3.650012e-03 
2.497590e-01 	3.649107e-03 
2.500450e-01 	3.648310e-03 
2.503310e-01 	3.647622e-03 
2.506160e-01 	3.647041e-03 
2.509020e-01 	3.646565e-03 
2.511870e-01 	3.646195e-03 
2.514730e-01 	3.645928e-03 
2.517590e-01 	3.645764e-03 
2.520440e-01 	3.645702e-03 
2.523300e-01 	3.645741e-03 
2.526150e-01 	3.645880e-03 
2.529010e-01 	3.646118e-03 
2.531870e-01 	3.646455e-03 
2.534720e-01 	3.646889e-03 
2.537580e-01 	3.647420e-03 
2.540430e-01 	3.648047e-03 
2.543290e-01 	3.648769e-03 
2.546150e-01 	3.649585e-03 
2.549000e-01 	3.650496e-03 
2.551860e-01 	3.651499e-03 
2.554710e-01 	3.652594e-03 
2.557570e-01 	3.653780e-03 
2.560430e-01 	3.655057e-03 
2.563280e-01 	3.656423e-03 
2.566140e-01 	3.657878e-03 
2.568990e-01 	3.659422e-03 
2.571850e-01 	3.661053e-03 
2.574710e-01 	3.662770e-03 
2.577560e-01 	3.664573e-03 
2.580420e-01 	3.666460e-03 
2.583280e-01 	3.668432e-03 
2.586130e-01 	3.670487e-03 
2.588990e-01 	3.672625e-03 
2.591840e-01 	3.674844e-03 
2.594700e-01 	3.677145e-03 
2.597560e-01 	3.679525e-03 
2.600410e-01 	3.681985e-03 
2.603270e-01 	3.684524e-03 
2.606120e-01 	3.687140e-03 
2.608980e-01 	3.689833e-03 
2.611840e-01 	3.692602e-03 
2.614690e-01 	3.695447e-03 
2.617550e-01 	3.698366e-03 
2.620400e-01 	3.701360e-03 
2.623260e-01 	3.704426e-03 
2.626120e-01 	3.707564e-03 
2.628970e-01 	3.710774e-03 
2.631830e-01 	3.714054e-03 
2.634680e-01 	3.717405e-03 
2.637540e-01 	3.720824e-03 
2.640400e-01 	3.724311e-03 
2.643250e-01 	3.727866e-03 
2.646110e-01 	3.731488e-03 
2.648960e-01 	3.735175e-03 
2.651820e-01 	3.738928e-03 
2.654680e-01 	3.742745e-03 
2.657530e-01 	3.746625e-03 
2.660390e-01 	3.750568e-03 
2.663240e-01 	3.754573e-03 
2.666100e-01 	3.758639e-03 
2.668960e-01 	3.762766e-03 
2.671810e-01 	3.766954e-03 
2.674670e-01 	3.771203e-03 
2.677520e-01 	3.775511e-03 
2.680380e-01 	3.779879e-03 
2.683240e-01 	3.784306e-03 
2.686090e-01 	3.788791e-03 
2.688950e-01 	3.793335e-03 
2.691800e-01 	3.797937e-03 
2.694660e-01 	3.802596e-03 
2.697520e-01 	3.807313e-03 
2.700370e-01 	3.812086e-03 
2.703230e-01 	3.816915e-03 
2.706080e-01 	3.821800e-03 
2.708940e-01 	3.826741e-03 
2.711800e-01 	3.831737e-03 
2.714650e-01 	3.836788e-03 
2.717510e-01 	3.841893e-03 
2.720360e-01 	3.847051e-03 
2.723220e-01 	3.852264e-03 
2.726080e-01 	3.857529e-03 
2.728930e-01 	3.862847e-03 
2.731790e-01 	3.868217e-03 
2.734640e-01 	3.873639e-03 
2.737500e-01 	3.879112e-03 
2.740360e-01 	3.884635e-03 
2.743210e-01 	3.890208e-03 
2.746070e-01 	3.895831e-03 
2.748920e-01 	3.901502e-03 
2.751780e-01 	3.907221e-03 
2.754640e-01 	3.912987e-03 
2.757490e-01 	3.918799e-03 
2.760350e-01 	3.924656e-03 
2.763200e-01 	3.930559e-03 
2.766060e-01 	3.936505e-03 
2.768920e-01 	3.942495e-03 
2.771770e-01 	3.948527e-03 
2.774630e-01 	3.954601e-03 
2.777480e-01 	3.960716e-03 
2.780340e-01 	3.966871e-03 
2.783200e-01 	3.973065e-03 
2.786050e-01 	3.979299e-03 
2.788910e-01 	3.985570e-03 
2.791760e-01 	3.991879e-03 
2.794620e-01 	3.998225e-03 
2.797480e-01 	4.004606e-03 
2.800330e-01 	4.011023e-03 
2.803190e-01 	4.017474e-03 
2.806050e-01 	4.023960e-03 
2.808900e-01 	4.030478e-03 
2.811760e-01 	4.037030e-03 
2.814610e-01 	4.043615e-03 
2.817470e-01 	4.050231e-03 
2.820330e-01 	4.056879e-03 
2.823180e-01 	4.063557e-03 
2.826040e-01 	4.070266e-03 
2.828890e-01 	4.077006e-03 
2.831750e-01 	4.083774e-03 
2.834610e-01 	4.090571e-03 
2.837460e-01 	4.097397e-03 
2.840320e-01 	4.104250e-03 
2.843170e-01 	4.111131e-03 
2.846030e-01 	4.118039e-03 
2.848890e-01 	4.124973e-03 
2.851740e-01 	4.131932e-03 
2.854600e-01 	4.138917e-03 
2.857450e-01 	4.145926e-03 
2.860310e-01 	4.152960e-03 
2.863170e-01 	4.160017e-03 
2.866020e-01 	4.167097e-03 
2.868880e-01 	4.174200e-03 
2.871730e-01 	4.181325e-03 
2.874590e-01 	4.188471e-03 
2.877450e-01 	4.195638e-03 
2.880300e-01 	4.202826e-03 
2.883160e-01 	4.210034e-03 
2.886010e-01 	4.217261e-03 
2.888870e-01 	4.224507e-03 
2.891730e-01 	4.231772e-03 
2.894580e-01 	4.239054e-03 
2.897440e-01 	4.246353e-03 
2.900290e-01 	4.253668e-03 
2.903150e-01 	4.260999e-03 
2.906010e-01 	4.268345e-03 
2.908860e-01 	4.275705e-03 
2.911720e-01 	4.283078e-03 
2.914570e-01 	4.290464e-03 
2.917430e-01 	4.297862e-03 
2.920290e-01 	4.305271e-03 
2.923140e-01 	4.312691e-03 
2.926000e-01 	4.320120e-03 
2.928850e-01 	4.327559e-03 
2.931710e-01 	4.335006e-03 
2.934570e-01 	4.342460e-03 
2.937420e-01 	4.349922e-03 
2.940280e-01 	4.357389e-03 
2.943130e-01 	4.364862e-03 
2.945990e-01 	4.372340e-03 
2.948850e-01 	4.379821e-03 
2.951700e-01 	4.387305e-03 
2.954560e-01 	4.394791e-03 
2.957410e-01 	4.402278e-03 
2.960270e-01 	4.409766e-03 
2.963130e-01 	4.417254e-03 
2.965980e-01 	4.424740e-03 
2.968840e-01 	4.432224e-03 
2.971690e-01 	4.439706e-03 
2.974550e-01 	4.447183e-03 
2.977410e-01 	4.454657e-03 
2.980260e-01 	4.462125e-03 
2.983120e-01 	4.469586e-03 
2.985970e-01 	4.477041e-03 
2.988830e-01 	4.484489e-03 
2.991690e-01 	4.491928e-03 
2.994540e-01 	4.499358e-03 
2.997400e-01 	4.506777e-03 
3.000250e-01 	4.514186e-03 
3.003110e-01 	4.521584e-03 
3.005970e-01 	4.528969e-03 
3.008820e-01 	4.536342e-03 
3.011680e-01 	4.543700e-03 
3.014530e-01 	4.551044e-03 
3.017390e-01 	4.558373e-03 
3.020250e-01 	4.565685e-03 
3.023100e-01 	4.572981e-03 
3.025960e-01 	4.580259e-03 
3.028820e-01 	4.587518e-03 
3.031670e-01 	4.594758e-03 
3.034530e-01 	4.601978e-03 
3.037380e-01 	4.609177e-03 
3.040240e-01 	4.616354e-03 
3.043100e-01 	4.623509e-03 
3.045950e-01 	4.630640e-03 
3.048810e-01 	4.637748e-03 
3.051660e-01 	4.644831e-03 
3.054520e-01 	4.651890e-03 
3.057380e-01 	4.658922e-03 
3.060230e-01 	4.665928e-03 
3.063090e-01 	4.672907e-03 
3.065940e-01 	4.679858e-03 
3.068800e-01 	4.686780e-03 
3.071660e-01 	4.693674e-03 
3.074510e-01 	4.700538e-03 
3.077370e-01 	4.707371e-03 
3.080220e-01 	4.714173e-03 
3.083080e-01 	4.720944e-03 
3.085940e-01 	4.727682e-03 
3.088790e-01 	4.734387e-03 
3.091650e-01 	4.741058e-03 
3.094500e-01 	4.747695e-03 
3.097360e-01 	4.754296e-03 
3.100220e-01 	4.760862e-03 
3.103070e-01 	4.767391e-03 
3.105930e-01 	4.773883e-03 
3.108780e-01 	4.780337e-03 
3.111640e-01 	4.786752e-03 
3.114500e-01 	4.793128e-03 
3.117350e-01 	4.799465e-03 
3.120210e-01 	4.805761e-03 
3.123060e-01 	4.812016e-03 
3.125920e-01 	4.818229e-03 
3.128780e-01 	4.824400e-03 
3.131630e-01 	4.830528e-03 
3.134490e-01 	4.836613e-03 
3.137340e-01 	4.842654e-03 
3.140200e-01 	4.848650e-03 
3.143060e-01 	4.854601e-03 
3.145910e-01 	4.860506e-03 
3.148770e-01 	4.866364e-03 
3.151620e-01 	4.872176e-03 
3.154480e-01 	4.877939e-03 
3.157340e-01 	4.883655e-03 
3.160190e-01 	4.889321e-03 
3.163050e-01 	4.894939e-03 
3.165900e-01 	4.900506e-03 
3.168760e-01 	4.906022e-03 
3.171620e-01 	4.911487e-03 
3.174470e-01 	4.916900e-03 
3.177330e-01 	4.922261e-03 
3.180180e-01 	4.927568e-03 
3.183040e-01 	4.932822e-03 
3.185900e-01 	4.938022e-03 
3.188750e-01 	4.943167e-03 
3.191610e-01 	4.948256e-03 
3.194460e-01 	4.953289e-03 
3.197320e-01 	4.958265e-03 
3.200180e-01 	4.963184e-03 
3.203030e-01 	4.968045e-03 
3.205890e-01 	4.972847e-03 
3.208740e-01 	4.977589e-03 
3.211600e-01 	4.982271e-03 
3.214460e-01 	4.986892e-03 
3.217310e-01 	4.991451e-03 
3.220170e-01 	4.995948e-03 
3.223020e-01 	5.000380e-03 
3.225880e-01 	5.004747e-03 
3.228740e-01 	5.009049e-03 
3.231590e-01 	5.013283e-03 
3.234450e-01 	5.017448e-03 
3.237300e-01 	5.021544e-03 
3.240160e-01 	5.025570e-03 
3.243020e-01 	5.029523e-03 
3.245870e-01 	5.033403e-03 
3.248730e-01 	5.037208e-03 
3.251590e-01 	5.040939e-03 
3.254440e-01 	5.044592e-03 
3.257300e-01 	5.048167e-03 
3.260150e-01 	5.051662e-03 
3.263010e-01 	5.055078e-03 
3.265870e-01 	5.058411e-03 
3.268720e-01 	5.061662e-03 
3.271580e-01 	5.064828e-03 
3.274430e-01 	5.067909e-03 
3.277290e-01 	5.070903e-03 
3.280150e-01 	5.073809e-03 
3.283000e-01 	5.076626e-03 
3.285860e-01 	5.079353e-03 
3.288710e-01 	5.081987e-03 
3.291570e-01 	5.084529e-03 
3.294430e-01 	5.086977e-03 
3.297280e-01 	5.089330e-03 
3.300140e-01 	5.091586e-03 
3.302990e-01 	5.093744e-03 
3.305850e-01 	5.095803e-03 
3.308710e-01 	5.097761e-03 
3.311560e-01 	5.099618e-03 
3.314420e-01 	5.101373e-03 
3.317270e-01 	5.103023e-03 
3.320130e-01 	5.104567e-03 
3.322990e-01 	5.106006e-03 
3.325840e-01 	5.107336e-03 
3.328700e-01 	5.108557e-03 
3.331550e-01 	5.109669e-03 
3.334410e-01 	5.110668e-03 
3.337270e-01 	5.111555e-03 
3.340120e-01 	5.112328e-03 
3.342980e-01 	5.112985e-03 
3.345830e-01 	5.113527e-03 
3.348690e-01 	5.113954e-03 
3.351550e-01 	5.114265e-03 
3.354400e-01 	5.114460e-03 
3.357260e-01 	5.114540e-03 
3.360110e-01 	5.114507e-03 
3.362970e-01 	5.114364e-03 
3.365830e-01 	5.114111e-03 
3.368680e-01 	5.113751e-03 
3.371540e-01 	5.113287e-03 
3.374390e-01 	5.112720e-03 
3.377250e-01 	5.112053e-03 
3.380110e-01 	5.111289e-03 
3.382960e-01 	5.110429e-03 
3.385820e-01 	5.109476e-03 
3.388670e-01 	5.108433e-03 
3.391530e-01 	5.107302e-03 
3.394390e-01 	5.106086e-03 
3.397240e-01 	5.104786e-03 
3.400100e-01 	5.103406e-03 
3.402950e-01 	5.101947e-03 
3.405810e-01 	5.100412e-03 
3.408670e-01 	5.098804e-03 
3.411520e-01 	5.097126e-03 
3.414380e-01 	5.095378e-03 
3.417230e-01 	5.093565e-03 
3.420090e-01 	5.091688e-03 
3.422950e-01 	5.089749e-03 
3.425800e-01 	5.087752e-03 
3.428660e-01 	5.085699e-03 
3.431510e-01 	5.083592e-03 
3.434370e-01 	5.081433e-03 
3.437230e-01 	5.079225e-03 
3.440080e-01 	5.076971e-03 
3.442940e-01 	5.074673e-03 
3.445790e-01 	5.072332e-03 
3.448650e-01 	5.069953e-03 
3.451510e-01 	5.067537e-03 
3.454360e-01 	5.065086e-03 
3.457220e-01 	5.062604e-03 
3.460070e-01 	5.060091e-03 
3.462930e-01 	5.057552e-03 
3.465790e-01 	5.054989e-03 
3.468640e-01 	5.052403e-03 
3.471500e-01 	5.049797e-03 
3.474360e-01 	5.047174e-03 
3.477210e-01 	5.044536e-03 
3.480070e-01 	5.041886e-03 
3.482920e-01 	5.039226e-03 
3.485780e-01 	5.036558e-03 
3.488640e-01 	5.033885e-03 
3.491490e-01 	5.031210e-03 
