#q 	 Ifit_avg 
9.448000e-03 	1.000000e+00 
1.088100e-02 	9.895823e-01 
1.231400e-02 	9.790791e-01 
1.374700e-02 	9.684038e-01 
1.518000e-02 	9.574700e-01 
1.661300e-02 	9.461909e-01 
1.804600e-02 	9.344801e-01 
1.947800e-02 	9.222596e-01 
2.091100e-02 	9.094259e-01 
2.234400e-02 	8.959006e-01 
2.377700e-02 	8.815982e-01 
2.521000e-02 	8.664647e-01 
2.664300e-02 	8.505356e-01 
2.807600e-02 	8.338963e-01 
2.950900e-02 	8.166406e-01 
3.094200e-02 	7.988632e-01 
3.237500e-02 	7.806585e-01 
3.380800e-02 	7.621210e-01 
3.524100e-02 	7.433454e-01 
3.667400e-02 	7.244260e-01 
3.810600e-02 	7.054677e-01 
3.953900e-02 	6.865213e-01 
4.097200e-02 	6.676556e-01 
4.240500e-02 	6.489107e-01 
4.383800e-02 	6.303204e-01 
4.527100e-02 	6.119164e-01 
4.670400e-02 	5.937296e-01 
4.813700e-02 	5.757907e-01 
4.957000e-02 	5.581306e-01 
5.100300e-02 	5.407795e-01 
5.243600e-02 	5.237664e-01 
5.386800e-02 	5.071263e-01 
5.530100e-02 	4.908555e-01 
5.673400e-02 	4.749807e-01 
5.816700e-02 	4.595152e-01 
5.960000e-02 	4.444711e-01 
6.103300e-02 	4.298600e-01 
6.246600e-02 	4.156935e-01 
6.389900e-02 	4.019830e-01 
6.533200e-02 	3.887385e-01 
6.676500e-02 	3.759687e-01 
6.819800e-02 	3.636758e-01 
6.963100e-02 	3.518593e-01 
7.106300e-02 	3.405215e-01 
7.249600e-02 	3.296366e-01 
7.392900e-02 	3.192022e-01 
7.536200e-02 	3.092053e-01 
7.679500e-02 	2.996322e-01 
7.822800e-02 	2.904691e-01 
7.966100e-02 	2.817018e-01 
8.109400e-02 	2.733158e-01 
8.252700e-02 	2.652966e-01 
8.396000e-02 	2.576298e-01 
8.539300e-02 	2.503004e-01 
8.682500e-02 	2.432969e-01 
8.825800e-02 	2.365931e-01 
8.969100e-02 	2.301774e-01 
9.112400e-02 	2.240328e-01 
9.255700e-02 	2.181421e-01 
9.399000e-02 	2.124884e-01 
9.542300e-02 	2.070560e-01 
9.685600e-02 	2.018317e-01 
9.828900e-02 	1.968022e-01 
9.972200e-02 	1.919545e-01 
1.011550e-01 	1.872772e-01 
1.025880e-01 	1.827598e-01 
1.040200e-01 	1.783947e-01 
1.054530e-01 	1.741659e-01 
1.068860e-01 	1.700664e-01 
1.083190e-01 	1.660864e-01 
1.097520e-01 	1.622182e-01 
1.111850e-01 	1.584555e-01 
1.126180e-01 	1.547919e-01 
1.140510e-01 	1.512212e-01 
1.154840e-01 	1.477386e-01 
1.169170e-01 	1.443410e-01 
1.183500e-01 	1.410257e-01 
1.197830e-01 	1.377896e-01 
1.212150e-01 	1.346320e-01 
1.226480e-01 	1.315465e-01 
1.240810e-01 	1.285337e-01 
1.255140e-01 	1.255919e-01 
1.269470e-01 	1.227197e-01 
1.283800e-01 	1.199156e-01 
1.298130e-01 	1.171784e-01 
1.312460e-01 	1.145077e-01 
1.326790e-01 	1.119032e-01 
1.341120e-01 	1.093647e-01 
1.355450e-01 	1.068918e-01 
1.369780e-01 	1.044841e-01 
1.384100e-01 	1.021420e-01 
1.398430e-01 	9.986125e-02 
1.412760e-01 	9.764262e-02 
1.427090e-01 	9.548507e-02 
1.441420e-01 	9.338747e-02 
1.455750e-01 	9.134830e-02 
1.470080e-01 	8.936602e-02 
1.484410e-01 	8.743918e-02 
1.498740e-01 	8.556635e-02 
1.513070e-01 	8.374568e-02 
1.527400e-01 	8.197468e-02 
1.541730e-01 	8.025103e-02 
1.556050e-01 	7.857371e-02 
1.570380e-01 	7.693825e-02 
1.584710e-01 	7.534376e-02 
1.599040e-01 	7.378783e-02 
1.613370e-01 	7.226758e-02 
1.627700e-01 	7.078010e-02 
1.642030e-01 	6.932266e-02 
1.656360e-01 	6.789278e-02 
1.670690e-01 	6.648819e-02 
1.685020e-01 	6.510661e-02 
1.699350e-01 	6.374583e-02 
1.713670e-01 	6.240472e-02 
1.728000e-01 	6.107938e-02 
1.742330e-01 	5.976872e-02 
1.756660e-01 	5.847068e-02 
1.770990e-01 	5.718321e-02 
1.785320e-01 	5.590432e-02 
1.799650e-01 	5.463281e-02 
1.813980e-01 	5.336795e-02 
1.828310e-01 	5.210902e-02 
1.842640e-01 	5.085543e-02 
1.856970e-01 	4.960655e-02 
1.871300e-01 	4.836170e-02 
1.885620e-01 	4.712112e-02 
1.899950e-01 	4.588278e-02 
1.914280e-01 	4.464754e-02 
1.928610e-01 	4.341550e-02 
1.942940e-01 	4.218731e-02 
1.957270e-01 	4.096378e-02 
1.971600e-01 	3.974569e-02 
1.985930e-01 	3.853386e-02 
2.000260e-01 	3.732907e-02 
2.014590e-01 	3.613210e-02 
2.028920e-01 	3.494371e-02 
2.043250e-01 	3.376486e-02 
2.057570e-01 	3.259765e-02 
2.071900e-01 	3.144177e-02 
2.086230e-01 	3.029932e-02 
2.100560e-01 	2.917156e-02 
2.114890e-01 	2.805969e-02 
2.129220e-01 	2.696489e-02 
2.143550e-01 	2.588834e-02 
2.157880e-01 	2.483118e-02 
2.172210e-01 	2.379458e-02 
2.186540e-01 	2.277969e-02 
2.200870e-01 	2.178771e-02 
2.215190e-01 	2.082026e-02 
2.229520e-01 	1.987670e-02 
2.243850e-01 	1.895832e-02 
2.258180e-01 	1.806573e-02 
2.272510e-01 	1.719957e-02 
2.286840e-01 	1.636043e-02 
2.301170e-01 	1.554893e-02 
2.315500e-01 	1.476567e-02 
2.329830e-01 	1.401118e-02 
2.344160e-01 	1.328584e-02 
2.358490e-01 	1.258960e-02 
2.372820e-01 	1.192228e-02 
2.387140e-01 	1.128409e-02 
2.401470e-01 	1.067396e-02 
2.415800e-01 	1.009211e-02 
2.430130e-01 	9.538362e-03 
2.444460e-01 	9.012494e-03 
2.458790e-01 	8.514306e-03 
2.473120e-01 	8.043588e-03 
2.487450e-01 	7.599992e-03 
2.501780e-01 	7.182894e-03 
2.516110e-01 	6.791621e-03 
2.530440e-01 	6.425502e-03 
2.544770e-01 	6.083866e-03 
2.559090e-01 	5.766255e-03 
2.573420e-01 	5.471552e-03 
2.587750e-01 	5.199316e-03 
2.602080e-01 	4.948873e-03 
2.616410e-01 	4.719551e-03 
2.630740e-01 	4.510692e-03 
2.645070e-01 	4.321638e-03 
2.659400e-01 	4.151696e-03 
2.673730e-01 	4.000170e-03 
2.688060e-01 	3.866367e-03 
2.702390e-01 	3.749588e-03 
2.716720e-01 	3.649138e-03 
2.731040e-01 	3.564375e-03 
2.745370e-01 	3.494482e-03 
2.759700e-01 	3.438827e-03 
2.774030e-01 	3.396745e-03 
2.788360e-01 	3.367658e-03 
2.802690e-01 	3.351043e-03 
2.817020e-01 	3.346382e-03 
2.831350e-01 	3.353164e-03 
2.845680e-01 	3.370876e-03 
2.860010e-01 	3.399005e-03 
2.874340e-01 	3.437038e-03 
2.888660e-01 	3.484426e-03 
2.902990e-01 	3.540725e-03 
2.917320e-01 	3.605410e-03 
2.931650e-01 	3.678018e-03 
2.945980e-01 	3.758146e-03 
2.960310e-01 	3.845420e-03 
2.974640e-01 	3.939492e-03 
2.988970e-01 	4.040019e-03 
3.003300e-01 	4.146666e-03 
3.017630e-01 	4.259095e-03 
3.031960e-01 	4.376977e-03 
3.046290e-01 	4.499984e-03 
3.060610e-01 	4.627722e-03 
3.074940e-01 	4.760076e-03 
3.089270e-01 	4.896673e-03 
3.103600e-01 	5.037236e-03 
3.117930e-01 	5.181506e-03 
3.132260e-01 	5.329251e-03 
3.146590e-01 	5.480238e-03 
3.160920e-01 	5.634244e-03 
3.175250e-01 	5.791052e-03 
3.189580e-01 	5.950456e-03 
3.203910e-01 	6.112283e-03 
3.218240e-01 	6.276372e-03 
3.232560e-01 	6.442443e-03 
3.246890e-01 	6.610561e-03 
3.261220e-01 	6.780445e-03 
3.275550e-01 	6.951936e-03 
3.289880e-01 	7.124878e-03 
3.304210e-01 	7.299116e-03 
3.318540e-01 	7.474493e-03 
3.332870e-01 	7.650866e-03 
3.347200e-01 	7.828113e-03 
3.361530e-01 	8.006114e-03 
3.375860e-01 	8.184753e-03 
3.390180e-01 	8.363806e-03 
3.404510e-01 	8.543431e-03 
3.418840e-01 	8.723408e-03 
3.433170e-01 	8.903629e-03 
3.447500e-01 	9.083978e-03 
3.461830e-01 	9.264335e-03 
3.476160e-01 	9.444571e-03 
3.490490e-01 	9.624543e-03 
3.504820e-01 	9.804110e-03 
3.519150e-01 	9.983133e-03 
3.533480e-01 	1.016150e-02 
3.547810e-01 	1.033910e-02 
3.562130e-01 	1.051572e-02 
3.576460e-01 	1.069151e-02 
3.590790e-01 	1.086623e-02 
3.605120e-01 	1.103977e-02 
3.619450e-01 	1.121198e-02 
3.633780e-01 	1.138270e-02 
3.648110e-01 	1.155175e-02 
3.662440e-01 	1.171899e-02 
3.676770e-01 	1.188425e-02 
3.691100e-01 	1.204738e-02 
3.705430e-01 	1.220825e-02 
3.719760e-01 	1.236673e-02 
3.734080e-01 	1.252256e-02 
3.748410e-01 	1.267584e-02 
3.762740e-01 	1.282632e-02 
3.777070e-01 	1.297385e-02 
3.791400e-01 	1.311830e-02 
3.805730e-01 	1.325952e-02 
3.820060e-01 	1.339738e-02 
3.834390e-01 	1.353175e-02 
3.848720e-01 	1.366248e-02 
3.863050e-01 	1.378943e-02 
3.877380e-01 	1.391246e-02 
3.891710e-01 	1.403145e-02 
3.906030e-01 	1.414623e-02 
3.920360e-01 	1.425690e-02 
3.934690e-01 	1.436331e-02 
3.949020e-01 	1.446539e-02 
3.963350e-01 	1.456310e-02 
3.977680e-01 	1.465636e-02 
3.992010e-01 	1.474509e-02 
4.006340e-01 	1.482922e-02 
4.020670e-01 	1.490868e-02 
4.035000e-01 	1.498342e-02 
4.049330e-01 	1.505345e-02 
4.063650e-01 	1.511872e-02 
4.077980e-01 	1.517936e-02 
4.092310e-01 	1.523532e-02 
4.106640e-01 	1.528662e-02 
4.120970e-01 	1.533329e-02 
4.135300e-01 	1.537534e-02 
4.149630e-01 	1.541281e-02 
4.163960e-01 	1.544573e-02 
4.178290e-01 	1.547414e-02 
4.192620e-01 	1.549812e-02 
4.206950e-01 	1.551773e-02 
4.221280e-01 	1.553304e-02 
4.235600e-01 	1.554410e-02 
4.249930e-01 	1.555100e-02 
4.264260e-01 	1.555381e-02 
4.278590e-01 	1.555260e-02 
4.292920e-01 	1.554749e-02 
4.307250e-01 	1.553859e-02 
4.321580e-01 	1.552597e-02 
4.335910e-01 	1.550974e-02 
4.350240e-01 	1.548997e-02 
4.364570e-01 	1.546675e-02 
4.378900e-01 	1.544018e-02 
4.393230e-01 	1.541033e-02 
4.407550e-01 	1.537731e-02 
4.421880e-01 	1.534119e-02 
4.436210e-01 	1.530211e-02 
4.450540e-01 	1.526016e-02 
4.464870e-01 	1.521544e-02 
4.479200e-01 	1.516803e-02 
4.493530e-01 	1.511800e-02 
4.507860e-01 	1.506544e-02 
4.522190e-01 	1.501043e-02 
4.536520e-01 	1.495306e-02 
4.550850e-01 	1.489341e-02 
4.565180e-01 	1.483157e-02 
4.579500e-01 	1.476766e-02 
4.593830e-01 	1.470167e-02 
4.608160e-01 	1.463373e-02 
4.622490e-01 	1.456390e-02 
4.636820e-01 	1.449227e-02 
4.651150e-01 	1.441889e-02 
4.665480e-01 	1.434384e-02 
4.679810e-01 	1.426721e-02 
4.694140e-01 	1.418905e-02 
4.708470e-01 	1.410945e-02 
4.722800e-01 	1.402845e-02 
4.737120e-01 	1.394616e-02 
4.751450e-01 	1.386251e-02 
4.765780e-01 	1.377761e-02 
4.780110e-01 	1.369150e-02 
4.794440e-01 	1.360422e-02 
4.808770e-01 	1.351582e-02 
4.823100e-01 	1.342633e-02 
4.837430e-01 	1.333581e-02 
4.851760e-01 	1.324430e-02 
4.866090e-01 	1.315185e-02 
4.880420e-01 	1.305854e-02 
4.894750e-01 	1.296445e-02 
4.909070e-01 	1.286975e-02 
4.923400e-01 	1.277440e-02 
4.937730e-01 	1.267855e-02 
4.952060e-01 	1.258229e-02 
4.966390e-01 	1.248573e-02 
4.980720e-01 	1.238894e-02 
4.995050e-01 	1.229203e-02 
