#q 	 Ifit_avg 
6.577000e-03 	1.000000e+00 
8.007000e-03 	9.952277e-01 
9.438000e-03 	9.904106e-01 
1.086800e-02 	9.855027e-01 
1.229900e-02 	9.804582e-01 
1.373000e-02 	9.752311e-01 
1.516000e-02 	9.697753e-01 
1.659100e-02 	9.640449e-01 
1.802100e-02 	9.579935e-01 
1.945200e-02 	9.515761e-01 
2.088300e-02 	9.447461e-01 
2.231300e-02 	9.374576e-01 
2.374400e-02 	9.296647e-01 
2.517400e-02 	9.213262e-01 
2.660500e-02 	9.124282e-01 
2.803600e-02 	9.029921e-01 
2.946600e-02 	8.930536e-01 
3.089700e-02 	8.826476e-01 
3.232800e-02 	8.718094e-01 
3.375800e-02 	8.605745e-01 
3.518900e-02 	8.489786e-01 
3.661900e-02 	8.370563e-01 
3.805000e-02 	8.248446e-01 
3.948100e-02 	8.123784e-01 
4.091100e-02 	7.996930e-01 
4.234200e-02 	7.868221e-01 
4.377200e-02 	7.737966e-01 
4.520300e-02 	7.606410e-01 
4.663400e-02 	7.473731e-01 
4.806400e-02 	7.340115e-01 
4.949500e-02 	7.205706e-01 
5.092600e-02 	7.070655e-01 
5.235600e-02 	6.935115e-01 
5.378700e-02 	6.799235e-01 
5.521700e-02 	6.663168e-01 
5.664800e-02 	6.527055e-01 
5.807900e-02 	6.391066e-01 
5.950900e-02 	6.255338e-01 
6.094000e-02 	6.120016e-01 
6.237100e-02 	5.985243e-01 
6.380100e-02 	5.851150e-01 
6.523200e-02 	5.717870e-01 
6.666200e-02 	5.585521e-01 
6.809300e-02 	5.454250e-01 
6.952400e-02 	5.324177e-01 
7.095400e-02 	5.195428e-01 
7.238500e-02 	5.068131e-01 
7.381500e-02 	4.942412e-01 
7.524600e-02 	4.818389e-01 
7.667700e-02 	4.696194e-01 
7.810700e-02 	4.575921e-01 
7.953800e-02 	4.457673e-01 
8.096800e-02 	4.341543e-01 
8.239900e-02 	4.227577e-01 
8.383000e-02 	4.115813e-01 
8.526000e-02 	4.006282e-01 
8.669100e-02 	3.899035e-01 
8.812200e-02 	3.794087e-01 
8.955200e-02 	3.691457e-01 
9.098300e-02 	3.591165e-01 
9.241300e-02 	3.493231e-01 
9.384400e-02 	3.397666e-01 
9.527500e-02 	3.304471e-01 
9.670500e-02 	3.213668e-01 
9.813600e-02 	3.125257e-01 
9.956700e-02 	3.039233e-01 
1.009970e-01 	2.955574e-01 
1.024280e-01 	2.874218e-01 
1.038580e-01 	2.795218e-01 
1.052890e-01 	2.718435e-01 
1.067200e-01 	2.643891e-01 
1.081500e-01 	2.571597e-01 
1.095810e-01 	2.501409e-01 
1.110110e-01 	2.433384e-01 
1.124420e-01 	2.367383e-01 
1.138730e-01 	2.303411e-01 
1.153030e-01 	2.241468e-01 
1.167340e-01 	2.181422e-01 
1.181640e-01 	2.123308e-01 
1.195950e-01 	2.066989e-01 
1.210260e-01 	2.012451e-01 
1.224560e-01 	1.959675e-01 
1.238870e-01 	1.908531e-01 
1.253180e-01 	1.859002e-01 
1.267480e-01 	1.811062e-01 
1.281790e-01 	1.764588e-01 
1.296090e-01 	1.719589e-01 
1.310400e-01 	1.675946e-01 
1.324710e-01 	1.633635e-01 
1.339010e-01 	1.592627e-01 
1.353320e-01 	1.552810e-01 
1.367620e-01 	1.514190e-01 
1.381930e-01 	1.476666e-01 
1.396240e-01 	1.440220e-01 
1.410540e-01 	1.404828e-01 
1.424850e-01 	1.370394e-01 
1.439160e-01 	1.336897e-01 
1.453460e-01 	1.304318e-01 
1.467770e-01 	1.272569e-01 
1.482070e-01 	1.241657e-01 
1.496380e-01 	1.211496e-01 
1.510690e-01 	1.182069e-01 
1.524990e-01 	1.153356e-01 
1.539300e-01 	1.125279e-01 
1.553600e-01 	1.097850e-01 
1.567910e-01 	1.071007e-01 
1.582220e-01 	1.044745e-01 
1.596520e-01 	1.019055e-01 
1.610830e-01 	9.938788e-02 
1.625140e-01 	9.692114e-02 
1.639440e-01 	9.450479e-02 
1.653750e-01 	9.213330e-02 
1.668050e-01 	8.980814e-02 
1.682360e-01 	8.752429e-02 
1.696670e-01 	8.528164e-02 
1.710970e-01 	8.307995e-02 
1.725280e-01 	8.091479e-02 
1.739580e-01 	7.878843e-02 
1.753890e-01 	7.669720e-02 
1.768200e-01 	7.464190e-02 
1.782500e-01 	7.262327e-02 
1.796810e-01 	7.063783e-02 
1.811120e-01 	6.868638e-02 
1.825420e-01 	6.676962e-02 
1.839730e-01 	6.488424e-02 
1.854030e-01 	6.303234e-02 
1.868340e-01 	6.121102e-02 
1.882650e-01 	5.942134e-02 
1.896950e-01 	5.766425e-02 
1.911260e-01 	5.593722e-02 
1.925560e-01 	5.424270e-02 
1.939870e-01 	5.257837e-02 
1.954180e-01 	5.094545e-02 
1.968480e-01 	4.934508e-02 
1.982790e-01 	4.777501e-02 
1.997100e-01 	4.623639e-02 
2.011400e-01 	4.473028e-02 
2.025710e-01 	4.325459e-02 
2.040010e-01 	4.181139e-02 
2.054320e-01 	4.039877e-02 
2.068630e-01 	3.901788e-02 
2.082930e-01 	3.766982e-02 
2.097240e-01 	3.635275e-02 
2.111540e-01 	3.506851e-02 
2.125850e-01 	3.381530e-02 
2.140160e-01 	3.259399e-02 
2.154460e-01 	3.140538e-02 
2.168770e-01 	3.024776e-02 
2.183080e-01 	2.912194e-02 
2.197380e-01 	2.802866e-02 
2.211690e-01 	2.696635e-02 
2.225990e-01 	2.593646e-02 
2.240300e-01 	2.493753e-02 
2.254610e-01 	2.397024e-02 
2.268910e-01 	2.303513e-02 
2.283220e-01 	2.213061e-02 
2.297520e-01 	2.125764e-02 
2.311830e-01 	2.041468e-02 
2.326140e-01 	1.960203e-02 
2.340440e-01 	1.881992e-02 
2.354750e-01 	1.806692e-02 
2.369060e-01 	1.734329e-02 
2.383360e-01 	1.664917e-02 
2.397670e-01 	1.598327e-02 
2.411970e-01 	1.534622e-02 
2.426280e-01 	1.473679e-02 
2.440590e-01 	1.415513e-02 
2.454890e-01 	1.360117e-02 
2.469200e-01 	1.307361e-02 
2.483500e-01 	1.257267e-02 
2.497810e-01 	1.209710e-02 
2.512120e-01 	1.164674e-02 
2.526420e-01 	1.122134e-02 
2.540730e-01 	1.081978e-02 
2.555040e-01 	1.044182e-02 
2.569340e-01 	1.008719e-02 
2.583650e-01 	9.754835e-03 
2.597950e-01 	9.444703e-03 
2.612260e-01 	9.155822e-03 
2.626570e-01 	8.887883e-03 
2.640870e-01 	8.640512e-03 
2.655180e-01 	8.412795e-03 
2.669480e-01 	8.204478e-03 
2.683790e-01 	8.014697e-03 
2.698100e-01 	7.843030e-03 
2.712400e-01 	7.689003e-03 
2.726710e-01 	7.551828e-03 
2.741020e-01 	7.431042e-03 
2.755320e-01 	7.326139e-03 
2.769630e-01 	7.236396e-03 
2.783930e-01 	7.161364e-03 
2.798240e-01 	7.100362e-03 
2.812550e-01 	7.052884e-03 
2.826850e-01 	7.018439e-03 
2.841160e-01 	6.996490e-03 
2.855460e-01 	6.986588e-03 
2.869770e-01 	6.988240e-03 
2.884080e-01 	7.000972e-03 
2.898380e-01 	7.024284e-03 
2.912690e-01 	7.057723e-03 
2.927000e-01 	7.100796e-03 
2.941300e-01 	7.152977e-03 
2.955610e-01 	7.213858e-03 
2.969910e-01 	7.282877e-03 
2.984220e-01 	7.359660e-03 
2.998530e-01 	7.443717e-03 
3.012830e-01 	7.534591e-03 
3.027140e-01 	7.632029e-03 
3.041440e-01 	7.735540e-03 
3.055750e-01 	7.844936e-03 
3.070060e-01 	7.959812e-03 
3.084360e-01 	8.079747e-03 
3.098670e-01 	8.204574e-03 
3.112980e-01 	8.333877e-03 
3.127280e-01 	8.467225e-03 
3.141590e-01 	8.604482e-03 
3.155890e-01 	8.745143e-03 
3.170200e-01 	8.889092e-03 
3.184510e-01 	9.035949e-03 
3.198810e-01 	9.185364e-03 
3.213120e-01 	9.337304e-03 
3.227420e-01 	9.491317e-03 
3.241730e-01 	9.647411e-03 
3.256040e-01 	9.805284e-03 
3.270340e-01 	9.964627e-03 
3.284650e-01 	1.012547e-02 
3.298960e-01 	1.028750e-02 
3.313260e-01 	1.045042e-02 
3.327570e-01 	1.061429e-02 
3.341870e-01 	1.077869e-02 
3.356180e-01 	1.094369e-02 
3.370490e-01 	1.110902e-02 
3.384790e-01 	1.127444e-02 
3.399100e-01 	1.144005e-02 
3.413400e-01 	1.160549e-02 
3.427710e-01 	1.177087e-02 
3.442020e-01 	1.193596e-02 
3.456320e-01 	1.210056e-02 
3.470630e-01 	1.226479e-02 
3.484930e-01 	1.242833e-02 
3.499240e-01 	1.259131e-02 
3.513550e-01 	1.275352e-02 
3.527850e-01 	1.291477e-02 
3.542160e-01 	1.307517e-02 
3.556470e-01 	1.323457e-02 
3.570770e-01 	1.339276e-02 
3.585080e-01 	1.354992e-02 
3.599380e-01 	1.370576e-02 
3.613690e-01 	1.386043e-02 
3.628000e-01 	1.401376e-02 
3.642300e-01 	1.416557e-02 
3.656610e-01 	1.431604e-02 
3.670910e-01 	1.446489e-02 
3.685220e-01 	1.461226e-02 
3.699530e-01 	1.475801e-02 
3.713830e-01 	1.490196e-02 
3.728140e-01 	1.504427e-02 
3.742450e-01 	1.518478e-02 
3.756750e-01 	1.532336e-02 
3.771060e-01 	1.546014e-02 
3.785360e-01 	1.559490e-02 
3.799670e-01 	1.572777e-02 
3.813980e-01 	1.585861e-02 
3.828280e-01 	1.598728e-02 
3.842590e-01 	1.611392e-02 
3.856890e-01 	1.623830e-02 
3.871200e-01 	1.636053e-02 
3.885510e-01 	1.648050e-02 
3.899810e-01 	1.659805e-02 
3.914120e-01 	1.671332e-02 
3.928430e-01 	1.682618e-02 
3.942730e-01 	1.693649e-02 
3.957040e-01 	1.704438e-02 
3.971340e-01 	1.714964e-02 
3.985650e-01 	1.725238e-02 
3.999960e-01 	1.735249e-02 
4.014260e-01 	1.744986e-02 
4.028570e-01 	1.754458e-02 
4.042870e-01 	1.763649e-02 
4.057180e-01 	1.772567e-02 
4.071490e-01 	1.781201e-02 
4.085790e-01 	1.789541e-02 
4.100100e-01 	1.797597e-02 
4.114410e-01 	1.805358e-02 
4.128710e-01 	1.812816e-02 
4.143020e-01 	1.819979e-02 
4.157320e-01 	1.826834e-02 
4.171630e-01 	1.833389e-02 
4.185940e-01 	1.839636e-02 
4.200240e-01 	1.845570e-02 
4.214550e-01 	1.851197e-02 
4.228850e-01 	1.856507e-02 
4.243160e-01 	1.861506e-02 
4.257470e-01 	1.866188e-02 
4.271770e-01 	1.870547e-02 
4.286080e-01 	1.874589e-02 
4.300390e-01 	1.878311e-02 
4.314690e-01 	1.881710e-02 
4.329000e-01 	1.884791e-02 
4.343300e-01 	1.887550e-02 
4.357610e-01 	1.889992e-02 
4.371920e-01 	1.892115e-02 
4.386220e-01 	1.893918e-02 
4.400530e-01 	1.895405e-02 
4.414830e-01 	1.896574e-02 
4.429140e-01 	1.897428e-02 
4.443450e-01 	1.897967e-02 
4.457750e-01 	1.898193e-02 
4.472060e-01 	1.898111e-02 
4.486370e-01 	1.897723e-02 
4.500670e-01 	1.897036e-02 
4.514980e-01 	1.896053e-02 
4.529280e-01 	1.894779e-02 
4.543590e-01 	1.893217e-02 
4.557900e-01 	1.891372e-02 
4.572200e-01 	1.889251e-02 
4.586510e-01 	1.886854e-02 
4.600810e-01 	1.884189e-02 
4.615120e-01 	1.881257e-02 
4.629430e-01 	1.878063e-02 
4.643730e-01 	1.874613e-02 
4.658040e-01 	1.870904e-02 
4.672350e-01 	1.866940e-02 
4.686650e-01 	1.862727e-02 
4.700960e-01 	1.858260e-02 
4.715260e-01 	1.853546e-02 
4.729570e-01 	1.848581e-02 
4.743880e-01 	1.843369e-02 
4.758180e-01 	1.837917e-02 
4.772490e-01 	1.832217e-02 
4.786790e-01 	1.826280e-02 
4.801100e-01 	1.820100e-02 
4.815410e-01 	1.813686e-02 
4.829710e-01 	1.807057e-02 
4.844020e-01 	1.800221e-02 
4.858330e-01 	1.793201e-02 
4.872630e-01 	1.786021e-02 
4.886940e-01 	1.778687e-02 
4.901240e-01 	1.771229e-02 
4.915550e-01 	1.763654e-02 
4.929860e-01 	1.755986e-02 
4.944160e-01 	1.748247e-02 
4.958470e-01 	1.740445e-02 
4.972770e-01 	1.732610e-02 
4.987080e-01 	1.724748e-02 
