#q 	 Ifit_avg 
2.999000e-03 	1.000000e+00 
3.284000e-03 	9.983334e-01 
3.570000e-03 	9.966651e-01 
3.856000e-03 	9.949935e-01 
4.141000e-03 	9.933168e-01 
4.427000e-03 	9.916333e-01 
4.712000e-03 	9.899414e-01 
4.998000e-03 	9.882393e-01 
5.284000e-03 	9.865254e-01 
5.569000e-03 	9.847979e-01 
5.855000e-03 	9.830551e-01 
6.140000e-03 	9.812954e-01 
6.426000e-03 	9.795170e-01 
6.712000e-03 	9.777183e-01 
6.997000e-03 	9.758975e-01 
7.283000e-03 	9.740529e-01 
7.568000e-03 	9.721829e-01 
7.854000e-03 	9.702857e-01 
8.140000e-03 	9.683597e-01 
8.425000e-03 	9.664031e-01 
8.711000e-03 	9.644142e-01 
8.996000e-03 	9.623914e-01 
9.282000e-03 	9.603329e-01 
9.568000e-03 	9.582370e-01 
9.853000e-03 	9.561021e-01 
1.013900e-02 	9.539265e-01 
1.042400e-02 	9.517083e-01 
1.071000e-02 	9.494461e-01 
1.099600e-02 	9.471380e-01 
1.128100e-02 	9.447824e-01 
1.156700e-02 	9.423776e-01 
1.185300e-02 	9.399219e-01 
1.213800e-02 	9.374137e-01 
1.242400e-02 	9.348514e-01 
1.270900e-02 	9.322334e-01 
1.299500e-02 	9.295582e-01 
1.328100e-02 	9.268243e-01 
1.356600e-02 	9.240306e-01 
1.385200e-02 	9.211757e-01 
1.413700e-02 	9.182586e-01 
1.442300e-02 	9.152785e-01 
1.470900e-02 	9.122347e-01 
1.499400e-02 	9.091268e-01 
1.528000e-02 	9.059546e-01 
1.556500e-02 	9.027183e-01 
1.585100e-02 	8.994181e-01 
1.613700e-02 	8.960545e-01 
1.642200e-02 	8.926286e-01 
1.670800e-02 	8.891415e-01 
1.699300e-02 	8.855945e-01 
1.727900e-02 	8.819890e-01 
1.756500e-02 	8.783264e-01 
1.785000e-02 	8.746085e-01 
1.813600e-02 	8.708367e-01 
1.842100e-02 	8.670127e-01 
1.870700e-02 	8.631380e-01 
1.899300e-02 	8.592143e-01 
1.927800e-02 	8.552432e-01 
1.956400e-02 	8.512261e-01 
1.984900e-02 	8.471648e-01 
2.013500e-02 	8.430607e-01 
2.042100e-02 	8.389155e-01 
2.070600e-02 	8.347307e-01 
2.099200e-02 	8.305079e-01 
2.127700e-02 	8.262486e-01 
2.156300e-02 	8.219545e-01 
2.184900e-02 	8.176270e-01 
2.213400e-02 	8.132678e-01 
2.242000e-02 	8.088782e-01 
2.270500e-02 	8.044598e-01 
2.299100e-02 	8.000142e-01 
2.327700e-02 	7.955428e-01 
2.356200e-02 	7.910470e-01 
2.384800e-02 	7.865284e-01 
2.413300e-02 	7.819882e-01 
2.441900e-02 	7.774280e-01 
2.470500e-02 	7.728491e-01 
2.499000e-02 	7.682528e-01 
2.527600e-02 	7.636404e-01 
2.556100e-02 	7.590133e-01 
2.584700e-02 	7.543727e-01 
2.613300e-02 	7.497198e-01 
2.641800e-02 	7.450558e-01 
2.670400e-02 	7.403818e-01 
2.698900e-02 	7.356990e-01 
2.727500e-02 	7.310085e-01 
2.756100e-02 	7.263113e-01 
2.784600e-02 	7.216083e-01 
2.813200e-02 	7.169006e-01 
2.841700e-02 	7.121890e-01 
2.870300e-02 	7.074746e-01 
2.898900e-02 	7.027582e-01 
2.927400e-02 	6.980406e-01 
2.956000e-02 	6.933226e-01 
2.984500e-02 	6.886048e-01 
3.013100e-02 	6.838881e-01 
3.041700e-02 	6.791730e-01 
3.070200e-02 	6.744604e-01 
3.098800e-02 	6.697509e-01 
3.127300e-02 	6.650452e-01 
3.155900e-02 	6.603440e-01 
3.184500e-02 	6.556477e-01 
3.213000e-02 	6.509571e-01 
3.241600e-02 	6.462727e-01 
3.270100e-02 	6.415951e-01 
3.298700e-02 	6.369250e-01 
3.327300e-02 	6.322629e-01 
3.355800e-02 	6.276094e-01 
3.384400e-02 	6.229650e-01 
3.413000e-02 	6.183305e-01 
3.441500e-02 	6.137062e-01 
3.470100e-02 	6.090929e-01 
3.498600e-02 	6.044910e-01 
3.527200e-02 	5.999010e-01 
3.555800e-02 	5.953236e-01 
3.584300e-02 	5.907592e-01 
3.612900e-02 	5.862084e-01 
3.641400e-02 	5.816716e-01 
3.670000e-02 	5.771495e-01 
3.698600e-02 	5.726425e-01 
3.727100e-02 	5.681511e-01 
3.755700e-02 	5.636757e-01 
3.784200e-02 	5.592168e-01 
3.812800e-02 	5.547748e-01 
3.841400e-02 	5.503502e-01 
3.869900e-02 	5.459435e-01 
3.898500e-02 	5.415552e-01 
3.927000e-02 	5.371855e-01 
3.955600e-02 	5.328350e-01 
3.984200e-02 	5.285040e-01 
4.012700e-02 	5.241928e-01 
4.041300e-02 	5.199019e-01 
4.069800e-02 	5.156316e-01 
4.098400e-02 	5.113824e-01 
4.127000e-02 	5.071545e-01 
4.155500e-02 	5.029483e-01 
4.184100e-02 	4.987642e-01 
4.212600e-02 	4.946025e-01 
4.241200e-02 	4.904635e-01 
4.269800e-02 	4.863475e-01 
4.298300e-02 	4.822548e-01 
4.326900e-02 	4.781856e-01 
4.355400e-02 	4.741403e-01 
4.384000e-02 	4.701191e-01 
4.412600e-02 	4.661223e-01 
4.441100e-02 	4.621502e-01 
4.469700e-02 	4.582030e-01 
4.498200e-02 	4.542811e-01 
4.526800e-02 	4.503846e-01 
4.555400e-02 	4.465137e-01 
4.583900e-02 	4.426688e-01 
4.612500e-02 	4.388500e-01 
4.641000e-02 	4.350575e-01 
4.669600e-02 	4.312915e-01 
4.698200e-02 	4.275523e-01 
4.726700e-02 	4.238400e-01 
4.755300e-02 	4.201549e-01 
4.783800e-02 	4.164972e-01 
4.812400e-02 	4.128670e-01 
4.841000e-02 	4.092644e-01 
4.869500e-02 	4.056896e-01 
4.898100e-02 	4.021427e-01 
4.926600e-02 	3.986239e-01 
4.955200e-02 	3.951332e-01 
4.983800e-02 	3.916707e-01 
5.012300e-02 	3.882367e-01 
5.040900e-02 	3.848311e-01 
5.069400e-02 	3.814542e-01 
5.098000e-02 	3.781061e-01 
5.126600e-02 	3.747867e-01 
5.155100e-02 	3.714961e-01 
5.183700e-02 	3.682343e-01 
5.212200e-02 	3.650013e-01 
5.240800e-02 	3.617971e-01 
5.269400e-02 	3.586218e-01 
5.297900e-02 	3.554752e-01 
5.326500e-02 	3.523574e-01 
5.355000e-02 	3.492685e-01 
5.383600e-02 	3.462084e-01 
5.412200e-02 	3.431771e-01 
5.440700e-02 	3.401746e-01 
5.469300e-02 	3.372010e-01 
5.497800e-02 	3.342560e-01 
5.526400e-02 	3.313395e-01 
5.555000e-02 	3.284514e-01 
5.583500e-02 	3.255915e-01 
5.612100e-02 	3.227598e-01 
5.640700e-02 	3.199560e-01 
5.669200e-02 	3.171801e-01 
5.697800e-02 	3.144319e-01 
5.726300e-02 	3.117113e-01 
5.754900e-02 	3.090181e-01 
5.783500e-02 	3.063523e-01 
5.812000e-02 	3.037137e-01 
5.840600e-02 	3.011021e-01 
5.869100e-02 	2.985175e-01 
5.897700e-02 	2.959595e-01 
5.926300e-02 	2.934282e-01 
5.954800e-02 	2.909232e-01 
5.983400e-02 	2.884443e-01 
6.011900e-02 	2.859913e-01 
6.040500e-02 	2.835642e-01 
6.069100e-02 	2.811626e-01 
6.097600e-02 	2.787863e-01 
6.126200e-02 	2.764352e-01 
6.154700e-02 	2.741091e-01 
6.183300e-02 	2.718078e-01 
6.211900e-02 	2.695311e-01 
6.240400e-02 	2.672788e-01 
6.269000e-02 	2.650507e-01 
6.297500e-02 	2.628465e-01 
6.326100e-02 	2.606663e-01 
6.354700e-02 	2.585096e-01 
6.383200e-02 	2.563763e-01 
6.411800e-02 	2.542662e-01 
6.440300e-02 	2.521790e-01 
6.468900e-02 	2.501146e-01 
6.497500e-02 	2.480727e-01 
6.526000e-02 	2.460532e-01 
6.554600e-02 	2.440558e-01 
6.583100e-02 	2.420802e-01 
6.611700e-02 	2.401264e-01 
6.640300e-02 	2.381941e-01 
6.668800e-02 	2.362831e-01 
6.697400e-02 	2.343932e-01 
6.725900e-02 	2.325243e-01 
6.754500e-02 	2.306761e-01 
6.783100e-02 	2.288484e-01 
6.811600e-02 	2.270410e-01 
6.840200e-02 	2.252535e-01 
6.868700e-02 	2.234858e-01 
6.897300e-02 	2.217375e-01 
6.925900e-02 	2.200086e-01 
6.954400e-02 	2.182986e-01 
6.983000e-02 	2.166074e-01 
7.011500e-02 	2.149347e-01 
7.040100e-02 	2.132804e-01 
7.068700e-02 	2.116441e-01 
7.097200e-02 	2.100258e-01 
7.125800e-02 	2.084251e-01 
7.154300e-02 	2.068419e-01 
7.182900e-02 	2.052759e-01 
7.211500e-02 	2.037270e-01 
7.240000e-02 	2.021950e-01 
7.268600e-02 	2.006795e-01 
7.297100e-02 	1.991805e-01 
7.325700e-02 	1.976976e-01 
7.354300e-02 	1.962306e-01 
7.382800e-02 	1.947793e-01 
7.411400e-02 	1.933435e-01 
7.439900e-02 	1.919230e-01 
7.468500e-02 	1.905174e-01 
7.497100e-02 	1.891266e-01 
7.525600e-02 	1.877504e-01 
7.554200e-02 	1.863886e-01 
7.582700e-02 	1.850409e-01 
7.611300e-02 	1.837072e-01 
7.639900e-02 	1.823872e-01 
7.668400e-02 	1.810808e-01 
7.697000e-02 	1.797877e-01 
7.725500e-02 	1.785078e-01 
7.754100e-02 	1.772409e-01 
7.782700e-02 	1.759868e-01 
7.811200e-02 	1.747453e-01 
7.839800e-02 	1.735163e-01 
7.868400e-02 	1.722995e-01 
7.896900e-02 	1.710948e-01 
7.925500e-02 	1.699020e-01 
7.954000e-02 	1.687209e-01 
7.982600e-02 	1.675514e-01 
8.011200e-02 	1.663932e-01 
8.039700e-02 	1.652461e-01 
8.068300e-02 	1.641101e-01 
8.096800e-02 	1.629848e-01 
8.125400e-02 	1.618702e-01 
8.154000e-02 	1.607660e-01 
8.182500e-02 	1.596721e-01 
8.211100e-02 	1.585883e-01 
8.239600e-02 	1.575146e-01 
8.268200e-02 	1.564508e-01 
8.296800e-02 	1.553967e-01 
8.325300e-02 	1.543522e-01 
8.353900e-02 	1.533171e-01 
8.382400e-02 	1.522914e-01 
8.411000e-02 	1.512748e-01 
8.439600e-02 	1.502672e-01 
8.468100e-02 	1.492685e-01 
8.496700e-02 	1.482786e-01 
8.525200e-02 	1.472972e-01 
8.553800e-02 	1.463243e-01 
8.582400e-02 	1.453597e-01 
8.610900e-02 	1.444033e-01 
8.639500e-02 	1.434548e-01 
8.668000e-02 	1.425143e-01 
8.696600e-02 	1.415814e-01 
8.725200e-02 	1.406562e-01 
8.753700e-02 	1.397384e-01 
8.782300e-02 	1.388281e-01 
8.810800e-02 	1.379251e-01 
8.839400e-02 	1.370292e-01 
8.868000e-02 	1.361404e-01 
8.896500e-02 	1.352586e-01 
8.925100e-02 	1.343837e-01 
8.953600e-02 	1.335155e-01 
8.982200e-02 	1.326539e-01 
9.010800e-02 	1.317988e-01 
9.039300e-02 	1.309502e-01 
9.067900e-02 	1.301079e-01 
9.096400e-02 	1.292718e-01 
9.125000e-02 	1.284418e-01 
9.153600e-02 	1.276177e-01 
9.182100e-02 	1.267996e-01 
9.210700e-02 	1.259872e-01 
9.239200e-02 	1.251805e-01 
9.267800e-02 	1.243793e-01 
9.296400e-02 	1.235835e-01 
9.324900e-02 	1.227931e-01 
9.353500e-02 	1.220080e-01 
9.382000e-02 	1.212282e-01 
9.410600e-02 	1.204535e-01 
9.439200e-02 	1.196840e-01 
9.467700e-02 	1.189195e-01 
9.496300e-02 	1.181600e-01 
9.524800e-02 	1.174055e-01 
9.553400e-02 	1.166558e-01 
9.582000e-02 	1.159110e-01 
9.610500e-02 	1.151709e-01 
9.639100e-02 	1.144356e-01 
9.667600e-02 	1.137048e-01 
9.696200e-02 	1.129787e-01 
9.724800e-02 	1.122570e-01 
9.753300e-02 	1.115398e-01 
9.781900e-02 	1.108270e-01 
9.810400e-02 	1.101185e-01 
9.839000e-02 	1.094142e-01 
9.867600e-02 	1.087141e-01 
9.896100e-02 	1.080181e-01 
9.924700e-02 	1.073262e-01 
9.953200e-02 	1.066383e-01 
9.981800e-02 	1.059543e-01 
1.001040e-01 	1.052743e-01 
1.003890e-01 	1.045982e-01 
1.006750e-01 	1.039259e-01 
1.009610e-01 	1.032575e-01 
1.012460e-01 	1.025928e-01 
1.015320e-01 	1.019319e-01 
1.018170e-01 	1.012747e-01 
1.021030e-01 	1.006212e-01 
1.023890e-01 	9.997133e-02 
1.026740e-01 	9.932506e-02 
1.029600e-01 	9.868235e-02 
1.032450e-01 	9.804316e-02 
1.035310e-01 	9.740745e-02 
1.038170e-01 	9.677518e-02 
1.041020e-01 	9.614629e-02 
1.043880e-01 	9.552075e-02 
1.046730e-01 	9.489850e-02 
1.049590e-01 	9.427949e-02 
1.052450e-01 	9.366369e-02 
1.055300e-01 	9.305103e-02 
1.058160e-01 	9.244148e-02 
1.061010e-01 	9.183502e-02 
1.063870e-01 	9.123163e-02 
1.066730e-01 	9.063132e-02 
1.069580e-01 	9.003406e-02 
1.072440e-01 	8.943984e-02 
1.075290e-01 	8.884867e-02 
1.078150e-01 	8.826052e-02 
1.081010e-01 	8.767539e-02 
1.083860e-01 	8.709326e-02 
1.086720e-01 	8.651411e-02 
1.089570e-01 	8.593792e-02 
1.092430e-01 	8.536468e-02 
1.095290e-01 	8.479436e-02 
1.098140e-01 	8.422694e-02 
1.101000e-01 	8.366242e-02 
1.103850e-01 	8.310076e-02 
1.106710e-01 	8.254196e-02 
1.109570e-01 	8.198599e-02 
1.112420e-01 	8.143284e-02 
1.115280e-01 	8.088248e-02 
1.118130e-01 	8.033491e-02 
1.120990e-01 	7.979010e-02 
1.123850e-01 	7.924804e-02 
1.126700e-01 	7.870871e-02 
1.129560e-01 	7.817209e-02 
1.132410e-01 	7.763816e-02 
1.135270e-01 	7.710690e-02 
1.138130e-01 	7.657831e-02 
1.140980e-01 	7.605236e-02 
1.143840e-01 	7.552905e-02 
1.146690e-01 	7.500839e-02 
1.149550e-01 	7.449036e-02 
1.152410e-01 	7.397495e-02 
1.155260e-01 	7.346216e-02 
1.158120e-01 	7.295196e-02 
1.160970e-01 	7.244435e-02 
1.163830e-01 	7.193931e-02 
1.166690e-01 	7.143683e-02 
1.169540e-01 	7.093689e-02 
1.172400e-01 	7.043949e-02 
1.175250e-01 	6.994462e-02 
1.178110e-01 	6.945225e-02 
1.180970e-01 	6.896237e-02 
1.183820e-01 	6.847499e-02 
1.186680e-01 	6.799007e-02 
1.189530e-01 	6.750763e-02 
1.192390e-01 	6.702765e-02 
1.195250e-01 	6.655015e-02 
1.198100e-01 	6.607512e-02 
1.200960e-01 	6.560256e-02 
1.203810e-01 	6.513247e-02 
1.206670e-01 	6.466485e-02 
1.209530e-01 	6.419971e-02 
1.212380e-01 	6.373703e-02 
1.215240e-01 	6.327683e-02 
1.218090e-01 	6.281909e-02 
1.220950e-01 	6.236383e-02 
1.223810e-01 	6.191104e-02 
1.226660e-01 	6.146073e-02 
1.229520e-01 	6.101289e-02 
1.232380e-01 	6.056750e-02 
1.235230e-01 	6.012456e-02 
1.238090e-01 	5.968406e-02 
1.240940e-01 	5.924599e-02 
1.243800e-01 	5.881034e-02 
1.246660e-01 	5.837710e-02 
1.249510e-01 	5.794626e-02 
1.252370e-01 	5.751782e-02 
1.255220e-01 	5.709175e-02 
1.258080e-01 	5.666806e-02 
1.260940e-01 	5.624674e-02 
1.263790e-01 	5.582777e-02 
1.266650e-01 	5.541114e-02 
1.269500e-01 	5.499683e-02 
1.272360e-01 	5.458483e-02 
1.275220e-01 	5.417513e-02 
1.278070e-01 	5.376772e-02 
1.280930e-01 	5.336258e-02 
1.283780e-01 	5.295971e-02 
1.286640e-01 	5.255912e-02 
1.289500e-01 	5.216080e-02 
1.292350e-01 	5.176474e-02 
1.295210e-01 	5.137095e-02 
1.298060e-01 	5.097943e-02 
1.300920e-01 	5.059018e-02 
1.303780e-01 	5.020319e-02 
1.306630e-01 	4.981848e-02 
1.309490e-01 	4.943604e-02 
1.312340e-01 	4.905588e-02 
1.315200e-01 	4.867798e-02 
1.318060e-01 	4.830235e-02 
1.320910e-01 	4.792898e-02 
1.323770e-01 	4.755788e-02 
1.326620e-01 	4.718904e-02 
1.329480e-01 	4.682246e-02 
1.332340e-01 	4.645813e-02 
1.335190e-01 	4.609606e-02 
1.338050e-01 	4.573624e-02 
1.340900e-01 	4.537868e-02 
1.343760e-01 	4.502336e-02 
1.346620e-01 	4.467028e-02 
1.349470e-01 	4.431943e-02 
1.352330e-01 	4.397081e-02 
1.355180e-01 	4.362439e-02 
1.358040e-01 	4.328018e-02 
1.360900e-01 	4.293815e-02 
1.363750e-01 	4.259831e-02 
1.366610e-01 	4.226062e-02 
1.369460e-01 	4.192510e-02 
1.372320e-01 	4.159171e-02 
1.375180e-01 	4.126047e-02 
1.378030e-01 	4.093134e-02 
1.380890e-01 	4.060434e-02 
1.383740e-01 	4.027945e-02 
1.386600e-01 	3.995665e-02 
1.389460e-01 	3.963596e-02 
1.392310e-01 	3.931734e-02 
1.395170e-01 	3.900080e-02 
1.398020e-01 	3.868633e-02 
1.400880e-01 	3.837392e-02 
1.403740e-01 	3.806357e-02 
1.406590e-01 	3.775527e-02 
1.409450e-01 	3.744902e-02 
1.412300e-01 	3.714481e-02 
1.415160e-01 	3.684264e-02 
1.418020e-01 	3.654250e-02 
1.420870e-01 	3.624438e-02 
1.423730e-01 	3.594829e-02 
1.426580e-01 	3.565423e-02 
1.429440e-01 	3.536219e-02 
1.432300e-01 	3.507217e-02 
1.435150e-01 	3.478416e-02 
1.438010e-01 	3.449817e-02 
1.440860e-01 	3.421419e-02 
1.443720e-01 	3.393222e-02 
1.446580e-01 	3.365225e-02 
1.449430e-01 	3.337425e-02 
1.452290e-01 	3.309823e-02 
1.455150e-01 	3.282417e-02 
1.458000e-01 	3.255206e-02 
1.460860e-01 	3.228189e-02 
1.463710e-01 	3.201365e-02 
1.466570e-01 	3.174732e-02 
1.469430e-01 	3.148290e-02 
1.472280e-01 	3.122037e-02 
1.475140e-01 	3.095973e-02 
1.477990e-01 	3.070096e-02 
1.480850e-01 	3.044405e-02 
1.483710e-01 	3.018900e-02 
1.486560e-01 	2.993578e-02 
1.489420e-01 	2.968441e-02 
1.492270e-01 	2.943486e-02 
1.495130e-01 	2.918714e-02 
1.497990e-01 	2.894123e-02 
1.500840e-01 	2.869714e-02 
1.503700e-01 	2.845485e-02 
1.506550e-01 	2.821436e-02 
1.509410e-01 	2.797565e-02 
1.512270e-01 	2.773874e-02 
1.515120e-01 	2.750360e-02 
1.517980e-01 	2.727023e-02 
1.520830e-01 	2.703862e-02 
1.523690e-01 	2.680876e-02 
1.526550e-01 	2.658066e-02 
1.529400e-01 	2.635429e-02 
1.532260e-01 	2.612965e-02 
1.535110e-01 	2.590674e-02 
1.537970e-01 	2.568554e-02 
1.540830e-01 	2.546605e-02 
1.543680e-01 	2.524826e-02 
1.546540e-01 	2.503216e-02 
1.549390e-01 	2.481774e-02 
1.552250e-01 	2.460500e-02 
1.555110e-01 	2.439392e-02 
1.557960e-01 	2.418451e-02 
1.560820e-01 	2.397674e-02 
1.563670e-01 	2.377062e-02 
1.566530e-01 	2.356613e-02 
1.569390e-01 	2.336327e-02 
1.572240e-01 	2.316201e-02 
1.575100e-01 	2.296236e-02 
1.577950e-01 	2.276430e-02 
1.580810e-01 	2.256782e-02 
1.583670e-01 	2.237290e-02 
1.586520e-01 	2.217954e-02 
1.589380e-01 	2.198772e-02 
1.592230e-01 	2.179745e-02 
1.595090e-01 	2.160871e-02 
1.597950e-01 	2.142149e-02 
1.600800e-01 	2.123579e-02 
1.603660e-01 	2.105161e-02 
1.606510e-01 	2.086892e-02 
1.609370e-01 	2.068773e-02 
1.612230e-01 	2.050803e-02 
1.615080e-01 	2.032981e-02 
1.617940e-01 	2.015305e-02 
1.620790e-01 	1.997776e-02 
1.623650e-01 	1.980393e-02 
1.626510e-01 	1.963153e-02 
1.629360e-01 	1.946058e-02 
1.632220e-01 	1.929105e-02 
1.635070e-01 	1.912294e-02 
1.637930e-01 	1.895624e-02 
1.640790e-01 	1.879095e-02 
1.643640e-01 	1.862705e-02 
1.646500e-01 	1.846454e-02 
1.649350e-01 	1.830341e-02 
1.652210e-01 	1.814364e-02 
1.655070e-01 	1.798524e-02 
1.657920e-01 	1.782820e-02 
1.660780e-01 	1.767250e-02 
1.663630e-01 	1.751813e-02 
1.666490e-01 	1.736510e-02 
1.669350e-01 	1.721338e-02 
1.672200e-01 	1.706298e-02 
1.675060e-01 	1.691388e-02 
1.677920e-01 	1.676608e-02 
1.680770e-01 	1.661957e-02 
1.683630e-01 	1.647433e-02 
1.686480e-01 	1.633037e-02 
1.689340e-01 	1.618767e-02 
1.692200e-01 	1.604622e-02 
1.695050e-01 	1.590602e-02 
1.697910e-01 	1.576706e-02 
1.700760e-01 	1.562932e-02 
1.703620e-01 	1.549280e-02 
1.706480e-01 	1.535749e-02 
1.709330e-01 	1.522338e-02 
1.712190e-01 	1.509048e-02 
1.715040e-01 	1.495876e-02 
1.717900e-01 	1.482822e-02 
1.720760e-01 	1.469885e-02 
1.723610e-01 	1.457065e-02 
1.726470e-01 	1.444361e-02 
1.729320e-01 	1.431772e-02 
1.732180e-01 	1.419298e-02 
1.735040e-01 	1.406937e-02 
1.737890e-01 	1.394689e-02 
1.740750e-01 	1.382553e-02 
1.743600e-01 	1.370528e-02 
1.746460e-01 	1.358614e-02 
1.749320e-01 	1.346810e-02 
1.752170e-01 	1.335115e-02 
1.755030e-01 	1.323529e-02 
1.757880e-01 	1.312050e-02 
1.760740e-01 	1.300678e-02 
1.763600e-01 	1.289412e-02 
1.766450e-01 	1.278252e-02 
1.769310e-01 	1.267196e-02 
1.772160e-01 	1.256244e-02 
1.775020e-01 	1.245395e-02 
1.777880e-01 	1.234649e-02 
1.780730e-01 	1.224004e-02 
1.783590e-01 	1.213460e-02 
1.786440e-01 	1.203017e-02 
1.789300e-01 	1.192673e-02 
1.792160e-01 	1.182427e-02 
1.795010e-01 	1.172279e-02 
1.797870e-01 	1.162229e-02 
1.800720e-01 	1.152275e-02 
1.803580e-01 	1.142416e-02 
1.806440e-01 	1.132653e-02 
1.809290e-01 	1.122983e-02 
1.812150e-01 	1.113408e-02 
1.815000e-01 	1.103924e-02 
1.817860e-01 	1.094533e-02 
1.820720e-01 	1.085233e-02 
1.823570e-01 	1.076023e-02 
1.826430e-01 	1.066903e-02 
1.829280e-01 	1.057872e-02 
1.832140e-01 	1.048930e-02 
1.835000e-01 	1.040075e-02 
1.837850e-01 	1.031308e-02 
1.840710e-01 	1.022627e-02 
1.843560e-01 	1.014032e-02 
1.846420e-01 	1.005523e-02 
1.849280e-01 	9.970988e-03 
1.852130e-01 	9.887587e-03 
1.854990e-01 	9.805020e-03 
1.857840e-01 	9.723284e-03 
1.860700e-01 	9.642372e-03 
1.863560e-01 	9.562277e-03 
1.866410e-01 	9.482995e-03 
1.869270e-01 	9.404517e-03 
1.872120e-01 	9.326839e-03 
1.874980e-01 	9.249954e-03 
1.877840e-01 	9.173856e-03 
1.880690e-01 	9.098540e-03 
1.883550e-01 	9.023998e-03 
1.886400e-01 	8.950225e-03 
1.889260e-01 	8.877214e-03 
1.892120e-01 	8.804961e-03 
1.894970e-01 	8.733458e-03 
1.897830e-01 	8.662699e-03 
1.900690e-01 	8.592678e-03 
1.903540e-01 	8.523390e-03 
1.906400e-01 	8.454828e-03 
1.909250e-01 	8.386985e-03 
1.912110e-01 	8.319856e-03 
1.914970e-01 	8.253435e-03 
1.917820e-01 	8.187715e-03 
1.920680e-01 	8.122690e-03 
1.923530e-01 	8.058355e-03 
1.926390e-01 	7.994703e-03 
1.929250e-01 	7.931729e-03 
1.932100e-01 	7.869428e-03 
1.934960e-01 	7.807792e-03 
1.937810e-01 	7.746818e-03 
1.940670e-01 	7.686498e-03 
1.943530e-01 	7.626829e-03 
1.946380e-01 	7.567802e-03 
1.949240e-01 	7.509412e-03 
1.952090e-01 	7.451653e-03 
1.954950e-01 	7.394519e-03 
1.957810e-01 	7.338004e-03 
1.960660e-01 	7.282103e-03 
1.963520e-01 	7.226811e-03 
1.966370e-01 	7.172123e-03 
1.969230e-01 	7.118033e-03 
1.972090e-01 	7.064537e-03 
1.974940e-01 	7.011629e-03 
1.977800e-01 	6.959306e-03 
1.980650e-01 	6.907562e-03 
1.983510e-01 	6.856393e-03 
1.986370e-01 	6.805794e-03 
1.989220e-01 	6.755761e-03 
1.992080e-01 	6.706288e-03 
1.994930e-01 	6.657372e-03 
1.997790e-01 	6.609007e-03 
2.000650e-01 	6.561189e-03 
2.003500e-01 	6.513913e-03 
2.006360e-01 	6.467175e-03 
2.009210e-01 	6.420969e-03 
2.012070e-01 	6.375292e-03 
2.014930e-01 	6.330137e-03 
2.017780e-01 	6.285502e-03 
2.020640e-01 	6.241381e-03 
2.023490e-01 	6.197768e-03 
2.026350e-01 	6.154661e-03 
2.029210e-01 	6.112053e-03 
2.032060e-01 	6.069940e-03 
2.034920e-01 	6.028318e-03 
2.037770e-01 	5.987182e-03 
2.040630e-01 	5.946527e-03 
2.043490e-01 	5.906349e-03 
2.046340e-01 	5.866643e-03 
2.049200e-01 	5.827406e-03 
2.052050e-01 	5.788633e-03 
2.054910e-01 	5.750320e-03 
2.057770e-01 	5.712463e-03 
2.060620e-01 	5.675058e-03 
2.063480e-01 	5.638100e-03 
2.066330e-01 	5.601585e-03 
2.069190e-01 	5.565510e-03 
2.072050e-01 	5.529870e-03 
2.074900e-01 	5.494661e-03 
2.077760e-01 	5.459879e-03 
2.080610e-01 	5.425520e-03 
2.083470e-01 	5.391580e-03 
2.086330e-01 	5.358055e-03 
2.089180e-01 	5.324941e-03 
2.092040e-01 	5.292233e-03 
2.094890e-01 	5.259928e-03 
2.097750e-01 	5.228023e-03 
2.100610e-01 	5.196511e-03 
2.103460e-01 	5.165391e-03 
2.106320e-01 	5.134657e-03 
2.109170e-01 	5.104306e-03 
2.112030e-01 	5.074335e-03 
2.114890e-01 	5.044739e-03 
2.117740e-01 	5.015516e-03 
2.120600e-01 	4.986661e-03 
2.123450e-01 	4.958173e-03 
2.126310e-01 	4.930047e-03 
2.129170e-01 	4.902280e-03 
2.132020e-01 	4.874869e-03 
2.134880e-01 	4.847810e-03 
2.137740e-01 	4.821099e-03 
2.140590e-01 	4.794735e-03 
2.143450e-01 	4.768712e-03 
2.146300e-01 	4.743029e-03 
2.149160e-01 	4.717681e-03 
2.152020e-01 	4.692664e-03 
2.154870e-01 	4.667977e-03 
2.157730e-01 	4.643615e-03 
2.160580e-01 	4.619576e-03 
2.163440e-01 	4.595855e-03 
2.166300e-01 	4.572451e-03 
2.169150e-01 	4.549359e-03 
2.172010e-01 	4.526577e-03 
2.174860e-01 	4.504102e-03 
2.177720e-01 	4.481930e-03 
2.180580e-01 	4.460058e-03 
2.183430e-01 	4.438483e-03 
2.186290e-01 	4.417203e-03 
2.189140e-01 	4.396214e-03 
2.192000e-01 	4.375515e-03 
2.194860e-01 	4.355102e-03 
2.197710e-01 	4.334973e-03 
2.200570e-01 	4.315125e-03 
2.203420e-01 	4.295555e-03 
2.206280e-01 	4.276261e-03 
2.209140e-01 	4.257239e-03 
2.211990e-01 	4.238488e-03 
2.214850e-01 	4.220004e-03 
2.217700e-01 	4.201785e-03 
2.220560e-01 	4.183828e-03 
2.223420e-01 	4.166132e-03 
2.226270e-01 	4.148692e-03 
2.229130e-01 	4.131507e-03 
2.231980e-01 	4.114573e-03 
2.234840e-01 	4.097890e-03 
2.237700e-01 	4.081452e-03 
2.240550e-01 	4.065259e-03 
2.243410e-01 	4.049308e-03 
2.246260e-01 	4.033596e-03 
2.249120e-01 	4.018120e-03 
2.251980e-01 	4.002880e-03 
2.254830e-01 	3.987871e-03 
2.257690e-01 	3.973092e-03 
2.260540e-01 	3.958541e-03 
2.263400e-01 	3.944215e-03 
2.266260e-01 	3.930113e-03 
2.269110e-01 	3.916232e-03 
2.271970e-01 	3.902570e-03 
2.274820e-01 	3.889124e-03 
2.277680e-01 	3.875893e-03 
2.280540e-01 	3.862873e-03 
2.283390e-01 	3.850064e-03 
2.286250e-01 	3.837463e-03 
2.289100e-01 	3.825067e-03 
2.291960e-01 	3.812875e-03 
2.294820e-01 	3.800884e-03 
2.297670e-01 	3.789092e-03 
2.300530e-01 	3.777496e-03 
2.303380e-01 	3.766096e-03 
2.306240e-01 	3.754888e-03 
2.309100e-01 	3.743871e-03 
2.311950e-01 	3.733044e-03 
2.314810e-01 	3.722403e-03 
2.317660e-01 	3.711948e-03 
2.320520e-01 	3.701675e-03 
2.323380e-01 	3.691584e-03 
2.326230e-01 	3.681672e-03 
2.329090e-01 	3.671938e-03 
2.331940e-01 	3.662379e-03 
2.334800e-01 	3.652994e-03 
2.337660e-01 	3.643781e-03 
2.340510e-01 	3.634737e-03 
2.343370e-01 	3.625861e-03 
2.346230e-01 	3.617152e-03 
2.349080e-01 	3.608609e-03 
2.351940e-01 	3.600229e-03 
2.354790e-01 	3.592011e-03 
2.357650e-01 	3.583953e-03 
2.360510e-01 	3.576055e-03 
2.363360e-01 	3.568315e-03 
2.366220e-01 	3.560731e-03 
2.369070e-01 	3.553301e-03 
2.371930e-01 	3.546024e-03 
2.374790e-01 	3.538900e-03 
2.377640e-01 	3.531925e-03 
2.380500e-01 	3.525099e-03 
2.383350e-01 	3.518420e-03 
2.386210e-01 	3.511887e-03 
2.389070e-01 	3.505498e-03 
2.391920e-01 	3.499253e-03 
2.394780e-01 	3.493149e-03 
2.397630e-01 	3.487186e-03 
2.400490e-01 	3.481362e-03 
2.403350e-01 	3.475676e-03 
2.406200e-01 	3.470125e-03 
2.409060e-01 	3.464710e-03 
2.411910e-01 	3.459428e-03 
2.414770e-01 	3.454278e-03 
2.417630e-01 	3.449260e-03 
2.420480e-01 	3.444370e-03 
2.423340e-01 	3.439609e-03 
2.426190e-01 	3.434974e-03 
2.429050e-01 	3.430465e-03 
2.431910e-01 	3.426080e-03 
2.434760e-01 	3.421818e-03 
2.437620e-01 	3.417678e-03 
2.440470e-01 	3.413657e-03 
2.443330e-01 	3.409755e-03 
2.446190e-01 	3.405971e-03 
2.449040e-01 	3.402303e-03 
2.451900e-01 	3.398749e-03 
2.454750e-01 	3.395309e-03 
2.457610e-01 	3.391981e-03 
2.460470e-01 	3.388765e-03 
2.463320e-01 	3.385657e-03 
2.466180e-01 	3.382658e-03 
2.469030e-01 	3.379766e-03 
2.471890e-01 	3.376980e-03 
2.474750e-01 	3.374298e-03 
2.477600e-01 	3.371721e-03 
2.480460e-01 	3.369246e-03 
2.483310e-01 	3.366874e-03 
2.486170e-01 	3.364602e-03 
2.489030e-01 	3.362430e-03 
2.491880e-01 	3.360358e-03 
2.494740e-01 	3.358383e-03 
2.497590e-01 	3.356505e-03 
2.500450e-01 	3.354724e-03 
2.503310e-01 	3.353038e-03 
2.506160e-01 	3.351447e-03 
2.509020e-01 	3.349949e-03 
2.511870e-01 	3.348544e-03 
2.514730e-01 	3.347232e-03 
2.517590e-01 	3.346010e-03 
2.520440e-01 	3.344878e-03 
2.523300e-01 	3.343836e-03 
2.526150e-01 	3.342882e-03 
2.529010e-01 	3.342016e-03 
2.531870e-01 	3.341236e-03 
2.534720e-01 	3.340543e-03 
2.537580e-01 	3.339934e-03 
2.540430e-01 	3.339409e-03 
2.543290e-01 	3.338968e-03 
2.546150e-01 	3.338610e-03 
2.549000e-01 	3.338333e-03 
2.551860e-01 	3.338137e-03 
2.554710e-01 	3.338021e-03 
2.557570e-01 	3.337984e-03 
2.560430e-01 	3.338025e-03 
2.563280e-01 	3.338144e-03 
2.566140e-01 	3.338340e-03 
2.568990e-01 	3.338611e-03 
2.571850e-01 	3.338958e-03 
2.574710e-01 	3.339378e-03 
2.577560e-01 	3.339872e-03 
2.580420e-01 	3.340438e-03 
2.583280e-01 	3.341076e-03 
2.586130e-01 	3.341785e-03 
2.588990e-01 	3.342564e-03 
2.591840e-01 	3.343412e-03 
2.594700e-01 	3.344328e-03 
2.597560e-01 	3.345311e-03 
2.600410e-01 	3.346361e-03 
2.603270e-01 	3.347477e-03 
2.606120e-01 	3.348658e-03 
2.608980e-01 	3.349904e-03 
2.611840e-01 	3.351213e-03 
2.614690e-01 	3.352585e-03 
2.617550e-01 	3.354020e-03 
2.620400e-01 	3.355516e-03 
2.623260e-01 	3.357073e-03 
2.626120e-01 	3.358691e-03 
2.628970e-01 	3.360367e-03 
2.631830e-01 	3.362103e-03 
2.634680e-01 	3.363896e-03 
2.637540e-01 	3.365746e-03 
2.640400e-01 	3.367653e-03 
2.643250e-01 	3.369616e-03 
2.646110e-01 	3.371634e-03 
2.648960e-01 	3.373706e-03 
2.651820e-01 	3.375832e-03 
2.654680e-01 	3.378010e-03 
2.657530e-01 	3.380241e-03 
2.660390e-01 	3.382524e-03 
2.663240e-01 	3.384857e-03 
2.666100e-01 	3.387240e-03 
2.668960e-01 	3.389674e-03 
2.671810e-01 	3.392156e-03 
2.674670e-01 	3.394687e-03 
2.677520e-01 	3.397267e-03 
2.680380e-01 	3.399893e-03 
2.683240e-01 	3.402567e-03 
2.686090e-01 	3.405287e-03 
2.688950e-01 	3.408053e-03 
2.691800e-01 	3.410864e-03 
2.694660e-01 	3.413720e-03 
2.697520e-01 	3.416620e-03 
2.700370e-01 	3.419564e-03 
2.703230e-01 	3.422551e-03 
2.706080e-01 	3.425580e-03 
2.708940e-01 	3.428651e-03 
2.711800e-01 	3.431763e-03 
2.714650e-01 	3.434917e-03 
2.717510e-01 	3.438110e-03 
2.720360e-01 	3.441343e-03 
2.723220e-01 	3.444615e-03 
2.726080e-01 	3.447925e-03 
2.728930e-01 	3.451272e-03 
2.731790e-01 	3.454657e-03 
2.734640e-01 	3.458078e-03 
2.737500e-01 	3.461535e-03 
2.740360e-01 	3.465026e-03 
2.743210e-01 	3.468552e-03 
2.746070e-01 	3.472112e-03 
2.748920e-01 	3.475704e-03 
2.751780e-01 	3.479329e-03 
2.754640e-01 	3.482986e-03 
2.757490e-01 	3.486673e-03 
2.760350e-01 	3.490391e-03 
2.763200e-01 	3.494138e-03 
2.766060e-01 	3.497915e-03 
2.768920e-01 	3.501720e-03 
2.771770e-01 	3.505552e-03 
2.774630e-01 	3.509412e-03 
2.777480e-01 	3.513299e-03 
2.780340e-01 	3.517211e-03 
2.783200e-01 	3.521148e-03 
2.786050e-01 	3.525111e-03 
2.788910e-01 	3.529097e-03 
2.791760e-01 	3.533107e-03 
2.794620e-01 	3.537140e-03 
2.797480e-01 	3.541196e-03 
2.800330e-01 	3.545273e-03 
2.803190e-01 	3.549372e-03 
2.806050e-01 	3.553492e-03 
2.808900e-01 	3.557632e-03 
2.811760e-01 	3.561791e-03 
2.814610e-01 	3.565970e-03 
2.817470e-01 	3.570168e-03 
2.820330e-01 	3.574383e-03 
2.823180e-01 	3.578617e-03 
2.826040e-01 	3.582867e-03 
2.828890e-01 	3.587134e-03 
2.831750e-01 	3.591417e-03 
2.834610e-01 	3.595715e-03 
2.837460e-01 	3.600028e-03 
2.840320e-01 	3.604355e-03 
2.843170e-01 	3.608696e-03 
2.846030e-01 	3.613050e-03 
2.848890e-01 	3.617416e-03 
2.851740e-01 	3.621795e-03 
2.854600e-01 	3.626185e-03 
2.857450e-01 	3.630586e-03 
2.860310e-01 	3.634998e-03 
2.863170e-01 	3.639419e-03 
2.866020e-01 	3.643849e-03 
2.868880e-01 	3.648288e-03 
2.871730e-01 	3.652735e-03 
2.874590e-01 	3.657190e-03 
2.877450e-01 	3.661651e-03 
2.880300e-01 	3.666119e-03 
2.883160e-01 	3.670592e-03 
2.886010e-01 	3.675071e-03 
2.888870e-01 	3.679555e-03 
2.891730e-01 	3.684042e-03 
2.894580e-01 	3.688533e-03 
2.897440e-01 	3.693028e-03 
2.900290e-01 	3.697524e-03 
2.903150e-01 	3.702022e-03 
2.906010e-01 	3.706522e-03 
2.908860e-01 	3.711022e-03 
2.911720e-01 	3.715522e-03 
2.914570e-01 	3.720021e-03 
2.917430e-01 	3.724520e-03 
2.920290e-01 	3.729016e-03 
2.923140e-01 	3.733511e-03 
2.926000e-01 	3.738002e-03 
2.928850e-01 	3.742490e-03 
2.931710e-01 	3.746973e-03 
2.934570e-01 	3.751452e-03 
2.937420e-01 	3.755926e-03 
2.940280e-01 	3.760394e-03 
2.943130e-01 	3.764855e-03 
2.945990e-01 	3.769309e-03 
2.948850e-01 	3.773756e-03 
2.951700e-01 	3.778195e-03 
2.954560e-01 	3.782625e-03 
2.957410e-01 	3.787046e-03 
2.960270e-01 	3.791457e-03 
2.963130e-01 	3.795857e-03 
2.965980e-01 	3.800247e-03 
2.968840e-01 	3.804625e-03 
2.971690e-01 	3.808991e-03 
2.974550e-01 	3.813344e-03 
2.977410e-01 	3.817684e-03 
2.980260e-01 	3.822010e-03 
2.983120e-01 	3.826322e-03 
2.985970e-01 	3.830618e-03 
2.988830e-01 	3.834899e-03 
2.991690e-01 	3.839164e-03 
2.994540e-01 	3.843413e-03 
2.997400e-01 	3.847644e-03 
3.000250e-01 	3.851857e-03 
3.003110e-01 	3.856052e-03 
3.005970e-01 	3.860228e-03 
3.008820e-01 	3.864385e-03 
3.011680e-01 	3.868521e-03 
3.014530e-01 	3.872637e-03 
3.017390e-01 	3.876732e-03 
3.020250e-01 	3.880806e-03 
3.023100e-01 	3.884857e-03 
3.025960e-01 	3.888885e-03 
3.028820e-01 	3.892889e-03 
3.031670e-01 	3.896870e-03 
3.034530e-01 	3.900825e-03 
3.037380e-01 	3.904756e-03 
3.040240e-01 	3.908660e-03 
3.043100e-01 	3.912538e-03 
3.045950e-01 	3.916389e-03 
3.048810e-01 	3.920212e-03 
3.051660e-01 	3.924007e-03 
3.054520e-01 	3.927772e-03 
3.057380e-01 	3.931509e-03 
3.060230e-01 	3.935215e-03 
3.063090e-01 	3.938891e-03 
3.065940e-01 	3.942536e-03 
3.068800e-01 	3.946149e-03 
3.071660e-01 	3.949730e-03 
3.074510e-01 	3.953278e-03 
3.077370e-01 	3.956792e-03 
3.080220e-01 	3.960272e-03 
3.083080e-01 	3.963718e-03 
3.085940e-01 	3.967129e-03 
3.088790e-01 	3.970504e-03 
3.091650e-01 	3.973843e-03 
3.094500e-01 	3.977145e-03 
3.097360e-01 	3.980410e-03 
3.100220e-01 	3.983637e-03 
3.103070e-01 	3.986826e-03 
3.105930e-01 	3.989976e-03 
3.108780e-01 	3.993087e-03 
3.111640e-01 	3.996157e-03 
3.114500e-01 	3.999188e-03 
3.117350e-01 	4.002178e-03 
3.120210e-01 	4.005127e-03 
3.123060e-01 	4.008034e-03 
3.125920e-01 	4.010900e-03 
3.128780e-01 	4.013723e-03 
3.131630e-01 	4.016504e-03 
3.134490e-01 	4.019241e-03 
3.137340e-01 	4.021935e-03 
3.140200e-01 	4.024586e-03 
3.143060e-01 	4.027192e-03 
3.145910e-01 	4.029754e-03 
3.148770e-01 	4.032270e-03 
3.151620e-01 	4.034742e-03 
3.154480e-01 	4.037168e-03 
3.157340e-01 	4.039548e-03 
3.160190e-01 	4.041882e-03 
3.163050e-01 	4.044170e-03 
3.165900e-01 	4.046410e-03 
3.168760e-01 	4.048603e-03 
3.171620e-01 	4.050749e-03 
3.174470e-01 	4.052847e-03 
3.177330e-01 	4.054897e-03 
3.180180e-01 	4.056899e-03 
3.183040e-01 	4.058851e-03 
3.185900e-01 	4.060755e-03 
3.188750e-01 	4.062610e-03 
3.191610e-01 	4.064415e-03 
3.194460e-01 	4.066170e-03 
3.197320e-01 	4.067875e-03 
3.200180e-01 	4.069529e-03 
3.203030e-01 	4.071133e-03 
3.205890e-01 	4.072686e-03 
3.208740e-01 	4.074188e-03 
3.211600e-01 	4.075638e-03 
3.214460e-01 	4.077037e-03 
3.217310e-01 	4.078384e-03 
3.220170e-01 	4.079678e-03 
3.223020e-01 	4.080920e-03 
3.225880e-01 	4.082108e-03 
3.228740e-01 	4.083243e-03 
3.231590e-01 	4.084325e-03 
3.234450e-01 	4.085352e-03 
3.237300e-01 	4.086324e-03 
3.240160e-01 	4.087241e-03 
3.243020e-01 	4.088103e-03 
3.245870e-01 	4.088908e-03 
3.248730e-01 	4.089657e-03 
3.251590e-01 	4.090349e-03 
3.254440e-01 	4.090983e-03 
3.257300e-01 	4.091559e-03 
3.260150e-01 	4.092076e-03 
3.263010e-01 	4.092534e-03 
3.265870e-01 	4.092931e-03 
3.268720e-01 	4.093269e-03 
3.271580e-01 	4.093544e-03 
3.274430e-01 	4.093758e-03 
3.277290e-01 	4.093910e-03 
3.280150e-01 	4.093998e-03 
3.283000e-01 	4.094023e-03 
3.285860e-01 	4.093983e-03 
3.288710e-01 	4.093879e-03 
3.291570e-01 	4.093708e-03 
3.294430e-01 	4.093471e-03 
3.297280e-01 	4.093167e-03 
3.300140e-01 	4.092796e-03 
3.302990e-01 	4.092356e-03 
3.305850e-01 	4.091847e-03 
3.308710e-01 	4.091269e-03 
3.311560e-01 	4.090621e-03 
3.314420e-01 	4.089901e-03 
3.317270e-01 	4.089110e-03 
3.320130e-01 	4.088247e-03 
3.322990e-01 	4.087311e-03 
3.325840e-01 	4.086302e-03 
3.328700e-01 	4.085219e-03 
3.331550e-01 	4.084060e-03 
3.334410e-01 	4.082827e-03 
3.337270e-01 	4.081517e-03 
3.340120e-01 	4.080130e-03 
3.342980e-01 	4.078667e-03 
3.345830e-01 	4.077125e-03 
3.348690e-01 	4.075504e-03 
3.351550e-01 	4.073805e-03 
3.354400e-01 	4.072025e-03 
3.357260e-01 	4.070165e-03 
3.360110e-01 	4.068225e-03 
3.362970e-01 	4.066204e-03 
3.365830e-01 	4.064104e-03 
3.368680e-01 	4.061923e-03 
3.371540e-01 	4.059664e-03 
3.374390e-01 	4.057327e-03 
3.377250e-01 	4.054914e-03 
3.380110e-01 	4.052426e-03 
3.382960e-01 	4.049864e-03 
3.385820e-01 	4.047230e-03 
3.388670e-01 	4.044526e-03 
3.391530e-01 	4.041754e-03 
3.394390e-01 	4.038915e-03 
3.397240e-01 	4.036012e-03 
3.400100e-01 	4.033046e-03 
3.402950e-01 	4.030019e-03 
3.405810e-01 	4.026933e-03 
3.408670e-01 	4.023790e-03 
3.411520e-01 	4.020592e-03 
3.414380e-01 	4.017341e-03 
3.417230e-01 	4.014039e-03 
3.420090e-01 	4.010687e-03 
3.422950e-01 	4.007287e-03 
3.425800e-01 	4.003841e-03 
3.428660e-01 	4.000352e-03 
3.431510e-01 	3.996821e-03 
3.434370e-01 	3.993250e-03 
3.437230e-01 	3.989641e-03 
3.440080e-01 	3.985995e-03 
3.442940e-01 	3.982316e-03 
3.445790e-01 	3.978604e-03 
3.448650e-01 	3.974861e-03 
3.451510e-01 	3.971089e-03 
3.454360e-01 	3.967291e-03 
3.457220e-01 	3.963468e-03 
3.460070e-01 	3.959622e-03 
3.462930e-01 	3.955754e-03 
3.465790e-01 	3.951868e-03 
3.468640e-01 	3.947964e-03 
3.471500e-01 	3.944045e-03 
3.474360e-01 	3.940112e-03 
3.477210e-01 	3.936168e-03 
3.480070e-01 	3.932214e-03 
3.482920e-01 	3.928252e-03 
3.485780e-01 	3.924284e-03 
3.488640e-01 	3.920312e-03 
3.491490e-01 	3.916338e-03 
