#q 	 Ifit_avg 
5.659000e-03 	1.000000e+00 
6.049000e-03 	9.973343e-01 
6.439000e-03 	9.946657e-01 
6.829000e-03 	9.919913e-01 
7.220000e-03 	9.893081e-01 
7.610000e-03 	9.866133e-01 
8.000000e-03 	9.839038e-01 
8.390000e-03 	9.811768e-01 
8.781000e-03 	9.784293e-01 
9.171000e-03 	9.756583e-01 
9.561000e-03 	9.728609e-01 
9.952000e-03 	9.700342e-01 
1.034200e-02 	9.671750e-01 
1.073200e-02 	9.642812e-01 
1.112200e-02 	9.613485e-01 
1.151300e-02 	9.583754e-01 
1.190300e-02 	9.553575e-01 
1.229300e-02 	9.522935e-01 
1.268300e-02 	9.491787e-01 
1.307400e-02 	9.460118e-01 
1.346400e-02 	9.427884e-01 
1.385400e-02 	9.395061e-01 
1.424400e-02 	9.361630e-01 
1.463500e-02 	9.327544e-01 
1.502500e-02 	9.292791e-01 
1.541500e-02 	9.257324e-01 
1.580500e-02 	9.221131e-01 
1.619600e-02 	9.184166e-01 
1.658600e-02 	9.146417e-01 
1.697600e-02 	9.107840e-01 
1.736600e-02 	9.068430e-01 
1.775700e-02 	9.028145e-01 
1.814700e-02 	8.986991e-01 
1.853700e-02 	8.944935e-01 
1.892700e-02 	8.901995e-01 
1.931800e-02 	8.858150e-01 
1.970800e-02 	8.813429e-01 
2.009800e-02 	8.767824e-01 
2.048800e-02 	8.721372e-01 
2.087900e-02 	8.674069e-01 
2.126900e-02 	8.625969e-01 
2.165900e-02 	8.577074e-01 
2.204900e-02 	8.527438e-01 
2.244000e-02 	8.477065e-01 
2.283000e-02 	8.426011e-01 
2.322000e-02 	8.374278e-01 
2.361000e-02 	8.321923e-01 
2.400100e-02 	8.268948e-01 
2.439100e-02 	8.215410e-01 
2.478100e-02 	8.161311e-01 
2.517100e-02 	8.106709e-01 
2.556200e-02 	8.051604e-01 
2.595200e-02 	7.996055e-01 
2.634200e-02 	7.940063e-01 
2.673200e-02 	7.883685e-01 
2.712300e-02 	7.826922e-01 
2.751300e-02 	7.769831e-01 
2.790300e-02 	7.712411e-01 
2.829300e-02 	7.654720e-01 
2.868400e-02 	7.596755e-01 
2.907400e-02 	7.538573e-01 
2.946400e-02 	7.480184e-01 
2.985400e-02 	7.421598e-01 
3.024500e-02 	7.362867e-01 
3.063500e-02 	7.303987e-01 
3.102500e-02 	7.245009e-01 
3.141500e-02 	7.185925e-01 
3.180600e-02 	7.126782e-01 
3.219600e-02 	7.067569e-01 
3.258600e-02 	7.008336e-01 
3.297600e-02 	6.949085e-01 
3.336700e-02 	6.889818e-01 
3.375700e-02 	6.830579e-01 
3.414700e-02 	6.771352e-01 
3.453700e-02 	6.712182e-01 
3.492800e-02 	6.653054e-01 
3.531800e-02 	6.594011e-01 
3.570800e-02 	6.535051e-01 
3.609800e-02 	6.476170e-01 
3.648800e-02 	6.417408e-01 
3.687900e-02 	6.358747e-01 
3.726900e-02 	6.300228e-01 
3.765900e-02 	6.241845e-01 
3.804900e-02 	6.183595e-01 
3.844000e-02 	6.125518e-01 
3.883000e-02 	6.067610e-01 
3.922000e-02 	6.009865e-01 
3.961000e-02 	5.952323e-01 
4.000100e-02 	5.894965e-01 
4.039100e-02 	5.837828e-01 
4.078100e-02 	5.780909e-01 
4.117100e-02 	5.724202e-01 
4.156200e-02 	5.667744e-01 
4.195200e-02 	5.611529e-01 
4.234200e-02 	5.555552e-01 
4.273200e-02 	5.499849e-01 
4.312200e-02 	5.444415e-01 
4.351300e-02 	5.389244e-01 
4.390300e-02 	5.334371e-01 
4.429300e-02 	5.279789e-01 
4.468300e-02 	5.225491e-01 
4.507400e-02 	5.171511e-01 
4.546400e-02 	5.117842e-01 
4.585400e-02 	5.064477e-01 
4.624400e-02 	5.011450e-01 
4.663500e-02 	4.958754e-01 
4.702500e-02 	4.906382e-01 
4.741500e-02 	4.854365e-01 
4.780500e-02 	4.802695e-01 
4.819500e-02 	4.751378e-01 
4.858600e-02 	4.700406e-01 
4.897600e-02 	4.649810e-01 
4.936600e-02 	4.599583e-01 
4.975600e-02 	4.549716e-01 
5.014700e-02 	4.500241e-01 
5.053700e-02 	4.451148e-01 
5.092700e-02 	4.402442e-01 
5.131700e-02 	4.354114e-01 
5.170700e-02 	4.306194e-01 
5.209800e-02 	4.258672e-01 
5.248800e-02 	4.211554e-01 
5.287800e-02 	4.164841e-01 
5.326800e-02 	4.118526e-01 
5.365900e-02 	4.072635e-01 
5.404900e-02 	4.027158e-01 
5.443900e-02 	3.982099e-01 
5.482900e-02 	3.937449e-01 
5.522000e-02 	3.893232e-01 
5.561000e-02 	3.849442e-01 
5.600000e-02 	3.806079e-01 
5.639000e-02 	3.763146e-01 
5.678000e-02 	3.720643e-01 
5.717100e-02 	3.678560e-01 
5.756100e-02 	3.636919e-01 
5.795100e-02 	3.595709e-01 
5.834100e-02 	3.554932e-01 
5.873100e-02 	3.514588e-01 
5.912200e-02 	3.474677e-01 
5.951200e-02 	3.435190e-01 
5.990200e-02 	3.396149e-01 
6.029200e-02 	3.357541e-01 
6.068300e-02 	3.319367e-01 
6.107300e-02 	3.281623e-01 
6.146300e-02 	3.244309e-01 
6.185300e-02 	3.207424e-01 
6.224300e-02 	3.170966e-01 
6.263300e-02 	3.134932e-01 
6.302400e-02 	3.099314e-01 
6.341400e-02 	3.064127e-01 
6.380400e-02 	3.029361e-01 
6.419400e-02 	2.995014e-01 
6.458500e-02 	2.961085e-01 
6.497500e-02 	2.927572e-01 
6.536500e-02 	2.894472e-01 
6.575500e-02 	2.861781e-01 
6.614500e-02 	2.829495e-01 
6.653600e-02 	2.797613e-01 
6.692600e-02 	2.766129e-01 
6.731600e-02 	2.735041e-01 
6.770600e-02 	2.704346e-01 
6.809600e-02 	2.674041e-01 
6.848700e-02 	2.644121e-01 
6.887700e-02 	2.614585e-01 
6.926700e-02 	2.585428e-01 
6.965700e-02 	2.556647e-01 
7.004700e-02 	2.528238e-01 
7.043800e-02 	2.500198e-01 
7.082800e-02 	2.472523e-01 
7.121800e-02 	2.445210e-01 
7.160800e-02 	2.418255e-01 
7.199800e-02 	2.391655e-01 
7.238900e-02 	2.365407e-01 
7.277900e-02 	2.339507e-01 
7.316900e-02 	2.313952e-01 
7.355900e-02 	2.288739e-01 
7.394900e-02 	2.263864e-01 
7.434000e-02 	2.239329e-01 
7.473000e-02 	2.215118e-01 
7.512000e-02 	2.191233e-01 
7.551000e-02 	2.167671e-01 
7.590000e-02 	2.144426e-01 
7.629100e-02 	2.121496e-01 
7.668100e-02 	2.098878e-01 
7.707100e-02 	2.076567e-01 
7.746100e-02 	2.054568e-01 
7.785100e-02 	2.032864e-01 
7.824100e-02 	2.011458e-01 
7.863200e-02 	1.990347e-01 
7.902200e-02 	1.969528e-01 
7.941200e-02 	1.948998e-01 
7.980200e-02 	1.928757e-01 
8.019200e-02 	1.908792e-01 
8.058300e-02 	1.889102e-01 
8.097300e-02 	1.869684e-01 
8.136300e-02 	1.850533e-01 
8.175300e-02 	1.831652e-01 
8.214300e-02 	1.813026e-01 
8.253300e-02 	1.794657e-01 
8.292400e-02 	1.776542e-01 
8.331400e-02 	1.758682e-01 
8.370400e-02 	1.741064e-01 
8.409400e-02 	1.723690e-01 
8.448400e-02 	1.706560e-01 
8.487400e-02 	1.689663e-01 
8.526500e-02 	1.672999e-01 
8.565500e-02 	1.656565e-01 
8.604500e-02 	1.640362e-01 
8.643500e-02 	1.624378e-01 
8.682500e-02 	1.608615e-01 
8.721500e-02 	1.593071e-01 
8.760600e-02 	1.577738e-01 
8.799600e-02 	1.562614e-01 
8.838600e-02 	1.547702e-01 
8.877600e-02 	1.532992e-01 
8.916600e-02 	1.518488e-01 
8.955600e-02 	1.504179e-01 
8.994700e-02 	1.490068e-01 
9.033700e-02 	1.476154e-01 
9.072700e-02 	1.462428e-01 
9.111700e-02 	1.448894e-01 
9.150700e-02 	1.435543e-01 
9.189700e-02 	1.422379e-01 
9.228800e-02 	1.409391e-01 
9.267800e-02 	1.396582e-01 
9.306800e-02 	1.383950e-01 
9.345800e-02 	1.371488e-01 
9.384800e-02 	1.359199e-01 
9.423800e-02 	1.347075e-01 
9.462800e-02 	1.335119e-01 
9.501900e-02 	1.323323e-01 
9.540900e-02 	1.311692e-01 
9.579900e-02 	1.300216e-01 
9.618900e-02 	1.288899e-01 
9.657900e-02 	1.277733e-01 
9.696900e-02 	1.266723e-01 
9.735900e-02 	1.255861e-01 
9.775000e-02 	1.245144e-01 
9.814000e-02 	1.234575e-01 
9.853000e-02 	1.224146e-01 
9.892000e-02 	1.213859e-01 
9.931000e-02 	1.203711e-01 
9.970000e-02 	1.193695e-01 
1.000900e-01 	1.183826e-01 
1.004810e-01 	1.174054e-01 
1.008710e-01 	1.164437e-01 
1.012610e-01 	1.154947e-01 
1.016510e-01 	1.145582e-01 
1.020410e-01 	1.136341e-01 
1.024310e-01 	1.127222e-01 
1.028210e-01 	1.118224e-01 
1.032110e-01 	1.109345e-01 
1.036020e-01 	1.100560e-01 
1.039920e-01 	1.091914e-01 
1.043820e-01 	1.083381e-01 
1.047720e-01 	1.074960e-01 
1.051620e-01 	1.066649e-01 
1.055520e-01 	1.058446e-01 
1.059420e-01 	1.050350e-01 
1.063320e-01 	1.042358e-01 
1.067230e-01 	1.034448e-01 
1.071130e-01 	1.026661e-01 
1.075030e-01 	1.018972e-01 
1.078930e-01 	1.011383e-01 
1.082830e-01 	1.003889e-01 
1.086730e-01 	9.964904e-02 
1.090630e-01 	9.891852e-02 
1.094530e-01 	9.819721e-02 
1.098440e-01 	9.748318e-02 
1.102340e-01 	9.677994e-02 
1.106240e-01 	9.608554e-02 
1.110140e-01 	9.539984e-02 
1.114040e-01 	9.472269e-02 
1.117940e-01 	9.405395e-02 
1.121840e-01 	9.339345e-02 
1.125740e-01 	9.274105e-02 
1.129640e-01 	9.209661e-02 
1.133550e-01 	9.145833e-02 
1.137450e-01 	9.082936e-02 
1.141350e-01 	9.020788e-02 
1.145250e-01 	8.959379e-02 
1.149150e-01 	8.898699e-02 
1.153050e-01 	8.838737e-02 
1.156950e-01 	8.779482e-02 
1.160850e-01 	8.720923e-02 
1.164750e-01 	8.663050e-02 
1.168650e-01 	8.605851e-02 
1.172550e-01 	8.549316e-02 
1.176460e-01 	8.493291e-02 
1.180360e-01 	8.438053e-02 
1.184260e-01 	8.383445e-02 
1.188160e-01 	8.329458e-02 
1.192060e-01 	8.276078e-02 
1.195960e-01 	8.223295e-02 
1.199860e-01 	8.171096e-02 
1.203760e-01 	8.119469e-02 
1.207660e-01 	8.068402e-02 
1.211560e-01 	8.017884e-02 
1.215460e-01 	7.967901e-02 
1.219370e-01 	7.918317e-02 
1.223270e-01 	7.869373e-02 
1.227170e-01 	7.820929e-02 
1.231070e-01 	7.772972e-02 
1.234970e-01 	7.725489e-02 
1.238870e-01 	7.678470e-02 
1.242770e-01 	7.631906e-02 
1.246670e-01 	7.585790e-02 
1.250570e-01 	7.540113e-02 
1.254470e-01 	7.494867e-02 
1.258370e-01 	7.450043e-02 
1.262270e-01 	7.405635e-02 
1.266170e-01 	7.361633e-02 
1.270070e-01 	7.318031e-02 
1.273980e-01 	7.274710e-02 
1.277880e-01 	7.231886e-02 
1.281780e-01 	7.189439e-02 
1.285680e-01 	7.147364e-02 
1.289580e-01 	7.105655e-02 
1.293480e-01 	7.064304e-02 
1.297380e-01 	7.023306e-02 
1.301280e-01 	6.982655e-02 
1.305180e-01 	6.942344e-02 
1.309080e-01 	6.902367e-02 
1.312980e-01 	6.862717e-02 
1.316880e-01 	6.823388e-02 
1.320780e-01 	6.784369e-02 
1.324680e-01 	6.745655e-02 
1.328580e-01 	6.707236e-02 
1.332480e-01 	6.669104e-02 
1.336380e-01 	6.631252e-02 
1.340280e-01 	6.593672e-02 
1.344180e-01 	6.556355e-02 
1.348080e-01 	6.519295e-02 
1.351990e-01 	6.482390e-02 
1.355890e-01 	6.445823e-02 
1.359790e-01 	6.409491e-02 
1.363690e-01 	6.373389e-02 
1.367590e-01 	6.337508e-02 
1.371490e-01 	6.301844e-02 
1.375390e-01 	6.266388e-02 
1.379290e-01 	6.231137e-02 
1.383190e-01 	6.196083e-02 
1.387090e-01 	6.161225e-02 
1.390990e-01 	6.126560e-02 
1.394890e-01 	6.092084e-02 
1.398790e-01 	6.057795e-02 
1.402690e-01 	6.023692e-02 
1.406590e-01 	5.989770e-02 
1.410490e-01 	5.956028e-02 
1.414390e-01 	5.922462e-02 
1.418290e-01 	5.889070e-02 
1.422190e-01 	5.855847e-02 
1.426090e-01 	5.822791e-02 
1.429990e-01 	5.789898e-02 
1.433890e-01 	5.757165e-02 
1.437790e-01 	5.724588e-02 
1.441690e-01 	5.692165e-02 
1.445590e-01 	5.659891e-02 
1.449490e-01 	5.627764e-02 
1.453390e-01 	5.595780e-02 
1.457290e-01 	5.563935e-02 
1.461190e-01 	5.532228e-02 
1.465090e-01 	5.500656e-02 
1.468990e-01 	5.469217e-02 
1.472890e-01 	5.437909e-02 
1.476790e-01 	5.406730e-02 
1.480690e-01 	5.375678e-02 
1.484590e-01 	5.344751e-02 
1.488490e-01 	5.313947e-02 
1.492390e-01 	5.283265e-02 
1.496290e-01 	5.252703e-02 
1.500190e-01 	5.222258e-02 
1.504090e-01 	5.191928e-02 
1.507990e-01 	5.161712e-02 
1.511890e-01 	5.131608e-02 
1.515790e-01 	5.101614e-02 
1.519690e-01 	5.071728e-02 
1.523590e-01 	5.041949e-02 
1.527490e-01 	5.012276e-02 
1.531390e-01 	4.982706e-02 
1.535290e-01 	4.953241e-02 
1.539190e-01 	4.923879e-02 
1.543090e-01 	4.894620e-02 
1.546990e-01 	4.865463e-02 
1.550890e-01 	4.836409e-02 
1.554790e-01 	4.807455e-02 
1.558690e-01 	4.778601e-02 
1.562590e-01 	4.749847e-02 
1.566490e-01 	4.721191e-02 
1.570390e-01 	4.692635e-02 
1.574290e-01 	4.664178e-02 
1.578190e-01 	4.635821e-02 
1.582090e-01 	4.607564e-02 
1.585980e-01 	4.579481e-02 
1.589880e-01 	4.551427e-02 
1.593780e-01 	4.523475e-02 
1.597680e-01 	4.495625e-02 
1.601580e-01 	4.467878e-02 
1.605480e-01 	4.440234e-02 
1.609380e-01 	4.412693e-02 
1.613280e-01 	4.385256e-02 
1.617180e-01 	4.357923e-02 
1.621080e-01 	4.330693e-02 
1.624980e-01 	4.303568e-02 
1.628880e-01 	4.276547e-02 
1.632780e-01 	4.249631e-02 
1.636680e-01 	4.222821e-02 
1.640580e-01 	4.196116e-02 
1.644480e-01 	4.169517e-02 
1.648380e-01 	4.143023e-02 
1.652280e-01 	4.116636e-02 
1.656170e-01 	4.090423e-02 
1.660070e-01 	4.064249e-02 
1.663970e-01 	4.038183e-02 
1.667870e-01 	4.012224e-02 
1.671770e-01 	3.986373e-02 
1.675670e-01 	3.960630e-02 
1.679570e-01 	3.934995e-02 
1.683470e-01 	3.909470e-02 
1.687370e-01 	3.884055e-02 
1.691270e-01 	3.858750e-02 
1.695170e-01 	3.833557e-02 
1.699070e-01 	3.808477e-02 
1.702970e-01 	3.783509e-02 
1.706860e-01 	3.758719e-02 
1.710760e-01 	3.733979e-02 
1.714660e-01 	3.709354e-02 
1.718560e-01 	3.684844e-02 
1.722460e-01 	3.660451e-02 
1.726360e-01 	3.636175e-02 
1.730260e-01 	3.612016e-02 
1.734160e-01 	3.587976e-02 
1.738060e-01 	3.564055e-02 
1.741960e-01 	3.540253e-02 
1.745850e-01 	3.516632e-02 
1.749750e-01 	3.493071e-02 
1.753650e-01 	3.469631e-02 
1.757550e-01 	3.446314e-02 
1.761450e-01 	3.423120e-02 
1.765350e-01 	3.400049e-02 
1.769250e-01 	3.377102e-02 
1.773150e-01 	3.354280e-02 
1.777050e-01 	3.331584e-02 
1.780940e-01 	3.309071e-02 
1.784840e-01 	3.286627e-02 
1.788740e-01 	3.264311e-02 
1.792640e-01 	3.242123e-02 
1.796540e-01 	3.220063e-02 
1.800440e-01 	3.198134e-02 
1.804340e-01 	3.176334e-02 
1.808240e-01 	3.154665e-02 
1.812130e-01 	3.133182e-02 
1.816030e-01 	3.111775e-02 
1.819930e-01 	3.090499e-02 
1.823830e-01 	3.069356e-02 
1.827730e-01 	3.048345e-02 
1.831630e-01 	3.027466e-02 
1.835530e-01 	3.006719e-02 
1.839420e-01 	2.986157e-02 
1.843320e-01 	2.965675e-02 
1.847220e-01 	2.945324e-02 
1.851120e-01 	2.925106e-02 
1.855020e-01 	2.905021e-02 
1.858920e-01 	2.885068e-02 
1.862820e-01 	2.865247e-02 
1.866710e-01 	2.845610e-02 
1.870610e-01 	2.826054e-02 
1.874510e-01 	2.806631e-02 
1.878410e-01 	2.787341e-02 
1.882310e-01 	2.768183e-02 
1.886210e-01 	2.749158e-02 
1.890100e-01 	2.730315e-02 
1.894000e-01 	2.711555e-02 
1.897900e-01 	2.692929e-02 
1.901800e-01 	2.674435e-02 
1.905700e-01 	2.656075e-02 
1.909600e-01 	2.637847e-02 
1.913490e-01 	2.619799e-02 
1.917390e-01 	2.601838e-02 
1.921290e-01 	2.584010e-02 
1.925190e-01 	2.566316e-02 
1.929090e-01 	2.548755e-02 
1.932980e-01 	2.531372e-02 
1.936880e-01 	2.514078e-02 
1.940780e-01 	2.496918e-02 
1.944680e-01 	2.479890e-02 
1.948580e-01 	2.462995e-02 
1.952470e-01 	2.446275e-02 
1.956370e-01 	2.429644e-02 
1.960270e-01 	2.413145e-02 
1.964170e-01 	2.396776e-02 
1.968070e-01 	2.380539e-02 
1.971960e-01 	2.364474e-02 
1.975860e-01 	2.348498e-02 
1.979760e-01 	2.332651e-02 
1.983660e-01 	2.316933e-02 
1.987560e-01 	2.301344e-02 
1.991450e-01 	2.285922e-02 
1.995350e-01 	2.270587e-02 
1.999250e-01 	2.255379e-02 
2.003150e-01 	2.240297e-02 
2.007050e-01 	2.225340e-02 
2.010940e-01 	2.210546e-02 
2.014840e-01 	2.195838e-02 
2.018740e-01 	2.181253e-02 
2.022640e-01 	2.166791e-02 
2.026530e-01 	2.152488e-02 
2.030430e-01 	2.138269e-02 
2.034330e-01 	2.124172e-02 
2.038230e-01 	2.110195e-02 
2.042120e-01 	2.096373e-02 
2.046020e-01 	2.082635e-02 
2.049920e-01 	2.069016e-02 
2.053820e-01 	2.055515e-02 
2.057710e-01 	2.042166e-02 
2.061610e-01 	2.028901e-02 
2.065510e-01 	2.015752e-02 
2.069410e-01 	2.002719e-02 
2.073300e-01 	1.989834e-02 
2.077200e-01 	1.977031e-02 
2.081100e-01 	1.964341e-02 
2.085000e-01 	1.951765e-02 
2.088890e-01 	1.939333e-02 
2.092790e-01 	1.926980e-02 
2.096690e-01 	1.914739e-02 
2.100590e-01 	1.902607e-02 
2.104480e-01 	1.890616e-02 
2.108380e-01 	1.878702e-02 
2.112280e-01 	1.866896e-02 
2.116180e-01 	1.855196e-02 
2.120070e-01 	1.843633e-02 
2.123970e-01 	1.832144e-02 
2.127870e-01 	1.820760e-02 
2.131760e-01 	1.809508e-02 
2.135660e-01 	1.798330e-02 
2.139560e-01 	1.787253e-02 
2.143460e-01 	1.776278e-02 
2.147350e-01 	1.765429e-02 
2.151250e-01 	1.754652e-02 
2.155150e-01 	1.743973e-02 
2.159040e-01 	1.733419e-02 
2.162940e-01 	1.722933e-02 
2.166840e-01 	1.712543e-02 
2.170740e-01 	1.702248e-02 
2.174630e-01 	1.692073e-02 
2.178530e-01 	1.681965e-02 
2.182430e-01 	1.671949e-02 
2.186320e-01 	1.662050e-02 
2.190220e-01 	1.652216e-02 
2.194120e-01 	1.642472e-02 
2.198010e-01 	1.632842e-02 
2.201910e-01 	1.623275e-02 
2.205810e-01 	1.613796e-02 
2.209700e-01 	1.604427e-02 
2.213600e-01 	1.595120e-02 
2.217500e-01 	1.585898e-02 
2.221390e-01 	1.576784e-02 
2.225290e-01 	1.567729e-02 
2.229190e-01 	1.558758e-02 
2.233080e-01 	1.549890e-02 
2.236980e-01 	1.541081e-02 
2.240880e-01 	1.532352e-02 
2.244770e-01 	1.523724e-02 
2.248670e-01 	1.515152e-02 
2.252570e-01 	1.506657e-02 
2.256460e-01 	1.498261e-02 
2.260360e-01 	1.489919e-02 
2.264260e-01 	1.481652e-02 
2.268150e-01 	1.473480e-02 
2.272050e-01 	1.465360e-02 
2.275950e-01 	1.457312e-02 
2.279840e-01 	1.449357e-02 
2.283740e-01 	1.441452e-02 
2.287630e-01 	1.433637e-02 
2.291530e-01 	1.425871e-02 
2.295430e-01 	1.418174e-02 
2.299320e-01 	1.410565e-02 
2.303220e-01 	1.403003e-02 
2.307120e-01 	1.395507e-02 
2.311010e-01 	1.388095e-02 
2.314910e-01 	1.380729e-02 
2.318810e-01 	1.373428e-02 
2.322700e-01 	1.366208e-02 
2.326600e-01 	1.359032e-02 
2.330490e-01 	1.351937e-02 
2.334390e-01 	1.344884e-02 
2.338290e-01 	1.337892e-02 
2.342180e-01 	1.330978e-02 
2.346080e-01 	1.324106e-02 
2.349970e-01 	1.317309e-02 
2.353870e-01 	1.310553e-02 
2.357770e-01 	1.303854e-02 
2.361660e-01 	1.297228e-02 
2.365560e-01 	1.290642e-02 
2.369450e-01 	1.284127e-02 
2.373350e-01 	1.277651e-02 
2.377250e-01 	1.271228e-02 
2.381140e-01 	1.264875e-02 
2.385040e-01 	1.258559e-02 
2.388930e-01 	1.252311e-02 
2.392830e-01 	1.246099e-02 
2.396720e-01 	1.239953e-02 
2.400620e-01 	1.233841e-02 
2.404520e-01 	1.227780e-02 
2.408410e-01 	1.221783e-02 
2.412310e-01 	1.215819e-02 
2.416200e-01 	1.209918e-02 
2.420100e-01 	1.204049e-02 
2.423990e-01 	1.198242e-02 
2.427890e-01 	1.192467e-02 
2.431790e-01 	1.186737e-02 
2.435680e-01 	1.181067e-02 
2.439580e-01 	1.175428e-02 
2.443470e-01 	1.169847e-02 
2.447370e-01 	1.164295e-02 
2.451260e-01 	1.158800e-02 
2.455160e-01 	1.153335e-02 
2.459050e-01 	1.147925e-02 
2.462950e-01 	1.142544e-02 
2.466840e-01 	1.137218e-02 
2.470740e-01 	1.131919e-02 
2.474630e-01 	1.126674e-02 
2.478530e-01 	1.121455e-02 
2.482430e-01 	1.116276e-02 
2.486320e-01 	1.111150e-02 
2.490220e-01 	1.106049e-02 
2.494110e-01 	1.100999e-02 
2.498010e-01 	1.095974e-02 
2.501900e-01 	1.091000e-02 
2.505800e-01 	1.086050e-02 
2.509690e-01 	1.081149e-02 
2.513590e-01 	1.076272e-02 
2.517480e-01 	1.071444e-02 
2.521380e-01 	1.066639e-02 
2.525270e-01 	1.061881e-02 
2.529170e-01 	1.057147e-02 
2.533060e-01 	1.052459e-02 
2.536960e-01 	1.047793e-02 
2.540850e-01 	1.043173e-02 
2.544750e-01 	1.038575e-02 
2.548640e-01 	1.034023e-02 
2.552540e-01 	1.029491e-02 
2.556430e-01 	1.025003e-02 
2.560330e-01 	1.020536e-02 
2.564220e-01 	1.016113e-02 
2.568110e-01 	1.011721e-02 
2.572010e-01 	1.007349e-02 
2.575900e-01 	1.003020e-02 
2.579800e-01 	9.987107e-03 
2.583690e-01 	9.944430e-03 
2.587590e-01 	9.901948e-03 
2.591480e-01 	9.859877e-03 
2.595380e-01 	9.817997e-03 
2.599270e-01 	9.776522e-03 
2.603170e-01 	9.735234e-03 
2.607060e-01 	9.694345e-03 
2.610960e-01 	9.653640e-03 
2.614850e-01 	9.613326e-03 
2.618740e-01 	9.573295e-03 
2.622640e-01 	9.533445e-03 
2.626530e-01 	9.493975e-03 
2.630430e-01 	9.454683e-03 
2.634320e-01 	9.415766e-03 
2.638220e-01 	9.377023e-03 
2.642110e-01 	9.338652e-03 
2.646000e-01 	9.300550e-03 
2.649900e-01 	9.262619e-03 
2.653790e-01 	9.225052e-03 
2.657690e-01 	9.187655e-03 
2.661580e-01 	9.150616e-03 
2.665480e-01 	9.113744e-03 
2.669370e-01 	9.077226e-03 
2.673260e-01 	9.040966e-03 
2.677160e-01 	9.004870e-03 
2.681050e-01 	8.969120e-03 
2.684950e-01 	8.933532e-03 
2.688840e-01 	8.898287e-03 
2.692730e-01 	8.863290e-03 
2.696630e-01 	8.828452e-03 
2.700520e-01 	8.793950e-03 
2.704420e-01 	8.759604e-03 
2.708310e-01 	8.725590e-03 
2.712200e-01 	8.691817e-03 
2.716100e-01 	8.658200e-03 
2.719990e-01 	8.624909e-03 
2.723880e-01 	8.591857e-03 
2.727780e-01 	8.558958e-03 
2.731670e-01 	8.526379e-03 
2.735570e-01 	8.493954e-03 
2.739460e-01 	8.461845e-03 
2.743350e-01 	8.429969e-03 
2.747250e-01 	8.398244e-03 
2.751140e-01 	8.366832e-03 
2.755030e-01 	8.335648e-03 
2.758930e-01 	8.304614e-03 
2.762820e-01 	8.273887e-03 
2.766710e-01 	8.243385e-03 
2.770610e-01 	8.213031e-03 
2.774500e-01 	8.182978e-03 
2.778390e-01 	8.153148e-03 
2.782290e-01 	8.123464e-03 
2.786180e-01 	8.094076e-03 
2.790080e-01 	8.064833e-03 
2.793970e-01 	8.035883e-03 
2.797860e-01 	8.007150e-03 
2.801750e-01 	7.978633e-03 
2.805650e-01 	7.950259e-03 
2.809540e-01 	7.922171e-03 
2.813430e-01 	7.894296e-03 
2.817330e-01 	7.866561e-03 
2.821220e-01 	7.839109e-03 
2.825110e-01 	7.811867e-03 
2.829010e-01 	7.784765e-03 
2.832900e-01 	7.757940e-03 
2.836790e-01 	7.731322e-03 
2.840690e-01 	7.704842e-03 
2.844580e-01 	7.678635e-03 
2.848470e-01 	7.652632e-03 
2.852360e-01 	7.626832e-03 
2.856260e-01 	7.601169e-03 
2.860150e-01 	7.575773e-03 
2.864040e-01 	7.550577e-03 
2.867940e-01 	7.525517e-03 
2.871830e-01 	7.500720e-03 
2.875720e-01 	7.476121e-03 
2.879610e-01 	7.451718e-03 
2.883510e-01 	7.427450e-03 
2.887400e-01 	7.403440e-03 
2.891290e-01 	7.379624e-03 
2.895190e-01 	7.355941e-03 
2.899080e-01 	7.332511e-03 
2.902970e-01 	7.309274e-03 
2.906860e-01 	7.286227e-03 
2.910760e-01 	7.263311e-03 
2.914650e-01 	7.240643e-03 
2.918540e-01 	7.218163e-03 
2.922430e-01 	7.195870e-03 
2.926330e-01 	7.173707e-03 
2.930220e-01 	7.151786e-03 
2.934110e-01 	7.130049e-03 
2.938000e-01 	7.108495e-03 
2.941890e-01 	7.087123e-03 
2.945790e-01 	7.065878e-03 
2.949680e-01 	7.044869e-03 
2.953570e-01 	7.024038e-03 
2.957460e-01 	7.003386e-03 
2.961360e-01 	6.982858e-03 
2.965250e-01 	6.962560e-03 
2.969140e-01 	6.942437e-03 
2.973030e-01 	6.922488e-03 
2.976920e-01 	6.902713e-03 
2.980820e-01 	6.883060e-03 
2.984710e-01 	6.863629e-03 
2.988600e-01 	6.844368e-03 
2.992490e-01 	6.825277e-03 
2.996380e-01 	6.806355e-03 
3.000280e-01 	6.787552e-03 
3.004170e-01 	6.768965e-03 
3.008060e-01 	6.750542e-03 
3.011950e-01 	6.732285e-03 
3.015840e-01 	6.714191e-03 
3.019730e-01 	6.696259e-03 
3.023630e-01 	6.678444e-03 
3.027520e-01 	6.660835e-03 
3.031410e-01 	6.643385e-03 
3.035300e-01 	6.626094e-03 
3.039190e-01 	6.608960e-03 
3.043080e-01 	6.591983e-03 
3.046980e-01 	6.575118e-03 
3.050870e-01 	6.558451e-03 
3.054760e-01 	6.541937e-03 
3.058650e-01 	6.525575e-03 
3.062540e-01 	6.509364e-03 
3.066430e-01 	6.493302e-03 
3.070330e-01 	6.477349e-03 
3.074220e-01 	6.461584e-03 
3.078110e-01 	6.445966e-03 
3.082000e-01 	6.430493e-03 
3.085890e-01 	6.415164e-03 
3.089780e-01 	6.399977e-03 
3.093670e-01 	6.384932e-03 
3.097560e-01 	6.370028e-03 
3.101460e-01 	6.355225e-03 
3.105350e-01 	6.340599e-03 
3.109240e-01 	6.326110e-03 
3.113130e-01 	6.311757e-03 
3.117020e-01 	6.297538e-03 
3.120910e-01 	6.283454e-03 
3.124800e-01 	6.269502e-03 
3.128690e-01 	6.255682e-03 
3.132580e-01 	6.241992e-03 
3.136470e-01 	6.228432e-03 
3.140370e-01 	6.214966e-03 
3.144260e-01 	6.201661e-03 
3.148150e-01 	6.188483e-03 
3.152040e-01 	6.175431e-03 
3.155930e-01 	6.162503e-03 
3.159820e-01 	6.149699e-03 
3.163710e-01 	6.137018e-03 
3.167600e-01 	6.124459e-03 
3.171490e-01 	6.112022e-03 
3.175380e-01 	6.099705e-03 
3.179270e-01 	6.087510e-03 
3.183160e-01 	6.075434e-03 
3.187050e-01 	6.063477e-03 
3.190940e-01 	6.051639e-03 
3.194830e-01 	6.039920e-03 
3.198720e-01 	6.028319e-03 
3.202620e-01 	6.016806e-03 
3.206510e-01 	6.005441e-03 
3.210400e-01 	5.994193e-03 
3.214290e-01 	5.983062e-03 
3.218180e-01 	5.972048e-03 
3.222070e-01 	5.961151e-03 
3.225960e-01 	5.950371e-03 
3.229850e-01 	5.939708e-03 
3.233740e-01 	5.929161e-03 
3.237630e-01 	5.918731e-03 
3.241520e-01 	5.908418e-03 
3.245410e-01 	5.898221e-03 
3.249300e-01 	5.888140e-03 
3.253190e-01 	5.878176e-03 
3.257080e-01 	5.868329e-03 
3.260970e-01 	5.858597e-03 
3.264860e-01 	5.848983e-03 
3.268750e-01 	5.839484e-03 
3.272640e-01 	5.830102e-03 
3.276530e-01 	5.820835e-03 
3.280420e-01 	5.811685e-03 
3.284310e-01 	5.802651e-03 
3.288200e-01 	5.793733e-03 
3.292090e-01 	5.784930e-03 
3.295980e-01 	5.776242e-03 
3.299870e-01 	5.767666e-03 
3.303760e-01 	5.759203e-03 
3.307650e-01 	5.750849e-03 
3.311530e-01 	5.742625e-03 
3.315420e-01 	5.734484e-03 
3.319310e-01 	5.726448e-03 
3.323200e-01 	5.718511e-03 
3.327090e-01 	5.710672e-03 
3.330980e-01 	5.702928e-03 
3.334870e-01 	5.695275e-03 
3.338760e-01 	5.687710e-03 
3.342650e-01 	5.680229e-03 
3.346540e-01 	5.672830e-03 
3.350430e-01 	5.665508e-03 
3.354320e-01 	5.658260e-03 
3.358210e-01 	5.651084e-03 
3.362100e-01 	5.643974e-03 
3.365990e-01 	5.636929e-03 
3.369870e-01 	5.629963e-03 
3.373760e-01 	5.623035e-03 
3.377650e-01 	5.616162e-03 
3.381540e-01 	5.609338e-03 
3.385430e-01 	5.602562e-03 
3.389320e-01 	5.595829e-03 
3.393210e-01 	5.589137e-03 
3.397100e-01 	5.582481e-03 
3.400990e-01 	5.575859e-03 
3.404870e-01 	5.569283e-03 
3.408760e-01 	5.562717e-03 
3.412650e-01 	5.556173e-03 
3.416540e-01 	5.549650e-03 
3.420430e-01 	5.543142e-03 
3.424320e-01 	5.536648e-03 
3.428210e-01 	5.530162e-03 
3.432100e-01 	5.523683e-03 
3.435980e-01 	5.517223e-03 
