#q 	 Ifit_avg 
2.999000e-03 	1.000000e+00 
3.284000e-03 	9.988896e-01 
3.570000e-03 	9.977783e-01 
3.856000e-03 	9.966651e-01 
4.141000e-03 	9.955489e-01 
4.427000e-03 	9.944289e-01 
4.712000e-03 	9.933041e-01 
4.998000e-03 	9.921734e-01 
5.284000e-03 	9.910359e-01 
5.569000e-03 	9.898906e-01 
5.855000e-03 	9.887366e-01 
6.140000e-03 	9.875728e-01 
6.426000e-03 	9.863982e-01 
6.712000e-03 	9.852120e-01 
6.997000e-03 	9.840131e-01 
7.283000e-03 	9.828005e-01 
7.568000e-03 	9.815732e-01 
7.854000e-03 	9.803304e-01 
8.140000e-03 	9.790709e-01 
8.425000e-03 	9.777939e-01 
8.711000e-03 	9.764983e-01 
8.996000e-03 	9.751831e-01 
9.282000e-03 	9.738474e-01 
9.568000e-03 	9.724903e-01 
9.853000e-03 	9.711106e-01 
1.013900e-02 	9.697075e-01 
1.042400e-02 	9.682799e-01 
1.071000e-02 	9.668270e-01 
1.099600e-02 	9.653476e-01 
1.128100e-02 	9.638409e-01 
1.156700e-02 	9.623058e-01 
1.185300e-02 	9.607413e-01 
1.213800e-02 	9.591466e-01 
1.242400e-02 	9.575205e-01 
1.270900e-02 	9.558622e-01 
1.299500e-02 	9.541706e-01 
1.328100e-02 	9.524448e-01 
1.356600e-02 	9.506839e-01 
1.385200e-02 	9.488868e-01 
1.413700e-02 	9.470526e-01 
1.442300e-02 	9.451804e-01 
1.470900e-02 	9.432693e-01 
1.499400e-02 	9.413185e-01 
1.528000e-02 	9.393271e-01 
1.556500e-02 	9.372943e-01 
1.585100e-02 	9.352195e-01 
1.613700e-02 	9.331019e-01 
1.642200e-02 	9.309411e-01 
1.670800e-02 	9.287364e-01 
1.699300e-02 	9.264876e-01 
1.727900e-02 	9.241944e-01 
1.756500e-02 	9.218571e-01 
1.785000e-02 	9.194760e-01 
1.813600e-02 	9.170513e-01 
1.842100e-02 	9.145834e-01 
1.870700e-02 	9.120731e-01 
1.899300e-02 	9.095211e-01 
1.927800e-02 	9.069282e-01 
1.956400e-02 	9.042951e-01 
1.984900e-02 	9.016226e-01 
2.013500e-02 	8.989115e-01 
2.042100e-02 	8.961625e-01 
2.070600e-02 	8.933763e-01 
2.099200e-02 	8.905538e-01 
2.127700e-02 	8.876956e-01 
2.156300e-02 	8.848026e-01 
2.184900e-02 	8.818754e-01 
2.213400e-02 	8.789149e-01 
2.242000e-02 	8.759218e-01 
2.270500e-02 	8.728969e-01 
2.299100e-02 	8.698408e-01 
2.327700e-02 	8.667544e-01 
2.356200e-02 	8.636385e-01 
2.384800e-02 	8.604937e-01 
2.413300e-02 	8.573208e-01 
2.441900e-02 	8.541206e-01 
2.470500e-02 	8.508937e-01 
2.499000e-02 	8.476411e-01 
2.527600e-02 	8.443633e-01 
2.556100e-02 	8.410611e-01 
2.584700e-02 	8.377353e-01 
2.613300e-02 	8.343866e-01 
2.641800e-02 	8.310157e-01 
2.670400e-02 	8.276233e-01 
2.698900e-02 	8.242101e-01 
2.727500e-02 	8.207769e-01 
2.756100e-02 	8.173243e-01 
2.784600e-02 	8.138530e-01 
2.813200e-02 	8.103637e-01 
2.841700e-02 	8.068571e-01 
2.870300e-02 	8.033339e-01 
2.898900e-02 	7.997946e-01 
2.927400e-02 	7.962400e-01 
2.956000e-02 	7.926707e-01 
2.984500e-02 	7.890873e-01 
3.013100e-02 	7.854904e-01 
3.041700e-02 	7.818806e-01 
3.070200e-02 	7.782585e-01 
3.098800e-02 	7.746247e-01 
3.127300e-02 	7.709797e-01 
3.155900e-02 	7.673240e-01 
3.184500e-02 	7.636579e-01 
3.213000e-02 	7.599819e-01 
3.241600e-02 	7.562965e-01 
3.270100e-02 	7.526022e-01 
3.298700e-02 	7.488992e-01 
3.327300e-02 	7.451882e-01 
3.355800e-02 	7.414695e-01 
3.384400e-02 	7.377433e-01 
3.413000e-02 	7.340101e-01 
3.441500e-02 	7.302702e-01 
3.470100e-02 	7.265239e-01 
3.498600e-02 	7.227716e-01 
3.527200e-02 	7.190135e-01 
3.555800e-02 	7.152500e-01 
3.584300e-02 	7.114815e-01 
3.612900e-02 	7.077083e-01 
3.641400e-02 	7.039306e-01 
3.670000e-02 	7.001489e-01 
3.698600e-02 	6.963634e-01 
3.727100e-02 	6.925746e-01 
3.755700e-02 	6.887826e-01 
3.784200e-02 	6.849878e-01 
3.812800e-02 	6.811906e-01 
3.841400e-02 	6.773912e-01 
3.869900e-02 	6.735900e-01 
3.898500e-02 	6.697873e-01 
3.927000e-02 	6.659834e-01 
3.955600e-02 	6.621787e-01 
3.984200e-02 	6.583733e-01 
4.012700e-02 	6.545677e-01 
4.041300e-02 	6.507622e-01 
4.069800e-02 	6.469570e-01 
4.098400e-02 	6.431524e-01 
4.127000e-02 	6.393488e-01 
4.155500e-02 	6.355465e-01 
4.184100e-02 	6.317457e-01 
4.212600e-02 	6.279468e-01 
4.241200e-02 	6.241500e-01 
4.269800e-02 	6.203557e-01 
4.298300e-02 	6.165641e-01 
4.326900e-02 	6.127754e-01 
4.355400e-02 	6.089901e-01 
4.384000e-02 	6.052083e-01 
4.412600e-02 	6.014304e-01 
4.441100e-02 	5.976566e-01 
4.469700e-02 	5.938872e-01 
4.498200e-02 	5.901225e-01 
4.526800e-02 	5.863628e-01 
4.555400e-02 	5.826083e-01 
4.583900e-02 	5.788593e-01 
4.612500e-02 	5.751160e-01 
4.641000e-02 	5.713788e-01 
4.669600e-02 	5.676478e-01 
4.698200e-02 	5.639234e-01 
4.726700e-02 	5.602057e-01 
4.755300e-02 	5.564952e-01 
4.783800e-02 	5.527919e-01 
4.812400e-02 	5.490963e-01 
4.841000e-02 	5.454084e-01 
4.869500e-02 	5.417287e-01 
4.898100e-02 	5.380573e-01 
4.926600e-02 	5.343944e-01 
4.955200e-02 	5.307404e-01 
4.983800e-02 	5.270955e-01 
5.012300e-02 	5.234600e-01 
5.040900e-02 	5.198340e-01 
5.069400e-02 	5.162179e-01 
5.098000e-02 	5.126118e-01 
5.126600e-02 	5.090162e-01 
5.155100e-02 	5.054310e-01 
5.183700e-02 	5.018567e-01 
5.212200e-02 	4.982934e-01 
5.240800e-02 	4.947413e-01 
5.269400e-02 	4.912008e-01 
5.297900e-02 	4.876719e-01 
5.326500e-02 	4.841550e-01 
5.355000e-02 	4.806503e-01 
5.383600e-02 	4.771580e-01 
5.412200e-02 	4.736783e-01 
5.440700e-02 	4.702115e-01 
5.469300e-02 	4.667577e-01 
5.497800e-02 	4.633173e-01 
5.526400e-02 	4.598903e-01 
5.555000e-02 	4.564769e-01 
5.583500e-02 	4.530774e-01 
5.612100e-02 	4.496918e-01 
5.640700e-02 	4.463205e-01 
5.669200e-02 	4.429636e-01 
5.697800e-02 	4.396213e-01 
5.726300e-02 	4.362938e-01 
5.754900e-02 	4.329812e-01 
5.783500e-02 	4.296838e-01 
5.812000e-02 	4.264017e-01 
5.840600e-02 	4.231352e-01 
5.869100e-02 	4.198843e-01 
5.897700e-02 	4.166493e-01 
5.926300e-02 	4.134301e-01 
5.954800e-02 	4.102269e-01 
5.983400e-02 	4.070398e-01 
6.011900e-02 	4.038688e-01 
6.040500e-02 	4.007140e-01 
6.069100e-02 	3.975756e-01 
6.097600e-02 	3.944536e-01 
6.126200e-02 	3.913481e-01 
6.154700e-02 	3.882591e-01 
6.183300e-02 	3.851868e-01 
6.211900e-02 	3.821313e-01 
6.240400e-02 	3.790926e-01 
6.269000e-02 	3.760709e-01 
6.297500e-02 	3.730661e-01 
6.326100e-02 	3.700785e-01 
6.354700e-02 	3.671080e-01 
6.383200e-02 	3.641547e-01 
6.411800e-02 	3.612186e-01 
6.440300e-02 	3.582997e-01 
6.468900e-02 	3.553981e-01 
6.497500e-02 	3.525137e-01 
6.526000e-02 	3.496467e-01 
6.554600e-02 	3.467969e-01 
6.583100e-02 	3.439645e-01 
6.611700e-02 	3.411494e-01 
6.640300e-02 	3.383517e-01 
6.668800e-02 	3.355714e-01 
6.697400e-02 	3.328086e-01 
6.725900e-02 	3.300631e-01 
6.754500e-02 	3.273352e-01 
6.783100e-02 	3.246246e-01 
6.811600e-02 	3.219316e-01 
6.840200e-02 	3.192561e-01 
6.868700e-02 	3.165980e-01 
6.897300e-02 	3.139574e-01 
6.925900e-02 	3.113343e-01 
6.954400e-02 	3.087288e-01 
6.983000e-02 	3.061407e-01 
7.011500e-02 	3.035702e-01 
7.040100e-02 	3.010172e-01 
7.068700e-02 	2.984818e-01 
7.097200e-02 	2.959639e-01 
7.125800e-02 	2.934636e-01 
7.154300e-02 	2.909808e-01 
7.182900e-02 	2.885157e-01 
7.211500e-02 	2.860681e-01 
7.240000e-02 	2.836382e-01 
7.268600e-02 	2.812259e-01 
7.297100e-02 	2.788311e-01 
7.325700e-02 	2.764538e-01 
7.354300e-02 	2.740940e-01 
7.382800e-02 	2.717515e-01 
7.411400e-02 	2.694264e-01 
7.439900e-02 	2.671186e-01 
7.468500e-02 	2.648281e-01 
7.497100e-02 	2.625548e-01 
7.525600e-02 	2.602986e-01 
7.554200e-02 	2.580595e-01 
7.582700e-02 	2.558376e-01 
7.611300e-02 	2.536326e-01 
7.639900e-02 	2.514447e-01 
7.668400e-02 	2.492737e-01 
7.697000e-02 	2.471196e-01 
7.725500e-02 	2.449824e-01 
7.754100e-02 	2.428620e-01 
7.782700e-02 	2.407584e-01 
7.811200e-02 	2.386715e-01 
7.839800e-02 	2.366013e-01 
7.868400e-02 	2.345478e-01 
7.896900e-02 	2.325109e-01 
7.925500e-02 	2.304904e-01 
7.954000e-02 	2.284863e-01 
7.982600e-02 	2.264984e-01 
8.011200e-02 	2.245268e-01 
8.039700e-02 	2.225714e-01 
8.068300e-02 	2.206319e-01 
8.096800e-02 	2.187085e-01 
8.125400e-02 	2.168009e-01 
8.154000e-02 	2.149091e-01 
8.182500e-02 	2.130330e-01 
8.211100e-02 	2.111726e-01 
8.239600e-02 	2.093277e-01 
8.268200e-02 	2.074984e-01 
8.296800e-02 	2.056844e-01 
8.325300e-02 	2.038858e-01 
8.353900e-02 	2.021025e-01 
8.382400e-02 	2.003344e-01 
8.411000e-02 	1.985813e-01 
8.439600e-02 	1.968433e-01 
8.468100e-02 	1.951203e-01 
8.496700e-02 	1.934122e-01 
8.525200e-02 	1.917188e-01 
8.553800e-02 	1.900402e-01 
8.582400e-02 	1.883763e-01 
8.610900e-02 	1.867269e-01 
8.639500e-02 	1.850921e-01 
8.668000e-02 	1.834716e-01 
8.696600e-02 	1.818655e-01 
8.725200e-02 	1.802735e-01 
8.753700e-02 	1.786957e-01 
8.782300e-02 	1.771320e-01 
8.810800e-02 	1.755822e-01 
8.839400e-02 	1.740462e-01 
8.868000e-02 	1.725241e-01 
8.896500e-02 	1.710156e-01 
8.925100e-02 	1.695207e-01 
8.953600e-02 	1.680394e-01 
8.982200e-02 	1.665714e-01 
9.010800e-02 	1.651168e-01 
9.039300e-02 	1.636755e-01 
9.067900e-02 	1.622472e-01 
9.096400e-02 	1.608321e-01 
9.125000e-02 	1.594299e-01 
9.153600e-02 	1.580407e-01 
9.182100e-02 	1.566642e-01 
9.210700e-02 	1.553004e-01 
9.239200e-02 	1.539493e-01 
9.267800e-02 	1.526107e-01 
9.296400e-02 	1.512845e-01 
9.324900e-02 	1.499707e-01 
9.353500e-02 	1.486693e-01 
9.382000e-02 	1.473800e-01 
9.410600e-02 	1.461028e-01 
9.439200e-02 	1.448376e-01 
9.467700e-02 	1.435844e-01 
9.496300e-02 	1.423429e-01 
9.524800e-02 	1.411132e-01 
9.553400e-02 	1.398950e-01 
9.582000e-02 	1.386884e-01 
9.610500e-02 	1.374931e-01 
9.639100e-02 	1.363092e-01 
9.667600e-02 	1.351364e-01 
9.696200e-02 	1.339748e-01 
9.724800e-02 	1.328242e-01 
9.753300e-02 	1.316845e-01 
9.781900e-02 	1.305555e-01 
9.810400e-02 	1.294373e-01 
9.839000e-02 	1.283297e-01 
9.867600e-02 	1.272326e-01 
9.896100e-02 	1.261458e-01 
9.924700e-02 	1.250694e-01 
9.953200e-02 	1.240032e-01 
9.981800e-02 	1.229471e-01 
1.001040e-01 	1.219011e-01 
1.003890e-01 	1.208649e-01 
1.006750e-01 	1.198386e-01 
1.009610e-01 	1.188221e-01 
1.012460e-01 	1.178152e-01 
1.015320e-01 	1.168180e-01 
1.018170e-01 	1.158302e-01 
1.021030e-01 	1.148519e-01 
1.023890e-01 	1.138830e-01 
1.026740e-01 	1.129233e-01 
1.029600e-01 	1.119727e-01 
1.032450e-01 	1.110313e-01 
1.035310e-01 	1.100989e-01 
1.038170e-01 	1.091754e-01 
1.041020e-01 	1.082608e-01 
1.043880e-01 	1.073549e-01 
1.046730e-01 	1.064577e-01 
1.049590e-01 	1.055691e-01 
1.052450e-01 	1.046890e-01 
1.055300e-01 	1.038173e-01 
1.058160e-01 	1.029539e-01 
1.061010e-01 	1.020988e-01 
1.063870e-01 	1.012519e-01 
1.066730e-01 	1.004131e-01 
1.069580e-01 	9.958238e-02 
1.072440e-01 	9.875959e-02 
1.075290e-01 	9.794469e-02 
1.078150e-01 	9.713761e-02 
1.081010e-01 	9.633827e-02 
1.083860e-01 	9.554660e-02 
1.086720e-01 	9.476252e-02 
1.089570e-01 	9.398596e-02 
1.092430e-01 	9.321684e-02 
1.095290e-01 	9.245507e-02 
1.098140e-01 	9.170059e-02 
1.101000e-01 	9.095330e-02 
1.103850e-01 	9.021314e-02 
1.106710e-01 	8.948003e-02 
1.109570e-01 	8.875388e-02 
1.112420e-01 	8.803463e-02 
1.115280e-01 	8.732218e-02 
1.118130e-01 	8.661646e-02 
1.120990e-01 	8.591739e-02 
1.123850e-01 	8.522490e-02 
1.126700e-01 	8.453891e-02 
1.129560e-01 	8.385933e-02 
1.132410e-01 	8.318608e-02 
1.135270e-01 	8.251910e-02 
1.138130e-01 	8.185830e-02 
1.140980e-01 	8.120360e-02 
1.143840e-01 	8.055495e-02 
1.146690e-01 	7.991230e-02 
1.149550e-01 	7.927558e-02 
1.152410e-01 	7.864476e-02 
1.155260e-01 	7.801975e-02 
1.158120e-01 	7.740051e-02 
1.160970e-01 	7.678699e-02 
1.163830e-01 	7.617912e-02 
1.166690e-01 	7.557684e-02 
1.169540e-01 	7.498010e-02 
1.172400e-01 	7.438885e-02 
1.175250e-01 	7.380302e-02 
1.178110e-01 	7.322256e-02 
1.180970e-01 	7.264741e-02 
1.183820e-01 	7.207752e-02 
1.186680e-01 	7.151281e-02 
1.189530e-01 	7.095326e-02 
1.192390e-01 	7.039878e-02 
1.195250e-01 	6.984934e-02 
1.198100e-01 	6.930487e-02 
1.200960e-01 	6.876532e-02 
1.203810e-01 	6.823064e-02 
1.206670e-01 	6.770076e-02 
1.209530e-01 	6.717564e-02 
1.212380e-01 	6.665521e-02 
1.215240e-01 	6.613943e-02 
1.218090e-01 	6.562824e-02 
1.220950e-01 	6.512158e-02 
1.223810e-01 	6.461940e-02 
1.226660e-01 	6.412164e-02 
1.229520e-01 	6.362824e-02 
1.232380e-01 	6.313915e-02 
1.235230e-01 	6.265431e-02 
1.238090e-01 	6.217366e-02 
1.240940e-01 	6.169716e-02 
1.243800e-01 	6.122476e-02 
1.246660e-01 	6.075641e-02 
1.249510e-01 	6.029208e-02 
1.252370e-01 	5.983171e-02 
1.255220e-01 	5.937526e-02 
1.258080e-01 	5.892267e-02 
1.260940e-01 	5.847391e-02 
1.263790e-01 	5.802893e-02 
1.266650e-01 	5.758768e-02 
1.269500e-01 	5.715011e-02 
1.272360e-01 	5.671617e-02 
1.275220e-01 	5.628583e-02 
1.278070e-01 	5.585902e-02 
1.280930e-01 	5.543572e-02 
1.283780e-01 	5.501590e-02 
1.286640e-01 	5.459952e-02 
1.289500e-01 	5.418655e-02 
1.292350e-01 	5.377697e-02 
1.295210e-01 	5.337074e-02 
1.298060e-01 	5.296784e-02 
1.300920e-01 	5.256824e-02 
1.303780e-01 	5.217190e-02 
1.306630e-01 	5.177880e-02 
1.309490e-01 	5.138891e-02 
1.312340e-01 	5.100219e-02 
1.315200e-01 	5.061862e-02 
1.318060e-01 	5.023816e-02 
1.320910e-01 	4.986079e-02 
1.323770e-01 	4.948646e-02 
1.326620e-01 	4.911515e-02 
1.329480e-01 	4.874682e-02 
1.332340e-01 	4.838143e-02 
1.335190e-01 	4.801897e-02 
1.338050e-01 	4.765939e-02 
1.340900e-01 	4.730265e-02 
1.343760e-01 	4.694874e-02 
1.346620e-01 	4.659761e-02 
1.349470e-01 	4.624922e-02 
1.352330e-01 	4.590355e-02 
1.355180e-01 	4.556056e-02 
1.358040e-01 	4.522021e-02 
1.360900e-01 	4.488247e-02 
1.363750e-01 	4.454730e-02 
1.366610e-01 	4.421467e-02 
1.369460e-01 	4.388454e-02 
1.372320e-01 	4.355688e-02 
1.375180e-01 	4.323166e-02 
1.378030e-01 	4.290883e-02 
1.380890e-01 	4.258836e-02 
1.383740e-01 	4.227022e-02 
1.386600e-01 	4.195438e-02 
1.389460e-01 	4.164080e-02 
1.392310e-01 	4.132948e-02 
1.395170e-01 	4.102038e-02 
1.398020e-01 	4.071350e-02 
1.400880e-01 	4.040881e-02 
1.403740e-01 	4.010630e-02 
1.406590e-01 	3.980594e-02 
1.409450e-01 	3.950772e-02 
1.412300e-01 	3.921161e-02 
1.415160e-01 	3.891760e-02 
1.418020e-01 	3.862568e-02 
1.420870e-01 	3.833582e-02 
1.423730e-01 	3.804801e-02 
1.426580e-01 	3.776224e-02 
1.429440e-01 	3.747850e-02 
1.432300e-01 	3.719678e-02 
1.435150e-01 	3.691706e-02 
1.438010e-01 	3.663932e-02 
1.440860e-01 	3.636356e-02 
1.443720e-01 	3.608976e-02 
1.446580e-01 	3.581790e-02 
1.449430e-01 	3.554797e-02 
1.452290e-01 	3.527995e-02 
1.455150e-01 	3.501383e-02 
1.458000e-01 	3.474958e-02 
1.460860e-01 	3.448719e-02 
1.463710e-01 	3.422665e-02 
1.466570e-01 	3.396793e-02 
1.469430e-01 	3.371103e-02 
1.472280e-01 	3.345591e-02 
1.475140e-01 	3.320258e-02 
1.477990e-01 	3.295100e-02 
1.480850e-01 	3.270116e-02 
1.483710e-01 	3.245305e-02 
1.486560e-01 	3.220665e-02 
1.489420e-01 	3.196194e-02 
1.492270e-01 	3.171891e-02 
1.495130e-01 	3.147754e-02 
1.497990e-01 	3.123782e-02 
1.500840e-01 	3.099972e-02 
1.503700e-01 	3.076323e-02 
1.506550e-01 	3.052834e-02 
1.509410e-01 	3.029503e-02 
1.512270e-01 	3.006328e-02 
1.515120e-01 	2.983308e-02 
1.517980e-01 	2.960441e-02 
1.520830e-01 	2.937725e-02 
1.523690e-01 	2.915159e-02 
1.526550e-01 	2.892741e-02 
1.529400e-01 	2.870470e-02 
1.532260e-01 	2.848344e-02 
1.535110e-01 	2.826361e-02 
1.537970e-01 	2.804520e-02 
1.540830e-01 	2.782820e-02 
1.543680e-01 	2.761261e-02 
1.546540e-01 	2.739842e-02 
1.549390e-01 	2.718562e-02 
1.552250e-01 	2.697422e-02 
1.555110e-01 	2.676420e-02 
1.557960e-01 	2.655556e-02 
1.560820e-01 	2.634828e-02 
1.563670e-01 	2.614238e-02 
1.566530e-01 	2.593783e-02 
1.569390e-01 	2.573463e-02 
1.572240e-01 	2.553278e-02 
1.575100e-01 	2.533227e-02 
1.577950e-01 	2.513308e-02 
1.580810e-01 	2.493521e-02 
1.583670e-01 	2.473866e-02 
1.586520e-01 	2.454341e-02 
1.589380e-01 	2.434947e-02 
1.592230e-01 	2.415681e-02 
1.595090e-01 	2.396545e-02 
1.597950e-01 	2.377536e-02 
1.600800e-01 	2.358654e-02 
1.603660e-01 	2.339899e-02 
1.606510e-01 	2.321269e-02 
1.609370e-01 	2.302765e-02 
1.612230e-01 	2.284385e-02 
1.615080e-01 	2.266129e-02 
1.617940e-01 	2.247996e-02 
1.620790e-01 	2.229986e-02 
1.623650e-01 	2.212098e-02 
1.626510e-01 	2.194330e-02 
1.629360e-01 	2.176683e-02 
1.632220e-01 	2.159156e-02 
1.635070e-01 	2.141747e-02 
1.637930e-01 	2.124457e-02 
1.640790e-01 	2.107285e-02 
1.643640e-01 	2.090230e-02 
1.646500e-01 	2.073291e-02 
1.649350e-01 	2.056468e-02 
1.652210e-01 	2.039759e-02 
1.655070e-01 	2.023165e-02 
1.657920e-01 	2.006685e-02 
1.660780e-01 	1.990317e-02 
1.663630e-01 	1.974062e-02 
1.666490e-01 	1.957918e-02 
1.669350e-01 	1.941885e-02 
1.672200e-01 	1.925962e-02 
1.675060e-01 	1.910149e-02 
1.677920e-01 	1.894445e-02 
1.680770e-01 	1.878848e-02 
1.683630e-01 	1.863359e-02 
1.686480e-01 	1.847977e-02 
1.689340e-01 	1.832701e-02 
1.692200e-01 	1.817532e-02 
1.695050e-01 	1.802467e-02 
1.697910e-01 	1.787508e-02 
1.700760e-01 	1.772653e-02 
1.703620e-01 	1.757903e-02 
1.706480e-01 	1.743257e-02 
1.709330e-01 	1.728714e-02 
1.712190e-01 	1.714274e-02 
1.715040e-01 	1.699936e-02 
1.717900e-01 	1.685702e-02 
1.720760e-01 	1.671569e-02 
1.723610e-01 	1.657537e-02 
1.726470e-01 	1.643607e-02 
1.729320e-01 	1.629777e-02 
1.732180e-01 	1.616048e-02 
1.735040e-01 	1.602419e-02 
1.737890e-01 	1.588890e-02 
1.740750e-01 	1.575459e-02 
1.743600e-01 	1.562128e-02 
1.746460e-01 	1.548895e-02 
1.749320e-01 	1.535760e-02 
1.752170e-01 	1.522723e-02 
1.755030e-01 	1.509783e-02 
1.757880e-01 	1.496940e-02 
1.760740e-01 	1.484193e-02 
1.763600e-01 	1.471543e-02 
1.766450e-01 	1.458988e-02 
1.769310e-01 	1.446529e-02 
1.772160e-01 	1.434165e-02 
1.775020e-01 	1.421895e-02 
1.777880e-01 	1.409719e-02 
1.780730e-01 	1.397638e-02 
1.783590e-01 	1.385650e-02 
1.786440e-01 	1.373754e-02 
1.789300e-01 	1.361952e-02 
1.792160e-01 	1.350242e-02 
1.795010e-01 	1.338623e-02 
1.797870e-01 	1.327097e-02 
1.800720e-01 	1.315661e-02 
1.803580e-01 	1.304316e-02 
1.806440e-01 	1.293061e-02 
1.809290e-01 	1.281897e-02 
1.812150e-01 	1.270822e-02 
1.815000e-01 	1.259836e-02 
1.817860e-01 	1.248939e-02 
1.820720e-01 	1.238130e-02 
1.823570e-01 	1.227409e-02 
1.826430e-01 	1.216776e-02 
1.829280e-01 	1.206231e-02 
1.832140e-01 	1.195772e-02 
1.835000e-01 	1.185400e-02 
1.837850e-01 	1.175114e-02 
1.840710e-01 	1.164914e-02 
1.843560e-01 	1.154800e-02 
1.846420e-01 	1.144771e-02 
1.849280e-01 	1.134827e-02 
1.852130e-01 	1.124967e-02 
1.854990e-01 	1.115192e-02 
1.857840e-01 	1.105500e-02 
1.860700e-01 	1.095891e-02 
1.863560e-01 	1.086365e-02 
1.866410e-01 	1.076922e-02 
1.869270e-01 	1.067561e-02 
1.872120e-01 	1.058282e-02 
1.874980e-01 	1.049084e-02 
1.877840e-01 	1.039967e-02 
1.880690e-01 	1.030931e-02 
1.883550e-01 	1.021975e-02 
1.886400e-01 	1.013099e-02 
1.889260e-01 	1.004302e-02 
1.892120e-01 	9.955843e-03 
1.894970e-01 	9.869455e-03 
1.897830e-01 	9.783850e-03 
1.900690e-01 	9.699025e-03 
1.903540e-01 	9.614976e-03 
1.906400e-01 	9.531698e-03 
1.909250e-01 	9.449189e-03 
1.912110e-01 	9.367445e-03 
1.914970e-01 	9.286460e-03 
1.917820e-01 	9.206233e-03 
1.920680e-01 	9.126758e-03 
1.923530e-01 	9.048033e-03 
1.926390e-01 	8.970053e-03 
1.929250e-01 	8.892815e-03 
1.932100e-01 	8.816314e-03 
1.934960e-01 	8.740548e-03 
1.937810e-01 	8.665511e-03 
1.940670e-01 	8.591201e-03 
1.943530e-01 	8.517614e-03 
1.946380e-01 	8.444746e-03 
1.949240e-01 	8.372593e-03 
1.952090e-01 	8.301150e-03 
1.954950e-01 	8.230416e-03 
1.957810e-01 	8.160384e-03 
1.960660e-01 	8.091054e-03 
1.963520e-01 	8.022419e-03 
1.966370e-01 	7.954478e-03 
1.969230e-01 	7.887227e-03 
1.972090e-01 	7.820662e-03 
1.974940e-01 	7.754780e-03 
1.977800e-01 	7.689581e-03 
1.980650e-01 	7.625060e-03 
1.983510e-01 	7.561215e-03 
1.986370e-01 	7.498045e-03 
1.989220e-01 	7.435546e-03 
1.992080e-01 	7.373714e-03 
1.994930e-01 	7.312546e-03 
1.997790e-01 	7.252036e-03 
2.000650e-01 	7.192182e-03 
2.003500e-01 	7.132979e-03 
2.006360e-01 	7.074422e-03 
2.009210e-01 	7.016508e-03 
2.012070e-01 	6.959233e-03 
2.014930e-01 	6.902591e-03 
2.017780e-01 	6.846580e-03 
2.020640e-01 	6.791196e-03 
2.023490e-01 	6.736433e-03 
2.026350e-01 	6.682288e-03 
2.029210e-01 	6.628756e-03 
2.032060e-01 	6.575834e-03 
2.034920e-01 	6.523518e-03 
2.037770e-01 	6.471803e-03 
2.040630e-01 	6.420685e-03 
2.043490e-01 	6.370160e-03 
2.046340e-01 	6.320224e-03 
2.049200e-01 	6.270873e-03 
2.052050e-01 	6.222102e-03 
2.054910e-01 	6.173909e-03 
2.057770e-01 	6.126288e-03 
2.060620e-01 	6.079235e-03 
2.063480e-01 	6.032748e-03 
2.066330e-01 	5.986820e-03 
2.069190e-01 	5.941449e-03 
2.072050e-01 	5.896631e-03 
2.074900e-01 	5.852360e-03 
2.077760e-01 	5.808634e-03 
2.080610e-01 	5.765449e-03 
2.083470e-01 	5.722799e-03 
2.086330e-01 	5.680682e-03 
2.089180e-01 	5.639093e-03 
2.092040e-01 	5.598028e-03 
2.094890e-01 	5.557483e-03 
2.097750e-01 	5.517454e-03 
2.100610e-01 	5.477938e-03 
2.103460e-01 	5.438930e-03 
2.106320e-01 	5.400425e-03 
2.109170e-01 	5.362421e-03 
2.112030e-01 	5.324915e-03 
2.114890e-01 	5.287902e-03 
2.117740e-01 	5.251380e-03 
2.120600e-01 	5.215347e-03 
2.123450e-01 	5.179799e-03 
2.126310e-01 	5.144734e-03 
2.129170e-01 	5.110149e-03 
2.132020e-01 	5.076040e-03 
2.134880e-01 	5.042405e-03 
2.137740e-01 	5.009241e-03 
2.140590e-01 	4.976544e-03 
2.143450e-01 	4.944312e-03 
2.146300e-01 	4.912539e-03 
2.149160e-01 	4.881224e-03 
2.152020e-01 	4.850360e-03 
2.154870e-01 	4.819946e-03 
2.157730e-01 	4.789976e-03 
2.160580e-01 	4.760447e-03 
2.163440e-01 	4.731356e-03 
2.166300e-01 	4.702698e-03 
2.169150e-01 	4.674470e-03 
2.172010e-01 	4.646668e-03 
2.174860e-01 	4.619288e-03 
2.177720e-01 	4.592327e-03 
2.180580e-01 	4.565780e-03 
2.183430e-01 	4.539643e-03 
2.186290e-01 	4.513914e-03 
2.189140e-01 	4.488588e-03 
2.192000e-01 	4.463662e-03 
2.194860e-01 	4.439132e-03 
2.197710e-01 	4.414995e-03 
2.200570e-01 	4.391246e-03 
2.203420e-01 	4.367881e-03 
2.206280e-01 	4.344898e-03 
2.209140e-01 	4.322293e-03 
2.211990e-01 	4.300061e-03 
2.214850e-01 	4.278199e-03 
2.217700e-01 	4.256705e-03 
2.220560e-01 	4.235573e-03 
2.223420e-01 	4.214800e-03 
2.226270e-01 	4.194384e-03 
2.229130e-01 	4.174320e-03 
2.231980e-01 	4.154605e-03 
2.234840e-01 	4.135234e-03 
2.237700e-01 	4.116206e-03 
2.240550e-01 	4.097515e-03 
2.243410e-01 	4.079160e-03 
2.246260e-01 	4.061134e-03 
2.249120e-01 	4.043437e-03 
2.251980e-01 	4.026064e-03 
2.254830e-01 	4.009012e-03 
2.257690e-01 	3.992279e-03 
2.260540e-01 	3.975862e-03 
2.263400e-01 	3.959757e-03 
2.266260e-01 	3.943962e-03 
2.269110e-01 	3.928473e-03 
2.271970e-01 	3.913288e-03 
2.274820e-01 	3.898403e-03 
2.277680e-01 	3.883816e-03 
2.280540e-01 	3.869523e-03 
2.283390e-01 	3.855522e-03 
2.286250e-01 	3.841809e-03 
2.289100e-01 	3.828382e-03 
2.291960e-01 	3.815238e-03 
2.294820e-01 	3.802373e-03 
2.297670e-01 	3.789786e-03 
2.300530e-01 	3.777472e-03 
2.303380e-01 	3.765429e-03 
2.306240e-01 	3.753655e-03 
2.309100e-01 	3.742147e-03 
2.311950e-01 	3.730901e-03 
2.314810e-01 	3.719915e-03 
2.317660e-01 	3.709186e-03 
2.320520e-01 	3.698711e-03 
2.323380e-01 	3.688488e-03 
2.326230e-01 	3.678513e-03 
2.329090e-01 	3.668784e-03 
2.331940e-01 	3.659297e-03 
2.334800e-01 	3.650051e-03 
2.337660e-01 	3.641043e-03 
2.340510e-01 	3.632268e-03 
2.343370e-01 	3.623725e-03 
2.346230e-01 	3.615412e-03 
2.349080e-01 	3.607325e-03 
2.351940e-01 	3.599462e-03 
2.354790e-01 	3.591821e-03 
2.357650e-01 	3.584398e-03 
2.360510e-01 	3.577191e-03 
2.363360e-01 	3.570198e-03 
2.366220e-01 	3.563416e-03 
2.369070e-01 	3.556841e-03 
2.371930e-01 	3.550473e-03 
2.374790e-01 	3.544307e-03 
2.377640e-01 	3.538342e-03 
2.380500e-01 	3.532575e-03 
2.383350e-01 	3.527003e-03 
2.386210e-01 	3.521623e-03 
2.389070e-01 	3.516434e-03 
2.391920e-01 	3.511432e-03 
2.394780e-01 	3.506616e-03 
2.397630e-01 	3.501983e-03 
2.400490e-01 	3.497531e-03 
2.403350e-01 	3.493257e-03 
2.406200e-01 	3.489159e-03 
2.409060e-01 	3.485235e-03 
2.411910e-01 	3.481482e-03 
2.414770e-01 	3.477898e-03 
2.417630e-01 	3.474481e-03 
2.420480e-01 	3.471228e-03 
2.423340e-01 	3.468136e-03 
2.426190e-01 	3.465204e-03 
2.429050e-01 	3.462429e-03 
2.431910e-01 	3.459809e-03 
2.434760e-01 	3.457340e-03 
2.437620e-01 	3.455022e-03 
2.440470e-01 	3.452852e-03 
2.443330e-01 	3.450827e-03 
2.446190e-01 	3.448946e-03 
2.449040e-01 	3.447207e-03 
2.451900e-01 	3.445609e-03 
2.454750e-01 	3.444149e-03 
2.457610e-01 	3.442826e-03 
2.460470e-01 	3.441638e-03 
2.463320e-01 	3.440584e-03 
2.466180e-01 	3.439661e-03 
2.469030e-01 	3.438867e-03 
2.471890e-01 	3.438202e-03 
2.474750e-01 	3.437664e-03 
2.477600e-01 	3.437250e-03 
2.480460e-01 	3.436960e-03 
2.483310e-01 	3.436791e-03 
2.486170e-01 	3.436742e-03 
2.489030e-01 	3.436811e-03 
2.491880e-01 	3.436997e-03 
2.494740e-01 	3.437297e-03 
2.497590e-01 	3.437711e-03 
2.500450e-01 	3.438236e-03 
2.503310e-01 	3.438872e-03 
2.506160e-01 	3.439615e-03 
2.509020e-01 	3.440466e-03 
2.511870e-01 	3.441421e-03 
2.514730e-01 	3.442480e-03 
2.517590e-01 	3.443641e-03 
2.520440e-01 	3.444902e-03 
2.523300e-01 	3.446261e-03 
2.526150e-01 	3.447718e-03 
2.529010e-01 	3.449270e-03 
2.531870e-01 	3.450916e-03 
2.534720e-01 	3.452654e-03 
2.537580e-01 	3.454484e-03 
2.540430e-01 	3.456404e-03 
2.543290e-01 	3.458411e-03 
2.546150e-01 	3.460506e-03 
2.549000e-01 	3.462686e-03 
2.551860e-01 	3.464951e-03 
2.554710e-01 	3.467297e-03 
2.557570e-01 	3.469725e-03 
2.560430e-01 	3.472233e-03 
2.563280e-01 	3.474818e-03 
2.566140e-01 	3.477481e-03 
2.568990e-01 	3.480218e-03 
2.571850e-01 	3.483030e-03 
2.574710e-01 	3.485914e-03 
2.577560e-01 	3.488869e-03 
2.580420e-01 	3.491893e-03 
2.583280e-01 	3.494986e-03 
2.586130e-01 	3.498145e-03 
2.588990e-01 	3.501370e-03 
2.591840e-01 	3.504658e-03 
2.594700e-01 	3.508009e-03 
2.597560e-01 	3.511423e-03 
2.600410e-01 	3.514897e-03 
2.603270e-01 	3.518431e-03 
2.606120e-01 	3.522025e-03 
2.608980e-01 	3.525677e-03 
2.611840e-01 	3.529387e-03 
2.614690e-01 	3.533153e-03 
2.617550e-01 	3.536975e-03 
2.620400e-01 	3.540851e-03 
2.623260e-01 	3.544781e-03 
2.626120e-01 	3.548764e-03 
2.628970e-01 	3.552798e-03 
2.631830e-01 	3.556884e-03 
2.634680e-01 	3.561019e-03 
2.637540e-01 	3.565204e-03 
2.640400e-01 	3.569437e-03 
2.643250e-01 	3.573717e-03 
2.646110e-01 	3.578044e-03 
2.648960e-01 	3.582416e-03 
2.651820e-01 	3.586832e-03 
2.654680e-01 	3.591292e-03 
2.657530e-01 	3.595795e-03 
2.660390e-01 	3.600339e-03 
2.663240e-01 	3.604925e-03 
2.666100e-01 	3.609550e-03 
2.668960e-01 	3.614215e-03 
2.671810e-01 	3.618918e-03 
2.674670e-01 	3.623660e-03 
2.677520e-01 	3.628439e-03 
2.680380e-01 	3.633255e-03 
2.683240e-01 	3.638106e-03 
2.686090e-01 	3.642993e-03 
2.688950e-01 	3.647915e-03 
2.691800e-01 	3.652870e-03 
2.694660e-01 	3.657859e-03 
2.697520e-01 	3.662880e-03 
2.700370e-01 	3.667933e-03 
2.703230e-01 	3.673018e-03 
2.706080e-01 	3.678133e-03 
2.708940e-01 	3.683277e-03 
2.711800e-01 	3.688451e-03 
2.714650e-01 	3.693653e-03 
2.717510e-01 	3.698883e-03 
2.720360e-01 	3.704140e-03 
2.723220e-01 	3.709424e-03 
2.726080e-01 	3.714733e-03 
2.728930e-01 	3.720067e-03 
2.731790e-01 	3.725425e-03 
2.734640e-01 	3.730806e-03 
2.737500e-01 	3.736210e-03 
2.740360e-01 	3.741636e-03 
2.743210e-01 	3.747083e-03 
2.746070e-01 	3.752550e-03 
2.748920e-01 	3.758038e-03 
2.751780e-01 	3.763546e-03 
2.754640e-01 	3.769074e-03 
2.757490e-01 	3.774620e-03 
2.760350e-01 	3.780184e-03 
2.763200e-01 	3.785767e-03 
2.766060e-01 	3.791367e-03 
2.768920e-01 	3.796984e-03 
2.771770e-01 	3.802617e-03 
2.774630e-01 	3.808267e-03 
2.777480e-01 	3.813932e-03 
2.780340e-01 	3.819612e-03 
2.783200e-01 	3.825307e-03 
2.786050e-01 	3.831016e-03 
2.788910e-01 	3.836739e-03 
2.791760e-01 	3.842476e-03 
2.794620e-01 	3.848225e-03 
2.797480e-01 	3.853987e-03 
2.800330e-01 	3.859761e-03 
2.803190e-01 	3.865546e-03 
2.806050e-01 	3.871343e-03 
2.808900e-01 	3.877151e-03 
2.811760e-01 	3.882969e-03 
2.814610e-01 	3.888798e-03 
2.817470e-01 	3.894636e-03 
2.820330e-01 	3.900485e-03 
2.823180e-01 	3.906343e-03 
2.826040e-01 	3.912210e-03 
2.828890e-01 	3.918086e-03 
2.831750e-01 	3.923970e-03 
2.834610e-01 	3.929863e-03 
2.837460e-01 	3.935763e-03 
2.840320e-01 	3.941671e-03 
2.843170e-01 	3.947586e-03 
2.846030e-01 	3.953508e-03 
2.848890e-01 	3.959437e-03 
2.851740e-01 	3.965371e-03 
2.854600e-01 	3.971312e-03 
2.857450e-01 	3.977259e-03 
2.860310e-01 	3.983210e-03 
2.863170e-01 	3.989167e-03 
2.866020e-01 	3.995128e-03 
2.868880e-01 	4.001094e-03 
2.871730e-01 	4.007064e-03 
2.874590e-01 	4.013037e-03 
2.877450e-01 	4.019014e-03 
2.880300e-01 	4.024994e-03 
2.883160e-01 	4.030977e-03 
2.886010e-01 	4.036962e-03 
2.888870e-01 	4.042950e-03 
2.891730e-01 	4.048940e-03 
2.894580e-01 	4.054931e-03 
2.897440e-01 	4.060923e-03 
2.900290e-01 	4.066917e-03 
2.903150e-01 	4.072911e-03 
2.906010e-01 	4.078906e-03 
2.908860e-01 	4.084900e-03 
2.911720e-01 	4.090895e-03 
2.914570e-01 	4.096889e-03 
2.917430e-01 	4.102883e-03 
2.920290e-01 	4.108875e-03 
2.923140e-01 	4.114866e-03 
2.926000e-01 	4.120856e-03 
2.928850e-01 	4.126843e-03 
2.931710e-01 	4.132828e-03 
2.934570e-01 	4.138811e-03 
2.937420e-01 	4.144791e-03 
2.940280e-01 	4.150767e-03 
2.943130e-01 	4.156741e-03 
2.945990e-01 	4.162710e-03 
2.948850e-01 	4.168676e-03 
2.951700e-01 	4.174637e-03 
2.954560e-01 	4.180593e-03 
2.957410e-01 	4.186544e-03 
2.960270e-01 	4.192490e-03 
2.963130e-01 	4.198430e-03 
2.965980e-01 	4.204364e-03 
2.968840e-01 	4.210292e-03 
2.971690e-01 	4.216213e-03 
2.974550e-01 	4.222128e-03 
2.977410e-01 	4.228035e-03 
2.980260e-01 	4.233934e-03 
2.983120e-01 	4.239825e-03 
2.985970e-01 	4.245709e-03 
2.988830e-01 	4.251583e-03 
2.991690e-01 	4.257449e-03 
2.994540e-01 	4.263307e-03 
2.997400e-01 	4.269154e-03 
3.000250e-01 	4.274992e-03 
3.003110e-01 	4.280820e-03 
3.005970e-01 	4.286638e-03 
3.008820e-01 	4.292446e-03 
3.011680e-01 	4.298243e-03 
3.014530e-01 	4.304029e-03 
3.017390e-01 	4.309803e-03 
3.020250e-01 	4.315566e-03 
3.023100e-01 	4.321317e-03 
3.025960e-01 	4.327055e-03 
3.028820e-01 	4.332782e-03 
3.031670e-01 	4.338495e-03 
3.034530e-01 	4.344195e-03 
3.037380e-01 	4.349882e-03 
3.040240e-01 	4.355555e-03 
3.043100e-01 	4.361214e-03 
3.045950e-01 	4.366859e-03 
3.048810e-01 	4.372489e-03 
3.051660e-01 	4.378104e-03 
3.054520e-01 	4.383704e-03 
3.057380e-01 	4.389288e-03 
3.060230e-01 	4.394856e-03 
3.063090e-01 	4.400408e-03 
3.065940e-01 	4.405944e-03 
3.068800e-01 	4.411462e-03 
3.071660e-01 	4.416963e-03 
3.074510e-01 	4.422446e-03 
3.077370e-01 	4.427912e-03 
3.080220e-01 	4.433359e-03 
3.083080e-01 	4.438788e-03 
3.085940e-01 	4.444198e-03 
3.088790e-01 	4.449588e-03 
3.091650e-01 	4.454959e-03 
3.094500e-01 	4.460311e-03 
3.097360e-01 	4.465642e-03 
3.100220e-01 	4.470953e-03 
3.103070e-01 	4.476243e-03 
3.105930e-01 	4.481512e-03 
3.108780e-01 	4.486760e-03 
3.111640e-01 	4.491986e-03 
3.114500e-01 	4.497191e-03 
3.117350e-01 	4.502373e-03 
3.120210e-01 	4.507533e-03 
3.123060e-01 	4.512670e-03 
3.125920e-01 	4.517784e-03 
3.128780e-01 	4.522875e-03 
3.131630e-01 	4.527943e-03 
3.134490e-01 	4.532987e-03 
3.137340e-01 	4.538007e-03 
3.140200e-01 	4.543003e-03 
3.143060e-01 	4.547974e-03 
3.145910e-01 	4.552921e-03 
3.148770e-01 	4.557843e-03 
3.151620e-01 	4.562739e-03 
3.154480e-01 	4.567611e-03 
3.157340e-01 	4.572456e-03 
3.160190e-01 	4.577276e-03 
3.163050e-01 	4.582070e-03 
3.165900e-01 	4.586837e-03 
3.168760e-01 	4.591577e-03 
3.171620e-01 	4.596291e-03 
3.174470e-01 	4.600978e-03 
3.177330e-01 	4.605637e-03 
3.180180e-01 	4.610269e-03 
3.183040e-01 	4.614873e-03 
3.185900e-01 	4.619449e-03 
3.188750e-01 	4.623996e-03 
3.191610e-01 	4.628516e-03 
3.194460e-01 	4.633006e-03 
3.197320e-01 	4.637466e-03 
3.200180e-01 	4.641897e-03 
3.203030e-01 	4.646297e-03 
3.205890e-01 	4.650666e-03 
3.208740e-01 	4.655002e-03 
3.211600e-01 	4.659307e-03 
3.214460e-01 	4.663578e-03 
3.217310e-01 	4.667816e-03 
3.220170e-01 	4.672020e-03 
3.223020e-01 	4.676188e-03 
3.225880e-01 	4.680319e-03 
3.228740e-01 	4.684413e-03 
3.231590e-01 	4.688469e-03 
3.234450e-01 	4.692485e-03 
3.237300e-01 	4.696461e-03 
3.240160e-01 	4.700396e-03 
3.243020e-01 	4.704288e-03 
3.245870e-01 	4.708137e-03 
3.248730e-01 	4.711942e-03 
3.251590e-01 	4.715701e-03 
3.254440e-01 	4.719413e-03 
3.257300e-01 	4.723078e-03 
3.260150e-01 	4.726695e-03 
3.263010e-01 	4.730261e-03 
3.265870e-01 	4.733777e-03 
3.268720e-01 	4.737241e-03 
3.271580e-01 	4.740653e-03 
3.274430e-01 	4.744010e-03 
3.277290e-01 	4.747312e-03 
3.280150e-01 	4.750559e-03 
3.283000e-01 	4.753748e-03 
3.285860e-01 	4.756879e-03 
3.288710e-01 	4.759951e-03 
3.291570e-01 	4.762963e-03 
3.294430e-01 	4.765913e-03 
3.297280e-01 	4.768801e-03 
3.300140e-01 	4.771626e-03 
3.302990e-01 	4.774386e-03 
3.305850e-01 	4.777080e-03 
3.308710e-01 	4.779708e-03 
3.311560e-01 	4.782267e-03 
3.314420e-01 	4.784758e-03 
3.317270e-01 	4.787179e-03 
3.320130e-01 	4.789530e-03 
3.322990e-01 	4.791808e-03 
3.325840e-01 	4.794013e-03 
3.328700e-01 	4.796144e-03 
3.331550e-01 	4.798199e-03 
3.334410e-01 	4.800178e-03 
3.337270e-01 	4.802080e-03 
3.340120e-01 	4.803904e-03 
3.342980e-01 	4.805648e-03 
3.345830e-01 	4.807312e-03 
3.348690e-01 	4.808896e-03 
3.351550e-01 	4.810399e-03 
3.354400e-01 	4.811822e-03 
3.357260e-01 	4.813165e-03 
3.360110e-01 	4.814429e-03 
3.362970e-01 	4.815615e-03 
3.365830e-01 	4.816725e-03 
3.368680e-01 	4.817759e-03 
3.371540e-01 	4.818720e-03 
3.374390e-01 	4.819609e-03 
3.377250e-01 	4.820427e-03 
3.380110e-01 	4.821176e-03 
3.382960e-01 	4.821858e-03 
3.385820e-01 	4.822475e-03 
3.388670e-01 	4.823028e-03 
3.391530e-01 	4.823518e-03 
3.394390e-01 	4.823949e-03 
3.397240e-01 	4.824320e-03 
3.400100e-01 	4.824635e-03 
3.402950e-01 	4.824894e-03 
3.405810e-01 	4.825101e-03 
3.408670e-01 	4.825255e-03 
3.411520e-01 	4.825359e-03 
3.414380e-01 	4.825415e-03 
3.417230e-01 	4.825424e-03 
3.420090e-01 	4.825388e-03 
3.422950e-01 	4.825309e-03 
3.425800e-01 	4.825189e-03 
3.428660e-01 	4.825029e-03 
3.431510e-01 	4.824831e-03 
3.434370e-01 	4.824596e-03 
3.437230e-01 	4.824327e-03 
3.440080e-01 	4.824026e-03 
3.442940e-01 	4.823693e-03 
3.445790e-01 	4.823330e-03 
3.448650e-01 	4.822941e-03 
3.451510e-01 	4.822525e-03 
3.454360e-01 	4.822085e-03 
3.457220e-01 	4.821622e-03 
3.460070e-01 	4.821139e-03 
3.462930e-01 	4.820636e-03 
3.465790e-01 	4.820117e-03 
3.468640e-01 	4.819581e-03 
3.471500e-01 	4.819032e-03 
3.474360e-01 	4.818471e-03 
3.477210e-01 	4.817899e-03 
3.480070e-01 	4.817319e-03 
3.482920e-01 	4.816731e-03 
3.485780e-01 	4.816139e-03 
3.488640e-01 	4.815543e-03 
3.491490e-01 	4.814945e-03 
