#q 	 Ifit_avg 
1.657400e-02 	1.000000e+00 
1.800200e-02 	9.853799e-01 
1.943100e-02 	9.706918e-01 
2.086000e-02 	9.558873e-01 
2.228900e-02 	9.409079e-01 
2.371800e-02 	9.256949e-01 
2.514600e-02 	9.102008e-01 
2.657500e-02 	8.943453e-01 
2.800400e-02 	8.780805e-01 
2.943300e-02 	8.613479e-01 
3.086200e-02 	8.440922e-01 
3.229000e-02 	8.262910e-01 
3.371900e-02 	8.079354e-01 
3.514800e-02 	7.891044e-01 
3.657700e-02 	7.698781e-01 
3.800600e-02 	7.503371e-01 
3.943500e-02 	7.305621e-01 
4.086300e-02 	7.106478e-01 
4.229200e-02 	6.906462e-01 
4.372100e-02 	6.706493e-01 
4.515000e-02 	6.507298e-01 
4.657900e-02 	6.309518e-01 
4.800700e-02 	6.113811e-01 
4.943600e-02 	5.920296e-01 
5.086500e-02 	5.729391e-01 
5.229400e-02 	5.541338e-01 
5.372300e-02 	5.356368e-01 
5.515100e-02 	5.174831e-01 
5.658000e-02 	4.996695e-01 
5.800900e-02 	4.822294e-01 
5.943800e-02 	4.651824e-01 
6.086700e-02 	4.485450e-01 
6.229500e-02 	4.323432e-01 
6.372400e-02 	4.165657e-01 
6.515300e-02 	4.012337e-01 
6.658200e-02 	3.863543e-01 
6.801100e-02 	3.719343e-01 
6.943900e-02 	3.579893e-01 
7.086800e-02 	3.445051e-01 
7.229700e-02 	3.314964e-01 
7.372600e-02 	3.189667e-01 
7.515500e-02 	3.069175e-01 
7.658300e-02 	2.953568e-01 
7.801200e-02 	2.842649e-01 
7.944100e-02 	2.736451e-01 
8.087000e-02 	2.634897e-01 
8.229900e-02 	2.537870e-01 
8.372800e-02 	2.445250e-01 
8.515600e-02 	2.356977e-01 
8.658500e-02 	2.272795e-01 
8.801400e-02 	2.192638e-01 
8.944300e-02 	2.116380e-01 
9.087100e-02 	2.043941e-01 
9.230000e-02 	1.975086e-01 
9.372900e-02 	1.909733e-01 
9.515800e-02 	1.847749e-01 
9.658700e-02 	1.788989e-01 
9.801600e-02 	1.733298e-01 
9.944400e-02 	1.680558e-01 
1.008730e-01 	1.630545e-01 
1.023020e-01 	1.583153e-01 
1.037310e-01 	1.538236e-01 
1.051600e-01 	1.495652e-01 
1.065880e-01 	1.455294e-01 
1.080170e-01 	1.416980e-01 
1.094460e-01 	1.380615e-01 
1.108750e-01 	1.346081e-01 
1.123040e-01 	1.313258e-01 
1.137320e-01 	1.282051e-01 
1.151610e-01 	1.252306e-01 
1.165900e-01 	1.223944e-01 
1.180190e-01 	1.196863e-01 
1.194480e-01 	1.170957e-01 
1.208760e-01 	1.146149e-01 
1.223050e-01 	1.122322e-01 
1.237340e-01 	1.099415e-01 
1.251630e-01 	1.077348e-01 
1.265920e-01 	1.056043e-01 
1.280200e-01 	1.035451e-01 
1.294490e-01 	1.015488e-01 
1.308780e-01 	9.961171e-02 
1.323070e-01 	9.772863e-02 
1.337360e-01 	9.589428e-02 
1.351640e-01 	9.410507e-02 
1.365930e-01 	9.235473e-02 
1.380220e-01 	9.064094e-02 
1.394510e-01 	8.896009e-02 
1.408800e-01 	8.730858e-02 
1.423080e-01 	8.568406e-02 
1.437370e-01 	8.408207e-02 
1.451660e-01 	8.250227e-02 
1.465950e-01 	8.094317e-02 
1.480240e-01 	7.940327e-02 
1.494520e-01 	7.788215e-02 
1.508810e-01 	7.637635e-02 
1.523100e-01 	7.488600e-02 
1.537390e-01 	7.341033e-02 
1.551680e-01 	7.194864e-02 
1.565960e-01 	7.050111e-02 
1.580250e-01 	6.906479e-02 
1.594540e-01 	6.764067e-02 
1.608830e-01 	6.622902e-02 
1.623120e-01 	6.483020e-02 
1.637410e-01 	6.344459e-02 
1.651690e-01 	6.207329e-02 
1.665980e-01 	6.071434e-02 
1.680270e-01 	5.936882e-02 
1.694560e-01 	5.803712e-02 
1.708850e-01 	5.671964e-02 
1.723130e-01 	5.541768e-02 
1.737420e-01 	5.412980e-02 
1.751710e-01 	5.285750e-02 
1.766000e-01 	5.160147e-02 
1.780290e-01 	5.036238e-02 
1.794570e-01 	4.914162e-02 
1.808860e-01 	4.793773e-02 
1.823150e-01 	4.675181e-02 
1.837440e-01 	4.558413e-02 
1.851730e-01 	4.443513e-02 
1.866010e-01 	4.330618e-02 
1.880300e-01 	4.219631e-02 
1.894590e-01 	4.110685e-02 
1.908880e-01 	4.003806e-02 
1.923170e-01 	3.899014e-02 
1.937450e-01 	3.796394e-02 
1.951740e-01 	3.695810e-02 
1.966030e-01 	3.597340e-02 
1.980320e-01 	3.500998e-02 
1.994610e-01 	3.406801e-02 
2.008890e-01 	3.314829e-02 
2.023180e-01 	3.224966e-02 
2.037470e-01 	3.137290e-02 
2.051760e-01 	3.051800e-02 
2.066050e-01 	2.968473e-02 
2.080330e-01 	2.887341e-02 
2.094620e-01 	2.808272e-02 
2.108910e-01 	2.731309e-02 
2.123200e-01 	2.656436e-02 
2.137490e-01 	2.583635e-02 
2.151770e-01 	2.512933e-02 
2.166060e-01 	2.444208e-02 
2.180350e-01 	2.377488e-02 
2.194640e-01 	2.312744e-02 
2.208930e-01 	2.249945e-02 
2.223220e-01 	2.189054e-02 
2.237500e-01 	2.130075e-02 
2.251790e-01 	2.072896e-02 
2.266080e-01 	2.017520e-02 
2.280370e-01 	1.963909e-02 
2.294660e-01 	1.912029e-02 
2.308940e-01 	1.861879e-02 
2.323230e-01 	1.813354e-02 
2.337520e-01 	1.766455e-02 
2.351810e-01 	1.721145e-02 
2.366100e-01 	1.677382e-02 
2.380380e-01 	1.635161e-02 
2.394670e-01 	1.594383e-02 
2.408960e-01 	1.555044e-02 
2.423250e-01 	1.517106e-02 
2.437540e-01 	1.480537e-02 
2.451820e-01 	1.445323e-02 
2.466110e-01 	1.411382e-02 
2.480400e-01 	1.378702e-02 
2.494690e-01 	1.347248e-02 
2.508980e-01 	1.316985e-02 
2.523260e-01 	1.287899e-02 
2.537550e-01 	1.259919e-02 
2.551840e-01 	1.233035e-02 
2.566130e-01 	1.207217e-02 
2.580420e-01 	1.182436e-02 
2.594700e-01 	1.158679e-02 
2.608990e-01 	1.135881e-02 
2.623280e-01 	1.114031e-02 
2.637570e-01 	1.093098e-02 
2.651860e-01 	1.073052e-02 
2.666140e-01 	1.053877e-02 
2.680430e-01 	1.035520e-02 
2.694720e-01 	1.017971e-02 
2.709010e-01 	1.001205e-02 
2.723300e-01 	9.851986e-03 
2.737580e-01 	9.699382e-03 
2.751870e-01 	9.553786e-03 
2.766160e-01 	9.415065e-03 
2.780450e-01 	9.282982e-03 
2.794740e-01 	9.157296e-03 
2.809020e-01 	9.037849e-03 
2.823310e-01 	8.924252e-03 
2.837600e-01 	8.816382e-03 
2.851890e-01 	8.714039e-03 
2.866180e-01 	8.617032e-03 
2.880470e-01 	8.525170e-03 
2.894750e-01 	8.438321e-03 
2.909040e-01 	8.356177e-03 
2.923330e-01 	8.278613e-03 
2.937620e-01 	8.205443e-03 
2.951910e-01 	8.136479e-03 
2.966190e-01 	8.071582e-03 
2.980480e-01 	8.010498e-03 
2.994770e-01 	7.953112e-03 
3.009060e-01 	7.899269e-03 
3.023350e-01 	7.848820e-03 
3.037630e-01 	7.801652e-03 
3.051920e-01 	7.757556e-03 
3.066210e-01 	7.716428e-03 
3.080500e-01 	7.678129e-03 
3.094790e-01 	7.642522e-03 
3.109070e-01 	7.609496e-03 
3.123360e-01 	7.578877e-03 
3.137650e-01 	7.550566e-03 
3.151940e-01 	7.524455e-03 
3.166230e-01 	7.500439e-03 
3.180510e-01 	7.478430e-03 
3.194800e-01 	7.458299e-03 
3.209090e-01 	7.439967e-03 
3.223380e-01 	7.423342e-03 
3.237670e-01 	7.408338e-03 
3.251950e-01 	7.394880e-03 
3.266240e-01 	7.382865e-03 
3.280530e-01 	7.372222e-03 
3.294820e-01 	7.362875e-03 
3.309110e-01 	7.354759e-03 
3.323390e-01 	7.347821e-03 
3.337680e-01 	7.341993e-03 
3.351970e-01 	7.337223e-03 
3.366260e-01 	7.333460e-03 
3.380550e-01 	7.330656e-03 
3.394830e-01 	7.328762e-03 
3.409120e-01 	7.327733e-03 
3.423410e-01 	7.327527e-03 
3.437700e-01 	7.328105e-03 
3.451990e-01 	7.329425e-03 
3.466280e-01 	7.331459e-03 
3.480560e-01 	7.334173e-03 
3.494850e-01 	7.337542e-03 
3.509140e-01 	7.341535e-03 
3.523430e-01 	7.346123e-03 
3.537720e-01 	7.351278e-03 
3.552000e-01 	7.356971e-03 
3.566290e-01 	7.363189e-03 
3.580580e-01 	7.369909e-03 
3.594870e-01 	7.377112e-03 
3.609160e-01 	7.384779e-03 
3.623440e-01 	7.392889e-03 
3.637730e-01 	7.401433e-03 
3.652020e-01 	7.410385e-03 
3.666310e-01 	7.419723e-03 
3.680600e-01 	7.429429e-03 
3.694880e-01 	7.439474e-03 
3.709170e-01 	7.449860e-03 
3.723460e-01 	7.460564e-03 
3.737750e-01 	7.471571e-03 
3.752040e-01 	7.482868e-03 
3.766320e-01 	7.494432e-03 
3.780610e-01 	7.506265e-03 
3.794900e-01 	7.518344e-03 
3.809190e-01 	7.530654e-03 
3.823480e-01 	7.543183e-03 
3.837760e-01 	7.555904e-03 
3.852050e-01 	7.568822e-03 
3.866340e-01 	7.581910e-03 
3.880630e-01 	7.595153e-03 
3.894920e-01 	7.608536e-03 
3.909200e-01 	7.622035e-03 
3.923490e-01 	7.635660e-03 
3.937780e-01 	7.649390e-03 
3.952070e-01 	7.663217e-03 
3.966360e-01 	7.677131e-03 
3.980640e-01 	7.691110e-03 
3.994930e-01 	7.705163e-03 
4.009220e-01 	7.719265e-03 
4.023510e-01 	7.733402e-03 
4.037800e-01 	7.747563e-03 
4.052080e-01 	7.761724e-03 
4.066370e-01 	7.775895e-03 
4.080660e-01 	7.790054e-03 
4.094950e-01 	7.804192e-03 
4.109240e-01 	7.818298e-03 
4.123530e-01 	7.832365e-03 
4.137810e-01 	7.846371e-03 
4.152100e-01 	7.860327e-03 
4.166390e-01 	7.874212e-03 
4.180680e-01 	7.888014e-03 
4.194970e-01 	7.901720e-03 
4.209250e-01 	7.915307e-03 
4.223540e-01 	7.928779e-03 
4.237830e-01 	7.942115e-03 
4.252120e-01 	7.955303e-03 
4.266410e-01 	7.968329e-03 
4.280690e-01 	7.981172e-03 
4.294980e-01 	7.993837e-03 
4.309270e-01 	8.006304e-03 
4.323560e-01 	8.018558e-03 
4.337850e-01 	8.030586e-03 
4.352130e-01 	8.042363e-03 
4.366420e-01 	8.053889e-03 
4.380710e-01 	8.065142e-03 
4.395000e-01 	8.076104e-03 
4.409290e-01 	8.086757e-03 
4.423570e-01 	8.097074e-03 
4.437860e-01 	8.107051e-03 
4.452150e-01 	8.116663e-03 
4.466440e-01 	8.125892e-03 
4.480730e-01 	8.134717e-03 
4.495010e-01 	8.143114e-03 
4.509300e-01 	8.151074e-03 
4.523590e-01 	8.158572e-03 
4.537880e-01 	8.165591e-03 
4.552170e-01 	8.172114e-03 
4.566450e-01 	8.178122e-03 
4.580740e-01 	8.183610e-03 
4.595030e-01 	8.188560e-03 
4.609320e-01 	8.192963e-03 
4.623610e-01 	8.196808e-03 
4.637890e-01 	8.200083e-03 
4.652180e-01 	8.202782e-03 
4.666470e-01 	8.204894e-03 
4.680760e-01 	8.206408e-03 
4.695050e-01 	8.207311e-03 
4.709340e-01 	8.207578e-03 
4.723620e-01 	8.207181e-03 
4.737910e-01 	8.206081e-03 
4.752200e-01 	8.204242e-03 
4.766490e-01 	8.201624e-03 
4.780780e-01 	8.198189e-03 
4.795060e-01 	8.193899e-03 
4.809350e-01 	8.188710e-03 
4.823640e-01 	8.182585e-03 
4.837930e-01 	8.175485e-03 
4.852220e-01 	8.167389e-03 
4.866500e-01 	8.158339e-03 
4.880790e-01 	8.148401e-03 
4.895080e-01 	8.137678e-03 
4.909370e-01 	8.126265e-03 
4.923660e-01 	8.114259e-03 
4.937940e-01 	8.101768e-03 
4.952230e-01 	8.088869e-03 
4.966520e-01 	8.075670e-03 
4.980810e-01 	8.062266e-03 
4.995100e-01 	8.048755e-03 
