#q 	 Ifit_avg 
2.999000e-03 	1.000000e+00 
3.284000e-03 	9.988509e-01 
3.570000e-03 	9.977008e-01 
3.856000e-03 	9.965486e-01 
4.141000e-03 	9.953934e-01 
4.427000e-03 	9.942339e-01 
4.712000e-03 	9.930692e-01 
4.998000e-03 	9.918982e-01 
5.284000e-03 	9.907199e-01 
5.569000e-03 	9.895332e-01 
5.855000e-03 	9.883370e-01 
6.140000e-03 	9.871303e-01 
6.426000e-03 	9.859121e-01 
6.712000e-03 	9.846813e-01 
6.997000e-03 	9.834368e-01 
7.283000e-03 	9.821775e-01 
7.568000e-03 	9.809025e-01 
7.854000e-03 	9.796107e-01 
8.140000e-03 	9.783009e-01 
8.425000e-03 	9.769723e-01 
8.711000e-03 	9.756236e-01 
8.996000e-03 	9.742539e-01 
9.282000e-03 	9.728620e-01 
9.568000e-03 	9.714471e-01 
9.853000e-03 	9.700079e-01 
1.013900e-02 	9.685434e-01 
1.042400e-02 	9.670526e-01 
1.071000e-02 	9.655344e-01 
1.099600e-02 	9.639878e-01 
1.128100e-02 	9.624117e-01 
1.156700e-02 	9.608051e-01 
1.185300e-02 	9.591669e-01 
1.213800e-02 	9.574960e-01 
1.242400e-02 	9.557914e-01 
1.270900e-02 	9.540520e-01 
1.299500e-02 	9.522768e-01 
1.328100e-02 	9.504648e-01 
1.356600e-02 	9.486148e-01 
1.385200e-02 	9.467259e-01 
1.413700e-02 	9.447969e-01 
1.442300e-02 	9.428268e-01 
1.470900e-02 	9.408147e-01 
1.499400e-02 	9.387594e-01 
1.528000e-02 	9.366600e-01 
1.556500e-02 	9.345156e-01 
1.585100e-02 	9.323252e-01 
1.613700e-02 	9.300881e-01 
1.642200e-02 	9.278036e-01 
1.670800e-02 	9.254714e-01 
1.699300e-02 	9.230909e-01 
1.727900e-02 	9.206624e-01 
1.756500e-02 	9.181865e-01 
1.785000e-02 	9.156640e-01 
1.813600e-02 	9.130956e-01 
1.842100e-02 	9.104821e-01 
1.870700e-02 	9.078241e-01 
1.899300e-02 	9.051226e-01 
1.927800e-02 	9.023784e-01 
1.956400e-02 	8.995921e-01 
1.984900e-02 	8.967646e-01 
2.013500e-02 	8.938967e-01 
2.042100e-02 	8.909892e-01 
2.070600e-02 	8.880428e-01 
2.099200e-02 	8.850585e-01 
2.127700e-02 	8.820369e-01 
2.156300e-02 	8.789788e-01 
2.184900e-02 	8.758851e-01 
2.213400e-02 	8.727565e-01 
2.242000e-02 	8.695938e-01 
2.270500e-02 	8.663978e-01 
2.299100e-02 	8.631694e-01 
2.327700e-02 	8.599092e-01 
2.356200e-02 	8.566181e-01 
2.384800e-02 	8.532969e-01 
2.413300e-02 	8.499464e-01 
2.441900e-02 	8.465673e-01 
2.470500e-02 	8.431605e-01 
2.499000e-02 	8.397267e-01 
2.527600e-02 	8.362668e-01 
2.556100e-02 	8.327814e-01 
2.584700e-02 	8.292715e-01 
2.613300e-02 	8.257378e-01 
2.641800e-02 	8.221810e-01 
2.670400e-02 	8.186019e-01 
2.698900e-02 	8.150014e-01 
2.727500e-02 	8.113802e-01 
2.756100e-02 	8.077390e-01 
2.784600e-02 	8.040787e-01 
2.813200e-02 	8.003999e-01 
2.841700e-02 	7.967034e-01 
2.870300e-02 	7.929899e-01 
2.898900e-02 	7.892603e-01 
2.927400e-02 	7.855150e-01 
2.956000e-02 	7.817549e-01 
2.984500e-02 	7.779804e-01 
3.013100e-02 	7.741923e-01 
3.041700e-02 	7.703912e-01 
3.070200e-02 	7.665778e-01 
3.098800e-02 	7.627525e-01 
3.127300e-02 	7.589159e-01 
3.155900e-02 	7.550683e-01 
3.184500e-02 	7.512101e-01 
3.213000e-02 	7.473416e-01 
3.241600e-02 	7.434632e-01 
3.270100e-02 	7.395754e-01 
3.298700e-02 	7.356784e-01 
3.327300e-02 	7.317726e-01 
3.355800e-02 	7.278584e-01 
3.384400e-02 	7.239362e-01 
3.413000e-02 	7.200063e-01 
3.441500e-02 	7.160691e-01 
3.470100e-02 	7.121249e-01 
3.498600e-02 	7.081740e-01 
3.527200e-02 	7.042170e-01 
3.555800e-02 	7.002540e-01 
3.584300e-02 	6.962855e-01 
3.612900e-02 	6.923118e-01 
3.641400e-02 	6.883332e-01 
3.670000e-02 	6.843502e-01 
3.698600e-02 	6.803631e-01 
3.727100e-02 	6.763722e-01 
3.755700e-02 	6.723779e-01 
3.784200e-02 	6.683805e-01 
3.812800e-02 	6.643804e-01 
3.841400e-02 	6.603780e-01 
3.869900e-02 	6.563736e-01 
3.898500e-02 	6.523675e-01 
3.927000e-02 	6.483602e-01 
3.955600e-02 	6.443519e-01 
3.984200e-02 	6.403430e-01 
4.012700e-02 	6.363338e-01 
4.041300e-02 	6.323248e-01 
4.069800e-02 	6.283161e-01 
4.098400e-02 	6.243082e-01 
4.127000e-02 	6.203015e-01 
4.155500e-02 	6.162962e-01 
4.184100e-02 	6.122927e-01 
4.212600e-02 	6.082913e-01 
4.241200e-02 	6.042924e-01 
4.269800e-02 	6.002962e-01 
4.298300e-02 	5.963031e-01 
4.326900e-02 	5.923135e-01 
4.355400e-02 	5.883275e-01 
4.384000e-02 	5.843456e-01 
4.412600e-02 	5.803681e-01 
4.441100e-02 	5.763952e-01 
4.469700e-02 	5.724274e-01 
4.498200e-02 	5.684649e-01 
4.526800e-02 	5.645080e-01 
4.555400e-02 	5.605571e-01 
4.583900e-02 	5.566124e-01 
4.612500e-02 	5.526742e-01 
4.641000e-02 	5.487429e-01 
4.669600e-02 	5.448188e-01 
4.698200e-02 	5.409021e-01 
4.726700e-02 	5.369932e-01 
4.755300e-02 	5.330924e-01 
4.783800e-02 	5.292000e-01 
4.812400e-02 	5.253163e-01 
4.841000e-02 	5.214415e-01 
4.869500e-02 	5.175761e-01 
4.898100e-02 	5.137202e-01 
4.926600e-02 	5.098742e-01 
4.955200e-02 	5.060385e-01 
4.983800e-02 	5.022132e-01 
5.012300e-02 	4.983987e-01 
5.040900e-02 	4.945954e-01 
5.069400e-02 	4.908034e-01 
5.098000e-02 	4.870232e-01 
5.126600e-02 	4.832549e-01 
5.155100e-02 	4.794989e-01 
5.183700e-02 	4.757555e-01 
5.212200e-02 	4.720250e-01 
5.240800e-02 	4.683076e-01 
5.269400e-02 	4.646036e-01 
5.297900e-02 	4.609133e-01 
5.326500e-02 	4.572370e-01 
5.355000e-02 	4.535750e-01 
5.383600e-02 	4.499276e-01 
5.412200e-02 	4.462950e-01 
5.440700e-02 	4.426775e-01 
5.469300e-02 	4.390754e-01 
5.497800e-02 	4.354890e-01 
5.526400e-02 	4.319184e-01 
5.555000e-02 	4.283638e-01 
5.583500e-02 	4.248255e-01 
5.612100e-02 	4.213036e-01 
5.640700e-02 	4.177985e-01 
5.669200e-02 	4.143103e-01 
5.697800e-02 	4.108392e-01 
5.726300e-02 	4.073854e-01 
5.754900e-02 	4.039493e-01 
5.783500e-02 	4.005309e-01 
5.812000e-02 	3.971305e-01 
5.840600e-02 	3.937484e-01 
5.869100e-02 	3.903847e-01 
5.897700e-02 	3.870394e-01 
5.926300e-02 	3.837127e-01 
5.954800e-02 	3.804047e-01 
5.983400e-02 	3.771153e-01 
6.011900e-02 	3.738446e-01 
6.040500e-02 	3.705928e-01 
6.069100e-02 	3.673598e-01 
6.097600e-02 	3.641458e-01 
6.126200e-02 	3.609507e-01 
6.154700e-02 	3.577747e-01 
6.183300e-02 	3.546178e-01 
6.211900e-02 	3.514801e-01 
6.240400e-02 	3.483616e-01 
6.269000e-02 	3.452624e-01 
6.297500e-02 	3.421826e-01 
6.326100e-02 	3.391222e-01 
6.354700e-02 	3.360812e-01 
6.383200e-02 	3.330598e-01 
6.411800e-02 	3.300579e-01 
6.440300e-02 	3.270757e-01 
6.468900e-02 	3.241131e-01 
6.497500e-02 	3.211703e-01 
6.526000e-02 	3.182472e-01 
6.554600e-02 	3.153439e-01 
6.583100e-02 	3.124605e-01 
6.611700e-02 	3.095970e-01 
6.640300e-02 	3.067535e-01 
6.668800e-02 	3.039300e-01 
6.697400e-02 	3.011265e-01 
6.725900e-02 	2.983432e-01 
6.754500e-02 	2.955800e-01 
6.783100e-02 	2.928369e-01 
6.811600e-02 	2.901140e-01 
6.840200e-02 	2.874113e-01 
6.868700e-02 	2.847289e-01 
6.897300e-02 	2.820666e-01 
6.925900e-02 	2.794246e-01 
6.954400e-02 	2.768028e-01 
6.983000e-02 	2.742013e-01 
7.011500e-02 	2.716201e-01 
7.040100e-02 	2.690592e-01 
7.068700e-02 	2.665186e-01 
7.097200e-02 	2.639983e-01 
7.125800e-02 	2.614984e-01 
7.154300e-02 	2.590188e-01 
7.182900e-02 	2.565597e-01 
7.211500e-02 	2.541210e-01 
7.240000e-02 	2.517026e-01 
7.268600e-02 	2.493047e-01 
7.297100e-02 	2.469271e-01 
7.325700e-02 	2.445696e-01 
7.354300e-02 	2.422323e-01 
7.382800e-02 	2.399150e-01 
7.411400e-02 	2.376177e-01 
7.439900e-02 	2.353402e-01 
7.468500e-02 	2.330825e-01 
7.497100e-02 	2.308445e-01 
7.525600e-02 	2.286260e-01 
7.554200e-02 	2.264271e-01 
7.582700e-02 	2.242477e-01 
7.611300e-02 	2.220876e-01 
7.639900e-02 	2.199467e-01 
7.668400e-02 	2.178250e-01 
7.697000e-02 	2.157225e-01 
7.725500e-02 	2.136389e-01 
7.754100e-02 	2.115743e-01 
7.782700e-02 	2.095286e-01 
7.811200e-02 	2.075016e-01 
7.839800e-02 	2.054933e-01 
7.868400e-02 	2.035036e-01 
7.896900e-02 	2.015324e-01 
7.925500e-02 	1.995796e-01 
7.954000e-02 	1.976451e-01 
7.982600e-02 	1.957289e-01 
8.011200e-02 	1.938309e-01 
8.039700e-02 	1.919509e-01 
8.068300e-02 	1.900888e-01 
8.096800e-02 	1.882447e-01 
8.125400e-02 	1.864183e-01 
8.154000e-02 	1.846096e-01 
8.182500e-02 	1.828185e-01 
8.211100e-02 	1.810449e-01 
8.239600e-02 	1.792887e-01 
8.268200e-02 	1.775499e-01 
8.296800e-02 	1.758283e-01 
8.325300e-02 	1.741238e-01 
8.353900e-02 	1.724364e-01 
8.382400e-02 	1.707660e-01 
8.411000e-02 	1.691124e-01 
8.439600e-02 	1.674757e-01 
8.468100e-02 	1.658556e-01 
8.496700e-02 	1.642521e-01 
8.525200e-02 	1.626651e-01 
8.553800e-02 	1.610946e-01 
8.582400e-02 	1.595403e-01 
8.610900e-02 	1.580024e-01 
8.639500e-02 	1.564805e-01 
8.668000e-02 	1.549747e-01 
8.696600e-02 	1.534847e-01 
8.725200e-02 	1.520105e-01 
8.753700e-02 	1.505518e-01 
8.782300e-02 	1.491086e-01 
8.810800e-02 	1.476808e-01 
8.839400e-02 	1.462681e-01 
8.868000e-02 	1.448706e-01 
8.896500e-02 	1.434879e-01 
8.925100e-02 	1.421200e-01 
8.953600e-02 	1.407668e-01 
8.982200e-02 	1.394282e-01 
9.010800e-02 	1.381039e-01 
9.039300e-02 	1.367939e-01 
9.067900e-02 	1.354980e-01 
9.096400e-02 	1.342161e-01 
9.125000e-02 	1.329481e-01 
9.153600e-02 	1.316937e-01 
9.182100e-02 	1.304530e-01 
9.210700e-02 	1.292257e-01 
9.239200e-02 	1.280118e-01 
9.267800e-02 	1.268110e-01 
9.296400e-02 	1.256233e-01 
9.324900e-02 	1.244486e-01 
9.353500e-02 	1.232866e-01 
9.382000e-02 	1.221374e-01 
9.410600e-02 	1.210007e-01 
9.439200e-02 	1.198765e-01 
9.467700e-02 	1.187647e-01 
9.496300e-02 	1.176650e-01 
9.524800e-02 	1.165775e-01 
9.553400e-02 	1.155020e-01 
9.582000e-02 	1.144383e-01 
9.610500e-02 	1.133863e-01 
9.639100e-02 	1.123460e-01 
9.667600e-02 	1.113171e-01 
9.696200e-02 	1.102997e-01 
9.724800e-02 	1.092935e-01 
9.753300e-02 	1.082984e-01 
9.781900e-02 	1.073143e-01 
9.810400e-02 	1.063412e-01 
9.839000e-02 	1.053788e-01 
9.867600e-02 	1.044271e-01 
9.896100e-02 	1.034860e-01 
9.924700e-02 	1.025552e-01 
9.953200e-02 	1.016348e-01 
9.981800e-02 	1.007245e-01 
1.001040e-01 	9.982434e-02 
1.003890e-01 	9.893412e-02 
1.006750e-01 	9.805376e-02 
1.009610e-01 	9.718314e-02 
1.012460e-01 	9.632216e-02 
1.015320e-01 	9.547071e-02 
1.018170e-01 	9.462869e-02 
1.021030e-01 	9.379598e-02 
1.023890e-01 	9.297247e-02 
1.026740e-01 	9.215807e-02 
1.029600e-01 	9.135266e-02 
1.032450e-01 	9.055613e-02 
1.035310e-01 	8.976837e-02 
1.038170e-01 	8.898928e-02 
1.041020e-01 	8.821875e-02 
1.043880e-01 	8.745668e-02 
1.046730e-01 	8.670294e-02 
1.049590e-01 	8.595744e-02 
1.052450e-01 	8.522007e-02 
1.055300e-01 	8.449071e-02 
1.058160e-01 	8.376927e-02 
1.061010e-01 	8.305564e-02 
1.063870e-01 	8.234974e-02 
1.066730e-01 	8.165147e-02 
1.069580e-01 	8.096075e-02 
1.072440e-01 	8.027747e-02 
1.075290e-01 	7.960156e-02 
1.078150e-01 	7.893292e-02 
1.081010e-01 	7.827145e-02 
1.083860e-01 	7.761707e-02 
1.086720e-01 	7.696968e-02 
1.089570e-01 	7.632919e-02 
1.092430e-01 	7.569552e-02 
1.095290e-01 	7.506856e-02 
1.098140e-01 	7.444823e-02 
1.101000e-01 	7.383443e-02 
1.103850e-01 	7.322707e-02 
1.106710e-01 	7.262606e-02 
1.109570e-01 	7.203131e-02 
1.112420e-01 	7.144272e-02 
1.115280e-01 	7.086020e-02 
1.118130e-01 	7.028367e-02 
1.120990e-01 	6.971302e-02 
1.123850e-01 	6.914816e-02 
1.126700e-01 	6.858901e-02 
1.129560e-01 	6.803547e-02 
1.132410e-01 	6.748745e-02 
1.135270e-01 	6.694485e-02 
1.138130e-01 	6.640759e-02 
1.140980e-01 	6.587558e-02 
1.143840e-01 	6.534875e-02 
1.146690e-01 	6.482706e-02 
1.149550e-01 	6.431044e-02 
1.152410e-01 	6.379884e-02 
1.155260e-01 	6.329219e-02 
1.158120e-01 	6.279045e-02 
1.160970e-01 	6.229354e-02 
1.163830e-01 	6.180142e-02 
1.166690e-01 	6.131402e-02 
1.169540e-01 	6.083128e-02 
1.172400e-01 	6.035315e-02 
1.175250e-01 	5.987957e-02 
1.178110e-01 	5.941048e-02 
1.180970e-01 	5.894582e-02 
1.183820e-01 	5.848554e-02 
1.186680e-01 	5.802957e-02 
1.189530e-01 	5.757787e-02 
1.192390e-01 	5.713038e-02 
1.195250e-01 	5.668705e-02 
1.198100e-01 	5.624783e-02 
1.200960e-01 	5.581266e-02 
1.203810e-01 	5.538151e-02 
1.206670e-01 	5.495430e-02 
1.209530e-01 	5.453101e-02 
1.212380e-01 	5.411156e-02 
1.215240e-01 	5.369591e-02 
1.218090e-01 	5.328402e-02 
1.220950e-01 	5.287582e-02 
1.223810e-01 	5.247126e-02 
1.226660e-01 	5.207030e-02 
1.229520e-01 	5.167289e-02 
1.232380e-01 	5.127896e-02 
1.235230e-01 	5.088846e-02 
1.238090e-01 	5.050135e-02 
1.240940e-01 	5.011757e-02 
1.243800e-01 	4.973707e-02 
1.246660e-01 	4.935980e-02 
1.249510e-01 	4.898570e-02 
1.252370e-01 	4.861473e-02 
1.255220e-01 	4.824683e-02 
1.258080e-01 	4.788195e-02 
1.260940e-01 	4.752005e-02 
1.263790e-01 	4.716106e-02 
1.266650e-01 	4.680493e-02 
1.269500e-01 	4.645162e-02 
1.272360e-01 	4.610108e-02 
1.275220e-01 	4.575324e-02 
1.278070e-01 	4.540806e-02 
1.280930e-01 	4.506551e-02 
1.283780e-01 	4.472557e-02 
1.286640e-01 	4.438822e-02 
1.289500e-01 	4.405344e-02 
1.292350e-01 	4.372120e-02 
1.295210e-01 	4.339149e-02 
1.298060e-01 	4.306428e-02 
1.300920e-01 	4.273956e-02 
1.303780e-01 	4.241731e-02 
1.306630e-01 	4.209751e-02 
1.309490e-01 	4.178012e-02 
1.312340e-01 	4.146515e-02 
1.315200e-01 	4.115256e-02 
1.318060e-01 	4.084233e-02 
1.320910e-01 	4.053445e-02 
1.323770e-01 	4.022888e-02 
1.326620e-01 	3.992561e-02 
1.329480e-01 	3.962462e-02 
1.332340e-01 	3.932588e-02 
1.335190e-01 	3.902937e-02 
1.338050e-01 	3.873508e-02 
1.340900e-01 	3.844297e-02 
1.343760e-01 	3.815303e-02 
1.346620e-01 	3.786523e-02 
1.349470e-01 	3.757956e-02 
1.352330e-01 	3.729598e-02 
1.355180e-01 	3.701448e-02 
1.358040e-01 	3.673503e-02 
1.360900e-01 	3.645762e-02 
1.363750e-01 	3.618221e-02 
1.366610e-01 	3.590878e-02 
1.369460e-01 	3.563732e-02 
1.372320e-01 	3.536780e-02 
1.375180e-01 	3.510019e-02 
1.378030e-01 	3.483447e-02 
1.380890e-01 	3.457063e-02 
1.383740e-01 	3.430863e-02 
1.386600e-01 	3.404846e-02 
1.389460e-01 	3.379009e-02 
1.392310e-01 	3.353350e-02 
1.395170e-01 	3.327868e-02 
1.398020e-01 	3.302560e-02 
1.400880e-01 	3.277423e-02 
1.403740e-01 	3.252457e-02 
1.406590e-01 	3.227659e-02 
1.409450e-01 	3.203027e-02 
1.412300e-01 	3.178559e-02 
1.415160e-01 	3.154253e-02 
1.418020e-01 	3.130107e-02 
1.420870e-01 	3.106121e-02 
1.423730e-01 	3.082293e-02 
1.426580e-01 	3.058625e-02 
1.429440e-01 	3.035114e-02 
1.432300e-01 	3.011761e-02 
1.435150e-01 	2.988566e-02 
1.438010e-01 	2.965527e-02 
1.440860e-01 	2.942644e-02 
1.443720e-01 	2.919917e-02 
1.446580e-01 	2.897344e-02 
1.449430e-01 	2.874926e-02 
1.452290e-01 	2.852660e-02 
1.455150e-01 	2.830547e-02 
1.458000e-01 	2.808584e-02 
1.460860e-01 	2.786773e-02 
1.463710e-01 	2.765111e-02 
1.466570e-01 	2.743598e-02 
1.469430e-01 	2.722233e-02 
1.472280e-01 	2.701014e-02 
1.475140e-01 	2.679943e-02 
1.477990e-01 	2.659016e-02 
1.480850e-01 	2.638234e-02 
1.483710e-01 	2.617596e-02 
1.486560e-01 	2.597101e-02 
1.489420e-01 	2.576747e-02 
1.492270e-01 	2.556535e-02 
1.495130e-01 	2.536464e-02 
1.497990e-01 	2.516532e-02 
1.500840e-01 	2.496738e-02 
1.503700e-01 	2.477083e-02 
1.506550e-01 	2.457565e-02 
1.509410e-01 	2.438182e-02 
1.512270e-01 	2.418936e-02 
1.515120e-01 	2.399824e-02 
1.517980e-01 	2.380845e-02 
1.520830e-01 	2.362000e-02 
1.523690e-01 	2.343286e-02 
1.526550e-01 	2.324704e-02 
1.529400e-01 	2.306253e-02 
1.532260e-01 	2.287931e-02 
1.535110e-01 	2.269737e-02 
1.537970e-01 	2.251672e-02 
1.540830e-01 	2.233734e-02 
1.543680e-01 	2.215923e-02 
1.546540e-01 	2.198237e-02 
1.549390e-01 	2.180677e-02 
1.552250e-01 	2.163242e-02 
1.555110e-01 	2.145930e-02 
1.557960e-01 	2.128742e-02 
1.560820e-01 	2.111678e-02 
1.563670e-01 	2.094735e-02 
1.566530e-01 	2.077915e-02 
1.569390e-01 	2.061217e-02 
1.572240e-01 	2.044640e-02 
1.575100e-01 	2.028183e-02 
1.577950e-01 	2.011847e-02 
1.580810e-01 	1.995631e-02 
1.583670e-01 	1.979534e-02 
1.586520e-01 	1.963555e-02 
1.589380e-01 	1.947694e-02 
1.592230e-01 	1.931951e-02 
1.595090e-01 	1.916325e-02 
1.597950e-01 	1.900815e-02 
1.600800e-01 	1.885422e-02 
1.603660e-01 	1.870144e-02 
1.606510e-01 	1.854981e-02 
1.609370e-01 	1.839933e-02 
1.612230e-01 	1.824999e-02 
1.615080e-01 	1.810178e-02 
1.617940e-01 	1.795471e-02 
1.620790e-01 	1.780876e-02 
1.623650e-01 	1.766393e-02 
1.626510e-01 	1.752021e-02 
1.629360e-01 	1.737761e-02 
1.632220e-01 	1.723611e-02 
1.635070e-01 	1.709571e-02 
1.637930e-01 	1.695641e-02 
1.640790e-01 	1.681820e-02 
1.643640e-01 	1.668107e-02 
1.646500e-01 	1.654503e-02 
1.649350e-01 	1.641006e-02 
1.652210e-01 	1.627615e-02 
1.655070e-01 	1.614332e-02 
1.657920e-01 	1.601154e-02 
1.660780e-01 	1.588083e-02 
1.663630e-01 	1.575116e-02 
1.666490e-01 	1.562253e-02 
1.669350e-01 	1.549495e-02 
1.672200e-01 	1.536840e-02 
1.675060e-01 	1.524288e-02 
1.677920e-01 	1.511839e-02 
1.680770e-01 	1.499492e-02 
1.683630e-01 	1.487246e-02 
1.686480e-01 	1.475101e-02 
1.689340e-01 	1.463057e-02 
1.692200e-01 	1.451113e-02 
1.695050e-01 	1.439269e-02 
1.697910e-01 	1.427523e-02 
1.700760e-01 	1.415876e-02 
1.703620e-01 	1.404326e-02 
1.706480e-01 	1.392874e-02 
1.709330e-01 	1.381518e-02 
1.712190e-01 	1.370259e-02 
1.715040e-01 	1.359095e-02 
1.717900e-01 	1.348027e-02 
1.720760e-01 	1.337052e-02 
1.723610e-01 	1.326172e-02 
1.726470e-01 	1.315386e-02 
1.729320e-01 	1.304692e-02 
1.732180e-01 	1.294090e-02 
1.735040e-01 	1.283581e-02 
1.737890e-01 	1.273163e-02 
1.740750e-01 	1.262835e-02 
1.743600e-01 	1.252598e-02 
1.746460e-01 	1.242450e-02 
1.749320e-01 	1.232392e-02 
1.752170e-01 	1.222422e-02 
1.755030e-01 	1.212540e-02 
1.757880e-01 	1.202746e-02 
1.760740e-01 	1.193039e-02 
1.763600e-01 	1.183419e-02 
1.766450e-01 	1.173884e-02 
1.769310e-01 	1.164434e-02 
1.772160e-01 	1.155070e-02 
1.775020e-01 	1.145790e-02 
1.777880e-01 	1.136593e-02 
1.780730e-01 	1.127480e-02 
1.783590e-01 	1.118450e-02 
1.786440e-01 	1.109501e-02 
1.789300e-01 	1.100635e-02 
1.792160e-01 	1.091849e-02 
1.795010e-01 	1.083144e-02 
1.797870e-01 	1.074519e-02 
1.800720e-01 	1.065974e-02 
1.803580e-01 	1.057507e-02 
1.806440e-01 	1.049119e-02 
1.809290e-01 	1.040808e-02 
1.812150e-01 	1.032575e-02 
1.815000e-01 	1.024419e-02 
1.817860e-01 	1.016339e-02 
1.820720e-01 	1.008334e-02 
1.823570e-01 	1.000405e-02 
1.826430e-01 	9.925506e-03 
1.829280e-01 	9.847702e-03 
1.832140e-01 	9.770635e-03 
1.835000e-01 	9.694301e-03 
1.837850e-01 	9.618695e-03 
1.840710e-01 	9.543812e-03 
1.843560e-01 	9.469646e-03 
1.846420e-01 	9.396193e-03 
1.849280e-01 	9.323447e-03 
1.852130e-01 	9.251403e-03 
1.854990e-01 	9.180056e-03 
1.857840e-01 	9.109400e-03 
1.860700e-01 	9.039431e-03 
1.863560e-01 	8.970144e-03 
1.866410e-01 	8.901533e-03 
1.869270e-01 	8.833592e-03 
1.872120e-01 	8.766318e-03 
1.874980e-01 	8.699705e-03 
1.877840e-01 	8.633747e-03 
1.880690e-01 	8.568439e-03 
1.883550e-01 	8.503777e-03 
1.886400e-01 	8.439754e-03 
1.889260e-01 	8.376367e-03 
1.892120e-01 	8.313609e-03 
1.894970e-01 	8.251476e-03 
1.897830e-01 	8.189962e-03 
1.900690e-01 	8.129063e-03 
1.903540e-01 	8.068773e-03 
1.906400e-01 	8.009086e-03 
1.909250e-01 	7.949998e-03 
1.912110e-01 	7.891504e-03 
1.914970e-01 	7.833598e-03 
1.917820e-01 	7.776275e-03 
1.920680e-01 	7.719531e-03 
1.923530e-01 	7.663359e-03 
1.926390e-01 	7.607755e-03 
1.929250e-01 	7.552713e-03 
1.932100e-01 	7.498229e-03 
1.934960e-01 	7.444297e-03 
1.937810e-01 	7.390912e-03 
1.940670e-01 	7.338069e-03 
1.943530e-01 	7.285763e-03 
1.946380e-01 	7.233988e-03 
1.949240e-01 	7.182740e-03 
1.952090e-01 	7.132013e-03 
1.954950e-01 	7.081803e-03 
1.957810e-01 	7.032104e-03 
1.960660e-01 	6.982911e-03 
1.963520e-01 	6.934222e-03 
1.966370e-01 	6.886030e-03 
1.969230e-01 	6.838332e-03 
1.972090e-01 	6.791123e-03 
1.974940e-01 	6.744401e-03 
1.977800e-01 	6.698160e-03 
1.980650e-01 	6.652399e-03 
1.983510e-01 	6.607112e-03 
1.986370e-01 	6.562297e-03 
1.989220e-01 	6.517950e-03 
1.992080e-01 	6.474067e-03 
1.994930e-01 	6.430645e-03 
1.997790e-01 	6.387679e-03 
2.000650e-01 	6.345166e-03 
2.003500e-01 	6.303102e-03 
2.006360e-01 	6.261483e-03 
2.009210e-01 	6.220304e-03 
2.012070e-01 	6.179564e-03 
2.014930e-01 	6.139257e-03 
2.017780e-01 	6.099380e-03 
2.020640e-01 	6.059928e-03 
2.023490e-01 	6.020899e-03 
2.026350e-01 	5.982288e-03 
2.029210e-01 	5.944091e-03 
2.032060e-01 	5.906305e-03 
2.034920e-01 	5.868925e-03 
2.037770e-01 	5.831948e-03 
2.040630e-01 	5.795371e-03 
2.043490e-01 	5.759188e-03 
2.046340e-01 	5.723397e-03 
2.049200e-01 	5.687994e-03 
2.052050e-01 	5.652974e-03 
2.054910e-01 	5.618334e-03 
2.057770e-01 	5.584070e-03 
2.060620e-01 	5.550179e-03 
2.063480e-01 	5.516656e-03 
2.066330e-01 	5.483498e-03 
2.069190e-01 	5.450701e-03 
2.072050e-01 	5.418261e-03 
2.074900e-01 	5.386174e-03 
2.077760e-01 	5.354437e-03 
2.080610e-01 	5.323046e-03 
2.083470e-01 	5.291997e-03 
2.086330e-01 	5.261287e-03 
2.089180e-01 	5.230911e-03 
2.092040e-01 	5.200866e-03 
2.094890e-01 	5.171148e-03 
2.097750e-01 	5.141754e-03 
2.100610e-01 	5.112680e-03 
2.103460e-01 	5.083922e-03 
2.106320e-01 	5.055476e-03 
2.109170e-01 	5.027339e-03 
2.112030e-01 	4.999508e-03 
2.114890e-01 	4.971982e-03 
2.117740e-01 	4.944757e-03 
2.120600e-01 	4.917831e-03 
2.123450e-01 	4.891204e-03 
2.126310e-01 	4.864871e-03 
2.129170e-01 	4.838832e-03 
2.132020e-01 	4.813084e-03 
2.134880e-01 	4.787624e-03 
2.137740e-01 	4.762451e-03 
2.140590e-01 	4.737563e-03 
2.143450e-01 	4.712957e-03 
2.146300e-01 	4.688630e-03 
2.149160e-01 	4.664581e-03 
2.152020e-01 	4.640807e-03 
2.154870e-01 	4.617306e-03 
2.157730e-01 	4.594075e-03 
2.160580e-01 	4.571113e-03 
2.163440e-01 	4.548416e-03 
2.166300e-01 	4.525983e-03 
2.169150e-01 	4.503811e-03 
2.172010e-01 	4.481898e-03 
2.174860e-01 	4.460241e-03 
2.177720e-01 	4.438838e-03 
2.180580e-01 	4.417687e-03 
2.183430e-01 	4.396786e-03 
2.186290e-01 	4.376132e-03 
2.189140e-01 	4.355723e-03 
2.192000e-01 	4.335557e-03 
2.194860e-01 	4.315631e-03 
2.197710e-01 	4.295943e-03 
2.200570e-01 	4.276492e-03 
2.203420e-01 	4.257273e-03 
2.206280e-01 	4.238287e-03 
2.209140e-01 	4.219529e-03 
2.211990e-01 	4.200998e-03 
2.214850e-01 	4.182692e-03 
2.217700e-01 	4.164608e-03 
2.220560e-01 	4.146744e-03 
2.223420e-01 	4.129098e-03 
2.226270e-01 	4.111667e-03 
2.229130e-01 	4.094449e-03 
2.231980e-01 	4.077442e-03 
2.234840e-01 	4.060643e-03 
2.237700e-01 	4.044051e-03 
2.240550e-01 	4.027662e-03 
2.243410e-01 	4.011475e-03 
2.246260e-01 	3.995487e-03 
2.249120e-01 	3.979697e-03 
2.251980e-01 	3.964103e-03 
2.254830e-01 	3.948703e-03 
2.257690e-01 	3.933496e-03 
2.260540e-01 	3.918482e-03 
2.263400e-01 	3.903658e-03 
2.266260e-01 	3.889023e-03 
2.269110e-01 	3.874577e-03 
2.271970e-01 	3.860317e-03 
2.274820e-01 	3.846242e-03 
2.277680e-01 	3.832351e-03 
2.280540e-01 	3.818643e-03 
2.283390e-01 	3.805116e-03 
2.286250e-01 	3.791769e-03 
2.289100e-01 	3.778601e-03 
2.291960e-01 	3.765609e-03 
2.294820e-01 	3.752794e-03 
2.297670e-01 	3.740153e-03 
2.300530e-01 	3.727686e-03 
2.303380e-01 	3.715390e-03 
2.306240e-01 	3.703265e-03 
2.309100e-01 	3.691310e-03 
2.311950e-01 	3.679523e-03 
2.314810e-01 	3.667902e-03 
2.317660e-01 	3.656447e-03 
2.320520e-01 	3.645156e-03 
2.323380e-01 	3.634027e-03 
2.326230e-01 	3.623060e-03 
2.329090e-01 	3.612254e-03 
2.331940e-01 	3.601606e-03 
2.334800e-01 	3.591116e-03 
2.337660e-01 	3.580782e-03 
2.340510e-01 	3.570604e-03 
2.343370e-01 	3.560579e-03 
2.346230e-01 	3.550707e-03 
2.349080e-01 	3.540986e-03 
2.351940e-01 	3.531415e-03 
2.354790e-01 	3.521994e-03 
2.357650e-01 	3.512721e-03 
2.360510e-01 	3.503594e-03 
2.363360e-01 	3.494613e-03 
2.366220e-01 	3.485776e-03 
2.369070e-01 	3.477083e-03 
2.371930e-01 	3.468532e-03 
2.374790e-01 	3.460122e-03 
2.377640e-01 	3.451851e-03 
2.380500e-01 	3.443719e-03 
2.383350e-01 	3.435725e-03 
2.386210e-01 	3.427866e-03 
2.389070e-01 	3.420143e-03 
2.391920e-01 	3.412555e-03 
2.394780e-01 	3.405100e-03 
2.397630e-01 	3.397777e-03 
2.400490e-01 	3.390586e-03 
2.403350e-01 	3.383526e-03 
2.406200e-01 	3.376595e-03 
2.409060e-01 	3.369794e-03 
2.411910e-01 	3.363120e-03 
2.414770e-01 	3.356573e-03 
2.417630e-01 	3.350153e-03 
2.420480e-01 	3.343857e-03 
2.423340e-01 	3.337686e-03 
2.426190e-01 	3.331639e-03 
2.429050e-01 	3.325713e-03 
2.431910e-01 	3.319910e-03 
2.434760e-01 	3.314227e-03 
2.437620e-01 	3.308663e-03 
2.440470e-01 	3.303218e-03 
2.443330e-01 	3.297892e-03 
2.446190e-01 	3.292682e-03 
2.449040e-01 	3.287588e-03 
2.451900e-01 	3.282610e-03 
2.454750e-01 	3.277747e-03 
2.457610e-01 	3.272997e-03 
2.460470e-01 	3.268360e-03 
2.463320e-01 	3.263835e-03 
2.466180e-01 	3.259422e-03 
2.469030e-01 	3.255119e-03 
2.471890e-01 	3.250925e-03 
2.474750e-01 	3.246841e-03 
2.477600e-01 	3.242865e-03 
2.480460e-01 	3.238997e-03 
2.483310e-01 	3.235236e-03 
2.486170e-01 	3.231581e-03 
2.489030e-01 	3.228032e-03 
2.491880e-01 	3.224587e-03 
2.494740e-01 	3.221248e-03 
2.497590e-01 	3.218012e-03 
2.500450e-01 	3.214878e-03 
2.503310e-01 	3.211848e-03 
2.506160e-01 	3.208918e-03 
2.509020e-01 	3.206090e-03 
2.511870e-01 	3.203362e-03 
2.514730e-01 	3.200734e-03 
2.517590e-01 	3.198205e-03 
2.520440e-01 	3.195774e-03 
2.523300e-01 	3.193441e-03 
2.526150e-01 	3.191205e-03 
2.529010e-01 	3.189065e-03 
2.531870e-01 	3.187021e-03 
2.534720e-01 	3.185071e-03 
2.537580e-01 	3.183216e-03 
2.540430e-01 	3.181454e-03 
2.543290e-01 	3.179785e-03 
2.546150e-01 	3.178209e-03 
2.549000e-01 	3.176723e-03 
2.551860e-01 	3.175329e-03 
2.554710e-01 	3.174025e-03 
2.557570e-01 	3.172810e-03 
2.560430e-01 	3.171684e-03 
2.563280e-01 	3.170646e-03 
2.566140e-01 	3.169695e-03 
2.568990e-01 	3.168831e-03 
2.571850e-01 	3.168054e-03 
2.574710e-01 	3.167361e-03 
2.577560e-01 	3.166753e-03 
2.580420e-01 	3.166230e-03 
2.583280e-01 	3.165789e-03 
2.586130e-01 	3.165431e-03 
2.588990e-01 	3.165155e-03 
2.591840e-01 	3.164961e-03 
2.594700e-01 	3.164847e-03 
2.597560e-01 	3.164813e-03 
2.600410e-01 	3.164858e-03 
2.603270e-01 	3.164983e-03 
2.606120e-01 	3.165185e-03 
2.608980e-01 	3.165466e-03 
2.611840e-01 	3.165823e-03 
2.614690e-01 	3.166257e-03 
2.617550e-01 	3.166767e-03 
2.620400e-01 	3.167352e-03 
2.623260e-01 	3.168011e-03 
2.626120e-01 	3.168745e-03 
2.628970e-01 	3.169553e-03 
2.631830e-01 	3.170433e-03 
2.634680e-01 	3.171386e-03 
2.637540e-01 	3.172411e-03 
2.640400e-01 	3.173506e-03 
2.643250e-01 	3.174673e-03 
2.646110e-01 	3.175909e-03 
2.648960e-01 	3.177215e-03 
2.651820e-01 	3.178590e-03 
2.654680e-01 	3.180032e-03 
2.657530e-01 	3.181543e-03 
2.660390e-01 	3.183121e-03 
2.663240e-01 	3.184765e-03 
2.666100e-01 	3.186475e-03 
2.668960e-01 	3.188250e-03 
2.671810e-01 	3.190091e-03 
2.674670e-01 	3.191995e-03 
2.677520e-01 	3.193963e-03 
2.680380e-01 	3.195995e-03 
2.683240e-01 	3.198088e-03 
2.686090e-01 	3.200244e-03 
2.688950e-01 	3.202462e-03 
2.691800e-01 	3.204740e-03 
2.694660e-01 	3.207078e-03 
2.697520e-01 	3.209477e-03 
2.700370e-01 	3.211934e-03 
2.703230e-01 	3.214450e-03 
2.706080e-01 	3.217024e-03 
2.708940e-01 	3.219656e-03 
2.711800e-01 	3.222345e-03 
2.714650e-01 	3.225089e-03 
2.717510e-01 	3.227890e-03 
2.720360e-01 	3.230746e-03 
2.723220e-01 	3.233657e-03 
2.726080e-01 	3.236621e-03 
2.728930e-01 	3.239640e-03 
2.731790e-01 	3.242711e-03 
2.734640e-01 	3.245834e-03 
2.737500e-01 	3.249009e-03 
2.740360e-01 	3.252235e-03 
2.743210e-01 	3.255511e-03 
2.746070e-01 	3.258837e-03 
2.748920e-01 	3.262212e-03 
2.751780e-01 	3.265636e-03 
2.754640e-01 	3.269108e-03 
2.757490e-01 	3.272627e-03 
2.760350e-01 	3.276193e-03 
2.763200e-01 	3.279805e-03 
2.766060e-01 	3.283462e-03 
2.768920e-01 	3.287164e-03 
2.771770e-01 	3.290910e-03 
2.774630e-01 	3.294699e-03 
2.777480e-01 	3.298532e-03 
2.780340e-01 	3.302407e-03 
2.783200e-01 	3.306323e-03 
2.786050e-01 	3.310281e-03 
2.788910e-01 	3.314279e-03 
2.791760e-01 	3.318317e-03 
2.794620e-01 	3.322394e-03 
2.797480e-01 	3.326510e-03 
2.800330e-01 	3.330663e-03 
2.803190e-01 	3.334854e-03 
2.806050e-01 	3.339082e-03 
2.808900e-01 	3.343346e-03 
2.811760e-01 	3.347646e-03 
2.814610e-01 	3.351981e-03 
2.817470e-01 	3.356350e-03 
2.820330e-01 	3.360754e-03 
2.823180e-01 	3.365191e-03 
2.826040e-01 	3.369661e-03 
2.828890e-01 	3.374164e-03 
2.831750e-01 	3.378698e-03 
2.834610e-01 	3.383264e-03 
2.837460e-01 	3.387860e-03 
2.840320e-01 	3.392487e-03 
2.843170e-01 	3.397143e-03 
2.846030e-01 	3.401829e-03 
2.848890e-01 	3.406543e-03 
2.851740e-01 	3.411285e-03 
2.854600e-01 	3.416054e-03 
2.857450e-01 	3.420850e-03 
2.860310e-01 	3.425673e-03 
2.863170e-01 	3.430521e-03 
2.866020e-01 	3.435394e-03 
2.868880e-01 	3.440292e-03 
2.871730e-01 	3.445214e-03 
2.874590e-01 	3.450159e-03 
2.877450e-01 	3.455127e-03 
2.880300e-01 	3.460117e-03 
2.883160e-01 	3.465128e-03 
2.886010e-01 	3.470161e-03 
2.888870e-01 	3.475215e-03 
2.891730e-01 	3.480288e-03 
2.894580e-01 	3.485380e-03 
2.897440e-01 	3.490492e-03 
2.900290e-01 	3.495621e-03 
2.903150e-01 	3.500767e-03 
2.906010e-01 	3.505931e-03 
2.908860e-01 	3.511111e-03 
2.911720e-01 	3.516306e-03 
2.914570e-01 	3.521516e-03 
2.917430e-01 	3.526740e-03 
2.920290e-01 	3.531978e-03 
2.923140e-01 	3.537230e-03 
2.926000e-01 	3.542493e-03 
2.928850e-01 	3.547769e-03 
2.931710e-01 	3.553055e-03 
2.934570e-01 	3.558352e-03 
2.937420e-01 	3.563659e-03 
2.940280e-01 	3.568975e-03 
2.943130e-01 	3.574300e-03 
2.945990e-01 	3.579633e-03 
2.948850e-01 	3.584974e-03 
2.951700e-01 	3.590321e-03 
2.954560e-01 	3.595674e-03 
2.957410e-01 	3.601033e-03 
2.960270e-01 	3.606398e-03 
2.963130e-01 	3.611766e-03 
2.965980e-01 	3.617138e-03 
2.968840e-01 	3.622514e-03 
2.971690e-01 	3.627891e-03 
2.974550e-01 	3.633271e-03 
2.977410e-01 	3.638652e-03 
2.980260e-01 	3.644034e-03 
2.983120e-01 	3.649416e-03 
2.985970e-01 	3.654797e-03 
2.988830e-01 	3.660177e-03 
2.991690e-01 	3.665556e-03 
2.994540e-01 	3.670932e-03 
2.997400e-01 	3.676305e-03 
3.000250e-01 	3.681675e-03 
3.003110e-01 	3.687040e-03 
3.005970e-01 	3.692401e-03 
3.008820e-01 	3.697756e-03 
3.011680e-01 	3.703106e-03 
3.014530e-01 	3.708449e-03 
3.017390e-01 	3.713785e-03 
3.020250e-01 	3.719113e-03 
3.023100e-01 	3.724432e-03 
3.025960e-01 	3.729743e-03 
3.028820e-01 	3.735044e-03 
3.031670e-01 	3.740335e-03 
3.034530e-01 	3.745615e-03 
3.037380e-01 	3.750884e-03 
3.040240e-01 	3.756141e-03 
3.043100e-01 	3.761385e-03 
3.045950e-01 	3.766616e-03 
3.048810e-01 	3.771833e-03 
3.051660e-01 	3.777035e-03 
3.054520e-01 	3.782223e-03 
3.057380e-01 	3.787395e-03 
3.060230e-01 	3.792550e-03 
3.063090e-01 	3.797689e-03 
3.065940e-01 	3.802810e-03 
3.068800e-01 	3.807913e-03 
3.071660e-01 	3.812997e-03 
3.074510e-01 	3.818063e-03 
3.077370e-01 	3.823108e-03 
3.080220e-01 	3.828132e-03 
3.083080e-01 	3.833136e-03 
3.085940e-01 	3.838118e-03 
3.088790e-01 	3.843079e-03 
3.091650e-01 	3.848017e-03 
3.094500e-01 	3.852932e-03 
3.097360e-01 	3.857824e-03 
3.100220e-01 	3.862692e-03 
3.103070e-01 	3.867536e-03 
3.105930e-01 	3.872356e-03 
3.108780e-01 	3.877150e-03 
3.111640e-01 	3.881918e-03 
3.114500e-01 	3.886661e-03 
3.117350e-01 	3.891378e-03 
3.120210e-01 	3.896067e-03 
3.123060e-01 	3.900730e-03 
3.125920e-01 	3.905365e-03 
3.128780e-01 	3.909972e-03 
3.131630e-01 	3.914551e-03 
3.134490e-01 	3.919101e-03 
3.137340e-01 	3.923622e-03 
3.140200e-01 	3.928114e-03 
3.143060e-01 	3.932576e-03 
3.145910e-01 	3.937007e-03 
3.148770e-01 	3.941408e-03 
3.151620e-01 	3.945778e-03 
3.154480e-01 	3.950117e-03 
3.157340e-01 	3.954424e-03 
3.160190e-01 	3.958699e-03 
3.163050e-01 	3.962942e-03 
3.165900e-01 	3.967151e-03 
3.168760e-01 	3.971328e-03 
3.171620e-01 	3.975470e-03 
3.174470e-01 	3.979579e-03 
3.177330e-01 	3.983653e-03 
3.180180e-01 	3.987693e-03 
3.183040e-01 	3.991698e-03 
3.185900e-01 	3.995667e-03 
3.188750e-01 	3.999600e-03 
3.191610e-01 	4.003497e-03 
3.194460e-01 	4.007357e-03 
3.197320e-01 	4.011180e-03 
3.200180e-01 	4.014966e-03 
3.203030e-01 	4.018714e-03 
3.205890e-01 	4.022423e-03 
3.208740e-01 	4.026094e-03 
3.211600e-01 	4.029726e-03 
3.214460e-01 	4.033319e-03 
3.217310e-01 	4.036872e-03 
3.220170e-01 	4.040384e-03 
3.223020e-01 	4.043855e-03 
3.225880e-01 	4.047284e-03 
3.228740e-01 	4.050670e-03 
3.231590e-01 	4.054012e-03 
3.234450e-01 	4.057310e-03 
3.237300e-01 	4.060562e-03 
3.240160e-01 	4.063769e-03 
3.243020e-01 	4.066928e-03 
3.245870e-01 	4.070040e-03 
3.248730e-01 	4.073103e-03 
3.251590e-01 	4.076116e-03 
3.254440e-01 	4.079079e-03 
3.257300e-01 	4.081990e-03 
3.260150e-01 	4.084850e-03 
3.263010e-01 	4.087656e-03 
3.265870e-01 	4.090408e-03 
3.268720e-01 	4.093106e-03 
3.271580e-01 	4.095748e-03 
3.274430e-01 	4.098333e-03 
3.277290e-01 	4.100861e-03 
3.280150e-01 	4.103330e-03 
3.283000e-01 	4.105740e-03 
3.285860e-01 	4.108090e-03 
3.288710e-01 	4.110379e-03 
3.291570e-01 	4.112606e-03 
3.294430e-01 	4.114771e-03 
3.297280e-01 	4.116871e-03 
3.300140e-01 	4.118907e-03 
3.302990e-01 	4.120878e-03 
3.305850e-01 	4.122782e-03 
3.308710e-01 	4.124619e-03 
3.311560e-01 	4.126388e-03 
3.314420e-01 	4.128088e-03 
3.317270e-01 	4.129718e-03 
3.320130e-01 	4.131278e-03 
3.322990e-01 	4.132765e-03 
3.325840e-01 	4.134181e-03 
3.328700e-01 	4.135522e-03 
3.331550e-01 	4.136790e-03 
3.334410e-01 	4.137982e-03 
3.337270e-01 	4.139099e-03 
3.340120e-01 	4.140138e-03 
3.342980e-01 	4.141099e-03 
3.345830e-01 	4.141982e-03 
3.348690e-01 	4.142786e-03 
3.351550e-01 	4.143510e-03 
3.354400e-01 	4.144153e-03 
3.357260e-01 	4.144715e-03 
3.360110e-01 	4.145198e-03 
3.362970e-01 	4.145603e-03 
3.365830e-01 	4.145931e-03 
3.368680e-01 	4.146183e-03 
3.371540e-01 	4.146361e-03 
3.374390e-01 	4.146467e-03 
3.377250e-01 	4.146502e-03 
3.380110e-01 	4.146468e-03 
3.382960e-01 	4.146367e-03 
3.385820e-01 	4.146200e-03 
3.388670e-01 	4.145969e-03 
3.391530e-01 	4.145677e-03 
3.394390e-01 	4.145323e-03 
3.397240e-01 	4.144912e-03 
3.400100e-01 	4.144443e-03 
3.402950e-01 	4.143919e-03 
3.405810e-01 	4.143341e-03 
3.408670e-01 	4.142712e-03 
3.411520e-01 	4.142033e-03 
3.414380e-01 	4.141305e-03 
3.417230e-01 	4.140530e-03 
3.420090e-01 	4.139711e-03 
3.422950e-01 	4.138849e-03 
3.425800e-01 	4.137944e-03 
3.428660e-01 	4.137001e-03 
3.431510e-01 	4.136019e-03 
3.434370e-01 	4.135001e-03 
3.437230e-01 	4.133948e-03 
3.440080e-01 	4.132862e-03 
3.442940e-01 	4.131746e-03 
3.445790e-01 	4.130599e-03 
3.448650e-01 	4.129426e-03 
3.451510e-01 	4.128226e-03 
3.454360e-01 	4.127002e-03 
3.457220e-01 	4.125755e-03 
3.460070e-01 	4.124487e-03 
3.462930e-01 	4.123201e-03 
3.465790e-01 	4.121897e-03 
3.468640e-01 	4.120577e-03 
3.471500e-01 	4.119244e-03 
3.474360e-01 	4.117898e-03 
3.477210e-01 	4.116542e-03 
3.480070e-01 	4.115177e-03 
3.482920e-01 	4.113805e-03 
3.485780e-01 	4.112428e-03 
3.488640e-01 	4.111047e-03 
3.491490e-01 	4.109665e-03 
