#q 	 Ifit_avg 
2.999000e-03 	1.000000e+00 
3.284000e-03 	9.986143e-01 
3.570000e-03 	9.972274e-01 
3.856000e-03 	9.958377e-01 
4.141000e-03 	9.944441e-01 
4.427000e-03 	9.930451e-01 
4.712000e-03 	9.916394e-01 
4.998000e-03 	9.902257e-01 
5.284000e-03 	9.888026e-01 
5.569000e-03 	9.873687e-01 
5.855000e-03 	9.859227e-01 
6.140000e-03 	9.844633e-01 
6.426000e-03 	9.829891e-01 
6.712000e-03 	9.814988e-01 
6.997000e-03 	9.799910e-01 
7.283000e-03 	9.784643e-01 
7.568000e-03 	9.769175e-01 
7.854000e-03 	9.753491e-01 
8.140000e-03 	9.737579e-01 
8.425000e-03 	9.721424e-01 
8.711000e-03 	9.705013e-01 
8.996000e-03 	9.688334e-01 
9.282000e-03 	9.671371e-01 
9.568000e-03 	9.654112e-01 
9.853000e-03 	9.636544e-01 
1.013900e-02 	9.618653e-01 
1.042400e-02 	9.600424e-01 
1.071000e-02 	9.581846e-01 
1.099600e-02 	9.562904e-01 
1.128100e-02 	9.543585e-01 
1.156700e-02 	9.523876e-01 
1.185300e-02 	9.503763e-01 
1.213800e-02 	9.483233e-01 
1.242400e-02 	9.462273e-01 
1.270900e-02 	9.440871e-01 
1.299500e-02 	9.419013e-01 
1.328100e-02 	9.396689e-01 
1.356600e-02 	9.373885e-01 
1.385200e-02 	9.350592e-01 
1.413700e-02 	9.326798e-01 
1.442300e-02 	9.302493e-01 
1.470900e-02 	9.277668e-01 
1.499400e-02 	9.252316e-01 
1.528000e-02 	9.226430e-01 
1.556500e-02 	9.200003e-01 
1.585100e-02 	9.173032e-01 
1.613700e-02 	9.145512e-01 
1.642200e-02 	9.117446e-01 
1.670800e-02 	9.088837e-01 
1.699300e-02 	9.059686e-01 
1.727900e-02 	9.030001e-01 
1.756500e-02 	8.999794e-01 
1.785000e-02 	8.969075e-01 
1.813600e-02 	8.937856e-01 
1.842100e-02 	8.906149e-01 
1.870700e-02 	8.873964e-01 
1.899300e-02 	8.841314e-01 
1.927800e-02 	8.808210e-01 
1.956400e-02 	8.774663e-01 
1.984900e-02 	8.740684e-01 
2.013500e-02 	8.706286e-01 
2.042100e-02 	8.671478e-01 
2.070600e-02 	8.636273e-01 
2.099200e-02 	8.600683e-01 
2.127700e-02 	8.564717e-01 
2.156300e-02 	8.528388e-01 
2.184900e-02 	8.491706e-01 
2.213400e-02 	8.454683e-01 
2.242000e-02 	8.417330e-01 
2.270500e-02 	8.379658e-01 
2.299100e-02 	8.341678e-01 
2.327700e-02 	8.303400e-01 
2.356200e-02 	8.264836e-01 
2.384800e-02 	8.225996e-01 
2.413300e-02 	8.186891e-01 
2.441900e-02 	8.147532e-01 
2.470500e-02 	8.107929e-01 
2.499000e-02 	8.068092e-01 
2.527600e-02 	8.028032e-01 
2.556100e-02 	7.987759e-01 
2.584700e-02 	7.947282e-01 
2.613300e-02 	7.906613e-01 
2.641800e-02 	7.865759e-01 
2.670400e-02 	7.824731e-01 
2.698900e-02 	7.783539e-01 
2.727500e-02 	7.742192e-01 
2.756100e-02 	7.700698e-01 
2.784600e-02 	7.659067e-01 
2.813200e-02 	7.617306e-01 
2.841700e-02 	7.575426e-01 
2.870300e-02 	7.533434e-01 
2.898900e-02 	7.491338e-01 
2.927400e-02 	7.449146e-01 
2.956000e-02 	7.406865e-01 
2.984500e-02 	7.364501e-01 
3.013100e-02 	7.322061e-01 
3.041700e-02 	7.279552e-01 
3.070200e-02 	7.236981e-01 
3.098800e-02 	7.194354e-01 
3.127300e-02 	7.151676e-01 
3.155900e-02 	7.108952e-01 
3.184500e-02 	7.066187e-01 
3.213000e-02 	7.023385e-01 
3.241600e-02 	6.980551e-01 
3.270100e-02 	6.937690e-01 
3.298700e-02 	6.894806e-01 
3.327300e-02 	6.851905e-01 
3.355800e-02 	6.808989e-01 
3.384400e-02 	6.766065e-01 
3.413000e-02 	6.723137e-01 
3.441500e-02 	6.680209e-01 
3.470100e-02 	6.637285e-01 
3.498600e-02 	6.594371e-01 
3.527200e-02 	6.551470e-01 
3.555800e-02 	6.508588e-01 
3.584300e-02 	6.465728e-01 
3.612900e-02 	6.422894e-01 
3.641400e-02 	6.380091e-01 
3.670000e-02 	6.337324e-01 
3.698600e-02 	6.294597e-01 
3.727100e-02 	6.251913e-01 
3.755700e-02 	6.209277e-01 
3.784200e-02 	6.166693e-01 
3.812800e-02 	6.124165e-01 
3.841400e-02 	6.081697e-01 
3.869900e-02 	6.039292e-01 
3.898500e-02 	5.996956e-01 
3.927000e-02 	5.954692e-01 
3.955600e-02 	5.912503e-01 
3.984200e-02 	5.870394e-01 
4.012700e-02 	5.828367e-01 
4.041300e-02 	5.786428e-01 
4.069800e-02 	5.744578e-01 
4.098400e-02 	5.702823e-01 
4.127000e-02 	5.661165e-01 
4.155500e-02 	5.619609e-01 
4.184100e-02 	5.578158e-01 
4.212600e-02 	5.536814e-01 
4.241200e-02 	5.495582e-01 
4.269800e-02 	5.454464e-01 
4.298300e-02 	5.413464e-01 
4.326900e-02 	5.372584e-01 
4.355400e-02 	5.331828e-01 
4.384000e-02 	5.291200e-01 
4.412600e-02 	5.250701e-01 
4.441100e-02 	5.210336e-01 
4.469700e-02 	5.170106e-01 
4.498200e-02 	5.130016e-01 
4.526800e-02 	5.090068e-01 
4.555400e-02 	5.050266e-01 
4.583900e-02 	5.010610e-01 
4.612500e-02 	4.971105e-01 
4.641000e-02 	4.931754e-01 
4.669600e-02 	4.892558e-01 
4.698200e-02 	4.853521e-01 
4.726700e-02 	4.814645e-01 
4.755300e-02 	4.775934e-01 
4.783800e-02 	4.737389e-01 
4.812400e-02 	4.699014e-01 
4.841000e-02 	4.660811e-01 
4.869500e-02 	4.622782e-01 
4.898100e-02 	4.584930e-01 
4.926600e-02 	4.547256e-01 
4.955200e-02 	4.509764e-01 
4.983800e-02 	4.472456e-01 
5.012300e-02 	4.435334e-01 
5.040900e-02 	4.398400e-01 
5.069400e-02 	4.361657e-01 
5.098000e-02 	4.325108e-01 
5.126600e-02 	4.288753e-01 
5.155100e-02 	4.252596e-01 
5.183700e-02 	4.216637e-01 
5.212200e-02 	4.180880e-01 
5.240800e-02 	4.145324e-01 
5.269400e-02 	4.109974e-01 
5.297900e-02 	4.074829e-01 
5.326500e-02 	4.039893e-01 
5.355000e-02 	4.005166e-01 
5.383600e-02 	3.970652e-01 
5.412200e-02 	3.936351e-01 
5.440700e-02 	3.902266e-01 
5.469300e-02 	3.868397e-01 
5.497800e-02 	3.834747e-01 
5.526400e-02 	3.801314e-01 
5.555000e-02 	3.768101e-01 
5.583500e-02 	3.735108e-01 
5.612100e-02 	3.702336e-01 
5.640700e-02 	3.669785e-01 
5.669200e-02 	3.637457e-01 
5.697800e-02 	3.605351e-01 
5.726300e-02 	3.573469e-01 
5.754900e-02 	3.541812e-01 
5.783500e-02 	3.510380e-01 
5.812000e-02 	3.479174e-01 
5.840600e-02 	3.448195e-01 
5.869100e-02 	3.417443e-01 
5.897700e-02 	3.386919e-01 
5.926300e-02 	3.356621e-01 
5.954800e-02 	3.326550e-01 
5.983400e-02 	3.296704e-01 
6.011900e-02 	3.267084e-01 
6.040500e-02 	3.237688e-01 
6.069100e-02 	3.208517e-01 
6.097600e-02 	3.179571e-01 
6.126200e-02 	3.150847e-01 
6.154700e-02 	3.122347e-01 
6.183300e-02 	3.094070e-01 
6.211900e-02 	3.066015e-01 
6.240400e-02 	3.038182e-01 
6.269000e-02 	3.010571e-01 
6.297500e-02 	2.983181e-01 
6.326100e-02 	2.956011e-01 
6.354700e-02 	2.929061e-01 
6.383200e-02 	2.902331e-01 
6.411800e-02 	2.875820e-01 
6.440300e-02 	2.849528e-01 
6.468900e-02 	2.823454e-01 
6.497500e-02 	2.797597e-01 
6.526000e-02 	2.771957e-01 
6.554600e-02 	2.746534e-01 
6.583100e-02 	2.721326e-01 
6.611700e-02 	2.696335e-01 
6.640300e-02 	2.671558e-01 
6.668800e-02 	2.646996e-01 
6.697400e-02 	2.622648e-01 
6.725900e-02 	2.598514e-01 
6.754500e-02 	2.574594e-01 
6.783100e-02 	2.550885e-01 
6.811600e-02 	2.527388e-01 
6.840200e-02 	2.504101e-01 
6.868700e-02 	2.481024e-01 
6.897300e-02 	2.458155e-01 
6.925900e-02 	2.435493e-01 
6.954400e-02 	2.413038e-01 
6.983000e-02 	2.390789e-01 
7.011500e-02 	2.368745e-01 
7.040100e-02 	2.346904e-01 
7.068700e-02 	2.325267e-01 
7.097200e-02 	2.303832e-01 
7.125800e-02 	2.282599e-01 
7.154300e-02 	2.261567e-01 
7.182900e-02 	2.240735e-01 
7.211500e-02 	2.220102e-01 
7.240000e-02 	2.199668e-01 
7.268600e-02 	2.179431e-01 
7.297100e-02 	2.159389e-01 
7.325700e-02 	2.139542e-01 
7.354300e-02 	2.119888e-01 
7.382800e-02 	2.100425e-01 
7.411400e-02 	2.081152e-01 
7.439900e-02 	2.062067e-01 
7.468500e-02 	2.043169e-01 
7.497100e-02 	2.024456e-01 
7.525600e-02 	2.005927e-01 
7.554200e-02 	1.987580e-01 
7.582700e-02 	1.969414e-01 
7.611300e-02 	1.951428e-01 
7.639900e-02 	1.933620e-01 
7.668400e-02 	1.915989e-01 
7.697000e-02 	1.898534e-01 
7.725500e-02 	1.881252e-01 
7.754100e-02 	1.864144e-01 
7.782700e-02 	1.847207e-01 
7.811200e-02 	1.830440e-01 
7.839800e-02 	1.813842e-01 
7.868400e-02 	1.797412e-01 
7.896900e-02 	1.781148e-01 
7.925500e-02 	1.765049e-01 
7.954000e-02 	1.749114e-01 
7.982600e-02 	1.733341e-01 
8.011200e-02 	1.717730e-01 
8.039700e-02 	1.702278e-01 
8.068300e-02 	1.686984e-01 
8.096800e-02 	1.671848e-01 
8.125400e-02 	1.656867e-01 
8.154000e-02 	1.642040e-01 
8.182500e-02 	1.627366e-01 
8.211100e-02 	1.612845e-01 
8.239600e-02 	1.598474e-01 
8.268200e-02 	1.584252e-01 
8.296800e-02 	1.570179e-01 
8.325300e-02 	1.556253e-01 
8.353900e-02 	1.542473e-01 
8.382400e-02 	1.528837e-01 
8.411000e-02 	1.515345e-01 
8.439600e-02 	1.501996e-01 
8.468100e-02 	1.488787e-01 
8.496700e-02 	1.475719e-01 
8.525200e-02 	1.462789e-01 
8.553800e-02 	1.449997e-01 
8.582400e-02 	1.437341e-01 
8.610900e-02 	1.424820e-01 
8.639500e-02 	1.412433e-01 
8.668000e-02 	1.400178e-01 
8.696600e-02 	1.388054e-01 
8.725200e-02 	1.376060e-01 
8.753700e-02 	1.364194e-01 
8.782300e-02 	1.352454e-01 
8.810800e-02 	1.340840e-01 
8.839400e-02 	1.329350e-01 
8.868000e-02 	1.317983e-01 
8.896500e-02 	1.306737e-01 
8.925100e-02 	1.295612e-01 
8.953600e-02 	1.284605e-01 
8.982200e-02 	1.273715e-01 
9.010800e-02 	1.262941e-01 
9.039300e-02 	1.252282e-01 
9.067900e-02 	1.241736e-01 
9.096400e-02 	1.231303e-01 
9.125000e-02 	1.220979e-01 
9.153600e-02 	1.210765e-01 
9.182100e-02 	1.200659e-01 
9.210700e-02 	1.190659e-01 
9.239200e-02 	1.180765e-01 
9.267800e-02 	1.170974e-01 
9.296400e-02 	1.161286e-01 
9.324900e-02 	1.151699e-01 
9.353500e-02 	1.142212e-01 
9.382000e-02 	1.132825e-01 
9.410600e-02 	1.123535e-01 
9.439200e-02 	1.114343e-01 
9.467700e-02 	1.105248e-01 
9.496300e-02 	1.096247e-01 
9.524800e-02 	1.087340e-01 
9.553400e-02 	1.078526e-01 
9.582000e-02 	1.069805e-01 
9.610500e-02 	1.061174e-01 
9.639100e-02 	1.052633e-01 
9.667600e-02 	1.044181e-01 
9.696200e-02 	1.035816e-01 
9.724800e-02 	1.027539e-01 
9.753300e-02 	1.019347e-01 
9.781900e-02 	1.011239e-01 
9.810400e-02 	1.003215e-01 
9.839000e-02 	9.952739e-02 
9.867600e-02 	9.874138e-02 
9.896100e-02 	9.796339e-02 
9.924700e-02 	9.719335e-02 
9.953200e-02 	9.643114e-02 
9.981800e-02 	9.567667e-02 
1.001040e-01 	9.492985e-02 
1.003890e-01 	9.419058e-02 
1.006750e-01 	9.345877e-02 
1.009610e-01 	9.273435e-02 
1.012460e-01 	9.201722e-02 
1.015320e-01 	9.130729e-02 
1.018170e-01 	9.060449e-02 
1.021030e-01 	8.990871e-02 
1.023890e-01 	8.921987e-02 
1.026740e-01 	8.853789e-02 
1.029600e-01 	8.786266e-02 
1.032450e-01 	8.719411e-02 
1.035310e-01 	8.653215e-02 
1.038170e-01 	8.587667e-02 
1.041020e-01 	8.522759e-02 
1.043880e-01 	8.458482e-02 
1.046730e-01 	8.394826e-02 
1.049590e-01 	8.331783e-02 
1.052450e-01 	8.269342e-02 
1.055300e-01 	8.207495e-02 
1.058160e-01 	8.146233e-02 
1.061010e-01 	8.085549e-02 
1.063870e-01 	8.025435e-02 
1.066730e-01 	7.965887e-02 
1.069580e-01 	7.906897e-02 
1.072440e-01 	7.848458e-02 
1.075290e-01 	7.790565e-02 
1.078150e-01 	7.733210e-02 
1.081010e-01 	7.676388e-02 
1.083860e-01 	7.620091e-02 
1.086720e-01 	7.564313e-02 
1.089570e-01 	7.509047e-02 
1.092430e-01 	7.454285e-02 
1.095290e-01 	7.400022e-02 
1.098140e-01 	7.346250e-02 
1.101000e-01 	7.292963e-02 
1.103850e-01 	7.240153e-02 
1.106710e-01 	7.187814e-02 
1.109570e-01 	7.135939e-02 
1.112420e-01 	7.084522e-02 
1.115280e-01 	7.033555e-02 
1.118130e-01 	6.983031e-02 
1.120990e-01 	6.932945e-02 
1.123850e-01 	6.883288e-02 
1.126700e-01 	6.834054e-02 
1.129560e-01 	6.785237e-02 
1.132410e-01 	6.736830e-02 
1.135270e-01 	6.688825e-02 
1.138130e-01 	6.641215e-02 
1.140980e-01 	6.593996e-02 
1.143840e-01 	6.547162e-02 
1.146690e-01 	6.500709e-02 
1.149550e-01 	6.454634e-02 
1.152410e-01 	6.408932e-02 
1.155260e-01 	6.363599e-02 
1.158120e-01 	6.318629e-02 
1.160970e-01 	6.274020e-02 
1.163830e-01 	6.229766e-02 
1.166690e-01 	6.185863e-02 
1.169540e-01 	6.142306e-02 
1.172400e-01 	6.099091e-02 
1.175250e-01 	6.056214e-02 
1.178110e-01 	6.013670e-02 
1.180970e-01 	5.971455e-02 
1.183820e-01 	5.929565e-02 
1.186680e-01 	5.887994e-02 
1.189530e-01 	5.846741e-02 
1.192390e-01 	5.805800e-02 
1.195250e-01 	5.765170e-02 
1.198100e-01 	5.724847e-02 
1.200960e-01 	5.684828e-02 
1.203810e-01 	5.645109e-02 
1.206670e-01 	5.605687e-02 
1.209530e-01 	5.566559e-02 
1.212380e-01 	5.527721e-02 
1.215240e-01 	5.489171e-02 
1.218090e-01 	5.450905e-02 
1.220950e-01 	5.412919e-02 
1.223810e-01 	5.375212e-02 
1.226660e-01 	5.337778e-02 
1.229520e-01 	5.300616e-02 
1.232380e-01 	5.263720e-02 
1.235230e-01 	5.227087e-02 
1.238090e-01 	5.190714e-02 
1.240940e-01 	5.154597e-02 
1.243800e-01 	5.118732e-02 
1.246660e-01 	5.083116e-02 
1.249510e-01 	5.047744e-02 
1.252370e-01 	5.012613e-02 
1.255220e-01 	4.977719e-02 
1.258080e-01 	4.943059e-02 
1.260940e-01 	4.908630e-02 
1.263790e-01 	4.874426e-02 
1.266650e-01 	4.840445e-02 
1.269500e-01 	4.806681e-02 
1.272360e-01 	4.773133e-02 
1.275220e-01 	4.739795e-02 
1.278070e-01 	4.706663e-02 
1.280930e-01 	4.673736e-02 
1.283780e-01 	4.641012e-02 
1.286640e-01 	4.608491e-02 
1.289500e-01 	4.576169e-02 
1.292350e-01 	4.544047e-02 
1.295210e-01 	4.512123e-02 
1.298060e-01 	4.480395e-02 
1.300920e-01 	4.448864e-02 
1.303780e-01 	4.417527e-02 
1.306630e-01 	4.386383e-02 
1.309490e-01 	4.355431e-02 
1.312340e-01 	4.324670e-02 
1.315200e-01 	4.294098e-02 
1.318060e-01 	4.263715e-02 
1.320910e-01 	4.233518e-02 
1.323770e-01 	4.203508e-02 
1.326620e-01 	4.173682e-02 
1.329480e-01 	4.144039e-02 
1.332340e-01 	4.114579e-02 
1.335190e-01 	4.085300e-02 
1.338050e-01 	4.056200e-02 
1.340900e-01 	4.027279e-02 
1.343760e-01 	3.998535e-02 
1.346620e-01 	3.969968e-02 
1.349470e-01 	3.941574e-02 
1.352330e-01 	3.913354e-02 
1.355180e-01 	3.885305e-02 
1.358040e-01 	3.857425e-02 
1.360900e-01 	3.829714e-02 
1.363750e-01 	3.802169e-02 
1.366610e-01 	3.774789e-02 
1.369460e-01 	3.747573e-02 
1.372320e-01 	3.720518e-02 
1.375180e-01 	3.693623e-02 
1.378030e-01 	3.666887e-02 
1.380890e-01 	3.640308e-02 
1.383740e-01 	3.613885e-02 
1.386600e-01 	3.587616e-02 
1.389460e-01 	3.561500e-02 
1.392310e-01 	3.535535e-02 
1.395170e-01 	3.509719e-02 
1.398020e-01 	3.484052e-02 
1.400880e-01 	3.458531e-02 
1.403740e-01 	3.433156e-02 
1.406590e-01 	3.407925e-02 
1.409450e-01 	3.382836e-02 
1.412300e-01 	3.357889e-02 
1.415160e-01 	3.333082e-02 
1.418020e-01 	3.308413e-02 
1.420870e-01 	3.283884e-02 
1.423730e-01 	3.259492e-02 
1.426580e-01 	3.235240e-02 
1.429440e-01 	3.211125e-02 
1.432300e-01 	3.187149e-02 
1.435150e-01 	3.163311e-02 
1.438010e-01 	3.139611e-02 
1.440860e-01 	3.116049e-02 
1.443720e-01 	3.092624e-02 
1.446580e-01 	3.069337e-02 
1.449430e-01 	3.046186e-02 
1.452290e-01 	3.023170e-02 
1.455150e-01 	3.000291e-02 
1.458000e-01 	2.977546e-02 
1.460860e-01 	2.954935e-02 
1.463710e-01 	2.932457e-02 
1.466570e-01 	2.910113e-02 
1.469430e-01 	2.887901e-02 
1.472280e-01 	2.865821e-02 
1.475140e-01 	2.843872e-02 
1.477990e-01 	2.822054e-02 
1.480850e-01 	2.800366e-02 
1.483710e-01 	2.778807e-02 
1.486560e-01 	2.757377e-02 
1.489420e-01 	2.736076e-02 
1.492270e-01 	2.714904e-02 
1.495130e-01 	2.693859e-02 
1.497990e-01 	2.672942e-02 
1.500840e-01 	2.652151e-02 
1.503700e-01 	2.631487e-02 
1.506550e-01 	2.610950e-02 
1.509410e-01 	2.590538e-02 
1.512270e-01 	2.570251e-02 
1.515120e-01 	2.550090e-02 
1.517980e-01 	2.530053e-02 
1.520830e-01 	2.510140e-02 
1.523690e-01 	2.490351e-02 
1.526550e-01 	2.470685e-02 
1.529400e-01 	2.451142e-02 
1.532260e-01 	2.431721e-02 
1.535110e-01 	2.412422e-02 
1.537970e-01 	2.393245e-02 
1.540830e-01 	2.374189e-02 
1.543680e-01 	2.355253e-02 
1.546540e-01 	2.336438e-02 
1.549390e-01 	2.317742e-02 
1.552250e-01 	2.299165e-02 
1.555110e-01 	2.280708e-02 
1.557960e-01 	2.262369e-02 
1.560820e-01 	2.244148e-02 
1.563670e-01 	2.226045e-02 
1.566530e-01 	2.208060e-02 
1.569390e-01 	2.190192e-02 
1.572240e-01 	2.172441e-02 
1.575100e-01 	2.154807e-02 
1.577950e-01 	2.137289e-02 
1.580810e-01 	2.119887e-02 
1.583670e-01 	2.102600e-02 
1.586520e-01 	2.085428e-02 
1.589380e-01 	2.068370e-02 
1.592230e-01 	2.051426e-02 
1.595090e-01 	2.034597e-02 
1.597950e-01 	2.017881e-02 
1.600800e-01 	2.001278e-02 
1.603660e-01 	1.984789e-02 
1.606510e-01 	1.968412e-02 
1.609370e-01 	1.952149e-02 
1.612230e-01 	1.935997e-02 
1.615080e-01 	1.919958e-02 
1.617940e-01 	1.904030e-02 
1.620790e-01 	1.888213e-02 
1.623650e-01 	1.872508e-02 
1.626510e-01 	1.856914e-02 
1.629360e-01 	1.841430e-02 
1.632220e-01 	1.826056e-02 
1.635070e-01 	1.810792e-02 
1.637930e-01 	1.795638e-02 
1.640790e-01 	1.780593e-02 
1.643640e-01 	1.765657e-02 
1.646500e-01 	1.750830e-02 
1.649350e-01 	1.736111e-02 
1.652210e-01 	1.721501e-02 
1.655070e-01 	1.706998e-02 
1.657920e-01 	1.692602e-02 
1.660780e-01 	1.678314e-02 
1.663630e-01 	1.664133e-02 
1.666490e-01 	1.650059e-02 
1.669350e-01 	1.636090e-02 
1.672200e-01 	1.622228e-02 
1.675060e-01 	1.608471e-02 
1.677920e-01 	1.594820e-02 
1.680770e-01 	1.581274e-02 
1.683630e-01 	1.567833e-02 
1.686480e-01 	1.554496e-02 
1.689340e-01 	1.541263e-02 
1.692200e-01 	1.528135e-02 
1.695050e-01 	1.515110e-02 
1.697910e-01 	1.502187e-02 
1.700760e-01 	1.489368e-02 
1.703620e-01 	1.476650e-02 
1.706480e-01 	1.464034e-02 
1.709330e-01 	1.451518e-02 
1.712190e-01 	1.439104e-02 
1.715040e-01 	1.426790e-02 
1.717900e-01 	1.414575e-02 
1.720760e-01 	1.402460e-02 
1.723610e-01 	1.390445e-02 
1.726470e-01 	1.378527e-02 
1.729320e-01 	1.366708e-02 
1.732180e-01 	1.354986e-02 
1.735040e-01 	1.343362e-02 
1.737890e-01 	1.331835e-02 
1.740750e-01 	1.320404e-02 
1.743600e-01 	1.309069e-02 
1.746460e-01 	1.297829e-02 
1.749320e-01 	1.286685e-02 
1.752170e-01 	1.275636e-02 
1.755030e-01 	1.264681e-02 
1.757880e-01 	1.253820e-02 
1.760740e-01 	1.243052e-02 
1.763600e-01 	1.232377e-02 
1.766450e-01 	1.221795e-02 
1.769310e-01 	1.211306e-02 
1.772160e-01 	1.200908e-02 
1.775020e-01 	1.190601e-02 
1.777880e-01 	1.180385e-02 
1.780730e-01 	1.170260e-02 
1.783590e-01 	1.160225e-02 
1.786440e-01 	1.150279e-02 
1.789300e-01 	1.140423e-02 
1.792160e-01 	1.130655e-02 
1.795010e-01 	1.120976e-02 
1.797870e-01 	1.111385e-02 
1.800720e-01 	1.101882e-02 
1.803580e-01 	1.092465e-02 
1.806440e-01 	1.083135e-02 
1.809290e-01 	1.073892e-02 
1.812150e-01 	1.064734e-02 
1.815000e-01 	1.055662e-02 
1.817860e-01 	1.046675e-02 
1.820720e-01 	1.037772e-02 
1.823570e-01 	1.028954e-02 
1.826430e-01 	1.020219e-02 
1.829280e-01 	1.011568e-02 
1.832140e-01 	1.002999e-02 
1.835000e-01 	9.945140e-03 
1.837850e-01 	9.861107e-03 
1.840710e-01 	9.777891e-03 
1.843560e-01 	9.695487e-03 
1.846420e-01 	9.613891e-03 
1.849280e-01 	9.533096e-03 
1.852130e-01 	9.453098e-03 
1.854990e-01 	9.373891e-03 
1.857840e-01 	9.295472e-03 
1.860700e-01 	9.217834e-03 
1.863560e-01 	9.140973e-03 
1.866410e-01 	9.064885e-03 
1.869270e-01 	8.989562e-03 
1.872120e-01 	8.915002e-03 
1.874980e-01 	8.841198e-03 
1.877840e-01 	8.768146e-03 
1.880690e-01 	8.695840e-03 
1.883550e-01 	8.624277e-03 
1.886400e-01 	8.553449e-03 
1.889260e-01 	8.483354e-03 
1.892120e-01 	8.413985e-03 
1.894970e-01 	8.345337e-03 
1.897830e-01 	8.277406e-03 
1.900690e-01 	8.210187e-03 
1.903540e-01 	8.143674e-03 
1.906400e-01 	8.077863e-03 
1.909250e-01 	8.012748e-03 
1.912110e-01 	7.948324e-03 
1.914970e-01 	7.884587e-03 
1.917820e-01 	7.821531e-03 
1.920680e-01 	7.759152e-03 
1.923530e-01 	7.697444e-03 
1.926390e-01 	7.636403e-03 
1.929250e-01 	7.576024e-03 
1.932100e-01 	7.516302e-03 
1.934960e-01 	7.457232e-03 
1.937810e-01 	7.398810e-03 
1.940670e-01 	7.341030e-03 
1.943530e-01 	7.283888e-03 
1.946380e-01 	7.227379e-03 
1.949240e-01 	7.171498e-03 
1.952090e-01 	7.116239e-03 
1.954950e-01 	7.061600e-03 
1.957810e-01 	7.007573e-03 
1.960660e-01 	6.954155e-03 
1.963520e-01 	6.901343e-03 
1.966370e-01 	6.849131e-03 
1.969230e-01 	6.797515e-03 
1.972090e-01 	6.746492e-03 
1.974940e-01 	6.696055e-03 
1.977800e-01 	6.646201e-03 
1.980650e-01 	6.596926e-03 
1.983510e-01 	6.548223e-03 
1.986370e-01 	6.500090e-03 
1.989220e-01 	6.452520e-03 
1.992080e-01 	6.405510e-03 
1.994930e-01 	6.359055e-03 
1.997790e-01 	6.313150e-03 
2.000650e-01 	6.267791e-03 
2.003500e-01 	6.222972e-03 
2.006360e-01 	6.178690e-03 
2.009210e-01 	6.134940e-03 
2.012070e-01 	6.091716e-03 
2.014930e-01 	6.049015e-03 
2.017780e-01 	6.006831e-03 
2.020640e-01 	5.965160e-03 
2.023490e-01 	5.923998e-03 
2.026350e-01 	5.883339e-03 
2.029210e-01 	5.843180e-03 
2.032060e-01 	5.803515e-03 
2.034920e-01 	5.764339e-03 
2.037770e-01 	5.725649e-03 
2.040630e-01 	5.687440e-03 
2.043490e-01 	5.649706e-03 
2.046340e-01 	5.612444e-03 
2.049200e-01 	5.575650e-03 
2.052050e-01 	5.539318e-03 
2.054910e-01 	5.503444e-03 
2.057770e-01 	5.468024e-03 
2.060620e-01 	5.433053e-03 
2.063480e-01 	5.398527e-03 
2.066330e-01 	5.364442e-03 
2.069190e-01 	5.330793e-03 
2.072050e-01 	5.297575e-03 
2.074900e-01 	5.264785e-03 
2.077760e-01 	5.232418e-03 
2.080610e-01 	5.200469e-03 
2.083470e-01 	5.168934e-03 
2.086330e-01 	5.137809e-03 
2.089180e-01 	5.107089e-03 
2.092040e-01 	5.076771e-03 
2.094890e-01 	5.046849e-03 
2.097750e-01 	5.017320e-03 
2.100610e-01 	4.988179e-03 
2.103460e-01 	4.959422e-03 
2.106320e-01 	4.931045e-03 
2.109170e-01 	4.903044e-03 
2.112030e-01 	4.875414e-03 
2.114890e-01 	4.848153e-03 
2.117740e-01 	4.821256e-03 
2.120600e-01 	4.794720e-03 
2.123450e-01 	4.768543e-03 
2.126310e-01 	4.742719e-03 
2.129170e-01 	4.717246e-03 
2.132020e-01 	4.692121e-03 
2.134880e-01 	4.667339e-03 
2.137740e-01 	4.642897e-03 
2.140590e-01 	4.618792e-03 
2.143450e-01 	4.595021e-03 
2.146300e-01 	4.571579e-03 
2.149160e-01 	4.548463e-03 
2.152020e-01 	4.525670e-03 
2.154870e-01 	4.503196e-03 
2.157730e-01 	4.481037e-03 
2.160580e-01 	4.459191e-03 
2.163440e-01 	4.437654e-03 
2.166300e-01 	4.416423e-03 
2.169150e-01 	4.395493e-03 
2.172010e-01 	4.374862e-03 
2.174860e-01 	4.354526e-03 
2.177720e-01 	4.334481e-03 
2.180580e-01 	4.314725e-03 
2.183430e-01 	4.295254e-03 
2.186290e-01 	4.276065e-03 
2.189140e-01 	4.257153e-03 
2.192000e-01 	4.238518e-03 
2.194860e-01 	4.220154e-03 
2.197710e-01 	4.202058e-03 
2.200570e-01 	4.184228e-03 
2.203420e-01 	4.166661e-03 
2.206280e-01 	4.149352e-03 
2.209140e-01 	4.132299e-03 
2.211990e-01 	4.115498e-03 
2.214850e-01 	4.098947e-03 
2.217700e-01 	4.082642e-03 
2.220560e-01 	4.066580e-03 
2.223420e-01 	4.050759e-03 
2.226270e-01 	4.035174e-03 
2.229130e-01 	4.019823e-03 
2.231980e-01 	4.004704e-03 
2.234840e-01 	3.989812e-03 
2.237700e-01 	3.975145e-03 
2.240550e-01 	3.960700e-03 
2.243410e-01 	3.946474e-03 
2.246260e-01 	3.932463e-03 
2.249120e-01 	3.918666e-03 
2.251980e-01 	3.905079e-03 
2.254830e-01 	3.891700e-03 
2.257690e-01 	3.878528e-03 
2.260540e-01 	3.865560e-03 
2.263400e-01 	3.852795e-03 
2.266260e-01 	3.840229e-03 
2.269110e-01 	3.827861e-03 
2.271970e-01 	3.815688e-03 
2.274820e-01 	3.803709e-03 
2.277680e-01 	3.791922e-03 
2.280540e-01 	3.780323e-03 
2.283390e-01 	3.768912e-03 
2.286250e-01 	3.757685e-03 
2.289100e-01 	3.746642e-03 
2.291960e-01 	3.735778e-03 
2.294820e-01 	3.725094e-03 
2.297670e-01 	3.714585e-03 
2.300530e-01 	3.704251e-03 
2.303380e-01 	3.694089e-03 
2.306240e-01 	3.684097e-03 
2.309100e-01 	3.674273e-03 
2.311950e-01 	3.664615e-03 
2.314810e-01 	3.655121e-03 
2.317660e-01 	3.645789e-03 
2.320520e-01 	3.636617e-03 
2.323380e-01 	3.627603e-03 
2.326230e-01 	3.618745e-03 
2.329090e-01 	3.610041e-03 
2.331940e-01 	3.601488e-03 
2.334800e-01 	3.593086e-03 
2.337660e-01 	3.584831e-03 
2.340510e-01 	3.576722e-03 
2.343370e-01 	3.568757e-03 
2.346230e-01 	3.560934e-03 
2.349080e-01 	3.553252e-03 
2.351940e-01 	3.545709e-03 
2.354790e-01 	3.538304e-03 
2.357650e-01 	3.531034e-03 
2.360510e-01 	3.523899e-03 
2.363360e-01 	3.516896e-03 
2.366220e-01 	3.510023e-03 
2.369070e-01 	3.503280e-03 
2.371930e-01 	3.496664e-03 
2.374790e-01 	3.490174e-03 
2.377640e-01 	3.483808e-03 
2.380500e-01 	3.477565e-03 
2.383350e-01 	3.471442e-03 
2.386210e-01 	3.465438e-03 
2.389070e-01 	3.459553e-03 
2.391920e-01 	3.453785e-03 
2.394780e-01 	3.448132e-03 
2.397630e-01 	3.442594e-03 
2.400490e-01 	3.437170e-03 
2.403350e-01 	3.431859e-03 
2.406200e-01 	3.426660e-03 
2.409060e-01 	3.421571e-03 
2.411910e-01 	3.416592e-03 
2.414770e-01 	3.411721e-03 
2.417630e-01 	3.406958e-03 
2.420480e-01 	3.402301e-03 
2.423340e-01 	3.397749e-03 
2.426190e-01 	3.393301e-03 
2.429050e-01 	3.388957e-03 
2.431910e-01 	3.384715e-03 
2.434760e-01 	3.380574e-03 
2.437620e-01 	3.376534e-03 
2.440470e-01 	3.372592e-03 
2.443330e-01 	3.368748e-03 
2.446190e-01 	3.365002e-03 
2.449040e-01 	3.361351e-03 
2.451900e-01 	3.357795e-03 
2.454750e-01 	3.354333e-03 
2.457610e-01 	3.350964e-03 
2.460470e-01 	3.347687e-03 
2.463320e-01 	3.344501e-03 
2.466180e-01 	3.341405e-03 
2.469030e-01 	3.338397e-03 
2.471890e-01 	3.335477e-03 
2.474750e-01 	3.332645e-03 
2.477600e-01 	3.329899e-03 
2.480460e-01 	3.327239e-03 
2.483310e-01 	3.324664e-03 
2.486170e-01 	3.322173e-03 
2.489030e-01 	3.319765e-03 
2.491880e-01 	3.317441e-03 
2.494740e-01 	3.315198e-03 
2.497590e-01 	3.313036e-03 
2.500450e-01 	3.310955e-03 
2.503310e-01 	3.308954e-03 
2.506160e-01 	3.307032e-03 
2.509020e-01 	3.305188e-03 
2.511870e-01 	3.303422e-03 
2.514730e-01 	3.301734e-03 
2.517590e-01 	3.300121e-03 
2.520440e-01 	3.298584e-03 
2.523300e-01 	3.297121e-03 
2.526150e-01 	3.295733e-03 
2.529010e-01 	3.294419e-03 
2.531870e-01 	3.293178e-03 
2.534720e-01 	3.292009e-03 
2.537580e-01 	3.290913e-03 
2.540430e-01 	3.289889e-03 
2.543290e-01 	3.288937e-03 
2.546150e-01 	3.288055e-03 
2.549000e-01 	3.287244e-03 
2.551860e-01 	3.286503e-03 
2.554710e-01 	3.285832e-03 
2.557570e-01 	3.285230e-03 
2.560430e-01 	3.284697e-03 
2.563280e-01 	3.284233e-03 
2.566140e-01 	3.283836e-03 
2.568990e-01 	3.283507e-03 
2.571850e-01 	3.283244e-03 
2.574710e-01 	3.283048e-03 
2.577560e-01 	3.282919e-03 
2.580420e-01 	3.282855e-03 
2.583280e-01 	3.282856e-03 
2.586130e-01 	3.282922e-03 
2.588990e-01 	3.283052e-03 
2.591840e-01 	3.283247e-03 
2.594700e-01 	3.283504e-03 
2.597560e-01 	3.283825e-03 
2.600410e-01 	3.284208e-03 
2.603270e-01 	3.284654e-03 
2.606120e-01 	3.285161e-03 
2.608980e-01 	3.285730e-03 
2.611840e-01 	3.286360e-03 
2.614690e-01 	3.287051e-03 
2.617550e-01 	3.287802e-03 
2.620400e-01 	3.288614e-03 
2.623260e-01 	3.289485e-03 
2.626120e-01 	3.290415e-03 
2.628970e-01 	3.291404e-03 
2.631830e-01 	3.292452e-03 
2.634680e-01 	3.293558e-03 
2.637540e-01 	3.294722e-03 
2.640400e-01 	3.295943e-03 
2.643250e-01 	3.297222e-03 
2.646110e-01 	3.298557e-03 
2.648960e-01 	3.299948e-03 
2.651820e-01 	3.301396e-03 
2.654680e-01 	3.302899e-03 
2.657530e-01 	3.304458e-03 
2.660390e-01 	3.306071e-03 
2.663240e-01 	3.307739e-03 
2.666100e-01 	3.309461e-03 
2.668960e-01 	3.311238e-03 
2.671810e-01 	3.313067e-03 
2.674670e-01 	3.314951e-03 
2.677520e-01 	3.316887e-03 
2.680380e-01 	3.318876e-03 
2.683240e-01 	3.320917e-03 
2.686090e-01 	3.323011e-03 
2.688950e-01 	3.325156e-03 
2.691800e-01 	3.327353e-03 
2.694660e-01 	3.329602e-03 
2.697520e-01 	3.331901e-03 
2.700370e-01 	3.334251e-03 
2.703230e-01 	3.336651e-03 
2.706080e-01 	3.339101e-03 
2.708940e-01 	3.341601e-03 
2.711800e-01 	3.344150e-03 
2.714650e-01 	3.346748e-03 
2.717510e-01 	3.349396e-03 
2.720360e-01 	3.352092e-03 
2.723220e-01 	3.354835e-03 
2.726080e-01 	3.357627e-03 
2.728930e-01 	3.360466e-03 
2.731790e-01 	3.363353e-03 
2.734640e-01 	3.366286e-03 
2.737500e-01 	3.369265e-03 
2.740360e-01 	3.372290e-03 
2.743210e-01 	3.375361e-03 
2.746070e-01 	3.378477e-03 
2.748920e-01 	3.381638e-03 
2.751780e-01 	3.384844e-03 
2.754640e-01 	3.388093e-03 
2.757490e-01 	3.391386e-03 
2.760350e-01 	3.394722e-03 
2.763200e-01 	3.398102e-03 
2.766060e-01 	3.401523e-03 
2.768920e-01 	3.404987e-03 
2.771770e-01 	3.408493e-03 
2.774630e-01 	3.412040e-03 
2.777480e-01 	3.415629e-03 
2.780340e-01 	3.419257e-03 
2.783200e-01 	3.422927e-03 
2.786050e-01 	3.426636e-03 
2.788910e-01 	3.430385e-03 
2.791760e-01 	3.434173e-03 
2.794620e-01 	3.438000e-03 
2.797480e-01 	3.441865e-03 
2.800330e-01 	3.445769e-03 
2.803190e-01 	3.449710e-03 
2.806050e-01 	3.453689e-03 
2.808900e-01 	3.457704e-03 
2.811760e-01 	3.461756e-03 
2.814610e-01 	3.465844e-03 
2.817470e-01 	3.469967e-03 
2.820330e-01 	3.474126e-03 
2.823180e-01 	3.478318e-03 
2.826040e-01 	3.482545e-03 
2.828890e-01 	3.486806e-03 
2.831750e-01 	3.491100e-03 
2.834610e-01 	3.495426e-03 
2.837460e-01 	3.499785e-03 
2.840320e-01 	3.504175e-03 
2.843170e-01 	3.508597e-03 
2.846030e-01 	3.513049e-03 
2.848890e-01 	3.517532e-03 
2.851740e-01 	3.522045e-03 
2.854600e-01 	3.526586e-03 
2.857450e-01 	3.531157e-03 
2.860310e-01 	3.535756e-03 
2.863170e-01 	3.540383e-03 
2.866020e-01 	3.545037e-03 
2.868880e-01 	3.549718e-03 
2.871730e-01 	3.554425e-03 
2.874590e-01 	3.559159e-03 
2.877450e-01 	3.563917e-03 
2.880300e-01 	3.568700e-03 
2.883160e-01 	3.573507e-03 
2.886010e-01 	3.578338e-03 
2.888870e-01 	3.583192e-03 
2.891730e-01 	3.588069e-03 
2.894580e-01 	3.592968e-03 
2.897440e-01 	3.597889e-03 
2.900290e-01 	3.602831e-03 
2.903150e-01 	3.607793e-03 
2.906010e-01 	3.612776e-03 
2.908860e-01 	3.617778e-03 
2.911720e-01 	3.622799e-03 
2.914570e-01 	3.627839e-03 
2.917430e-01 	3.632896e-03 
2.920290e-01 	3.637971e-03 
2.923140e-01 	3.643063e-03 
2.926000e-01 	3.648171e-03 
2.928850e-01 	3.653296e-03 
2.931710e-01 	3.658435e-03 
2.934570e-01 	3.663589e-03 
2.937420e-01 	3.668758e-03 
2.940280e-01 	3.673940e-03 
2.943130e-01 	3.679135e-03 
2.945990e-01 	3.684343e-03 
2.948850e-01 	3.689562e-03 
2.951700e-01 	3.694793e-03 
2.954560e-01 	3.700033e-03 
2.957410e-01 	3.705284e-03 
2.960270e-01 	3.710543e-03 
2.963130e-01 	3.715810e-03 
2.965980e-01 	3.721086e-03 
2.968840e-01 	3.726368e-03 
2.971690e-01 	3.731656e-03 
2.974550e-01 	3.736949e-03 
2.977410e-01 	3.742248e-03 
2.980260e-01 	3.747551e-03 
2.983120e-01 	3.752857e-03 
2.985970e-01 	3.758166e-03 
2.988830e-01 	3.763477e-03 
2.991690e-01 	3.768789e-03 
2.994540e-01 	3.774102e-03 
2.997400e-01 	3.779415e-03 
3.000250e-01 	3.784727e-03 
3.003110e-01 	3.790038e-03 
3.005970e-01 	3.795347e-03 
3.008820e-01 	3.800653e-03 
3.011680e-01 	3.805955e-03 
3.014530e-01 	3.811253e-03 
3.017390e-01 	3.816546e-03 
3.020250e-01 	3.821834e-03 
3.023100e-01 	3.827115e-03 
3.025960e-01 	3.832389e-03 
3.028820e-01 	3.837655e-03 
3.031670e-01 	3.842913e-03 
3.034530e-01 	3.848161e-03 
3.037380e-01 	3.853400e-03 
3.040240e-01 	3.858627e-03 
3.043100e-01 	3.863844e-03 
3.045950e-01 	3.869048e-03 
3.048810e-01 	3.874239e-03 
3.051660e-01 	3.879417e-03 
3.054520e-01 	3.884580e-03 
3.057380e-01 	3.889728e-03 
3.060230e-01 	3.894861e-03 
3.063090e-01 	3.899977e-03 
3.065940e-01 	3.905077e-03 
3.068800e-01 	3.910158e-03 
3.071660e-01 	3.915221e-03 
3.074510e-01 	3.920264e-03 
3.077370e-01 	3.925288e-03 
3.080220e-01 	3.930291e-03 
3.083080e-01 	3.935272e-03 
3.085940e-01 	3.940232e-03 
3.088790e-01 	3.945169e-03 
3.091650e-01 	3.950083e-03 
3.094500e-01 	3.954972e-03 
3.097360e-01 	3.959838e-03 
3.100220e-01 	3.964678e-03 
3.103070e-01 	3.969492e-03 
3.105930e-01 	3.974280e-03 
3.108780e-01 	3.979040e-03 
3.111640e-01 	3.983773e-03 
3.114500e-01 	3.988478e-03 
3.117350e-01 	3.993154e-03 
3.120210e-01 	3.997800e-03 
3.123060e-01 	4.002416e-03 
3.125920e-01 	4.007002e-03 
3.128780e-01 	4.011557e-03 
3.131630e-01 	4.016080e-03 
3.134490e-01 	4.020571e-03 
3.137340e-01 	4.025029e-03 
3.140200e-01 	4.029454e-03 
3.143060e-01 	4.033845e-03 
3.145910e-01 	4.038202e-03 
3.148770e-01 	4.042524e-03 
3.151620e-01 	4.046810e-03 
3.154480e-01 	4.051061e-03 
3.157340e-01 	4.055275e-03 
3.160190e-01 	4.059452e-03 
3.163050e-01 	4.063592e-03 
3.165900e-01 	4.067694e-03 
3.168760e-01 	4.071757e-03 
3.171620e-01 	4.075781e-03 
3.174470e-01 	4.079766e-03 
3.177330e-01 	4.083711e-03 
3.180180e-01 	4.087615e-03 
3.183040e-01 	4.091478e-03 
3.185900e-01 	4.095300e-03 
3.188750e-01 	4.099079e-03 
3.191610e-01 	4.102816e-03 
3.194460e-01 	4.106510e-03 
3.197320e-01 	4.110161e-03 
3.200180e-01 	4.113767e-03 
3.203030e-01 	4.117329e-03 
3.205890e-01 	4.120846e-03 
3.208740e-01 	4.124317e-03 
3.211600e-01 	4.127742e-03 
3.214460e-01 	4.131121e-03 
3.217310e-01 	4.134452e-03 
3.220170e-01 	4.137736e-03 
3.223020e-01 	4.140972e-03 
3.225880e-01 	4.144158e-03 
3.228740e-01 	4.147294e-03 
3.231590e-01 	4.150379e-03 
3.234450e-01 	4.153412e-03 
3.237300e-01 	4.156394e-03 
3.240160e-01 	4.159322e-03 
3.243020e-01 	4.162196e-03 
3.245870e-01 	4.165014e-03 
3.248730e-01 	4.167777e-03 
3.251590e-01 	4.170483e-03 
3.254440e-01 	4.173131e-03 
3.257300e-01 	4.175720e-03 
3.260150e-01 	4.178250e-03 
3.263010e-01 	4.180719e-03 
3.265870e-01 	4.183126e-03 
3.268720e-01 	4.185471e-03 
3.271580e-01 	4.187752e-03 
3.274430e-01 	4.189968e-03 
3.277290e-01 	4.192120e-03 
3.280150e-01 	4.194204e-03 
3.283000e-01 	4.196221e-03 
3.285860e-01 	4.198170e-03 
3.288710e-01 	4.200050e-03 
3.291570e-01 	4.201859e-03 
3.294430e-01 	4.203597e-03 
3.297280e-01 	4.205262e-03 
3.300140e-01 	4.206854e-03 
3.302990e-01 	4.208372e-03 
3.305850e-01 	4.209814e-03 
3.308710e-01 	4.211181e-03 
3.311560e-01 	4.212469e-03 
3.314420e-01 	4.213680e-03 
3.317270e-01 	4.214812e-03 
3.320130e-01 	4.215863e-03 
3.322990e-01 	4.216834e-03 
3.325840e-01 	4.217722e-03 
3.328700e-01 	4.218527e-03 
3.331550e-01 	4.219248e-03 
3.334410e-01 	4.219884e-03 
3.337270e-01 	4.220433e-03 
3.340120e-01 	4.220896e-03 
3.342980e-01 	4.221271e-03 
3.345830e-01 	4.221557e-03 
3.348690e-01 	4.221752e-03 
3.351550e-01 	4.221857e-03 
3.354400e-01 	4.221870e-03 
3.357260e-01 	4.221791e-03 
3.360110e-01 	4.221620e-03 
3.362970e-01 	4.221359e-03 
3.365830e-01 	4.221007e-03 
3.368680e-01 	4.220567e-03 
3.371540e-01 	4.220040e-03 
3.374390e-01 	4.219428e-03 
3.377250e-01 	4.218731e-03 
3.380110e-01 	4.217953e-03 
3.382960e-01 	4.217095e-03 
3.385820e-01 	4.216158e-03 
3.388670e-01 	4.215146e-03 
3.391530e-01 	4.214059e-03 
3.394390e-01 	4.212900e-03 
3.397240e-01 	4.211671e-03 
3.400100e-01 	4.210374e-03 
3.402950e-01 	4.209011e-03 
3.405810e-01 	4.207584e-03 
3.408670e-01 	4.206095e-03 
3.411520e-01 	4.204547e-03 
3.414380e-01 	4.202940e-03 
3.417230e-01 	4.201278e-03 
3.420090e-01 	4.199562e-03 
3.422950e-01 	4.197794e-03 
3.425800e-01 	4.195977e-03 
3.428660e-01 	4.194113e-03 
3.431510e-01 	4.192203e-03 
3.434370e-01 	4.190249e-03 
3.437230e-01 	4.188255e-03 
3.440080e-01 	4.186220e-03 
3.442940e-01 	4.184149e-03 
3.445790e-01 	4.182043e-03 
3.448650e-01 	4.179903e-03 
3.451510e-01 	4.177732e-03 
3.454360e-01 	4.175533e-03 
3.457220e-01 	4.173306e-03 
3.460070e-01 	4.171055e-03 
3.462930e-01 	4.168780e-03 
3.465790e-01 	4.166485e-03 
3.468640e-01 	4.164172e-03 
3.471500e-01 	4.161841e-03 
3.474360e-01 	4.159496e-03 
3.477210e-01 	4.157139e-03 
3.480070e-01 	4.154771e-03 
3.482920e-01 	4.152394e-03 
3.485780e-01 	4.150012e-03 
3.488640e-01 	4.147624e-03 
3.491490e-01 	4.145235e-03 
