#q 	 Ifit_avg 
5.698000e-03 	1.000000e+00 
5.998000e-03 	9.974070e-01 
6.298000e-03 	9.948119e-01 
6.598000e-03 	9.922127e-01 
6.897000e-03 	9.896073e-01 
7.197000e-03 	9.869936e-01 
7.497000e-03 	9.843695e-01 
7.797000e-03 	9.817339e-01 
8.097000e-03 	9.790828e-01 
8.397000e-03 	9.764152e-01 
8.697000e-03 	9.737289e-01 
8.997000e-03 	9.710218e-01 
9.297000e-03 	9.682918e-01 
9.597000e-03 	9.655369e-01 
9.896000e-03 	9.627550e-01 
1.019600e-02 	9.599468e-01 
1.049600e-02 	9.571037e-01 
1.079600e-02 	9.542273e-01 
1.109600e-02 	9.513155e-01 
1.139600e-02 	9.483663e-01 
1.169600e-02 	9.453776e-01 
1.199600e-02 	9.423472e-01 
1.229500e-02 	9.392835e-01 
1.259500e-02 	9.361638e-01 
1.289500e-02 	9.329963e-01 
1.319500e-02 	9.297788e-01 
1.349500e-02 	9.265094e-01 
1.379500e-02 	9.231860e-01 
1.409500e-02 	9.198065e-01 
1.439500e-02 	9.163693e-01 
1.469500e-02 	9.128723e-01 
1.499400e-02 	9.093261e-01 
1.529400e-02 	9.057053e-01 
1.559400e-02 	9.020205e-01 
1.589400e-02 	8.982705e-01 
1.619400e-02 	8.944548e-01 
1.649400e-02 	8.905726e-01 
1.679400e-02 	8.866239e-01 
1.709400e-02 	8.826086e-01 
1.739400e-02 	8.785274e-01 
1.769300e-02 	8.743947e-01 
1.799300e-02 	8.701839e-01 
1.829300e-02 	8.659102e-01 
1.859300e-02 	8.615749e-01 
1.889300e-02 	8.571797e-01 
1.919300e-02 	8.527268e-01 
1.949300e-02 	8.482179e-01 
1.979300e-02 	8.436551e-01 
2.009300e-02 	8.390406e-01 
2.039200e-02 	8.343922e-01 
2.069200e-02 	8.296807e-01 
2.099200e-02 	8.249239e-01 
2.129200e-02 	8.201238e-01 
2.159200e-02 	8.152825e-01 
2.189200e-02 	8.104021e-01 
2.219200e-02 	8.054847e-01 
2.249200e-02 	8.005324e-01 
2.279200e-02 	7.955471e-01 
2.309100e-02 	7.905477e-01 
2.339100e-02 	7.855027e-01 
2.369100e-02 	7.804307e-01 
2.399100e-02 	7.753336e-01 
2.429100e-02 	7.702134e-01 
2.459100e-02 	7.650719e-01 
2.489100e-02 	7.599108e-01 
2.519100e-02 	7.547320e-01 
2.549100e-02 	7.495372e-01 
2.579000e-02 	7.443454e-01 
2.609000e-02 	7.391236e-01 
2.639000e-02 	7.338906e-01 
2.669000e-02 	7.286480e-01 
2.699000e-02 	7.233973e-01 
2.729000e-02 	7.181399e-01 
2.759000e-02 	7.128771e-01 
2.789000e-02 	7.076103e-01 
2.818900e-02 	7.023584e-01 
2.848900e-02 	6.970874e-01 
2.878900e-02 	6.918160e-01 
2.908900e-02 	6.865453e-01 
2.938900e-02 	6.812764e-01 
2.968900e-02 	6.760105e-01 
2.998900e-02 	6.707484e-01 
3.028900e-02 	6.654910e-01 
3.058900e-02 	6.602392e-01 
3.088800e-02 	6.550114e-01 
3.118800e-02 	6.497734e-01 
3.148800e-02 	6.445435e-01 
3.178800e-02 	6.393226e-01 
3.208800e-02 	6.341111e-01 
3.238800e-02 	6.289099e-01 
3.268800e-02 	6.237196e-01 
3.298800e-02 	6.185410e-01 
3.328700e-02 	6.133918e-01 
3.358700e-02 	6.082383e-01 
3.388700e-02 	6.030982e-01 
3.418700e-02 	5.979723e-01 
3.448700e-02 	5.928611e-01 
3.478700e-02 	5.877652e-01 
3.508700e-02 	5.826852e-01 
3.538700e-02 	5.776216e-01 
3.568600e-02 	5.725918e-01 
3.598600e-02 	5.675627e-01 
3.628600e-02 	5.625516e-01 
3.658600e-02 	5.575592e-01 
3.688600e-02 	5.525859e-01 
3.718600e-02 	5.476322e-01 
3.748600e-02 	5.426986e-01 
3.778600e-02 	5.377857e-01 
3.808500e-02 	5.329101e-01 
3.838500e-02 	5.280397e-01 
3.868500e-02 	5.231912e-01 
3.898500e-02 	5.183652e-01 
3.928500e-02 	5.135620e-01 
3.958500e-02 	5.087821e-01 
3.988500e-02 	5.040259e-01 
4.018500e-02 	4.992938e-01 
4.048500e-02 	4.945861e-01 
4.078400e-02 	4.899188e-01 
4.108400e-02 	4.852609e-01 
4.138400e-02 	4.806286e-01 
4.168400e-02 	4.760222e-01 
4.198400e-02 	4.714420e-01 
4.228400e-02 	4.668884e-01 
4.258400e-02 	4.623615e-01 
4.288400e-02 	4.578617e-01 
4.318300e-02 	4.534042e-01 
4.348300e-02 	4.489593e-01 
4.378300e-02 	4.445424e-01 
4.408300e-02 	4.401537e-01 
4.438300e-02 	4.357934e-01 
4.468300e-02 	4.314617e-01 
4.498300e-02 	4.271590e-01 
4.528200e-02 	4.228995e-01 
4.558200e-02 	4.186551e-01 
4.588200e-02 	4.144402e-01 
4.618200e-02 	4.102549e-01 
4.648200e-02 	4.060996e-01 
4.678200e-02 	4.019743e-01 
4.708200e-02 	3.978791e-01 
4.738200e-02 	3.938144e-01 
4.768100e-02 	3.897935e-01 
4.798100e-02 	3.857898e-01 
4.828100e-02 	3.818169e-01 
4.858100e-02 	3.778749e-01 
4.888100e-02 	3.739638e-01 
4.918100e-02 	3.700839e-01 
4.948100e-02 	3.662350e-01 
4.978100e-02 	3.624175e-01 
5.008000e-02 	3.586438e-01 
5.038000e-02 	3.548888e-01 
5.068000e-02 	3.511653e-01 
5.098000e-02 	3.474734e-01 
5.128000e-02 	3.438129e-01 
5.158000e-02 	3.401840e-01 
5.188000e-02 	3.365867e-01 
5.217900e-02 	3.330327e-01 
5.247900e-02 	3.294982e-01 
5.277900e-02 	3.259953e-01 
5.307900e-02 	3.225239e-01 
5.337900e-02 	3.190841e-01 
5.367900e-02 	3.156757e-01 
5.397900e-02 	3.122988e-01 
5.427900e-02 	3.089533e-01 
5.457800e-02 	3.056500e-01 
5.487800e-02 	3.023668e-01 
5.517800e-02 	2.991146e-01 
5.547800e-02 	2.958934e-01 
5.577800e-02 	2.927032e-01 
5.607800e-02 	2.895437e-01 
5.637800e-02 	2.864149e-01 
5.667700e-02 	2.833270e-01 
5.697700e-02 	2.802593e-01 
5.727700e-02 	2.772219e-01 
5.757700e-02 	2.742147e-01 
5.787700e-02 	2.712376e-01 
5.817700e-02 	2.682904e-01 
5.847700e-02 	2.653729e-01 
5.877600e-02 	2.624946e-01 
5.907600e-02 	2.596360e-01 
5.937600e-02 	2.568067e-01 
5.967600e-02 	2.540065e-01 
5.997600e-02 	2.512352e-01 
6.027600e-02 	2.484926e-01 
6.057600e-02 	2.457786e-01 
6.087500e-02 	2.431020e-01 
6.117500e-02 	2.404447e-01 
6.147500e-02 	2.378155e-01 
6.177500e-02 	2.352141e-01 
6.207500e-02 	2.326406e-01 
6.237500e-02 	2.300945e-01 
6.267500e-02 	2.275759e-01 
6.297400e-02 	2.250926e-01 
6.327400e-02 	2.226279e-01 
6.357400e-02 	2.201901e-01 
6.387400e-02 	2.177788e-01 
6.417400e-02 	2.153940e-01 
6.447400e-02 	2.130355e-01 
6.477400e-02 	2.107030e-01 
6.507300e-02 	2.084040e-01 
6.537300e-02 	2.061230e-01 
6.567300e-02 	2.038676e-01 
6.597300e-02 	2.016374e-01 
6.627300e-02 	1.994324e-01 
6.657300e-02 	1.972523e-01 
6.687200e-02 	1.951041e-01 
6.717200e-02 	1.929731e-01 
6.747200e-02 	1.908665e-01 
6.777200e-02 	1.887841e-01 
6.807200e-02 	1.867256e-01 
6.837200e-02 	1.846908e-01 
6.867200e-02 	1.826796e-01 
6.897100e-02 	1.806983e-01 
6.927100e-02 	1.787336e-01 
6.957100e-02 	1.767918e-01 
6.987100e-02 	1.748728e-01 
7.017100e-02 	1.729765e-01 
7.047100e-02 	1.711025e-01 
7.077000e-02 	1.692568e-01 
7.107000e-02 	1.674269e-01 
7.137000e-02 	1.656188e-01 
7.167000e-02 	1.638322e-01 
7.197000e-02 	1.620670e-01 
7.227000e-02 	1.603229e-01 
7.257000e-02 	1.585998e-01 
7.286900e-02 	1.569030e-01 
7.316900e-02 	1.552211e-01 
7.346900e-02 	1.535596e-01 
7.376900e-02 	1.519182e-01 
7.406900e-02 	1.502968e-01 
7.436900e-02 	1.486952e-01 
7.466800e-02 	1.471185e-01 
7.496800e-02 	1.455559e-01 
7.526800e-02 	1.440125e-01 
7.556800e-02 	1.424881e-01 
7.586800e-02 	1.409826e-01 
7.616800e-02 	1.394956e-01 
7.646700e-02 	1.380320e-01 
7.676700e-02 	1.365817e-01 
7.706700e-02 	1.351494e-01 
7.736700e-02 	1.337351e-01 
7.766700e-02 	1.323384e-01 
7.796700e-02 	1.309592e-01 
7.826600e-02 	1.296020e-01 
7.856600e-02 	1.282572e-01 
7.886600e-02 	1.269295e-01 
7.916600e-02 	1.256185e-01 
7.946600e-02 	1.243242e-01 
7.976600e-02 	1.230463e-01 
8.006500e-02 	1.217888e-01 
8.036500e-02 	1.205431e-01 
8.066500e-02 	1.193134e-01 
8.096500e-02 	1.180994e-01 
8.126500e-02 	1.169010e-01 
8.156500e-02 	1.157180e-01 
8.186400e-02 	1.145541e-01 
8.216400e-02 	1.134014e-01 
8.246400e-02 	1.122636e-01 
8.276400e-02 	1.111406e-01 
8.306400e-02 	1.100321e-01 
8.336400e-02 	1.089381e-01 
8.366300e-02 	1.078619e-01 
8.396300e-02 	1.067961e-01 
8.426300e-02 	1.057442e-01 
8.456300e-02 	1.047061e-01 
8.486300e-02 	1.036815e-01 
8.516300e-02 	1.026704e-01 
8.546200e-02 	1.016758e-01 
8.576200e-02 	1.006910e-01 
8.606200e-02 	9.971923e-02 
8.636200e-02 	9.876026e-02 
8.666200e-02 	9.781397e-02 
8.696100e-02 	9.688331e-02 
8.726100e-02 	9.596189e-02 
8.756100e-02 	9.505271e-02 
8.786100e-02 	9.415561e-02 
8.816100e-02 	9.327045e-02 
8.846100e-02 	9.239706e-02 
8.876000e-02 	9.153815e-02 
8.906000e-02 	9.068781e-02 
8.936000e-02 	8.984879e-02 
8.966000e-02 	8.902094e-02 
8.996000e-02 	8.820413e-02 
9.025900e-02 	8.740088e-02 
9.055900e-02 	8.660571e-02 
9.085900e-02 	8.582119e-02 
9.115900e-02 	8.504718e-02 
9.145900e-02 	8.428357e-02 
9.175900e-02 	8.353021e-02 
9.205800e-02 	8.278945e-02 
9.235800e-02 	8.205620e-02 
9.265800e-02 	8.133283e-02 
9.295800e-02 	8.061920e-02 
9.325800e-02 	7.991518e-02 
9.355700e-02 	7.922295e-02 
9.385700e-02 	7.853775e-02 
9.415700e-02 	7.786178e-02 
9.445700e-02 	7.719491e-02 
9.475700e-02 	7.653701e-02 
9.505600e-02 	7.589010e-02 
9.535600e-02 	7.524972e-02 
9.565600e-02 	7.461795e-02 
9.595600e-02 	7.399468e-02 
9.625600e-02 	7.337980e-02 
9.655600e-02 	7.277321e-02 
9.685500e-02 	7.217677e-02 
9.715500e-02 	7.158640e-02 
9.745500e-02 	7.100400e-02 
9.775500e-02 	7.042946e-02 
9.805500e-02 	6.986268e-02 
9.835400e-02 	6.930541e-02 
9.865400e-02 	6.875380e-02 
9.895400e-02 	6.820964e-02 
9.925400e-02 	6.767281e-02 
9.955400e-02 	6.714321e-02 
9.985300e-02 	6.662246e-02 
1.001500e-01 	6.611210e-02 
1.004500e-01 	6.560346e-02 
1.007500e-01 	6.510164e-02 
1.010500e-01 	6.460651e-02 
1.013500e-01 	6.411799e-02 
1.016500e-01 	6.363597e-02 
1.019500e-01 	6.316037e-02 
1.022500e-01 	6.269111e-02 
1.025500e-01 	6.222809e-02 
1.028500e-01 	6.177123e-02 
1.031500e-01 	6.132044e-02 
1.034500e-01 	6.087565e-02 
1.037500e-01 	6.043676e-02 
1.040500e-01 	6.000370e-02 
1.043500e-01 	5.957636e-02 
1.046500e-01 	5.915468e-02 
1.049500e-01 	5.873855e-02 
1.052500e-01 	5.832791e-02 
1.055500e-01 	5.792266e-02 
1.058500e-01 	5.752272e-02 
1.061500e-01 	5.712800e-02 
1.064500e-01 	5.673843e-02 
1.067500e-01 	5.635391e-02 
1.070500e-01 	5.597437e-02 
1.073500e-01 	5.559973e-02 
1.076500e-01 	5.522989e-02 
1.079500e-01 	5.486479e-02 
1.082500e-01 	5.450435e-02 
1.085500e-01 	5.414851e-02 
1.088500e-01 	5.379720e-02 
1.091500e-01 	5.345035e-02 
1.094500e-01 	5.310790e-02 
1.097500e-01 	5.276979e-02 
1.100500e-01 	5.243594e-02 
1.103500e-01 	5.210630e-02 
1.106500e-01 	5.178080e-02 
1.109500e-01 	5.145937e-02 
1.112500e-01 	5.114195e-02 
1.115500e-01 	5.082849e-02 
1.118400e-01 	5.052916e-02 
1.121400e-01 	5.022327e-02 
1.124400e-01 	4.992114e-02 
1.127400e-01 	4.962270e-02 
1.130400e-01 	4.932790e-02 
1.133400e-01 	4.903667e-02 
1.136400e-01 	4.874894e-02 
1.139400e-01 	4.846468e-02 
1.142400e-01 	4.818381e-02 
1.145400e-01 	4.790629e-02 
1.148400e-01 	4.763206e-02 
1.151400e-01 	4.736106e-02 
1.154400e-01 	4.709324e-02 
1.157400e-01 	4.682855e-02 
1.160400e-01 	4.656693e-02 
1.163400e-01 	4.630834e-02 
1.166400e-01 	4.605272e-02 
1.169400e-01 	4.580004e-02 
1.172400e-01 	4.555024e-02 
1.175400e-01 	4.530328e-02 
1.178400e-01 	4.505910e-02 
1.181400e-01 	4.481767e-02 
1.184400e-01 	4.457892e-02 
1.187400e-01 	4.434282e-02 
1.190400e-01 	4.410932e-02 
1.193400e-01 	4.387837e-02 
1.196400e-01 	4.364992e-02 
1.199400e-01 	4.342393e-02 
1.202400e-01 	4.320035e-02 
1.205400e-01 	4.297913e-02 
1.208400e-01 	4.276024e-02 
1.211400e-01 	4.254364e-02 
1.214400e-01 	4.232928e-02 
1.217400e-01 	4.211713e-02 
1.220400e-01 	4.190717e-02 
1.223400e-01 	4.169934e-02 
1.226400e-01 	4.149361e-02 
1.229400e-01 	4.128996e-02 
1.232400e-01 	4.108835e-02 
1.235400e-01 	4.088874e-02 
1.238400e-01 	4.069110e-02 
1.241400e-01 	4.049539e-02 
1.244300e-01 	4.030801e-02 
1.247300e-01 	4.011601e-02 
1.250300e-01 	3.992584e-02 
1.253300e-01 	3.973747e-02 
1.256300e-01 	3.955087e-02 
1.259300e-01 	3.936601e-02 
1.262300e-01 	3.918285e-02 
1.265300e-01 	3.900136e-02 
1.268300e-01 	3.882153e-02 
1.271300e-01 	3.864330e-02 
1.274300e-01 	3.846667e-02 
1.277300e-01 	3.829159e-02 
1.280300e-01 	3.811803e-02 
1.283300e-01 	3.794597e-02 
1.286300e-01 	3.777538e-02 
1.289300e-01 	3.760622e-02 
1.292300e-01 	3.743847e-02 
1.295300e-01 	3.727210e-02 
1.298300e-01 	3.710709e-02 
1.301300e-01 	3.694342e-02 
1.304300e-01 	3.678106e-02 
1.307300e-01 	3.661998e-02 
1.310300e-01 	3.646018e-02 
1.313300e-01 	3.630161e-02 
1.316300e-01 	3.614427e-02 
1.319300e-01 	3.598812e-02 
1.322300e-01 	3.583315e-02 
1.325300e-01 	3.567933e-02 
1.328300e-01 	3.552663e-02 
1.331300e-01 	3.537504e-02 
1.334300e-01 	3.522454e-02 
1.337300e-01 	3.507511e-02 
1.340300e-01 	3.492672e-02 
1.343300e-01 	3.477937e-02 
1.346300e-01 	3.463304e-02 
1.349300e-01 	3.448770e-02 
1.352300e-01 	3.434334e-02 
1.355300e-01 	3.419994e-02 
1.358200e-01 	3.406223e-02 
1.361200e-01 	3.392068e-02 
1.364200e-01 	3.378004e-02 
1.367200e-01 	3.364030e-02 
1.370200e-01 	3.350143e-02 
1.373200e-01 	3.336344e-02 
1.376200e-01 	3.322629e-02 
1.379200e-01 	3.308998e-02 
1.382200e-01 	3.295449e-02 
1.385200e-01 	3.281980e-02 
1.388200e-01 	3.268591e-02 
1.391200e-01 	3.255279e-02 
1.394200e-01 	3.242043e-02 
1.397200e-01 	3.228882e-02 
1.400200e-01 	3.215795e-02 
1.403200e-01 	3.202779e-02 
1.406200e-01 	3.189834e-02 
1.409200e-01 	3.176959e-02 
1.412200e-01 	3.164151e-02 
1.415200e-01 	3.151411e-02 
1.418200e-01 	3.138736e-02 
1.421200e-01 	3.126126e-02 
1.424200e-01 	3.113580e-02 
1.427200e-01 	3.101095e-02 
1.430200e-01 	3.088672e-02 
1.433200e-01 	3.076308e-02 
1.436200e-01 	3.064004e-02 
1.439200e-01 	3.051758e-02 
1.442200e-01 	3.039569e-02 
1.445200e-01 	3.027437e-02 
1.448200e-01 	3.015360e-02 
1.451200e-01 	3.003339e-02 
1.454200e-01 	2.991371e-02 
1.457200e-01 	2.979456e-02 
1.460100e-01 	2.967987e-02 
1.463100e-01 	2.956174e-02 
1.466100e-01 	2.944411e-02 
1.469100e-01 	2.932698e-02 
1.472100e-01 	2.921034e-02 
1.475100e-01 	2.909419e-02 
1.478100e-01 	2.897851e-02 
1.481100e-01 	2.886330e-02 
1.484100e-01 	2.874854e-02 
1.487100e-01 	2.863425e-02 
1.490100e-01 	2.852040e-02 
1.493100e-01 	2.840699e-02 
1.496100e-01 	2.829401e-02 
1.499100e-01 	2.818147e-02 
1.502100e-01 	2.806935e-02 
1.505100e-01 	2.795764e-02 
1.508100e-01 	2.784636e-02 
1.511100e-01 	2.773548e-02 
1.514100e-01 	2.762501e-02 
1.517100e-01 	2.751493e-02 
1.520100e-01 	2.740525e-02 
1.523100e-01 	2.729596e-02 
1.526100e-01 	2.718706e-02 
1.529100e-01 	2.707854e-02 
1.532100e-01 	2.697040e-02 
1.535100e-01 	2.686264e-02 
1.538100e-01 	2.675524e-02 
1.541100e-01 	2.664822e-02 
1.544100e-01 	2.654156e-02 
1.547100e-01 	2.643526e-02 
1.550100e-01 	2.632931e-02 
1.553100e-01 	2.622372e-02 
1.556000e-01 	2.612199e-02 
1.559000e-01 	2.601708e-02 
1.562000e-01 	2.591252e-02 
1.565000e-01 	2.580830e-02 
1.568000e-01 	2.570442e-02 
1.571000e-01 	2.560087e-02 
1.574000e-01 	2.549765e-02 
1.577000e-01 	2.539477e-02 
1.580000e-01 	2.529220e-02 
1.583000e-01 	2.518997e-02 
1.586000e-01 	2.508805e-02 
1.589000e-01 	2.498646e-02 
1.592000e-01 	2.488517e-02 
1.595000e-01 	2.478421e-02 
1.598000e-01 	2.468355e-02 
1.601000e-01 	2.458321e-02 
1.604000e-01 	2.448318e-02 
1.607000e-01 	2.438345e-02 
1.610000e-01 	2.428402e-02 
1.613000e-01 	2.418490e-02 
1.616000e-01 	2.408608e-02 
1.619000e-01 	2.398756e-02 
1.622000e-01 	2.388934e-02 
1.625000e-01 	2.379143e-02 
1.628000e-01 	2.369381e-02 
1.631000e-01 	2.359648e-02 
1.634000e-01 	2.349946e-02 
1.637000e-01 	2.340273e-02 
1.640000e-01 	2.330630e-02 
1.642900e-01 	2.321336e-02 
1.645900e-01 	2.311751e-02 
1.648900e-01 	2.302195e-02 
1.651900e-01 	2.292669e-02 
1.654900e-01 	2.283172e-02 
1.657900e-01 	2.273704e-02 
1.660900e-01 	2.264266e-02 
1.663900e-01 	2.254857e-02 
1.666900e-01 	2.245478e-02 
1.669900e-01 	2.236127e-02 
1.672900e-01 	2.226807e-02 
1.675900e-01 	2.217515e-02 
1.678900e-01 	2.208253e-02 
1.681900e-01 	2.199020e-02 
1.684900e-01 	2.189816e-02 
1.687900e-01 	2.180642e-02 
1.690900e-01 	2.171498e-02 
1.693900e-01 	2.162382e-02 
1.696900e-01 	2.153296e-02 
1.699900e-01 	2.144239e-02 
1.702900e-01 	2.135212e-02 
1.705900e-01 	2.126214e-02 
1.708900e-01 	2.117245e-02 
1.711900e-01 	2.108306e-02 
1.714900e-01 	2.099396e-02 
1.717900e-01 	2.090515e-02 
1.720900e-01 	2.081664e-02 
1.723800e-01 	2.073136e-02 
1.726800e-01 	2.064342e-02 
1.729800e-01 	2.055578e-02 
1.732800e-01 	2.046843e-02 
1.735800e-01 	2.038138e-02 
1.738800e-01 	2.029462e-02 
1.741800e-01 	2.020816e-02 
1.744800e-01 	2.012199e-02 
1.747800e-01 	2.003612e-02 
1.750800e-01 	1.995054e-02 
1.753800e-01 	1.986527e-02 
1.756800e-01 	1.978029e-02 
1.759800e-01 	1.969561e-02 
1.762800e-01 	1.961122e-02 
1.765800e-01 	1.952714e-02 
1.768800e-01 	1.944336e-02 
1.771800e-01 	1.935988e-02 
1.774800e-01 	1.927669e-02 
1.777800e-01 	1.919382e-02 
1.780800e-01 	1.911124e-02 
1.783800e-01 	1.902897e-02 
1.786800e-01 	1.894700e-02 
1.789800e-01 	1.886533e-02 
1.792800e-01 	1.878397e-02 
1.795800e-01 	1.870291e-02 
1.798800e-01 	1.862217e-02 
1.801700e-01 	1.854440e-02 
1.804700e-01 	1.846426e-02 
1.807700e-01 	1.838442e-02 
1.810700e-01 	1.830489e-02 
1.813700e-01 	1.822567e-02 
1.816700e-01 	1.814677e-02 
1.819700e-01 	1.806817e-02 
1.822700e-01 	1.798988e-02 
1.825700e-01 	1.791191e-02 
1.828700e-01 	1.783425e-02 
1.831700e-01 	1.775690e-02 
1.834700e-01 	1.767987e-02 
1.837700e-01 	1.760315e-02 
1.840700e-01 	1.752674e-02 
1.843700e-01 	1.745066e-02 
1.846700e-01 	1.737488e-02 
1.849700e-01 	1.729943e-02 
1.852700e-01 	1.722429e-02 
1.855700e-01 	1.714947e-02 
1.858700e-01 	1.707496e-02 
1.861700e-01 	1.700078e-02 
1.864700e-01 	1.692691e-02 
1.867700e-01 	1.685335e-02 
1.870700e-01 	1.678012e-02 
1.873600e-01 	1.670963e-02 
1.876600e-01 	1.663701e-02 
1.879600e-01 	1.656472e-02 
1.882600e-01 	1.649274e-02 
1.885600e-01 	1.642108e-02 
1.888600e-01 	1.634974e-02 
1.891600e-01 	1.627871e-02 
1.894600e-01 	1.620800e-02 
1.897600e-01 	1.613761e-02 
1.900600e-01 	1.606754e-02 
1.903600e-01 	1.599778e-02 
1.906600e-01 	1.592834e-02 
1.909600e-01 	1.585922e-02 
1.912600e-01 	1.579042e-02 
1.915600e-01 	1.572193e-02 
1.918600e-01 	1.565376e-02 
1.921600e-01 	1.558591e-02 
1.924600e-01 	1.551837e-02 
1.927600e-01 	1.545116e-02 
1.930600e-01 	1.538426e-02 
1.933600e-01 	1.531767e-02 
1.936600e-01 	1.525141e-02 
1.939500e-01 	1.518765e-02 
1.942500e-01 	1.512201e-02 
1.945500e-01 	1.505669e-02 
1.948500e-01 	1.499168e-02 
1.951500e-01 	1.492700e-02 
1.954500e-01 	1.486263e-02 
1.957500e-01 	1.479857e-02 
1.960500e-01 	1.473484e-02 
1.963500e-01 	1.467142e-02 
1.966500e-01 	1.460831e-02 
1.969500e-01 	1.454553e-02 
1.972500e-01 	1.448306e-02 
1.975500e-01 	1.442091e-02 
1.978500e-01 	1.435907e-02 
1.981500e-01 	1.429754e-02 
1.984500e-01 	1.423633e-02 
1.987500e-01 	1.417542e-02 
1.990500e-01 	1.411483e-02 
1.993500e-01 	1.405455e-02 
1.996500e-01 	1.399459e-02 
1.999500e-01 	1.393492e-02 
2.002500e-01 	1.387557e-02 
2.005400e-01 	1.381849e-02 
2.008400e-01 	1.375974e-02 
2.011400e-01 	1.370129e-02 
2.014400e-01 	1.364316e-02 
2.017400e-01 	1.358532e-02 
2.020400e-01 	1.352779e-02 
2.023400e-01 	1.347056e-02 
2.026400e-01 	1.341363e-02 
2.029400e-01 	1.335700e-02 
2.032400e-01 	1.330068e-02 
2.035400e-01 	1.324465e-02 
2.038400e-01 	1.318892e-02 
2.041400e-01 	1.313348e-02 
2.044400e-01 	1.307835e-02 
2.047400e-01 	1.302351e-02 
2.050400e-01 	1.296896e-02 
2.053400e-01 	1.291471e-02 
2.056400e-01 	1.286075e-02 
2.059400e-01 	1.280708e-02 
2.062400e-01 	1.275370e-02 
2.065300e-01 	1.270238e-02 
2.068300e-01 	1.264958e-02 
2.071300e-01 	1.259706e-02 
2.074300e-01 	1.254483e-02 
2.077300e-01 	1.249289e-02 
2.080300e-01 	1.244123e-02 
2.083300e-01 	1.238986e-02 
2.086300e-01 	1.233877e-02 
2.089300e-01 	1.228796e-02 
2.092300e-01 	1.223743e-02 
2.095300e-01 	1.218719e-02 
2.098300e-01 	1.213722e-02 
2.101300e-01 	1.208753e-02 
2.104300e-01 	1.203811e-02 
2.107300e-01 	1.198898e-02 
2.110300e-01 	1.194011e-02 
2.113300e-01 	1.189152e-02 
2.116300e-01 	1.184320e-02 
2.119300e-01 	1.179515e-02 
2.122300e-01 	1.174737e-02 
2.125200e-01 	1.170144e-02 
2.128200e-01 	1.165419e-02 
2.131200e-01 	1.160720e-02 
2.134200e-01 	1.156047e-02 
2.137200e-01 	1.151401e-02 
2.140200e-01 	1.146781e-02 
2.143200e-01 	1.142187e-02 
2.146200e-01 	1.137619e-02 
2.149200e-01 	1.133076e-02 
2.152200e-01 	1.128560e-02 
2.155200e-01 	1.124069e-02 
2.158200e-01 	1.119603e-02 
2.161200e-01 	1.115162e-02 
2.164200e-01 	1.110747e-02 
2.167200e-01 	1.106357e-02 
2.170200e-01 	1.101991e-02 
2.173200e-01 	1.097651e-02 
2.176200e-01 	1.093335e-02 
2.179200e-01 	1.089043e-02 
2.182100e-01 	1.084918e-02 
2.185100e-01 	1.080674e-02 
2.188100e-01 	1.076455e-02 
2.191100e-01 	1.072259e-02 
2.194100e-01 	1.068088e-02 
2.197100e-01 	1.063940e-02 
2.200100e-01 	1.059816e-02 
2.203100e-01 	1.055715e-02 
2.206100e-01 	1.051637e-02 
2.209100e-01 	1.047583e-02 
2.212100e-01 	1.043552e-02 
2.215100e-01 	1.039544e-02 
2.218100e-01 	1.035559e-02 
2.221100e-01 	1.031597e-02 
2.224100e-01 	1.027657e-02 
2.227100e-01 	1.023740e-02 
2.230100e-01 	1.019845e-02 
2.233100e-01 	1.015973e-02 
2.236000e-01 	1.012250e-02 
2.239000e-01 	1.008421e-02 
2.242000e-01 	1.004614e-02 
2.245000e-01 	1.000829e-02 
2.248000e-01 	9.970651e-03 
2.251000e-01 	9.933229e-03 
2.254000e-01 	9.896022e-03 
2.257000e-01 	9.859028e-03 
2.260000e-01 	9.822246e-03 
2.263000e-01 	9.785674e-03 
2.266000e-01 	9.749312e-03 
2.269000e-01 	9.713158e-03 
2.272000e-01 	9.677212e-03 
2.275000e-01 	9.641471e-03 
2.278000e-01 	9.605936e-03 
2.281000e-01 	9.570604e-03 
2.284000e-01 	9.535474e-03 
2.286900e-01 	9.501707e-03 
2.289900e-01 	9.466973e-03 
2.292900e-01 	9.432438e-03 
2.295900e-01 	9.398101e-03 
2.298900e-01 	9.363961e-03 
2.301900e-01 	9.330017e-03 
2.304900e-01 	9.296268e-03 
2.307900e-01 	9.262712e-03 
2.310900e-01 	9.229349e-03 
2.313900e-01 	9.196178e-03 
2.316900e-01 	9.163197e-03 
2.319900e-01 	9.130405e-03 
2.322900e-01 	9.097801e-03 
2.325900e-01 	9.065385e-03 
2.328900e-01 	9.033155e-03 
2.331900e-01 	9.001109e-03 
2.334900e-01 	8.969248e-03 
2.337800e-01 	8.938623e-03 
2.340800e-01 	8.907121e-03 
2.343800e-01 	8.875800e-03 
2.346800e-01 	8.844658e-03 
2.349800e-01 	8.813696e-03 
2.352800e-01 	8.782911e-03 
2.355800e-01 	8.752304e-03 
2.358800e-01 	8.721872e-03 
2.361800e-01 	8.691615e-03 
2.364800e-01 	8.661533e-03 
2.367800e-01 	8.631623e-03 
2.370800e-01 	8.601886e-03 
2.373800e-01 	8.572320e-03 
2.376800e-01 	8.542924e-03 
2.379800e-01 	8.513698e-03 
2.382800e-01 	8.484641e-03 
2.385700e-01 	8.456711e-03 
2.388700e-01 	8.427982e-03 
2.391700e-01 	8.399420e-03 
2.394700e-01 	8.371023e-03 
2.397700e-01 	8.342789e-03 
2.400700e-01 	8.314720e-03 
2.403700e-01 	8.286813e-03 
2.406700e-01 	8.259067e-03 
2.409700e-01 	8.231483e-03 
2.412700e-01 	8.204059e-03 
2.415700e-01 	8.176794e-03 
2.418700e-01 	8.149687e-03 
2.421700e-01 	8.122738e-03 
2.424700e-01 	8.095946e-03 
2.427700e-01 	8.069310e-03 
2.430700e-01 	8.042828e-03 
2.433600e-01 	8.017377e-03 
2.436600e-01 	7.991198e-03 
2.439600e-01 	7.965172e-03 
2.442600e-01 	7.939298e-03 
2.445600e-01 	7.913575e-03 
2.448600e-01 	7.888002e-03 
2.451600e-01 	7.862579e-03 
2.454600e-01 	7.837304e-03 
2.457600e-01 	7.812178e-03 
2.460600e-01 	7.787198e-03 
2.463600e-01 	7.762365e-03 
2.466600e-01 	7.737677e-03 
2.469600e-01 	7.713135e-03 
2.472600e-01 	7.688736e-03 
2.475600e-01 	7.664481e-03 
2.478500e-01 	7.641171e-03 
2.481500e-01 	7.617195e-03 
2.484500e-01 	7.593362e-03 
2.487500e-01 	7.569668e-03 
2.490500e-01 	7.546114e-03 
2.493500e-01 	7.522700e-03 
2.496500e-01 	7.499424e-03 
2.499500e-01 	7.476286e-03 
2.502500e-01 	7.453284e-03 
2.505500e-01 	7.430420e-03 
2.508500e-01 	7.407691e-03 
2.511500e-01 	7.385097e-03 
2.514500e-01 	7.362638e-03 
2.517500e-01 	7.340312e-03 
2.520500e-01 	7.318120e-03 
2.523400e-01 	7.296793e-03 
2.526400e-01 	7.274860e-03 
2.529400e-01 	7.253059e-03 
2.532400e-01 	7.231388e-03 
2.535400e-01 	7.209847e-03 
2.538400e-01 	7.188436e-03 
2.541400e-01 	7.167153e-03 
2.544400e-01 	7.145999e-03 
2.547400e-01 	7.124972e-03 
2.550400e-01 	7.104072e-03 
2.553400e-01 	7.083298e-03 
2.556400e-01 	7.062650e-03 
2.559400e-01 	7.042128e-03 
2.562400e-01 	7.021729e-03 
2.565300e-01 	7.002129e-03 
2.568300e-01 	6.981974e-03 
2.571300e-01 	6.961942e-03 
2.574300e-01 	6.942031e-03 
2.577300e-01 	6.922243e-03 
2.580300e-01 	6.902575e-03 
2.583300e-01 	6.883028e-03 
2.586300e-01 	6.863601e-03 
2.589300e-01 	6.844293e-03 
2.592300e-01 	6.825104e-03 
2.595300e-01 	6.806032e-03 
2.598300e-01 	6.787078e-03 
2.601300e-01 	6.768241e-03 
2.604300e-01 	6.749521e-03 
2.607200e-01 	6.731534e-03 
2.610200e-01 	6.713040e-03 
2.613200e-01 	6.694661e-03 
2.616200e-01 	6.676397e-03 
2.619200e-01 	6.658245e-03 
2.622200e-01 	6.640207e-03 
2.625200e-01 	6.622280e-03 
2.628200e-01 	6.604466e-03 
2.631200e-01 	6.586763e-03 
2.634200e-01 	6.569171e-03 
2.637200e-01 	6.551689e-03 
2.640200e-01 	6.534317e-03 
2.643200e-01 	6.517054e-03 
2.646200e-01 	6.499900e-03 
2.649100e-01 	6.483421e-03 
2.652100e-01 	6.466479e-03 
2.655100e-01 	6.449645e-03 
2.658100e-01 	6.432917e-03 
2.661100e-01 	6.416296e-03 
2.664100e-01 	6.399780e-03 
2.667100e-01 	6.383369e-03 
2.670100e-01 	6.367063e-03 
2.673100e-01 	6.350861e-03 
2.676100e-01 	6.334763e-03 
2.679100e-01 	6.318769e-03 
2.682100e-01 	6.302876e-03 
2.685100e-01 	6.287087e-03 
2.688000e-01 	6.271920e-03 
2.691000e-01 	6.256330e-03 
2.694000e-01 	6.240840e-03 
2.697000e-01 	6.225451e-03 
2.700000e-01 	6.210162e-03 
2.703000e-01 	6.194972e-03 
2.706000e-01 	6.179881e-03 
2.709000e-01 	6.164888e-03 
2.712000e-01 	6.149993e-03 
2.715000e-01 	6.135196e-03 
2.718000e-01 	6.120495e-03 
2.721000e-01 	6.105891e-03 
2.724000e-01 	6.091383e-03 
2.726900e-01 	6.077450e-03 
2.729900e-01 	6.063129e-03 
2.732900e-01 	6.048903e-03 
2.735900e-01 	6.034770e-03 
2.738900e-01 	6.020732e-03 
2.741900e-01 	6.006786e-03 
2.744900e-01 	5.992933e-03 
2.747900e-01 	5.979172e-03 
2.750900e-01 	5.965503e-03 
2.753900e-01 	5.951925e-03 
2.756900e-01 	5.938438e-03 
2.759900e-01 	5.925041e-03 
2.762800e-01 	5.912176e-03 
2.765800e-01 	5.898956e-03 
2.768800e-01 	5.885824e-03 
2.771800e-01 	5.872781e-03 
2.774800e-01 	5.859826e-03 
2.777800e-01 	5.846959e-03 
2.780800e-01 	5.834178e-03 
2.783800e-01 	5.821485e-03 
2.786800e-01 	5.808878e-03 
2.789800e-01 	5.796357e-03 
2.792800e-01 	5.783921e-03 
2.795800e-01 	5.771570e-03 
2.798700e-01 	5.759711e-03 
2.801700e-01 	5.747525e-03 
2.804700e-01 	5.735424e-03 
2.807700e-01 	5.723405e-03 
2.810700e-01 	5.711469e-03 
2.813700e-01 	5.699616e-03 
2.816700e-01 	5.687844e-03 
2.819700e-01 	5.676154e-03 
2.822700e-01 	5.664545e-03 
2.825700e-01 	5.653017e-03 
2.828700e-01 	5.641569e-03 
2.831700e-01 	5.630200e-03 
2.834600e-01 	5.619287e-03 
2.837600e-01 	5.608074e-03 
2.840600e-01 	5.596940e-03 
2.843600e-01 	5.585884e-03 
2.846600e-01 	5.574905e-03 
2.849600e-01 	5.564004e-03 
2.852600e-01 	5.553180e-03 
2.855600e-01 	5.542432e-03 
2.858600e-01 	5.531760e-03 
2.861600e-01 	5.521164e-03 
2.864600e-01 	5.510643e-03 
2.867600e-01 	5.500196e-03 
2.870500e-01 	5.490169e-03 
2.873500e-01 	5.479868e-03 
2.876500e-01 	5.469641e-03 
2.879500e-01 	5.459487e-03 
2.882500e-01 	5.449405e-03 
2.885500e-01 	5.439396e-03 
2.888500e-01 	5.429459e-03 
2.891500e-01 	5.419593e-03 
2.894500e-01 	5.409798e-03 
2.897500e-01 	5.400074e-03 
2.900500e-01 	5.390421e-03 
2.903500e-01 	5.380837e-03 
2.906400e-01 	5.371638e-03 
2.909400e-01 	5.362190e-03 
2.912400e-01 	5.352811e-03 
2.915400e-01 	5.343500e-03 
2.918400e-01 	5.334256e-03 
2.921400e-01 	5.325081e-03 
2.924400e-01 	5.315972e-03 
2.927400e-01 	5.306930e-03 
2.930400e-01 	5.297954e-03 
2.933400e-01 	5.289044e-03 
2.936400e-01 	5.280199e-03 
2.939300e-01 	5.271712e-03 
2.942300e-01 	5.262995e-03 
2.945300e-01 	5.254343e-03 
2.948300e-01 	5.245756e-03 
2.951300e-01 	5.237232e-03 
2.954300e-01 	5.228771e-03 
2.957300e-01 	5.220373e-03 
2.960300e-01 	5.212038e-03 
2.963300e-01 	5.203766e-03 
2.966300e-01 	5.195555e-03 
2.969300e-01 	5.187406e-03 
2.972200e-01 	5.179586e-03 
2.975200e-01 	5.171557e-03 
2.978200e-01 	5.163589e-03 
2.981200e-01 	5.155680e-03 
2.984200e-01 	5.147832e-03 
2.987200e-01 	5.140042e-03 
2.990200e-01 	5.132312e-03 
2.993200e-01 	5.124641e-03 
2.996200e-01 	5.117027e-03 
2.999200e-01 	5.109472e-03 
3.002200e-01 	5.101974e-03 
3.005100e-01 	5.094781e-03 
3.008100e-01 	5.087396e-03 
3.011100e-01 	5.080067e-03 
3.014100e-01 	5.072795e-03 
3.017100e-01 	5.065578e-03 
3.020100e-01 	5.058417e-03 
3.023100e-01 	5.051312e-03 
3.026100e-01 	5.044261e-03 
3.029100e-01 	5.037265e-03 
3.032100e-01 	5.030324e-03 
3.035000e-01 	5.023665e-03 
3.038000e-01 	5.016829e-03 
3.041000e-01 	5.010047e-03 
3.044000e-01 	5.003318e-03 
3.047000e-01 	4.996642e-03 
3.050000e-01 	4.990018e-03 
3.053000e-01 	4.983446e-03 
3.056000e-01 	4.976927e-03 
3.059000e-01 	4.970458e-03 
3.062000e-01 	4.964041e-03 
3.065000e-01 	4.957675e-03 
3.067900e-01 	4.951570e-03 
3.070900e-01 	4.945303e-03 
3.073900e-01 	4.939087e-03 
3.076900e-01 	4.932920e-03 
3.079900e-01 	4.926803e-03 
3.082900e-01 	4.920734e-03 
3.085900e-01 	4.914715e-03 
3.088900e-01 	4.908744e-03 
3.091900e-01 	4.902822e-03 
3.094900e-01 	4.896948e-03 
3.097800e-01 	4.891314e-03 
3.100800e-01 	4.885533e-03 
3.103800e-01 	4.879800e-03 
3.106800e-01 	4.874112e-03 
3.109800e-01 	4.868472e-03 
3.112800e-01 	4.862878e-03 
3.115800e-01 	4.857329e-03 
3.118800e-01 	4.851827e-03 
3.121800e-01 	4.846369e-03 
3.124800e-01 	4.840957e-03 
3.127700e-01 	4.835768e-03 
3.130700e-01 	4.830444e-03 
3.133700e-01 	4.825164e-03 
3.136700e-01 	4.819928e-03 
3.139700e-01 	4.814736e-03 
3.142700e-01 	4.809587e-03 
3.145700e-01 	4.804482e-03 
3.148700e-01 	4.799420e-03 
3.151700e-01 	4.794400e-03 
3.154700e-01 	4.789423e-03 
3.157600e-01 	4.784653e-03 
3.160600e-01 	4.779759e-03 
3.163600e-01 	4.774906e-03 
3.166600e-01 	4.770095e-03 
3.169600e-01 	4.765326e-03 
3.172600e-01 	4.760597e-03 
3.175600e-01 	4.755909e-03 
3.178600e-01 	4.751262e-03 
3.181600e-01 	4.746654e-03 
3.184600e-01 	4.742087e-03 
3.187500e-01 	4.737709e-03 
3.190500e-01 	4.733220e-03 
3.193500e-01 	4.728769e-03 
3.196500e-01 	4.724358e-03 
3.199500e-01 	4.719985e-03 
3.202500e-01 	4.715650e-03 
3.205500e-01 	4.711353e-03 
3.208500e-01 	4.707095e-03 
3.211500e-01 	4.702874e-03 
3.214400e-01 	4.698829e-03 
3.217400e-01 	4.694681e-03 
3.220400e-01 	4.690570e-03 
3.223400e-01 	4.686495e-03 
3.226400e-01 	4.682457e-03 
3.229400e-01 	4.678455e-03 
3.232400e-01 	4.674489e-03 
3.235400e-01 	4.670558e-03 
3.238400e-01 	4.666663e-03 
3.241400e-01 	4.662803e-03 
3.244300e-01 	4.659104e-03 
3.247300e-01 	4.655312e-03 
3.250300e-01 	4.651554e-03 
3.253300e-01 	4.647831e-03 
3.256300e-01 	4.644141e-03 
3.259300e-01 	4.640485e-03 
3.262300e-01 	4.636863e-03 
3.265300e-01 	4.633273e-03 
3.268300e-01 	4.629717e-03 
3.271200e-01 	4.626310e-03 
3.274200e-01 	4.622817e-03 
3.277200e-01 	4.619357e-03 
3.280200e-01 	4.615929e-03 
3.283200e-01 	4.612533e-03 
3.286200e-01 	4.609168e-03 
3.289200e-01 	4.605834e-03 
3.292200e-01 	4.602532e-03 
3.295200e-01 	4.599260e-03 
3.298100e-01 	4.596127e-03 
3.301100e-01 	4.592915e-03 
3.304100e-01 	4.589734e-03 
3.307100e-01 	4.586582e-03 
3.310100e-01 	4.583460e-03 
3.313100e-01 	4.580368e-03 
3.316100e-01 	4.577304e-03 
3.319100e-01 	4.574270e-03 
3.322100e-01 	4.571265e-03 
3.325000e-01 	4.568387e-03 
3.328000e-01 	4.565438e-03 
3.331000e-01 	4.562516e-03 
3.334000e-01 	4.559623e-03 
3.337000e-01 	4.556758e-03 
3.340000e-01 	4.553919e-03 
3.343000e-01 	4.551109e-03 
3.346000e-01 	4.548325e-03 
3.349000e-01 	4.545568e-03 
3.351900e-01 	4.542929e-03 
3.354900e-01 	4.540224e-03 
3.357900e-01 	4.537545e-03 
3.360900e-01 	4.534893e-03 
3.363900e-01 	4.532266e-03 
3.366900e-01 	4.529665e-03 
3.369900e-01 	4.527089e-03 
3.372900e-01 	4.524539e-03 
3.375900e-01 	4.522013e-03 
3.378800e-01 	4.519595e-03 
3.381800e-01 	4.517118e-03 
3.384800e-01 	4.514665e-03 
3.387800e-01 	4.512236e-03 
3.390800e-01 	4.509832e-03 
3.393800e-01 	4.507451e-03 
3.396800e-01 	4.505093e-03 
3.399800e-01 	4.502759e-03 
3.402800e-01 	4.500449e-03 
3.405700e-01 	4.498237e-03 
3.408700e-01 	4.495971e-03 
3.411700e-01 	4.493728e-03 
3.414700e-01 	4.491507e-03 
3.417700e-01 	4.489309e-03 
3.420700e-01 	4.487132e-03 
3.423700e-01 	4.484978e-03 
3.426700e-01 	4.482845e-03 
3.429600e-01 	4.480803e-03 
3.432600e-01 	4.478712e-03 
3.435600e-01 	4.476643e-03 
3.438600e-01 	4.474594e-03 
3.441600e-01 	4.472566e-03 
3.444600e-01 	4.470558e-03 
3.447600e-01 	4.468571e-03 
3.450600e-01 	4.466604e-03 
3.453600e-01 	4.464657e-03 
3.456500e-01 	4.462794e-03 
3.459500e-01 	4.460886e-03 
3.462500e-01 	4.458997e-03 
3.465500e-01 	4.457128e-03 
3.468500e-01 	4.455278e-03 
3.471500e-01 	4.453448e-03 
3.474500e-01 	4.451636e-03 
3.477500e-01 	4.449842e-03 
3.480400e-01 	4.448127e-03 
3.483400e-01 	4.446370e-03 
3.486400e-01 	4.444631e-03 
3.489400e-01 	4.442910e-03 
3.492400e-01 	4.441207e-03 
3.495400e-01 	4.439522e-03 
3.498400e-01 	4.437854e-03 
3.501400e-01 	4.436203e-03 
3.504300e-01 	4.434624e-03 
3.507300e-01 	4.433007e-03 
3.510300e-01 	4.431407e-03 
3.513300e-01 	4.429823e-03 
3.516300e-01 	4.428256e-03 
3.519300e-01 	4.426706e-03 
3.522300e-01 	4.425171e-03 
3.525300e-01 	4.423652e-03 
3.528200e-01 	4.422200e-03 
3.531200e-01 	4.420712e-03 
3.534200e-01 	4.419240e-03 
3.537200e-01 	4.417784e-03 
3.540200e-01 	4.416343e-03 
3.543200e-01 	4.414917e-03 
3.546200e-01 	4.413506e-03 
3.549200e-01 	4.412110e-03 
3.552100e-01 	4.410774e-03 
3.555100e-01 	4.409407e-03 
3.558100e-01 	4.408055e-03 
3.561100e-01 	4.406717e-03 
3.564100e-01 	4.405393e-03 
3.567100e-01 	4.404083e-03 
3.570100e-01 	4.402788e-03 
3.573100e-01 	4.401506e-03 
3.576000e-01 	4.400280e-03 
3.579000e-01 	4.399026e-03 
3.582000e-01 	4.397785e-03 
3.585000e-01 	4.396557e-03 
3.588000e-01 	4.395343e-03 
3.591000e-01 	4.394142e-03 
3.594000e-01 	4.392954e-03 
3.597000e-01 	4.391779e-03 
3.599900e-01 	4.390656e-03 
3.602900e-01 	4.389506e-03 
3.605900e-01 	4.388369e-03 
3.608900e-01 	4.387245e-03 
3.611900e-01 	4.386132e-03 
3.614900e-01 	4.385032e-03 
3.617900e-01 	4.383945e-03 
3.620900e-01 	4.382869e-03 
3.623800e-01 	4.381840e-03 
3.626800e-01 	4.380788e-03 
3.629800e-01 	4.379747e-03 
3.632800e-01 	4.378718e-03 
3.635800e-01 	4.377700e-03 
3.638800e-01 	4.376693e-03 
3.641800e-01 	4.375697e-03 
3.644700e-01 	4.374744e-03 
3.647700e-01 	4.373769e-03 
3.650700e-01 	4.372805e-03 
3.653700e-01 	4.371850e-03 
3.656700e-01 	4.370906e-03 
3.659700e-01 	4.369971e-03 
3.662700e-01 	4.369045e-03 
3.665700e-01 	4.368128e-03 
3.668600e-01 	4.367251e-03 
3.671600e-01 	4.366351e-03 
3.674600e-01 	4.365460e-03 
3.677600e-01 	4.364577e-03 
3.680600e-01 	4.363701e-03 
3.683600e-01 	4.362833e-03 
3.686600e-01 	4.361972e-03 
3.689500e-01 	4.361146e-03 
3.692500e-01 	4.360298e-03 
3.695500e-01 	4.359456e-03 
3.698500e-01 	4.358620e-03 
3.701500e-01 	4.357790e-03 
3.704500e-01 	4.356965e-03 
3.707500e-01 	4.356144e-03 
3.710500e-01 	4.355329e-03 
3.713400e-01 	4.354545e-03 
3.716400e-01 	4.353738e-03 
3.719400e-01 	4.352934e-03 
3.722400e-01 	4.352135e-03 
3.725400e-01 	4.351338e-03 
3.728400e-01 	4.350545e-03 
3.731400e-01 	4.349754e-03 
3.734300e-01 	4.348991e-03 
3.737300e-01 	4.348205e-03 
3.740300e-01 	4.347420e-03 
3.743300e-01 	4.346636e-03 
3.746300e-01 	4.345854e-03 
3.749300e-01 	4.345072e-03 
3.752300e-01 	4.344291e-03 
3.755200e-01 	4.343537e-03 
