#q 	 Ifit_avg 
4.430000e-03 	1.000000e+00 
4.716000e-03 	9.976507e-01 
5.002000e-03 	9.953003e-01 
5.288000e-03 	9.929458e-01 
5.573000e-03 	9.905854e-01 
5.859000e-03 	9.882171e-01 
6.145000e-03 	9.858387e-01 
6.431000e-03 	9.834476e-01 
6.717000e-03 	9.810432e-01 
7.003000e-03 	9.786229e-01 
7.288000e-03 	9.761846e-01 
7.574000e-03 	9.737263e-01 
7.860000e-03 	9.712460e-01 
8.146000e-03 	9.687416e-01 
8.432000e-03 	9.662104e-01 
8.717000e-03 	9.636521e-01 
9.003000e-03 	9.610637e-01 
9.289000e-03 	9.584433e-01 
9.575000e-03 	9.557889e-01 
9.861000e-03 	9.530984e-01 
1.014600e-02 	9.503738e-01 
1.043200e-02 	9.476034e-01 
1.071800e-02 	9.447909e-01 
1.100400e-02 	9.419343e-01 
1.129000e-02 	9.390316e-01 
1.157600e-02 	9.360807e-01 
1.186100e-02 	9.330904e-01 
1.214700e-02 	9.300375e-01 
1.243300e-02 	9.269307e-01 
1.271900e-02 	9.237679e-01 
1.300500e-02 	9.205476e-01 
1.329000e-02 	9.172795e-01 
1.357600e-02 	9.139392e-01 
1.386200e-02 	9.105370e-01 
1.414800e-02 	9.070717e-01 
1.443400e-02 	9.035425e-01 
1.472000e-02 	8.999488e-01 
1.500500e-02 	8.963033e-01 
1.529100e-02 	8.925803e-01 
1.557700e-02 	8.887927e-01 
1.586300e-02 	8.849408e-01 
1.614900e-02 	8.810254e-01 
1.643400e-02 	8.770613e-01 
1.672000e-02 	8.730217e-01 
1.700600e-02 	8.689217e-01 
1.729200e-02 	8.647626e-01 
1.757800e-02 	8.605460e-01 
1.786300e-02 	8.562885e-01 
1.814900e-02 	8.519623e-01 
1.843500e-02 	8.475839e-01 
1.872100e-02 	8.431552e-01 
1.900700e-02 	8.386785e-01 
1.929300e-02 	8.341559e-01 
1.957800e-02 	8.296054e-01 
1.986400e-02 	8.249973e-01 
2.015000e-02 	8.203496e-01 
2.043600e-02 	8.156644e-01 
2.072200e-02 	8.109438e-01 
2.100700e-02 	8.062066e-01 
2.129300e-02 	8.014217e-01 
2.157900e-02 	7.966076e-01 
2.186500e-02 	7.917663e-01 
2.215100e-02 	7.868997e-01 
2.243700e-02 	7.820099e-01 
2.272200e-02 	7.771158e-01 
2.300800e-02 	7.721851e-01 
2.329400e-02 	7.672365e-01 
2.358000e-02 	7.622719e-01 
2.386600e-02 	7.572929e-01 
2.415100e-02 	7.523187e-01 
2.443700e-02 	7.473160e-01 
2.472300e-02 	7.423037e-01 
2.500900e-02 	7.372834e-01 
2.529500e-02 	7.322565e-01 
2.558100e-02 	7.272244e-01 
2.586600e-02 	7.222062e-01 
2.615200e-02 	7.171679e-01 
2.643800e-02 	7.121283e-01 
2.672400e-02 	7.070888e-01 
2.701000e-02 	7.020506e-01 
2.729500e-02 	6.970324e-01 
2.758100e-02 	6.920000e-01 
2.786700e-02 	6.869722e-01 
2.815300e-02 	6.819500e-01 
2.843900e-02 	6.769345e-01 
2.872400e-02 	6.719442e-01 
2.901000e-02 	6.669449e-01 
2.929600e-02 	6.619550e-01 
2.958200e-02 	6.569754e-01 
2.986800e-02 	6.520070e-01 
3.015400e-02 	6.470507e-01 
3.043900e-02 	6.421245e-01 
3.072500e-02 	6.371945e-01 
3.101100e-02 	6.322787e-01 
3.129700e-02 	6.273779e-01 
3.158300e-02 	6.224927e-01 
3.186800e-02 	6.176407e-01 
3.215400e-02 	6.127887e-01 
3.244000e-02 	6.079542e-01 
3.272600e-02 	6.031378e-01 
3.301200e-02 	5.983400e-01 
3.329800e-02 	5.935614e-01 
3.358300e-02 	5.888191e-01 
3.386900e-02 	5.840802e-01 
3.415500e-02 	5.793621e-01 
3.444100e-02 	5.746651e-01 
3.472700e-02 	5.699897e-01 
3.501200e-02 	5.653525e-01 
3.529800e-02 	5.607215e-01 
3.558400e-02 	5.561134e-01 
3.587000e-02 	5.515285e-01 
3.615600e-02 	5.469673e-01 
3.644200e-02 	5.424301e-01 
3.672700e-02 	5.379330e-01 
3.701300e-02 	5.334447e-01 
3.729900e-02 	5.289815e-01 
3.758500e-02 	5.245437e-01 
3.787100e-02 	5.201316e-01 
3.815600e-02 	5.157607e-01 
3.844200e-02 	5.114007e-01 
3.872800e-02 	5.070673e-01 
3.901400e-02 	5.027605e-01 
3.930000e-02 	4.984808e-01 
3.958500e-02 	4.942432e-01 
3.987100e-02 	4.900181e-01 
4.015700e-02 	4.858207e-01 
4.044300e-02 	4.816512e-01 
4.072900e-02 	4.775098e-01 
4.101500e-02 	4.733966e-01 
4.130000e-02 	4.693260e-01 
4.158600e-02 	4.652695e-01 
4.187200e-02 	4.612418e-01 
4.215800e-02 	4.572428e-01 
4.244400e-02 	4.532728e-01 
4.272900e-02 	4.493455e-01 
4.301500e-02 	4.454334e-01 
4.330100e-02 	4.415506e-01 
4.358700e-02 	4.376970e-01 
4.387300e-02 	4.338727e-01 
4.415900e-02 	4.300778e-01 
4.444400e-02 	4.263254e-01 
4.473000e-02 	4.225892e-01 
4.501600e-02 	4.188825e-01 
4.530200e-02 	4.152051e-01 
4.558800e-02 	4.115572e-01 
4.587300e-02 	4.079513e-01 
4.615900e-02 	4.043622e-01 
4.644500e-02 	4.008026e-01 
4.673100e-02 	3.972724e-01 
4.701700e-02 	3.937715e-01 
4.730200e-02 	3.903120e-01 
4.758800e-02 	3.868695e-01 
4.787400e-02 	3.834561e-01 
4.816000e-02 	3.800719e-01 
4.844600e-02 	3.767166e-01 
4.873200e-02 	3.733903e-01 
4.901700e-02 	3.701043e-01 
4.930300e-02 	3.668356e-01 
4.958900e-02 	3.635956e-01 
4.987500e-02 	3.603842e-01 
5.016100e-02 	3.572012e-01 
5.044600e-02 	3.540575e-01 
5.073200e-02 	3.509309e-01 
5.101800e-02 	3.478323e-01 
5.130400e-02 	3.447617e-01 
5.159000e-02 	3.417189e-01 
5.187600e-02 	3.387038e-01 
5.216100e-02 	3.357268e-01 
5.244700e-02 	3.327666e-01 
5.273300e-02 	3.298338e-01 
5.301900e-02 	3.269281e-01 
5.330500e-02 	3.240492e-01 
5.359000e-02 	3.212071e-01 
5.387600e-02 	3.183815e-01 
5.416200e-02 	3.155823e-01 
5.444800e-02 	3.128094e-01 
5.473400e-02 	3.100625e-01 
5.502000e-02 	3.073416e-01 
5.530500e-02 	3.046558e-01 
5.559100e-02 	3.019861e-01 
5.587700e-02 	2.993420e-01 
5.616300e-02 	2.967230e-01 
5.644900e-02 	2.941292e-01 
5.673400e-02 	2.915691e-01 
5.702000e-02 	2.890246e-01 
5.730600e-02 	2.865045e-01 
5.759200e-02 	2.840087e-01 
5.787800e-02 	2.815368e-01 
5.816300e-02 	2.790973e-01 
5.844900e-02 	2.766729e-01 
5.873500e-02 	2.742719e-01 
5.902100e-02 	2.718942e-01 
5.930700e-02 	2.695396e-01 
5.959300e-02 	2.672079e-01 
5.987800e-02 	2.649071e-01 
6.016400e-02 	2.626206e-01 
6.045000e-02 	2.603565e-01 
6.073600e-02 	2.581144e-01 
6.102200e-02 	2.558942e-01 
6.130700e-02 	2.537034e-01 
6.159300e-02 	2.515263e-01 
6.187900e-02 	2.493705e-01 
6.216500e-02 	2.472357e-01 
6.245100e-02 	2.451219e-01 
6.273700e-02 	2.430288e-01 
6.302200e-02 	2.409634e-01 
6.330800e-02 	2.389110e-01 
6.359400e-02 	2.368787e-01 
6.388000e-02 	2.348663e-01 
6.416600e-02 	2.328736e-01 
6.445100e-02 	2.309074e-01 
6.473700e-02 	2.289537e-01 
6.502300e-02 	2.270192e-01 
6.530900e-02 	2.251038e-01 
6.559500e-02 	2.232072e-01 
6.588100e-02 	2.213293e-01 
6.616600e-02 	2.194764e-01 
6.645200e-02 	2.176353e-01 
6.673800e-02 	2.158124e-01 
6.702400e-02 	2.140074e-01 
6.731000e-02 	2.122202e-01 
6.759500e-02 	2.104568e-01 
6.788100e-02 	2.087047e-01 
6.816700e-02 	2.069700e-01 
6.845300e-02 	2.052525e-01 
6.873900e-02 	2.035521e-01 
6.902400e-02 	2.018744e-01 
6.931000e-02 	2.002076e-01 
6.959600e-02 	1.985574e-01 
6.988200e-02 	1.969236e-01 
7.016800e-02 	1.953061e-01 
7.045400e-02 	1.937047e-01 
7.073900e-02 	1.921248e-01 
7.102500e-02 	1.905551e-01 
7.131100e-02 	1.890011e-01 
7.159700e-02 	1.874626e-01 
7.188300e-02 	1.859395e-01 
7.216800e-02 	1.844369e-01 
7.245400e-02 	1.829441e-01 
7.274000e-02 	1.814664e-01 
7.302600e-02 	1.800035e-01 
7.331200e-02 	1.785554e-01 
7.359800e-02 	1.771219e-01 
7.388300e-02 	1.757079e-01 
7.416900e-02 	1.743032e-01 
7.445500e-02 	1.729127e-01 
7.474100e-02 	1.715363e-01 
7.502700e-02 	1.701739e-01 
7.531200e-02 	1.688300e-01 
7.559800e-02 	1.674951e-01 
7.588400e-02 	1.661737e-01 
7.617000e-02 	1.648658e-01 
7.645600e-02 	1.635712e-01 
7.674200e-02 	1.622897e-01 
7.702700e-02 	1.610258e-01 
7.731300e-02 	1.597703e-01 
7.759900e-02 	1.585276e-01 
7.788500e-02 	1.572977e-01 
7.817100e-02 	1.560803e-01 
7.845600e-02 	1.548796e-01 
7.874200e-02 	1.536871e-01 
7.902800e-02 	1.525068e-01 
7.931400e-02 	1.513388e-01 
7.960000e-02 	1.501828e-01 
7.988500e-02 	1.490427e-01 
8.017100e-02 	1.479105e-01 
8.045700e-02 	1.467901e-01 
8.074300e-02 	1.456813e-01 
8.102900e-02 	1.445840e-01 
8.131500e-02 	1.434981e-01 
8.160000e-02 	1.424272e-01 
8.188600e-02 	1.413637e-01 
8.217200e-02 	1.403113e-01 
8.245800e-02 	1.392698e-01 
8.274400e-02 	1.382392e-01 
8.302900e-02 	1.372229e-01 
8.331500e-02 	1.362136e-01 
8.360100e-02 	1.352150e-01 
8.388700e-02 	1.342268e-01 
8.417300e-02 	1.332491e-01 
8.445900e-02 	1.322816e-01 
8.474400e-02 	1.313277e-01 
8.503000e-02 	1.303806e-01 
8.531600e-02 	1.294434e-01 
8.560200e-02 	1.285162e-01 
8.588800e-02 	1.275988e-01 
8.617300e-02 	1.266943e-01 
8.645900e-02 	1.257963e-01 
8.674500e-02 	1.249077e-01 
8.703100e-02 	1.240286e-01 
8.731700e-02 	1.231588e-01 
8.760300e-02 	1.222983e-01 
8.788800e-02 	1.214498e-01 
8.817400e-02 	1.206074e-01 
8.846000e-02 	1.197740e-01 
8.874600e-02 	1.189495e-01 
8.903200e-02 	1.181337e-01 
8.931700e-02 	1.173295e-01 
8.960300e-02 	1.165311e-01 
8.988900e-02 	1.157412e-01 
9.017500e-02 	1.149597e-01 
9.046100e-02 	1.141867e-01 
9.074600e-02 	1.134245e-01 
9.103200e-02 	1.126679e-01 
9.131800e-02 	1.119194e-01 
9.160400e-02 	1.111789e-01 
9.189000e-02 	1.104464e-01 
9.217600e-02 	1.097217e-01 
9.246100e-02 	1.090072e-01 
9.274700e-02 	1.082979e-01 
9.303300e-02 	1.075962e-01 
9.331900e-02 	1.069020e-01 
9.360500e-02 	1.062152e-01 
9.389000e-02 	1.055381e-01 
9.417600e-02 	1.048658e-01 
9.446200e-02 	1.042007e-01 
9.474800e-02 	1.035427e-01 
9.503400e-02 	1.028916e-01 
9.532000e-02 	1.022475e-01 
9.560500e-02 	1.016125e-01 
9.589100e-02 	1.009820e-01 
9.617700e-02 	1.003582e-01 
9.646300e-02 	9.974100e-02 
9.674900e-02 	9.913037e-02 
9.703400e-02 	9.852833e-02 
9.732000e-02 	9.793056e-02 
9.760600e-02 	9.733913e-02 
9.789200e-02 	9.675395e-02 
9.817800e-02 	9.617496e-02 
9.846400e-02 	9.560209e-02 
9.874900e-02 	9.503722e-02 
9.903500e-02 	9.447631e-02 
9.932100e-02 	9.392129e-02 
9.960700e-02 	9.337206e-02 
9.989300e-02 	9.282854e-02 
1.001800e-01 	9.228879e-02 
1.004600e-01 	9.176761e-02 
1.007500e-01 	9.123336e-02 
1.010400e-01 	9.070468e-02 
1.013200e-01 	9.019945e-02 
1.016100e-01 	8.968152e-02 
1.018900e-01 	8.918653e-02 
1.021800e-01 	8.867908e-02 
1.024600e-01 	8.819411e-02 
1.027500e-01 	8.769691e-02 
1.030400e-01 	8.720483e-02 
1.033200e-01 	8.673452e-02 
1.036100e-01 	8.625234e-02 
1.038900e-01 	8.579146e-02 
1.041800e-01 	8.531891e-02 
1.044700e-01 	8.485117e-02 
1.047500e-01 	8.440407e-02 
1.050400e-01 	8.394559e-02 
1.053200e-01 	8.350730e-02 
1.056100e-01 	8.305782e-02 
1.058900e-01 	8.262809e-02 
1.061800e-01 	8.218735e-02 
1.064700e-01 	8.175094e-02 
1.067500e-01 	8.133364e-02 
1.070400e-01 	8.090556e-02 
1.073200e-01 	8.049620e-02 
1.076100e-01 	8.007624e-02 
1.079000e-01 	7.966033e-02 
1.081800e-01 	7.926256e-02 
1.084700e-01 	7.885446e-02 
1.087500e-01 	7.846414e-02 
1.090400e-01 	7.806365e-02 
1.093200e-01 	7.768058e-02 
1.096100e-01 	7.728751e-02 
1.099000e-01 	7.689812e-02 
1.101800e-01 	7.652561e-02 
1.104700e-01 	7.614332e-02 
1.107500e-01 	7.577757e-02 
1.110400e-01 	7.540217e-02 
1.113300e-01 	7.503021e-02 
1.116100e-01 	7.467428e-02 
1.119000e-01 	7.430890e-02 
1.121800e-01 	7.395924e-02 
1.124700e-01 	7.360027e-02 
1.127500e-01 	7.325669e-02 
1.130400e-01 	7.290391e-02 
1.133300e-01 	7.255421e-02 
1.136100e-01 	7.221944e-02 
1.139000e-01 	7.187565e-02 
1.141800e-01 	7.154649e-02 
1.144700e-01 	7.120842e-02 
1.147600e-01 	7.087318e-02 
1.150400e-01 	7.055216e-02 
1.153300e-01 	7.022237e-02 
1.156100e-01 	6.990653e-02 
1.159000e-01 	6.958203e-02 
1.161800e-01 	6.927123e-02 
1.164700e-01 	6.895189e-02 
1.167600e-01 	6.863510e-02 
1.170400e-01 	6.833163e-02 
1.173300e-01 	6.801976e-02 
1.176100e-01 	6.772097e-02 
1.179000e-01 	6.741388e-02 
1.181800e-01 	6.711964e-02 
1.184700e-01 	6.681719e-02 
1.187600e-01 	6.651703e-02 
1.190400e-01 	6.622938e-02 
1.193300e-01 	6.593364e-02 
1.196100e-01 	6.565018e-02 
1.199000e-01 	6.535872e-02 
1.201900e-01 	6.506938e-02 
1.204700e-01 	6.479201e-02 
1.207600e-01 	6.450677e-02 
1.210400e-01 	6.423329e-02 
1.213300e-01 	6.395202e-02 
1.216100e-01 	6.368232e-02 
1.219000e-01 	6.340491e-02 
1.221900e-01 	6.312941e-02 
1.224700e-01 	6.286520e-02 
1.227600e-01 	6.259338e-02 
1.230400e-01 	6.233266e-02 
1.233300e-01 	6.206440e-02 
1.236200e-01 	6.179790e-02 
1.239000e-01 	6.154225e-02 
1.241900e-01 	6.127916e-02 
1.244700e-01 	6.102673e-02 
1.247600e-01 	6.076692e-02 
1.250400e-01 	6.051761e-02 
1.253300e-01 	6.026097e-02 
1.256200e-01 	6.000591e-02 
1.259000e-01 	5.976112e-02 
1.261900e-01 	5.950908e-02 
1.264700e-01 	5.926716e-02 
1.267600e-01 	5.901804e-02 
1.270500e-01 	5.877037e-02 
1.273300e-01 	5.853260e-02 
1.276200e-01 	5.828770e-02 
1.279000e-01 	5.805256e-02 
1.281900e-01 	5.781035e-02 
1.284700e-01 	5.757775e-02 
1.287600e-01 	5.733813e-02 
1.290500e-01 	5.709979e-02 
1.293300e-01 	5.687087e-02 
1.296200e-01 	5.663499e-02 
1.299000e-01 	5.640842e-02 
1.301900e-01 	5.617494e-02 
1.304700e-01 	5.595065e-02 
1.307600e-01 	5.571950e-02 
1.310500e-01 	5.548951e-02 
1.313300e-01 	5.526855e-02 
1.316200e-01 	5.504080e-02 
1.319000e-01 	5.482197e-02 
1.321900e-01 	5.459640e-02 
1.324800e-01 	5.437192e-02 
1.327600e-01 	5.415620e-02 
1.330500e-01 	5.393381e-02 
1.333300e-01 	5.372008e-02 
1.336200e-01 	5.349973e-02 
1.339000e-01 	5.328794e-02 
1.341900e-01 	5.306956e-02 
1.344800e-01 	5.285218e-02 
1.347600e-01 	5.264320e-02 
1.350500e-01 	5.242771e-02 
1.353300e-01 	5.222054e-02 
1.356200e-01 	5.200689e-02 
1.359100e-01 	5.179415e-02 
1.361900e-01 	5.158960e-02 
1.364800e-01 	5.137861e-02 
1.367600e-01 	5.117573e-02 
1.370500e-01 	5.096645e-02 
1.373300e-01 	5.076519e-02 
1.376200e-01 	5.055756e-02 
1.379100e-01 	5.035076e-02 
1.381900e-01 	5.015185e-02 
1.384800e-01 	4.994661e-02 
1.387600e-01 	4.974920e-02 
1.390500e-01 	4.954550e-02 
1.393400e-01 	4.934257e-02 
1.396200e-01 	4.914735e-02 
1.399100e-01 	4.894590e-02 
1.401900e-01 	4.875209e-02 
1.404800e-01 	4.855208e-02 
1.407600e-01 	4.835966e-02 
1.410500e-01 	4.816106e-02 
1.413400e-01 	4.796318e-02 
1.416200e-01 	4.777280e-02 
1.419100e-01 	4.757629e-02 
1.421900e-01 	4.738722e-02 
1.424800e-01 	4.719207e-02 
1.427600e-01 	4.700429e-02 
1.430500e-01 	4.681047e-02 
1.433400e-01 	4.661731e-02 
1.436200e-01 	4.643144e-02 
1.439100e-01 	4.623958e-02 
1.441900e-01 	4.605494e-02 
1.444800e-01 	4.586434e-02 
1.447700e-01 	4.567437e-02 
1.450500e-01 	4.549156e-02 
1.453400e-01 	4.530283e-02 
1.456200e-01 	4.512119e-02 
1.459100e-01 	4.493366e-02 
1.461900e-01 	4.475318e-02 
1.464800e-01 	4.456685e-02 
1.467700e-01 	4.438111e-02 
1.470500e-01 	4.420234e-02 
1.473400e-01 	4.401776e-02 
1.476200e-01 	4.384010e-02 
1.479100e-01 	4.365666e-02 
1.482000e-01 	4.347380e-02 
1.484800e-01 	4.329779e-02 
1.487700e-01 	4.311605e-02 
1.490500e-01 	4.294113e-02 
1.493400e-01 	4.276051e-02 
1.496200e-01 	4.258666e-02 
1.499100e-01 	4.240716e-02 
1.502000e-01 	4.222821e-02 
1.504800e-01 	4.205597e-02 
1.507700e-01 	4.187813e-02 
1.510500e-01 	4.170695e-02 
1.513400e-01 	4.153021e-02 
1.516300e-01 	4.135402e-02 
1.519100e-01 	4.118443e-02 
1.522000e-01 	4.100933e-02 
1.524800e-01 	4.084078e-02 
1.527700e-01 	4.066676e-02 
1.530500e-01 	4.049926e-02 
1.533400e-01 	4.032631e-02 
1.536300e-01 	4.015391e-02 
1.539100e-01 	3.998797e-02 
1.542000e-01 	3.981663e-02 
1.544800e-01 	3.965172e-02 
1.547700e-01 	3.948145e-02 
1.550600e-01 	3.931172e-02 
1.553400e-01 	3.914835e-02 
1.556300e-01 	3.897968e-02 
1.559100e-01 	3.881734e-02 
1.562000e-01 	3.864973e-02 
1.564800e-01 	3.848842e-02 
1.567700e-01 	3.832187e-02 
1.570600e-01 	3.815586e-02 
1.573400e-01 	3.799609e-02 
1.576300e-01 	3.783115e-02 
1.579100e-01 	3.767240e-02 
1.582000e-01 	3.750851e-02 
1.584800e-01 	3.735078e-02 
1.587700e-01 	3.718795e-02 
1.590600e-01 	3.702566e-02 
1.593400e-01 	3.686948e-02 
1.596300e-01 	3.670825e-02 
1.599100e-01 	3.655309e-02 
1.602000e-01 	3.639293e-02 
1.604900e-01 	3.623330e-02 
1.607700e-01 	3.607970e-02 
1.610600e-01 	3.592115e-02 
1.613400e-01 	3.576859e-02 
1.616300e-01 	3.561111e-02 
1.619100e-01 	3.545959e-02 
1.622000e-01 	3.530319e-02 
1.624900e-01 	3.514734e-02 
1.627700e-01 	3.499738e-02 
1.630600e-01 	3.484261e-02 
1.633400e-01 	3.469371e-02 
1.636300e-01 	3.454002e-02 
1.639200e-01 	3.438690e-02 
1.642000e-01 	3.423958e-02 
1.644900e-01 	3.408754e-02 
1.647700e-01 	3.394128e-02 
1.650600e-01 	3.379035e-02 
1.653400e-01 	3.364515e-02 
1.656300e-01 	3.349532e-02 
1.659200e-01 	3.334606e-02 
1.662000e-01 	3.320247e-02 
1.664900e-01 	3.305431e-02 
1.667700e-01 	3.291180e-02 
1.670600e-01 	3.276476e-02 
1.673500e-01 	3.261828e-02 
1.676300e-01 	3.247740e-02 
1.679200e-01 	3.233205e-02 
1.682000e-01 	3.219224e-02 
1.684900e-01 	3.204801e-02 
1.687700e-01 	3.190930e-02 
1.690600e-01 	3.176620e-02 
1.693500e-01 	3.162368e-02 
1.696300e-01 	3.148661e-02 
1.699200e-01 	3.134522e-02 
1.702000e-01 	3.120925e-02 
1.704900e-01 	3.106900e-02 
1.707700e-01 	3.093414e-02 
1.710600e-01 	3.079503e-02 
1.713500e-01 	3.065650e-02 
1.716300e-01 	3.052330e-02 
1.719200e-01 	3.038592e-02 
1.722000e-01 	3.025384e-02 
1.724900e-01 	3.011760e-02 
1.727800e-01 	2.998196e-02 
1.730600e-01 	2.985154e-02 
1.733500e-01 	2.971705e-02 
1.736300e-01 	2.958774e-02 
1.739200e-01 	2.945440e-02 
1.742000e-01 	2.932620e-02 
1.744900e-01 	2.919400e-02 
1.747800e-01 	2.906239e-02 
1.750600e-01 	2.893587e-02 
1.753500e-01 	2.880541e-02 
1.756300e-01 	2.868000e-02 
1.759200e-01 	2.855069e-02 
1.762100e-01 	2.842196e-02 
1.764900e-01 	2.829823e-02 
1.767800e-01 	2.817065e-02 
1.770600e-01 	2.804802e-02 
1.773500e-01 	2.792160e-02 
1.776300e-01 	2.780008e-02 
1.779200e-01 	2.767480e-02 
1.782100e-01 	2.755011e-02 
1.784900e-01 	2.743027e-02 
1.787800e-01 	2.730673e-02 
1.790600e-01 	2.718800e-02 
1.793500e-01 	2.706561e-02 
1.796400e-01 	2.694380e-02 
1.799200e-01 	2.682675e-02 
1.802100e-01 	2.670609e-02 
1.804900e-01 	2.659015e-02 
1.807800e-01 	2.647064e-02 
1.810600e-01 	2.635581e-02 
1.813500e-01 	2.623746e-02 
1.816400e-01 	2.611968e-02 
1.819200e-01 	2.600653e-02 
1.822100e-01 	2.588991e-02 
1.824900e-01 	2.577786e-02 
1.827800e-01 	2.566239e-02 
1.830600e-01 	2.555146e-02 
1.833500e-01 	2.543713e-02 
1.836400e-01 	2.532339e-02 
1.839200e-01 	2.521412e-02 
1.842100e-01 	2.510152e-02 
1.844900e-01 	2.499335e-02 
1.847800e-01 	2.488188e-02 
1.850700e-01 	2.477099e-02 
1.853500e-01 	2.466447e-02 
1.856400e-01 	2.455471e-02 
1.859200e-01 	2.444927e-02 
1.862100e-01 	2.434063e-02 
1.864900e-01 	2.423628e-02 
1.867800e-01 	2.412875e-02 
1.870700e-01 	2.402179e-02 
1.873500e-01 	2.391905e-02 
1.876400e-01 	2.381320e-02 
1.879200e-01 	2.371153e-02 
1.882100e-01 	2.360677e-02 
1.885000e-01 	2.350258e-02 
1.887800e-01 	2.340250e-02 
1.890700e-01 	2.329940e-02 
1.893500e-01 	2.320037e-02 
1.896400e-01 	2.309835e-02 
1.899200e-01 	2.300037e-02 
1.902100e-01 	2.289944e-02 
1.905000e-01 	2.279905e-02 
1.907800e-01 	2.270263e-02 
1.910700e-01 	2.260331e-02 
1.913500e-01 	2.250794e-02 
1.916400e-01 	2.240968e-02 
1.919300e-01 	2.231197e-02 
1.922100e-01 	2.221814e-02 
1.925000e-01 	2.212148e-02 
1.927800e-01 	2.202867e-02 
1.930700e-01 	2.193306e-02 
1.933500e-01 	2.184126e-02 
1.936400e-01 	2.174670e-02 
1.939300e-01 	2.165267e-02 
1.942100e-01 	2.156238e-02 
1.945000e-01 	2.146938e-02 
1.947800e-01 	2.138009e-02 
1.950700e-01 	2.128811e-02 
1.953600e-01 	2.119666e-02 
1.956400e-01 	2.110885e-02 
1.959300e-01 	2.101842e-02 
1.962100e-01 	2.093159e-02 
1.965000e-01 	2.084216e-02 
1.967800e-01 	2.075629e-02 
1.970700e-01 	2.066786e-02 
1.973600e-01 	2.057993e-02 
1.976400e-01 	2.049551e-02 
1.979300e-01 	2.040857e-02 
1.982100e-01 	2.032510e-02 
1.985000e-01 	2.023913e-02 
1.987800e-01 	2.015660e-02 
1.990700e-01 	2.007160e-02 
1.993600e-01 	1.998709e-02 
1.996400e-01 	1.990596e-02 
1.999300e-01 	1.982240e-02 
2.002100e-01 	1.974218e-02 
2.005000e-01 	1.965957e-02 
2.007900e-01 	1.957743e-02 
2.010700e-01 	1.949858e-02 
2.013600e-01 	1.941738e-02 
2.016400e-01 	1.933942e-02 
2.019300e-01 	1.925913e-02 
2.022100e-01 	1.918206e-02 
2.025000e-01 	1.910269e-02 
2.027900e-01 	1.902378e-02 
2.030700e-01 	1.894803e-02 
2.033600e-01 	1.887002e-02 
2.036400e-01 	1.879513e-02 
2.039300e-01 	1.871801e-02 
2.042200e-01 	1.864133e-02 
2.045000e-01 	1.856773e-02 
2.047900e-01 	1.849193e-02 
2.050700e-01 	1.841917e-02 
2.053600e-01 	1.834424e-02 
2.056400e-01 	1.827231e-02 
2.059300e-01 	1.819824e-02 
2.062200e-01 	1.812460e-02 
2.065000e-01 	1.805391e-02 
2.067900e-01 	1.798111e-02 
2.070700e-01 	1.791122e-02 
2.073600e-01 	1.783926e-02 
2.076500e-01 	1.776771e-02 
2.079300e-01 	1.769903e-02 
2.082200e-01 	1.762830e-02 
2.085000e-01 	1.756040e-02 
2.087900e-01 	1.749049e-02 
2.090700e-01 	1.742336e-02 
2.093600e-01 	1.735424e-02 
2.096500e-01 	1.728553e-02 
2.099300e-01 	1.721956e-02 
2.102200e-01 	1.715163e-02 
2.105000e-01 	1.708641e-02 
2.107900e-01 	1.701926e-02 
2.110700e-01 	1.695479e-02 
2.113600e-01 	1.688840e-02 
2.116500e-01 	1.682239e-02 
2.119300e-01 	1.675902e-02 
2.122200e-01 	1.669377e-02 
2.125000e-01 	1.663112e-02 
2.127900e-01 	1.656661e-02 
2.130800e-01 	1.650247e-02 
2.133600e-01 	1.644089e-02 
2.136500e-01 	1.637748e-02 
2.139300e-01 	1.631661e-02 
2.142200e-01 	1.625391e-02 
2.145000e-01 	1.619372e-02 
2.147900e-01 	1.613174e-02 
2.150800e-01 	1.607011e-02 
2.153600e-01 	1.601095e-02 
2.156500e-01 	1.595001e-02 
2.159300e-01 	1.589152e-02 
2.162200e-01 	1.583127e-02 
2.165100e-01 	1.577137e-02 
2.167900e-01 	1.571387e-02 
2.170800e-01 	1.565464e-02 
2.173600e-01 	1.559778e-02 
2.176500e-01 	1.553922e-02 
2.179300e-01 	1.548299e-02 
2.182200e-01 	1.542508e-02 
2.185100e-01 	1.536750e-02 
2.187900e-01 	1.531222e-02 
2.190800e-01 	1.525529e-02 
2.193600e-01 	1.520062e-02 
2.196500e-01 	1.514431e-02 
2.199400e-01 	1.508833e-02 
2.202200e-01 	1.503457e-02 
2.205100e-01 	1.497920e-02 
2.207900e-01 	1.492604e-02 
2.210800e-01 	1.487128e-02 
2.213600e-01 	1.481871e-02 
2.216500e-01 	1.476455e-02 
2.219400e-01 	1.471070e-02 
2.222200e-01 	1.465899e-02 
2.225100e-01 	1.460573e-02 
2.227900e-01 	1.455458e-02 
2.230800e-01 	1.450190e-02 
2.233600e-01 	1.445131e-02 
2.236500e-01 	1.439920e-02 
2.239400e-01 	1.434738e-02 
2.242200e-01 	1.429762e-02 
2.245100e-01 	1.424636e-02 
2.247900e-01 	1.419714e-02 
2.250800e-01 	1.414644e-02 
2.253700e-01 	1.409601e-02 
2.256500e-01 	1.404759e-02 
2.259400e-01 	1.399770e-02 
2.262200e-01 	1.394980e-02 
2.265100e-01 	1.390045e-02 
2.267900e-01 	1.385306e-02 
2.270800e-01 	1.380424e-02 
2.273700e-01 	1.375568e-02 
2.276500e-01 	1.370905e-02 
2.279400e-01 	1.366101e-02 
2.282200e-01 	1.361487e-02 
2.285100e-01 	1.356735e-02 
2.288000e-01 	1.352007e-02 
2.290800e-01 	1.347467e-02 
2.293700e-01 	1.342790e-02 
2.296500e-01 	1.338298e-02 
2.299400e-01 	1.333669e-02 
2.302200e-01 	1.329224e-02 
2.305100e-01 	1.324645e-02 
2.308000e-01 	1.320090e-02 
2.310800e-01 	1.315715e-02 
2.313700e-01 	1.311208e-02 
2.316500e-01 	1.306879e-02 
2.319400e-01 	1.302418e-02 
2.322300e-01 	1.297982e-02 
2.325100e-01 	1.293720e-02 
2.328000e-01 	1.289330e-02 
2.330800e-01 	1.285112e-02 
2.333700e-01 	1.280767e-02 
2.336500e-01 	1.276594e-02 
2.339400e-01 	1.272293e-02 
2.342300e-01 	1.268016e-02 
2.345100e-01 	1.263906e-02 
2.348000e-01 	1.259673e-02 
2.350800e-01 	1.255606e-02 
2.353700e-01 	1.251415e-02 
2.356600e-01 	1.247246e-02 
2.359400e-01 	1.243242e-02 
2.362300e-01 	1.239115e-02 
2.365100e-01 	1.235151e-02 
2.368000e-01 	1.231067e-02 
2.370800e-01 	1.227143e-02 
2.373700e-01 	1.223100e-02 
2.376600e-01 	1.219078e-02 
2.379400e-01 	1.215214e-02 
2.382300e-01 	1.211232e-02 
2.385100e-01 	1.207406e-02 
2.388000e-01 	1.203465e-02 
2.390800e-01 	1.199678e-02 
2.393700e-01 	1.195775e-02 
2.396600e-01 	1.191893e-02 
2.399400e-01 	1.188163e-02 
2.402300e-01 	1.184320e-02 
2.405100e-01 	1.180627e-02 
2.408000e-01 	1.176822e-02 
2.410900e-01 	1.173036e-02 
2.413700e-01 	1.169400e-02 
2.416600e-01 	1.165652e-02 
2.419400e-01 	1.162051e-02 
2.422300e-01 	1.158341e-02 
2.425100e-01 	1.154776e-02 
2.428000e-01 	1.151102e-02 
2.430900e-01 	1.147447e-02 
2.433700e-01 	1.143936e-02 
2.436600e-01 	1.140318e-02 
2.439400e-01 	1.136842e-02 
2.442300e-01 	1.133259e-02 
2.445200e-01 	1.129695e-02 
2.448000e-01 	1.126271e-02 
2.450900e-01 	1.122742e-02 
2.453700e-01 	1.119351e-02 
2.456600e-01 	1.115858e-02 
2.459400e-01 	1.112501e-02 
2.462300e-01 	1.109042e-02 
2.465200e-01 	1.105600e-02 
2.468000e-01 	1.102294e-02 
2.470900e-01 	1.098886e-02 
2.473700e-01 	1.095613e-02 
2.476600e-01 	1.092239e-02 
2.479500e-01 	1.088882e-02 
2.482300e-01 	1.085657e-02 
2.485200e-01 	1.082334e-02 
2.488000e-01 	1.079141e-02 
2.490900e-01 	1.075850e-02 
2.493700e-01 	1.072689e-02 
2.496600e-01 	1.069431e-02 
2.499500e-01 	1.066190e-02 
2.502300e-01 	1.063076e-02 
2.505200e-01 	1.059866e-02 
2.508000e-01 	1.056783e-02 
2.510900e-01 	1.053605e-02 
2.513700e-01 	1.050553e-02 
2.516600e-01 	1.047407e-02 
2.519500e-01 	1.044277e-02 
2.522300e-01 	1.041270e-02 
2.525200e-01 	1.038171e-02 
2.528000e-01 	1.035194e-02 
2.530900e-01 	1.032126e-02 
2.533800e-01 	1.029073e-02 
2.536600e-01 	1.026141e-02 
2.539500e-01 	1.023119e-02 
2.542300e-01 	1.020215e-02 
2.545200e-01 	1.017223e-02 
2.548000e-01 	1.014349e-02 
2.550900e-01 	1.011387e-02 
2.553800e-01 	1.008440e-02 
2.556600e-01 	1.005609e-02 
2.559500e-01 	1.002692e-02 
2.562300e-01 	9.998894e-03 
2.565200e-01 	9.970013e-03 
2.568100e-01 	9.941281e-03 
2.570900e-01 	9.913680e-03 
2.573800e-01 	9.885238e-03 
2.576600e-01 	9.857915e-03 
2.579500e-01 	9.829760e-03 
2.582300e-01 	9.802714e-03 
2.585200e-01 	9.774845e-03 
2.588100e-01 	9.747119e-03 
2.590900e-01 	9.720486e-03 
2.593800e-01 	9.693043e-03 
2.596600e-01 	9.666681e-03 
2.599500e-01 	9.639517e-03 
2.602400e-01 	9.612495e-03 
2.605200e-01 	9.586538e-03 
2.608100e-01 	9.559792e-03 
2.610900e-01 	9.534101e-03 
2.613800e-01 	9.507629e-03 
2.616600e-01 	9.482201e-03 
2.619500e-01 	9.456001e-03 
2.622400e-01 	9.429939e-03 
2.625200e-01 	9.404905e-03 
2.628100e-01 	9.379112e-03 
2.630900e-01 	9.354336e-03 
2.633800e-01 	9.328809e-03 
2.636600e-01 	9.304290e-03 
2.639500e-01 	9.279027e-03 
2.642400e-01 	9.253897e-03 
2.645200e-01 	9.229760e-03 
2.648100e-01 	9.204892e-03 
2.650900e-01 	9.181006e-03 
2.653800e-01 	9.156396e-03 
2.656700e-01 	9.131916e-03 
2.659500e-01 	9.108404e-03 
2.662400e-01 	9.084180e-03 
2.665200e-01 	9.060913e-03 
2.668100e-01 	9.036942e-03 
2.670900e-01 	9.013919e-03 
2.673800e-01 	8.990199e-03 
2.676700e-01 	8.966605e-03 
2.679500e-01 	8.943945e-03 
2.682400e-01 	8.920600e-03 
2.685200e-01 	8.898179e-03 
2.688100e-01 	8.875079e-03 
2.691000e-01 	8.852105e-03 
2.693800e-01 	8.830040e-03 
2.696700e-01 	8.807308e-03 
2.699500e-01 	8.785477e-03 
2.702400e-01 	8.762986e-03 
2.705200e-01 	8.741387e-03 
2.708100e-01 	8.719135e-03 
2.711000e-01 	8.697004e-03 
2.713800e-01 	8.675751e-03 
2.716700e-01 	8.653857e-03 
2.719500e-01 	8.632831e-03 
2.722400e-01 	8.611171e-03 
2.725300e-01 	8.589630e-03 
2.728100e-01 	8.568943e-03 
2.731000e-01 	8.547633e-03 
2.733800e-01 	8.527168e-03 
2.736700e-01 	8.506087e-03 
2.739500e-01 	8.485844e-03 
2.742400e-01 	8.464990e-03 
2.745300e-01 	8.444252e-03 
2.748100e-01 	8.424337e-03 
2.751000e-01 	8.403823e-03 
2.753800e-01 	8.384124e-03 
2.756700e-01 	8.363833e-03 
2.759600e-01 	8.343654e-03 
2.762400e-01 	8.324277e-03 
2.765300e-01 	8.304317e-03 
2.768100e-01 	8.285152e-03 
2.771000e-01 	8.265410e-03 
2.773800e-01 	8.246454e-03 
2.776700e-01 	8.226928e-03 
2.779600e-01 	8.207511e-03 
2.782400e-01 	8.188867e-03 
2.785300e-01 	8.169664e-03 
2.788100e-01 	8.151224e-03 
2.791000e-01 	8.132232e-03 
2.793800e-01 	8.113995e-03 
2.796700e-01 	8.095212e-03 
2.799600e-01 	8.076535e-03 
2.802400e-01 	8.058601e-03 
2.805300e-01 	8.040130e-03 
2.808100e-01 	8.022395e-03 
2.811000e-01 	8.004129e-03 
2.813900e-01 	7.985966e-03 
2.816700e-01 	7.968528e-03 
2.819600e-01 	7.950567e-03 
2.822400e-01 	7.933323e-03 
2.825300e-01 	7.915563e-03 
2.828100e-01 	7.898511e-03 
2.831000e-01 	7.880950e-03 
2.833900e-01 	7.863489e-03 
2.836700e-01 	7.846724e-03 
2.839600e-01 	7.829459e-03 
2.842400e-01 	7.812883e-03 
2.845300e-01 	7.795812e-03 
2.848200e-01 	7.778839e-03 
2.851000e-01 	7.762544e-03 
2.853900e-01 	7.745763e-03 
2.856700e-01 	7.729652e-03 
2.859600e-01 	7.713061e-03 
2.862400e-01 	7.697133e-03 
2.865300e-01 	7.680731e-03 
2.868200e-01 	7.664424e-03 
2.871000e-01 	7.648769e-03 
2.873900e-01 	7.632648e-03 
2.876700e-01 	7.617172e-03 
2.879600e-01 	7.601235e-03 
2.882500e-01 	7.585392e-03 
2.885300e-01 	7.570183e-03 
2.888200e-01 	7.554521e-03 
2.891000e-01 	7.539487e-03 
2.893900e-01 	7.524006e-03 
2.896700e-01 	7.509145e-03 
2.899600e-01 	7.493843e-03 
2.902500e-01 	7.478631e-03 
2.905300e-01 	7.464029e-03 
2.908200e-01 	7.448993e-03 
2.911000e-01 	7.434560e-03 
2.913900e-01 	7.419699e-03 
2.916700e-01 	7.405434e-03 
2.919600e-01 	7.390746e-03 
2.922500e-01 	7.376146e-03 
2.925300e-01 	7.362132e-03 
2.928200e-01 	7.347703e-03 
2.931000e-01 	7.333853e-03 
2.933900e-01 	7.319593e-03 
2.936800e-01 	7.305418e-03 
2.939600e-01 	7.291814e-03 
2.942500e-01 	7.277806e-03 
2.945300e-01 	7.264362e-03 
2.948200e-01 	7.250521e-03 
2.951000e-01 	7.237236e-03 
2.953900e-01 	7.223558e-03 
2.956800e-01 	7.209964e-03 
2.959600e-01 	7.196917e-03 
2.962500e-01 	7.183485e-03 
2.965300e-01 	7.170594e-03 
2.968200e-01 	7.157322e-03 
2.971100e-01 	7.144132e-03 
2.973900e-01 	7.131474e-03 
2.976800e-01 	7.118443e-03 
2.979600e-01 	7.105937e-03 
2.982500e-01 	7.093063e-03 
2.985300e-01 	7.080708e-03 
2.988200e-01 	7.067990e-03 
2.991100e-01 	7.055351e-03 
2.993900e-01 	7.043223e-03 
2.996800e-01 	7.030737e-03 
2.999600e-01 	7.018757e-03 
3.002500e-01 	7.006424e-03 
3.005400e-01 	6.994169e-03 
3.008200e-01 	6.982409e-03 
3.011100e-01 	6.970304e-03 
3.013900e-01 	6.958689e-03 
3.016800e-01 	6.946733e-03 
3.019600e-01 	6.935262e-03 
3.022500e-01 	6.923454e-03 
3.025400e-01 	6.911722e-03 
3.028200e-01 	6.900464e-03 
3.031100e-01 	6.888877e-03 
3.033900e-01 	6.877760e-03 
3.036800e-01 	6.866319e-03 
3.039700e-01 	6.854950e-03 
3.042500e-01 	6.844042e-03 
3.045400e-01 	6.832816e-03 
3.048200e-01 	6.822046e-03 
3.051100e-01 	6.810961e-03 
3.053900e-01 	6.800327e-03 
3.056800e-01 	6.789382e-03 
3.059700e-01 	6.778509e-03 
3.062500e-01 	6.768077e-03 
3.065400e-01 	6.757342e-03 
3.068200e-01 	6.747043e-03 
3.071100e-01 	6.736445e-03 
3.073900e-01 	6.726278e-03 
3.076800e-01 	6.715815e-03 
3.079700e-01 	6.705421e-03 
3.082500e-01 	6.695450e-03 
3.085400e-01 	6.685190e-03 
3.088200e-01 	6.675347e-03 
3.091100e-01 	6.665220e-03 
3.094000e-01 	6.655159e-03 
3.096800e-01 	6.645509e-03 
3.099700e-01 	6.635580e-03 
3.102500e-01 	6.626056e-03 
3.105400e-01 	6.616256e-03 
3.108200e-01 	6.606857e-03 
3.111100e-01 	6.597186e-03 
3.114000e-01 	6.587580e-03 
3.116800e-01 	6.578368e-03 
3.119700e-01 	6.568889e-03 
3.122500e-01 	6.559798e-03 
3.125400e-01 	6.550445e-03 
3.128300e-01 	6.541156e-03 
3.131100e-01 	6.532247e-03 
3.134000e-01 	6.523082e-03 
3.136800e-01 	6.514293e-03 
3.139700e-01 	6.505250e-03 
3.142500e-01 	6.496579e-03 
3.145400e-01 	6.487658e-03 
3.148300e-01 	6.478799e-03 
3.151100e-01 	6.470304e-03 
3.154000e-01 	6.461564e-03 
3.156800e-01 	6.453184e-03 
3.159700e-01 	6.444564e-03 
3.162600e-01 	6.436003e-03 
3.165400e-01 	6.427794e-03 
3.168300e-01 	6.419351e-03 
3.171100e-01 	6.411254e-03 
3.174000e-01 	6.402927e-03 
3.176800e-01 	6.394941e-03 
3.179700e-01 	6.386728e-03 
3.182600e-01 	6.378572e-03 
3.185400e-01 	6.370752e-03 
3.188300e-01 	6.362708e-03 
3.191100e-01 	6.354996e-03 
3.194000e-01 	6.347064e-03 
3.196800e-01 	6.339459e-03 
3.199700e-01 	6.331637e-03 
3.202600e-01 	6.323870e-03 
3.205400e-01 	6.316424e-03 
3.208300e-01 	6.308765e-03 
3.211100e-01 	6.301423e-03 
3.214000e-01 	6.293871e-03 
3.216900e-01 	6.286373e-03 
3.219700e-01 	6.279185e-03 
3.222600e-01 	6.271792e-03 
3.225400e-01 	6.264705e-03 
3.228300e-01 	6.257416e-03 
3.231100e-01 	6.250428e-03 
3.234000e-01 	6.243242e-03 
3.236900e-01 	6.236108e-03 
3.239700e-01 	6.229269e-03 
3.242600e-01 	6.222236e-03 
3.245400e-01 	6.215495e-03 
3.248300e-01 	6.208562e-03 
3.251200e-01 	6.201680e-03 
3.254000e-01 	6.195084e-03 
3.256900e-01 	6.188301e-03 
3.259700e-01 	6.181800e-03 
3.262600e-01 	6.175115e-03 
3.265400e-01 	6.168708e-03 
3.268300e-01 	6.162121e-03 
3.271200e-01 	6.155583e-03 
3.274000e-01 	6.149318e-03 
3.276900e-01 	6.142877e-03 
3.279700e-01 	6.136704e-03 
3.282600e-01 	6.130358e-03 
3.285500e-01 	6.124061e-03 
3.288300e-01 	6.118028e-03 
3.291200e-01 	6.111826e-03 
3.294000e-01 	6.105884e-03 
3.296900e-01 	6.099776e-03 
3.299700e-01 	6.093925e-03 
3.302600e-01 	6.087912e-03 
3.305500e-01 	6.081947e-03 
3.308300e-01 	6.076233e-03 
3.311200e-01 	6.070362e-03 
3.314000e-01 	6.064738e-03 
3.316900e-01 	6.058960e-03 
3.319700e-01 	6.053427e-03 
3.322600e-01 	6.047742e-03 
3.325500e-01 	6.042105e-03 
3.328300e-01 	6.036708e-03 
3.331200e-01 	6.031164e-03 
3.334000e-01 	6.025857e-03 
3.336900e-01 	6.020407e-03 
3.339800e-01 	6.015004e-03 
3.342600e-01 	6.009832e-03 
3.345500e-01 	6.004523e-03 
3.348300e-01 	5.999441e-03 
3.351200e-01 	5.994225e-03 
3.354000e-01 	5.989233e-03 
3.356900e-01 	5.984110e-03 
3.359800e-01 	5.979034e-03 
3.362600e-01 	5.974178e-03 
3.365500e-01 	5.969195e-03 
3.368300e-01 	5.964428e-03 
3.371200e-01 	5.959536e-03 
3.374100e-01 	5.954691e-03 
3.376900e-01 	5.950057e-03 
3.379800e-01 	5.945302e-03 
3.382600e-01 	5.940753e-03 
3.385500e-01 	5.936087e-03 
3.388300e-01 	5.931622e-03 
3.391200e-01 	5.927041e-03 
3.394100e-01 	5.922503e-03 
3.396900e-01 	5.918161e-03 
3.399800e-01 	5.913704e-03 
3.402600e-01 	5.909439e-03 
3.405500e-01 	5.905060e-03 
3.408400e-01 	5.900718e-03 
3.411200e-01 	5.896562e-03 
3.414100e-01 	5.892293e-03 
3.416900e-01 	5.888203e-03 
3.419800e-01 	5.884001e-03 
3.422600e-01 	5.879974e-03 
3.425500e-01 	5.875834e-03 
3.428400e-01 	5.871724e-03 
3.431200e-01 	5.867782e-03 
3.434100e-01 	5.863727e-03 
3.436900e-01 	5.859837e-03 
3.439800e-01 	5.855832e-03 
3.442700e-01 	5.851851e-03 
3.445500e-01 	5.848029e-03 
3.448400e-01 	5.844092e-03 
3.451200e-01 	5.840309e-03 
3.454100e-01 	5.836410e-03 
3.456900e-01 	5.832663e-03 
3.459800e-01 	5.828798e-03 
3.462700e-01 	5.824948e-03 
3.465500e-01 	5.821245e-03 
3.468400e-01 	5.817422e-03 
3.471200e-01 	5.813742e-03 
3.474100e-01 	5.809941e-03 
3.476900e-01 	5.806281e-03 
3.479800e-01 	5.802497e-03 
3.482700e-01 	5.798721e-03 
3.485500e-01 	5.795080e-03 
3.488400e-01 	5.791313e-03 
3.491200e-01 	5.787680e-03 
3.494100e-01 	5.783919e-03 
3.497000e-01 	5.780159e-03 
