#q 	 Ifit_avg 
2.999000e-03 	1.000000e+00 
3.284000e-03 	9.987668e-01 
3.570000e-03 	9.975324e-01 
3.856000e-03 	9.962960e-01 
4.141000e-03 	9.950563e-01 
4.427000e-03 	9.938122e-01 
4.712000e-03 	9.925626e-01 
4.998000e-03 	9.913065e-01 
5.284000e-03 	9.900427e-01 
5.569000e-03 	9.887701e-01 
5.855000e-03 	9.874877e-01 
6.140000e-03 	9.861943e-01 
6.426000e-03 	9.848888e-01 
6.712000e-03 	9.835701e-01 
6.997000e-03 	9.822371e-01 
7.283000e-03 	9.808888e-01 
7.568000e-03 	9.795239e-01 
7.854000e-03 	9.781415e-01 
8.140000e-03 	9.767404e-01 
8.425000e-03 	9.753195e-01 
8.711000e-03 	9.738777e-01 
8.996000e-03 	9.724138e-01 
9.282000e-03 	9.709269e-01 
9.568000e-03 	9.694158e-01 
9.853000e-03 	9.678794e-01 
1.013900e-02 	9.663165e-01 
1.042400e-02 	9.647262e-01 
1.071000e-02 	9.631072e-01 
1.099600e-02 	9.614585e-01 
1.128100e-02 	9.597790e-01 
1.156700e-02 	9.580676e-01 
1.185300e-02 	9.563231e-01 
1.213800e-02 	9.545446e-01 
1.242400e-02 	9.527307e-01 
1.270900e-02 	9.508806e-01 
1.299500e-02 	9.489931e-01 
1.328100e-02 	9.470670e-01 
1.356600e-02 	9.451014e-01 
1.385200e-02 	9.430952e-01 
1.413700e-02 	9.410474e-01 
1.442300e-02 	9.389570e-01 
1.470900e-02 	9.368232e-01 
1.499400e-02 	9.346449e-01 
1.528000e-02 	9.324214e-01 
1.556500e-02 	9.301521e-01 
1.585100e-02 	9.278361e-01 
1.613700e-02 	9.254730e-01 
1.642200e-02 	9.230623e-01 
1.670800e-02 	9.206038e-01 
1.699300e-02 	9.180970e-01 
1.727900e-02 	9.155422e-01 
1.756500e-02 	9.129398e-01 
1.785000e-02 	9.102904e-01 
1.813600e-02 	9.075946e-01 
1.842100e-02 	9.048529e-01 
1.870700e-02 	9.020663e-01 
1.899300e-02 	8.992357e-01 
1.927800e-02 	8.963620e-01 
1.956400e-02 	8.934462e-01 
1.984900e-02 	8.904891e-01 
2.013500e-02 	8.874917e-01 
2.042100e-02 	8.844548e-01 
2.070600e-02 	8.813795e-01 
2.099200e-02 	8.782666e-01 
2.127700e-02 	8.751170e-01 
2.156300e-02 	8.719316e-01 
2.184900e-02 	8.687114e-01 
2.213400e-02 	8.654573e-01 
2.242000e-02 	8.621702e-01 
2.270500e-02 	8.588510e-01 
2.299100e-02 	8.555006e-01 
2.327700e-02 	8.521200e-01 
2.356200e-02 	8.487099e-01 
2.384800e-02 	8.452714e-01 
2.413300e-02 	8.418053e-01 
2.441900e-02 	8.383125e-01 
2.470500e-02 	8.347939e-01 
2.499000e-02 	8.312503e-01 
2.527600e-02 	8.276828e-01 
2.556100e-02 	8.240920e-01 
2.584700e-02 	8.204790e-01 
2.613300e-02 	8.168445e-01 
2.641800e-02 	8.131894e-01 
2.670400e-02 	8.095145e-01 
2.698900e-02 	8.058207e-01 
2.727500e-02 	8.021087e-01 
2.756100e-02 	7.983795e-01 
2.784600e-02 	7.946337e-01 
2.813200e-02 	7.908722e-01 
2.841700e-02 	7.870958e-01 
2.870300e-02 	7.833051e-01 
2.898900e-02 	7.795011e-01 
2.927400e-02 	7.756843e-01 
2.956000e-02 	7.718555e-01 
2.984500e-02 	7.680154e-01 
3.013100e-02 	7.641646e-01 
3.041700e-02 	7.603039e-01 
3.070200e-02 	7.564339e-01 
3.098800e-02 	7.525553e-01 
3.127300e-02 	7.486686e-01 
3.155900e-02 	7.447743e-01 
3.184500e-02 	7.408729e-01 
3.213000e-02 	7.369648e-01 
3.241600e-02 	7.330506e-01 
3.270100e-02 	7.291307e-01 
3.298700e-02 	7.252056e-01 
3.327300e-02 	7.212758e-01 
3.355800e-02 	7.173416e-01 
3.384400e-02 	7.134037e-01 
3.413000e-02 	7.094622e-01 
3.441500e-02 	7.055176e-01 
3.470100e-02 	7.015702e-01 
3.498600e-02 	6.976206e-01 
3.527200e-02 	6.936690e-01 
3.555800e-02 	6.897159e-01 
3.584300e-02 	6.857616e-01 
3.612900e-02 	6.818065e-01 
3.641400e-02 	6.778510e-01 
3.670000e-02 	6.738955e-01 
3.698600e-02 	6.699404e-01 
3.727100e-02 	6.659859e-01 
3.755700e-02 	6.620326e-01 
3.784200e-02 	6.580807e-01 
3.812800e-02 	6.541307e-01 
3.841400e-02 	6.501829e-01 
3.869900e-02 	6.462376e-01 
3.898500e-02 	6.422953e-01 
3.927000e-02 	6.383563e-01 
3.955600e-02 	6.344209e-01 
3.984200e-02 	6.304895e-01 
4.012700e-02 	6.265625e-01 
4.041300e-02 	6.226401e-01 
4.069800e-02 	6.187227e-01 
4.098400e-02 	6.148107e-01 
4.127000e-02 	6.109044e-01 
4.155500e-02 	6.070041e-01 
4.184100e-02 	6.031103e-01 
4.212600e-02 	5.992231e-01 
4.241200e-02 	5.953429e-01 
4.269800e-02 	5.914700e-01 
4.298300e-02 	5.876048e-01 
4.326900e-02 	5.837475e-01 
4.355400e-02 	5.798985e-01 
4.384000e-02 	5.760579e-01 
4.412600e-02 	5.722263e-01 
4.441100e-02 	5.684038e-01 
4.469700e-02 	5.645907e-01 
4.498200e-02 	5.607874e-01 
4.526800e-02 	5.569941e-01 
4.555400e-02 	5.532111e-01 
4.583900e-02 	5.494387e-01 
4.612500e-02 	5.456770e-01 
4.641000e-02 	5.419265e-01 
4.669600e-02 	5.381872e-01 
4.698200e-02 	5.344596e-01 
4.726700e-02 	5.307439e-01 
4.755300e-02 	5.270402e-01 
4.783800e-02 	5.233490e-01 
4.812400e-02 	5.196704e-01 
4.841000e-02 	5.160047e-01 
4.869500e-02 	5.123521e-01 
4.898100e-02 	5.087128e-01 
4.926600e-02 	5.050872e-01 
4.955200e-02 	5.014754e-01 
4.983800e-02 	4.978776e-01 
5.012300e-02 	4.942942e-01 
5.040900e-02 	4.907253e-01 
5.069400e-02 	4.871712e-01 
5.098000e-02 	4.836322e-01 
5.126600e-02 	4.801084e-01 
5.155100e-02 	4.766000e-01 
5.183700e-02 	4.731072e-01 
5.212200e-02 	4.696303e-01 
5.240800e-02 	4.661695e-01 
5.269400e-02 	4.627249e-01 
5.297900e-02 	4.592967e-01 
5.326500e-02 	4.558852e-01 
5.355000e-02 	4.524905e-01 
5.383600e-02 	4.491129e-01 
5.412200e-02 	4.457526e-01 
5.440700e-02 	4.424097e-01 
5.469300e-02 	4.390845e-01 
5.497800e-02 	4.357770e-01 
5.526400e-02 	4.324875e-01 
5.555000e-02 	4.292160e-01 
5.583500e-02 	4.259628e-01 
5.612100e-02 	4.227278e-01 
5.640700e-02 	4.195114e-01 
5.669200e-02 	4.163136e-01 
5.697800e-02 	4.131346e-01 
5.726300e-02 	4.099744e-01 
5.754900e-02 	4.068334e-01 
5.783500e-02 	4.037115e-01 
5.812000e-02 	4.006089e-01 
5.840600e-02 	3.975258e-01 
5.869100e-02 	3.944624e-01 
5.897700e-02 	3.914185e-01 
5.926300e-02 	3.883943e-01 
5.954800e-02 	3.853897e-01 
5.983400e-02 	3.824047e-01 
6.011900e-02 	3.794395e-01 
6.040500e-02 	3.764939e-01 
6.069100e-02 	3.735681e-01 
6.097600e-02 	3.706619e-01 
6.126200e-02 	3.677755e-01 
6.154700e-02 	3.649088e-01 
6.183300e-02 	3.620619e-01 
6.211900e-02 	3.592347e-01 
6.240400e-02 	3.564274e-01 
6.269000e-02 	3.536398e-01 
6.297500e-02 	3.508720e-01 
6.326100e-02 	3.481241e-01 
6.354700e-02 	3.453959e-01 
6.383200e-02 	3.426876e-01 
6.411800e-02 	3.399990e-01 
6.440300e-02 	3.373300e-01 
6.468900e-02 	3.346807e-01 
6.497500e-02 	3.320511e-01 
6.526000e-02 	3.294409e-01 
6.554600e-02 	3.268503e-01 
6.583100e-02 	3.242792e-01 
6.611700e-02 	3.217275e-01 
6.640300e-02 	3.191953e-01 
6.668800e-02 	3.166823e-01 
6.697400e-02 	3.141887e-01 
6.725900e-02 	3.117144e-01 
6.754500e-02 	3.092593e-01 
6.783100e-02 	3.068234e-01 
6.811600e-02 	3.044066e-01 
6.840200e-02 	3.020088e-01 
6.868700e-02 	2.996301e-01 
6.897300e-02 	2.972703e-01 
6.925900e-02 	2.949293e-01 
6.954400e-02 	2.926072e-01 
6.983000e-02 	2.903039e-01 
7.011500e-02 	2.880192e-01 
7.040100e-02 	2.857532e-01 
7.068700e-02 	2.835058e-01 
7.097200e-02 	2.812770e-01 
7.125800e-02 	2.790666e-01 
7.154300e-02 	2.768747e-01 
7.182900e-02 	2.747012e-01 
7.211500e-02 	2.725460e-01 
7.240000e-02 	2.704091e-01 
7.268600e-02 	2.682905e-01 
7.297100e-02 	2.661899e-01 
7.325700e-02 	2.641073e-01 
7.354300e-02 	2.620425e-01 
7.382800e-02 	2.599955e-01 
7.411400e-02 	2.579661e-01 
7.439900e-02 	2.559541e-01 
7.468500e-02 	2.539596e-01 
7.497100e-02 	2.519823e-01 
7.525600e-02 	2.500222e-01 
7.554200e-02 	2.480791e-01 
7.582700e-02 	2.461530e-01 
7.611300e-02 	2.442437e-01 
7.639900e-02 	2.423511e-01 
7.668400e-02 	2.404752e-01 
7.697000e-02 	2.386157e-01 
7.725500e-02 	2.367727e-01 
7.754100e-02 	2.349460e-01 
7.782700e-02 	2.331355e-01 
7.811200e-02 	2.313411e-01 
7.839800e-02 	2.295627e-01 
7.868400e-02 	2.278002e-01 
7.896900e-02 	2.260535e-01 
7.925500e-02 	2.243224e-01 
7.954000e-02 	2.226067e-01 
7.982600e-02 	2.209064e-01 
8.011200e-02 	2.192213e-01 
8.039700e-02 	2.175513e-01 
8.068300e-02 	2.158962e-01 
8.096800e-02 	2.142559e-01 
8.125400e-02 	2.126303e-01 
8.154000e-02 	2.110193e-01 
8.182500e-02 	2.094227e-01 
8.211100e-02 	2.078405e-01 
8.239600e-02 	2.062725e-01 
8.268200e-02 	2.047185e-01 
8.296800e-02 	2.031786e-01 
8.325300e-02 	2.016525e-01 
8.353900e-02 	2.001401e-01 
8.382400e-02 	1.986414e-01 
8.411000e-02 	1.971562e-01 
8.439600e-02 	1.956843e-01 
8.468100e-02 	1.942258e-01 
8.496700e-02 	1.927804e-01 
8.525200e-02 	1.913481e-01 
8.553800e-02 	1.899287e-01 
8.582400e-02 	1.885221e-01 
8.610900e-02 	1.871281e-01 
8.639500e-02 	1.857468e-01 
8.668000e-02 	1.843779e-01 
8.696600e-02 	1.830213e-01 
8.725200e-02 	1.816769e-01 
8.753700e-02 	1.803446e-01 
8.782300e-02 	1.790243e-01 
8.810800e-02 	1.777158e-01 
8.839400e-02 	1.764190e-01 
8.868000e-02 	1.751339e-01 
8.896500e-02 	1.738603e-01 
8.925100e-02 	1.725980e-01 
8.953600e-02 	1.713470e-01 
8.982200e-02 	1.701072e-01 
9.010800e-02 	1.688784e-01 
9.039300e-02 	1.676605e-01 
9.067900e-02 	1.664534e-01 
9.096400e-02 	1.652570e-01 
9.125000e-02 	1.640712e-01 
9.153600e-02 	1.628959e-01 
9.182100e-02 	1.617308e-01 
9.210700e-02 	1.605760e-01 
9.239200e-02 	1.594313e-01 
9.267800e-02 	1.582966e-01 
9.296400e-02 	1.571718e-01 
9.324900e-02 	1.560568e-01 
9.353500e-02 	1.549514e-01 
9.382000e-02 	1.538557e-01 
9.410600e-02 	1.527694e-01 
9.439200e-02 	1.516925e-01 
9.467700e-02 	1.506248e-01 
9.496300e-02 	1.495664e-01 
9.524800e-02 	1.485170e-01 
9.553400e-02 	1.474765e-01 
9.582000e-02 	1.464448e-01 
9.610500e-02 	1.454220e-01 
9.639100e-02 	1.444077e-01 
9.667600e-02 	1.434019e-01 
9.696200e-02 	1.424046e-01 
9.724800e-02 	1.414155e-01 
9.753300e-02 	1.404347e-01 
9.781900e-02 	1.394619e-01 
9.810400e-02 	1.384972e-01 
9.839000e-02 	1.375403e-01 
9.867600e-02 	1.365911e-01 
9.896100e-02 	1.356496e-01 
9.924700e-02 	1.347157e-01 
9.953200e-02 	1.337892e-01 
9.981800e-02 	1.328701e-01 
1.001040e-01 	1.319582e-01 
1.003890e-01 	1.310535e-01 
1.006750e-01 	1.301559e-01 
1.009610e-01 	1.292653e-01 
1.012460e-01 	1.283817e-01 
1.015320e-01 	1.275049e-01 
1.018170e-01 	1.266349e-01 
1.021030e-01 	1.257717e-01 
1.023890e-01 	1.249151e-01 
1.026740e-01 	1.240651e-01 
1.029600e-01 	1.232215e-01 
1.032450e-01 	1.223844e-01 
1.035310e-01 	1.215537e-01 
1.038170e-01 	1.207292e-01 
1.041020e-01 	1.199109e-01 
1.043880e-01 	1.190987e-01 
1.046730e-01 	1.182925e-01 
1.049590e-01 	1.174923e-01 
1.052450e-01 	1.166980e-01 
1.055300e-01 	1.159095e-01 
1.058160e-01 	1.151267e-01 
1.061010e-01 	1.143496e-01 
1.063870e-01 	1.135781e-01 
1.066730e-01 	1.128121e-01 
1.069580e-01 	1.120516e-01 
1.072440e-01 	1.112965e-01 
1.075290e-01 	1.105467e-01 
1.078150e-01 	1.098023e-01 
1.081010e-01 	1.090631e-01 
1.083860e-01 	1.083290e-01 
1.086720e-01 	1.076001e-01 
1.089570e-01 	1.068762e-01 
1.092430e-01 	1.061573e-01 
1.095290e-01 	1.054433e-01 
1.098140e-01 	1.047342e-01 
1.101000e-01 	1.040298e-01 
1.103850e-01 	1.033302e-01 
1.106710e-01 	1.026353e-01 
1.109570e-01 	1.019450e-01 
1.112420e-01 	1.012593e-01 
1.115280e-01 	1.005780e-01 
1.118130e-01 	9.990123e-02 
1.120990e-01 	9.922877e-02 
1.123850e-01 	9.856061e-02 
1.126700e-01 	9.789670e-02 
1.129560e-01 	9.723696e-02 
1.132410e-01 	9.658134e-02 
1.135270e-01 	9.592977e-02 
1.138130e-01 	9.528218e-02 
1.140980e-01 	9.463854e-02 
1.143840e-01 	9.399879e-02 
1.146690e-01 	9.336292e-02 
1.149550e-01 	9.273089e-02 
1.152410e-01 	9.210268e-02 
1.155260e-01 	9.147825e-02 
1.158120e-01 	9.085757e-02 
1.160970e-01 	9.024061e-02 
1.163830e-01 	8.962733e-02 
1.166690e-01 	8.901770e-02 
1.169540e-01 	8.841169e-02 
1.172400e-01 	8.780927e-02 
1.175250e-01 	8.721041e-02 
1.178110e-01 	8.661507e-02 
1.180970e-01 	8.602322e-02 
1.183820e-01 	8.543483e-02 
1.186680e-01 	8.484986e-02 
1.189530e-01 	8.426829e-02 
1.192390e-01 	8.369009e-02 
1.195250e-01 	8.311522e-02 
1.198100e-01 	8.254366e-02 
1.200960e-01 	8.197537e-02 
1.203810e-01 	8.141032e-02 
1.206670e-01 	8.084849e-02 
1.209530e-01 	8.028984e-02 
1.212380e-01 	7.973434e-02 
1.215240e-01 	7.918196e-02 
1.218090e-01 	7.863267e-02 
1.220950e-01 	7.808644e-02 
1.223810e-01 	7.754324e-02 
1.226660e-01 	7.700304e-02 
1.229520e-01 	7.646580e-02 
1.232380e-01 	7.593149e-02 
1.235230e-01 	7.540007e-02 
1.238090e-01 	7.487152e-02 
1.240940e-01 	7.434580e-02 
1.243800e-01 	7.382289e-02 
1.246660e-01 	7.330278e-02 
1.249510e-01 	7.278543e-02 
1.252370e-01 	7.227083e-02 
1.255220e-01 	7.175896e-02 
1.258080e-01 	7.124977e-02 
1.260940e-01 	7.074327e-02 
1.263790e-01 	7.023941e-02 
1.266650e-01 	6.973818e-02 
1.269500e-01 	6.923955e-02 
1.272360e-01 	6.874349e-02 
1.275220e-01 	6.824998e-02 
1.278070e-01 	6.775900e-02 
1.280930e-01 	6.727053e-02 
1.283780e-01 	6.678456e-02 
1.286640e-01 	6.630109e-02 
1.289500e-01 	6.582012e-02 
1.292350e-01 	6.534164e-02 
1.295210e-01 	6.486565e-02 
1.298060e-01 	6.439213e-02 
1.300920e-01 	6.392109e-02 
1.303780e-01 	6.345252e-02 
1.306630e-01 	6.298641e-02 
1.309490e-01 	6.252276e-02 
1.312340e-01 	6.206157e-02 
1.315200e-01 	6.160283e-02 
1.318060e-01 	6.114653e-02 
1.320910e-01 	6.069265e-02 
1.323770e-01 	6.024119e-02 
1.326620e-01 	5.979214e-02 
1.329480e-01 	5.934548e-02 
1.332340e-01 	5.890121e-02 
1.335190e-01 	5.845931e-02 
1.338050e-01 	5.801977e-02 
1.340900e-01 	5.758259e-02 
1.343760e-01 	5.714776e-02 
1.346620e-01 	5.671525e-02 
1.349470e-01 	5.628506e-02 
1.352330e-01 	5.585717e-02 
1.355180e-01 	5.543157e-02 
1.358040e-01 	5.500824e-02 
1.360900e-01 	5.458717e-02 
1.363750e-01 	5.416835e-02 
1.366610e-01 	5.375175e-02 
1.369460e-01 	5.333738e-02 
1.372320e-01 	5.292520e-02 
1.375180e-01 	5.251521e-02 
1.378030e-01 	5.210740e-02 
1.380890e-01 	5.170174e-02 
1.383740e-01 	5.129823e-02 
1.386600e-01 	5.089686e-02 
1.389460e-01 	5.049761e-02 
1.392310e-01 	5.010048e-02 
1.395170e-01 	4.970548e-02 
1.398020e-01 	4.931259e-02 
1.400880e-01 	4.892183e-02 
1.403740e-01 	4.853319e-02 
1.406590e-01 	4.814666e-02 
1.409450e-01 	4.776225e-02 
1.412300e-01 	4.737996e-02 
1.415160e-01 	4.699978e-02 
1.418020e-01 	4.662171e-02 
1.420870e-01 	4.624575e-02 
1.423730e-01 	4.587191e-02 
1.426580e-01 	4.550019e-02 
1.429440e-01 	4.513058e-02 
1.432300e-01 	4.476308e-02 
1.435150e-01 	4.439771e-02 
1.438010e-01 	4.403444e-02 
1.440860e-01 	4.367330e-02 
1.443720e-01 	4.331427e-02 
1.446580e-01 	4.295735e-02 
1.449430e-01 	4.260253e-02 
1.452290e-01 	4.224982e-02 
1.455150e-01 	4.189920e-02 
1.458000e-01 	4.155066e-02 
1.460860e-01 	4.120421e-02 
1.463710e-01 	4.085984e-02 
1.466570e-01 	4.051753e-02 
1.469430e-01 	4.017730e-02 
1.472280e-01 	3.983912e-02 
1.475140e-01 	3.950300e-02 
1.477990e-01 	3.916892e-02 
1.480850e-01 	3.883689e-02 
1.483710e-01 	3.850689e-02 
1.486560e-01 	3.817893e-02 
1.489420e-01 	3.785300e-02 
1.492270e-01 	3.752909e-02 
1.495130e-01 	3.720719e-02 
1.497990e-01 	3.688731e-02 
1.500840e-01 	3.656944e-02 
1.503700e-01 	3.625358e-02 
1.506550e-01 	3.593971e-02 
1.509410e-01 	3.562785e-02 
1.512270e-01 	3.531797e-02 
1.515120e-01 	3.501008e-02 
1.517980e-01 	3.470418e-02 
1.520830e-01 	3.440025e-02 
1.523690e-01 	3.409830e-02 
1.526550e-01 	3.379832e-02 
1.529400e-01 	3.350031e-02 
1.532260e-01 	3.320425e-02 
1.535110e-01 	3.291016e-02 
1.537970e-01 	3.261801e-02 
1.540830e-01 	3.232782e-02 
1.543680e-01 	3.203959e-02 
1.546540e-01 	3.175331e-02 
1.549390e-01 	3.146899e-02 
1.552250e-01 	3.118663e-02 
1.555110e-01 	3.090623e-02 
1.557960e-01 	3.062779e-02 
1.560820e-01 	3.035129e-02 
1.563670e-01 	3.007675e-02 
1.566530e-01 	2.980415e-02 
1.569390e-01 	2.953348e-02 
1.572240e-01 	2.926475e-02 
1.575100e-01 	2.899793e-02 
1.577950e-01 	2.873304e-02 
1.580810e-01 	2.847005e-02 
1.583670e-01 	2.820896e-02 
1.586520e-01 	2.794977e-02 
1.589380e-01 	2.769247e-02 
1.592230e-01 	2.743705e-02 
1.595090e-01 	2.718351e-02 
1.597950e-01 	2.693185e-02 
1.600800e-01 	2.668205e-02 
1.603660e-01 	2.643412e-02 
1.606510e-01 	2.618804e-02 
1.609370e-01 	2.594382e-02 
1.612230e-01 	2.570145e-02 
1.615080e-01 	2.546092e-02 
1.617940e-01 	2.522223e-02 
1.620790e-01 	2.498537e-02 
1.623650e-01 	2.475033e-02 
1.626510e-01 	2.451712e-02 
1.629360e-01 	2.428572e-02 
1.632220e-01 	2.405613e-02 
1.635070e-01 	2.382835e-02 
1.637930e-01 	2.360236e-02 
1.640790e-01 	2.337817e-02 
1.643640e-01 	2.315577e-02 
1.646500e-01 	2.293515e-02 
1.649350e-01 	2.271631e-02 
1.652210e-01 	2.249925e-02 
1.655070e-01 	2.228395e-02 
1.657920e-01 	2.207041e-02 
1.660780e-01 	2.185863e-02 
1.663630e-01 	2.164860e-02 
1.666490e-01 	2.144031e-02 
1.669350e-01 	2.123377e-02 
1.672200e-01 	2.102896e-02 
1.675060e-01 	2.082588e-02 
1.677920e-01 	2.062452e-02 
1.680770e-01 	2.042489e-02 
1.683630e-01 	2.022696e-02 
1.686480e-01 	2.003075e-02 
1.689340e-01 	1.983624e-02 
1.692200e-01 	1.964342e-02 
1.695050e-01 	1.945230e-02 
1.697910e-01 	1.926285e-02 
1.700760e-01 	1.907508e-02 
1.703620e-01 	1.888897e-02 
1.706480e-01 	1.870452e-02 
1.709330e-01 	1.852171e-02 
1.712190e-01 	1.834054e-02 
1.715040e-01 	1.816100e-02 
1.717900e-01 	1.798308e-02 
1.720760e-01 	1.780678e-02 
1.723610e-01 	1.763208e-02 
1.726470e-01 	1.745897e-02 
1.729320e-01 	1.728746e-02 
1.732180e-01 	1.711752e-02 
1.735040e-01 	1.694916e-02 
1.737890e-01 	1.678236e-02 
1.740750e-01 	1.661712e-02 
1.743600e-01 	1.645342e-02 
1.746460e-01 	1.629126e-02 
1.749320e-01 	1.613063e-02 
1.752170e-01 	1.597152e-02 
1.755030e-01 	1.581393e-02 
1.757880e-01 	1.565784e-02 
1.760740e-01 	1.550325e-02 
1.763600e-01 	1.535014e-02 
1.766450e-01 	1.519852e-02 
1.769310e-01 	1.504837e-02 
1.772160e-01 	1.489968e-02 
1.775020e-01 	1.475245e-02 
1.777880e-01 	1.460666e-02 
1.780730e-01 	1.446232e-02 
1.783590e-01 	1.431940e-02 
1.786440e-01 	1.417791e-02 
1.789300e-01 	1.403783e-02 
1.792160e-01 	1.389915e-02 
1.795010e-01 	1.376188e-02 
1.797870e-01 	1.362599e-02 
1.800720e-01 	1.349148e-02 
1.803580e-01 	1.335834e-02 
1.806440e-01 	1.322657e-02 
1.809290e-01 	1.309615e-02 
1.812150e-01 	1.296708e-02 
1.815000e-01 	1.283935e-02 
1.817860e-01 	1.271295e-02 
1.820720e-01 	1.258788e-02 
1.823570e-01 	1.246411e-02 
1.826430e-01 	1.234165e-02 
1.829280e-01 	1.222049e-02 
1.832140e-01 	1.210062e-02 
1.835000e-01 	1.198203e-02 
1.837850e-01 	1.186472e-02 
1.840710e-01 	1.174868e-02 
1.843560e-01 	1.163390e-02 
1.846420e-01 	1.152036e-02 
1.849280e-01 	1.140807e-02 
1.852130e-01 	1.129701e-02 
1.854990e-01 	1.118717e-02 
1.857840e-01 	1.107854e-02 
1.860700e-01 	1.097112e-02 
1.863560e-01 	1.086489e-02 
1.866410e-01 	1.075985e-02 
1.869270e-01 	1.065599e-02 
1.872120e-01 	1.055329e-02 
1.874980e-01 	1.045175e-02 
1.877840e-01 	1.035137e-02 
1.880690e-01 	1.025212e-02 
1.883550e-01 	1.015400e-02 
1.886400e-01 	1.005701e-02 
1.889260e-01 	9.961130e-03 
1.892120e-01 	9.866353e-03 
1.894970e-01 	9.772672e-03 
1.897830e-01 	9.680076e-03 
1.900690e-01 	9.588557e-03 
1.903540e-01 	9.498106e-03 
1.906400e-01 	9.408713e-03 
1.909250e-01 	9.320369e-03 
1.912110e-01 	9.233066e-03 
1.914970e-01 	9.146793e-03 
1.917820e-01 	9.061543e-03 
1.920680e-01 	8.977306e-03 
1.923530e-01 	8.894073e-03 
1.926390e-01 	8.811834e-03 
1.929250e-01 	8.730581e-03 
1.932100e-01 	8.650305e-03 
1.934960e-01 	8.570997e-03 
1.937810e-01 	8.492647e-03 
1.940670e-01 	8.415247e-03 
1.943530e-01 	8.338787e-03 
1.946380e-01 	8.263259e-03 
1.949240e-01 	8.188653e-03 
1.952090e-01 	8.114960e-03 
1.954950e-01 	8.042170e-03 
1.957810e-01 	7.970276e-03 
1.960660e-01 	7.899267e-03 
1.963520e-01 	7.829136e-03 
1.966370e-01 	7.759873e-03 
1.969230e-01 	7.691471e-03 
1.972090e-01 	7.623920e-03 
1.974940e-01 	7.557216e-03 
1.977800e-01 	7.491351e-03 
1.980650e-01 	7.426320e-03 
1.983510e-01 	7.362116e-03 
1.986370e-01 	7.298735e-03 
1.989220e-01 	7.236168e-03 
1.992080e-01 	7.174409e-03 
1.994930e-01 	7.113450e-03 
1.997790e-01 	7.053285e-03 
2.000650e-01 	6.993906e-03 
2.003500e-01 	6.935305e-03 
2.006360e-01 	6.877475e-03 
2.009210e-01 	6.820408e-03 
2.012070e-01 	6.764098e-03 
2.014930e-01 	6.708536e-03 
2.017780e-01 	6.653716e-03 
2.020640e-01 	6.599630e-03 
2.023490e-01 	6.546270e-03 
2.026350e-01 	6.493629e-03 
2.029210e-01 	6.441700e-03 
2.032060e-01 	6.390475e-03 
2.034920e-01 	6.339948e-03 
2.037770e-01 	6.290110e-03 
2.040630e-01 	6.240954e-03 
2.043490e-01 	6.192472e-03 
2.046340e-01 	6.144659e-03 
2.049200e-01 	6.097506e-03 
2.052050e-01 	6.051006e-03 
2.054910e-01 	6.005151e-03 
2.057770e-01 	5.959936e-03 
2.060620e-01 	5.915351e-03 
2.063480e-01 	5.871391e-03 
2.066330e-01 	5.828047e-03 
2.069190e-01 	5.785314e-03 
2.072050e-01 	5.743182e-03 
2.074900e-01 	5.701646e-03 
2.077760e-01 	5.660699e-03 
2.080610e-01 	5.620332e-03 
2.083470e-01 	5.580539e-03 
2.086330e-01 	5.541312e-03 
2.089180e-01 	5.502645e-03 
2.092040e-01 	5.464530e-03 
2.094890e-01 	5.426960e-03 
2.097750e-01 	5.389927e-03 
2.100610e-01 	5.353425e-03 
2.103460e-01 	5.317447e-03 
2.106320e-01 	5.281984e-03 
2.109170e-01 	5.247031e-03 
2.112030e-01 	5.212581e-03 
2.114890e-01 	5.178629e-03 
2.117740e-01 	5.145172e-03 
2.120600e-01 	5.112203e-03 
2.123450e-01 	5.079718e-03 
2.126310e-01 	5.047713e-03 
2.129170e-01 	5.016181e-03 
2.132020e-01 	4.985119e-03 
2.134880e-01 	4.954521e-03 
2.137740e-01 	4.924383e-03 
2.140590e-01 	4.894699e-03 
2.143450e-01 	4.865465e-03 
2.146300e-01 	4.836676e-03 
2.149160e-01 	4.808328e-03 
2.152020e-01 	4.780416e-03 
2.154870e-01 	4.752935e-03 
2.157730e-01 	4.725880e-03 
2.160580e-01 	4.699247e-03 
2.163440e-01 	4.673032e-03 
2.166300e-01 	4.647228e-03 
2.169150e-01 	4.621833e-03 
2.172010e-01 	4.596841e-03 
2.174860e-01 	4.572248e-03 
2.177720e-01 	4.548048e-03 
2.180580e-01 	4.524238e-03 
2.183430e-01 	4.500813e-03 
2.186290e-01 	4.477768e-03 
2.189140e-01 	4.455099e-03 
2.192000e-01 	4.432801e-03 
2.194860e-01 	4.410871e-03 
2.197710e-01 	4.389303e-03 
2.200570e-01 	4.368093e-03 
2.203420e-01 	4.347237e-03 
2.206280e-01 	4.326730e-03 
2.209140e-01 	4.306568e-03 
2.211990e-01 	4.286747e-03 
2.214850e-01 	4.267261e-03 
2.217700e-01 	4.248107e-03 
2.220560e-01 	4.229281e-03 
2.223420e-01 	4.210778e-03 
2.226270e-01 	4.192594e-03 
2.229130e-01 	4.174725e-03 
2.231980e-01 	4.157166e-03 
2.234840e-01 	4.139913e-03 
2.237700e-01 	4.122962e-03 
2.240550e-01 	4.106308e-03 
2.243410e-01 	4.089948e-03 
2.246260e-01 	4.073876e-03 
2.249120e-01 	4.058090e-03 
2.251980e-01 	4.042585e-03 
2.254830e-01 	4.027358e-03 
2.257690e-01 	4.012406e-03 
2.260540e-01 	3.997725e-03 
2.263400e-01 	3.983313e-03 
2.266260e-01 	3.969164e-03 
2.269110e-01 	3.955278e-03 
2.271970e-01 	3.941648e-03 
2.274820e-01 	3.928274e-03 
2.277680e-01 	3.915150e-03 
2.280540e-01 	3.902274e-03 
2.283390e-01 	3.889642e-03 
2.286250e-01 	3.877250e-03 
2.289100e-01 	3.865097e-03 
2.291960e-01 	3.853177e-03 
2.294820e-01 	3.841490e-03 
2.297670e-01 	3.830033e-03 
2.300530e-01 	3.818803e-03 
2.303380e-01 	3.807797e-03 
2.306240e-01 	3.797015e-03 
2.309100e-01 	3.786452e-03 
2.311950e-01 	3.776107e-03 
2.314810e-01 	3.765978e-03 
2.317660e-01 	3.756062e-03 
2.320520e-01 	3.746357e-03 
2.323380e-01 	3.736861e-03 
2.326230e-01 	3.727571e-03 
2.329090e-01 	3.718485e-03 
2.331940e-01 	3.709600e-03 
2.334800e-01 	3.700914e-03 
2.337660e-01 	3.692426e-03 
2.340510e-01 	3.684131e-03 
2.343370e-01 	3.676030e-03 
2.346230e-01 	3.668119e-03 
2.349080e-01 	3.660396e-03 
2.351940e-01 	3.652861e-03 
2.354790e-01 	3.645510e-03 
2.357650e-01 	3.638341e-03 
2.360510e-01 	3.631353e-03 
2.363360e-01 	3.624544e-03 
2.366220e-01 	3.617912e-03 
2.369070e-01 	3.611454e-03 
2.371930e-01 	3.605169e-03 
2.374790e-01 	3.599055e-03 
2.377640e-01 	3.593110e-03 
2.380500e-01 	3.587332e-03 
2.383350e-01 	3.581718e-03 
2.386210e-01 	3.576268e-03 
2.389070e-01 	3.570978e-03 
2.391920e-01 	3.565848e-03 
2.394780e-01 	3.560875e-03 
2.397630e-01 	3.556057e-03 
2.400490e-01 	3.551393e-03 
2.403350e-01 	3.546880e-03 
2.406200e-01 	3.542517e-03 
2.409060e-01 	3.538303e-03 
2.411910e-01 	3.534234e-03 
2.414770e-01 	3.530309e-03 
2.417630e-01 	3.526527e-03 
2.420480e-01 	3.522885e-03 
2.423340e-01 	3.519381e-03 
2.426190e-01 	3.516014e-03 
2.429050e-01 	3.512782e-03 
2.431910e-01 	3.509682e-03 
2.434760e-01 	3.506713e-03 
2.437620e-01 	3.503873e-03 
2.440470e-01 	3.501160e-03 
2.443330e-01 	3.498573e-03 
2.446190e-01 	3.496111e-03 
2.449040e-01 	3.493772e-03 
2.451900e-01 	3.491555e-03 
2.454750e-01 	3.489460e-03 
2.457610e-01 	3.487485e-03 
2.460470e-01 	3.485628e-03 
2.463320e-01 	3.483890e-03 
2.466180e-01 	3.482268e-03 
2.469030e-01 	3.480762e-03 
2.471890e-01 	3.479371e-03 
2.474750e-01 	3.478094e-03 
2.477600e-01 	3.476929e-03 
2.480460e-01 	3.475877e-03 
2.483310e-01 	3.474935e-03 
2.486170e-01 	3.474104e-03 
2.489030e-01 	3.473382e-03 
2.491880e-01 	3.472768e-03 
2.494740e-01 	3.472262e-03 
2.497590e-01 	3.471862e-03 
2.500450e-01 	3.471568e-03 
2.503310e-01 	3.471379e-03 
2.506160e-01 	3.471294e-03 
2.509020e-01 	3.471312e-03 
2.511870e-01 	3.471433e-03 
2.514730e-01 	3.471654e-03 
2.517590e-01 	3.471977e-03 
2.520440e-01 	3.472398e-03 
2.523300e-01 	3.472919e-03 
2.526150e-01 	3.473538e-03 
2.529010e-01 	3.474254e-03 
2.531870e-01 	3.475066e-03 
2.534720e-01 	3.475974e-03 
2.537580e-01 	3.476976e-03 
2.540430e-01 	3.478073e-03 
2.543290e-01 	3.479263e-03 
2.546150e-01 	3.480545e-03 
2.549000e-01 	3.481919e-03 
2.551860e-01 	3.483384e-03 
2.554710e-01 	3.484940e-03 
2.557570e-01 	3.486584e-03 
2.560430e-01 	3.488317e-03 
2.563280e-01 	3.490137e-03 
2.566140e-01 	3.492045e-03 
2.568990e-01 	3.494038e-03 
2.571850e-01 	3.496117e-03 
2.574710e-01 	3.498280e-03 
2.577560e-01 	3.500527e-03 
2.580420e-01 	3.502857e-03 
2.583280e-01 	3.505269e-03 
2.586130e-01 	3.507763e-03 
2.588990e-01 	3.510336e-03 
2.591840e-01 	3.512990e-03 
2.594700e-01 	3.515722e-03 
2.597560e-01 	3.518533e-03 
2.600410e-01 	3.521422e-03 
2.603270e-01 	3.524388e-03 
2.606120e-01 	3.527430e-03 
2.608980e-01 	3.530548e-03 
2.611840e-01 	3.533742e-03 
2.614690e-01 	3.537010e-03 
2.617550e-01 	3.540352e-03 
2.620400e-01 	3.543767e-03 
2.623260e-01 	3.547255e-03 
2.626120e-01 	3.550815e-03 
2.628970e-01 	3.554447e-03 
2.631830e-01 	3.558149e-03 
2.634680e-01 	3.561922e-03 
2.637540e-01 	3.565764e-03 
2.640400e-01 	3.569675e-03 
2.643250e-01 	3.573654e-03 
2.646110e-01 	3.577701e-03 
2.648960e-01 	3.581815e-03 
2.651820e-01 	3.585995e-03 
2.654680e-01 	3.590241e-03 
2.657530e-01 	3.594553e-03 
2.660390e-01 	3.598928e-03 
2.663240e-01 	3.603368e-03 
2.666100e-01 	3.607871e-03 
2.668960e-01 	3.612437e-03 
2.671810e-01 	3.617066e-03 
2.674670e-01 	3.621758e-03 
2.677520e-01 	3.626512e-03 
2.680380e-01 	3.631327e-03 
2.683240e-01 	3.636204e-03 
2.686090e-01 	3.641142e-03 
2.688950e-01 	3.646141e-03 
2.691800e-01 	3.651201e-03 
2.694660e-01 	3.656320e-03 
2.697520e-01 	3.661499e-03 
2.700370e-01 	3.666738e-03 
2.703230e-01 	3.672035e-03 
2.706080e-01 	3.677391e-03 
2.708940e-01 	3.682806e-03 
2.711800e-01 	3.688279e-03 
2.714650e-01 	3.693809e-03 
2.717510e-01 	3.699396e-03 
2.720360e-01 	3.705041e-03 
2.723220e-01 	3.710742e-03 
2.726080e-01 	3.716499e-03 
2.728930e-01 	3.722312e-03 
2.731790e-01 	3.728181e-03 
2.734640e-01 	3.734104e-03 
2.737500e-01 	3.740081e-03 
2.740360e-01 	3.746112e-03 
2.743210e-01 	3.752197e-03 
2.746070e-01 	3.758334e-03 
2.748920e-01 	3.764523e-03 
2.751780e-01 	3.770763e-03 
2.754640e-01 	3.777054e-03 
2.757490e-01 	3.783394e-03 
2.760350e-01 	3.789783e-03 
2.763200e-01 	3.796221e-03 
2.766060e-01 	3.802707e-03 
2.768920e-01 	3.809239e-03 
2.771770e-01 	3.815818e-03 
2.774630e-01 	3.822442e-03 
2.777480e-01 	3.829111e-03 
2.780340e-01 	3.835824e-03 
2.783200e-01 	3.842581e-03 
2.786050e-01 	3.849381e-03 
2.788910e-01 	3.856223e-03 
2.791760e-01 	3.863107e-03 
2.794620e-01 	3.870032e-03 
2.797480e-01 	3.876997e-03 
2.800330e-01 	3.884002e-03 
2.803190e-01 	3.891046e-03 
2.806050e-01 	3.898129e-03 
2.808900e-01 	3.905250e-03 
2.811760e-01 	3.912408e-03 
2.814610e-01 	3.919604e-03 
2.817470e-01 	3.926836e-03 
2.820330e-01 	3.934105e-03 
2.823180e-01 	3.941410e-03 
2.826040e-01 	3.948750e-03 
2.828890e-01 	3.956124e-03 
2.831750e-01 	3.963533e-03 
2.834610e-01 	3.970976e-03 
2.837460e-01 	3.978452e-03 
2.840320e-01 	3.985960e-03 
2.843170e-01 	3.993501e-03 
2.846030e-01 	4.001074e-03 
2.848890e-01 	4.008678e-03 
2.851740e-01 	4.016313e-03 
2.854600e-01 	4.023978e-03 
2.857450e-01 	4.031673e-03 
2.860310e-01 	4.039397e-03 
2.863170e-01 	4.047150e-03 
2.866020e-01 	4.054931e-03 
2.868880e-01 	4.062739e-03 
2.871730e-01 	4.070575e-03 
2.874590e-01 	4.078437e-03 
2.877450e-01 	4.086326e-03 
2.880300e-01 	4.094240e-03 
2.883160e-01 	4.102179e-03 
2.886010e-01 	4.110143e-03 
2.888870e-01 	4.118131e-03 
2.891730e-01 	4.126142e-03 
2.894580e-01 	4.134177e-03 
2.897440e-01 	4.142233e-03 
2.900290e-01 	4.150311e-03 
2.903150e-01 	4.158409e-03 
2.906010e-01 	4.166527e-03 
2.908860e-01 	4.174664e-03 
2.911720e-01 	4.182819e-03 
2.914570e-01 	4.190991e-03 
2.917430e-01 	4.199179e-03 
2.920290e-01 	4.207384e-03 
2.923140e-01 	4.215603e-03 
2.926000e-01 	4.223836e-03 
2.928850e-01 	4.232082e-03 
2.931710e-01 	4.240341e-03 
2.934570e-01 	4.248611e-03 
2.937420e-01 	4.256892e-03 
2.940280e-01 	4.265183e-03 
2.943130e-01 	4.273483e-03 
2.945990e-01 	4.281792e-03 
2.948850e-01 	4.290108e-03 
2.951700e-01 	4.298430e-03 
2.954560e-01 	4.306758e-03 
2.957410e-01 	4.315091e-03 
2.960270e-01 	4.323428e-03 
2.963130e-01 	4.331768e-03 
2.965980e-01 	4.340110e-03 
2.968840e-01 	4.348454e-03 
2.971690e-01 	4.356798e-03 
2.974550e-01 	4.365142e-03 
2.977410e-01 	4.373484e-03 
2.980260e-01 	4.381825e-03 
2.983120e-01 	4.390162e-03 
2.985970e-01 	4.398496e-03 
2.988830e-01 	4.406825e-03 
2.991690e-01 	4.415149e-03 
2.994540e-01 	4.423467e-03 
2.997400e-01 	4.431777e-03 
3.000250e-01 	4.440080e-03 
3.003110e-01 	4.448375e-03 
3.005970e-01 	4.456660e-03 
3.008820e-01 	4.464934e-03 
3.011680e-01 	4.473198e-03 
3.014530e-01 	4.481450e-03 
3.017390e-01 	4.489689e-03 
3.020250e-01 	4.497914e-03 
3.023100e-01 	4.506125e-03 
3.025960e-01 	4.514321e-03 
3.028820e-01 	4.522501e-03 
3.031670e-01 	4.530664e-03 
3.034530e-01 	4.538809e-03 
3.037380e-01 	4.546935e-03 
3.040240e-01 	4.555042e-03 
3.043100e-01 	4.563129e-03 
3.045950e-01 	4.571194e-03 
3.048810e-01 	4.579238e-03 
3.051660e-01 	4.587258e-03 
3.054520e-01 	4.595255e-03 
3.057380e-01 	4.603228e-03 
3.060230e-01 	4.611175e-03 
3.063090e-01 	4.619097e-03 
3.065940e-01 	4.626992e-03 
3.068800e-01 	4.634859e-03 
3.071660e-01 	4.642697e-03 
3.074510e-01 	4.650507e-03 
3.077370e-01 	4.658286e-03 
3.080220e-01 	4.666034e-03 
3.083080e-01 	4.673751e-03 
3.085940e-01 	4.681436e-03 
3.088790e-01 	4.689087e-03 
3.091650e-01 	4.696705e-03 
3.094500e-01 	4.704287e-03 
3.097360e-01 	4.711834e-03 
3.100220e-01 	4.719345e-03 
3.103070e-01 	4.726818e-03 
3.105930e-01 	4.734254e-03 
3.108780e-01 	4.741651e-03 
3.111640e-01 	4.749008e-03 
3.114500e-01 	4.756325e-03 
3.117350e-01 	4.763602e-03 
3.120210e-01 	4.770836e-03 
3.123060e-01 	4.778029e-03 
3.125920e-01 	4.785179e-03 
3.128780e-01 	4.792285e-03 
3.131630e-01 	4.799346e-03 
3.134490e-01 	4.806363e-03 
3.137340e-01 	4.813334e-03 
3.140200e-01 	4.820258e-03 
3.143060e-01 	4.827136e-03 
3.145910e-01 	4.833965e-03 
3.148770e-01 	4.840746e-03 
3.151620e-01 	4.847478e-03 
3.154480e-01 	4.854160e-03 
3.157340e-01 	4.860791e-03 
3.160190e-01 	4.867371e-03 
3.163050e-01 	4.873899e-03 
3.165900e-01 	4.880374e-03 
3.168760e-01 	4.886796e-03 
3.171620e-01 	4.893164e-03 
3.174470e-01 	4.899477e-03 
3.177330e-01 	4.905734e-03 
3.180180e-01 	4.911936e-03 
3.183040e-01 	4.918081e-03 
3.185900e-01 	4.924169e-03 
3.188750e-01 	4.930198e-03 
3.191610e-01 	4.936169e-03 
3.194460e-01 	4.942080e-03 
3.197320e-01 	4.947931e-03 
3.200180e-01 	4.953721e-03 
3.203030e-01 	4.959449e-03 
3.205890e-01 	4.965114e-03 
3.208740e-01 	4.970715e-03 
3.211600e-01 	4.976252e-03 
3.214460e-01 	4.981724e-03 
3.217310e-01 	4.987130e-03 
3.220170e-01 	4.992468e-03 
3.223020e-01 	4.997738e-03 
3.225880e-01 	5.002938e-03 
3.228740e-01 	5.008068e-03 
3.231590e-01 	5.013125e-03 
3.234450e-01 	5.018109e-03 
3.237300e-01 	5.023019e-03 
3.240160e-01 	5.027852e-03 
3.243020e-01 	5.032609e-03 
3.245870e-01 	5.037287e-03 
3.248730e-01 	5.041885e-03 
3.251590e-01 	5.046402e-03 
3.254440e-01 	5.050837e-03 
3.257300e-01 	5.055188e-03 
3.260150e-01 	5.059453e-03 
3.263010e-01 	5.063633e-03 
3.265870e-01 	5.067724e-03 
3.268720e-01 	5.071727e-03 
3.271580e-01 	5.075639e-03 
3.274430e-01 	5.079459e-03 
3.277290e-01 	5.083185e-03 
3.280150e-01 	5.086818e-03 
3.283000e-01 	5.090354e-03 
3.285860e-01 	5.093793e-03 
3.288710e-01 	5.097134e-03 
3.291570e-01 	5.100374e-03 
3.294430e-01 	5.103513e-03 
3.297280e-01 	5.106549e-03 
3.300140e-01 	5.109481e-03 
3.302990e-01 	5.112307e-03 
3.305850e-01 	5.115027e-03 
3.308710e-01 	5.117638e-03 
3.311560e-01 	5.120139e-03 
3.314420e-01 	5.122530e-03 
3.317270e-01 	5.124808e-03 
3.320130e-01 	5.126973e-03 
3.322990e-01 	5.129022e-03 
3.325840e-01 	5.130955e-03 
3.328700e-01 	5.132769e-03 
3.331550e-01 	5.134465e-03 
3.334410e-01 	5.136040e-03 
3.337270e-01 	5.137493e-03 
3.340120e-01 	5.138823e-03 
3.342980e-01 	5.140027e-03 
3.345830e-01 	5.141107e-03 
3.348690e-01 	5.142062e-03 
3.351550e-01 	5.142892e-03 
3.354400e-01 	5.143596e-03 
3.357260e-01 	5.144177e-03 
3.360110e-01 	5.144635e-03 
3.362970e-01 	5.144972e-03 
3.365830e-01 	5.145191e-03 
3.368680e-01 	5.145294e-03 
3.371540e-01 	5.145282e-03 
3.374390e-01 	5.145158e-03 
3.377250e-01 	5.144925e-03 
3.380110e-01 	5.144585e-03 
3.382960e-01 	5.144140e-03 
3.385820e-01 	5.143594e-03 
3.388670e-01 	5.142948e-03 
3.391530e-01 	5.142205e-03 
3.394390e-01 	5.141369e-03 
3.397240e-01 	5.140441e-03 
3.400100e-01 	5.139425e-03 
3.402950e-01 	5.138323e-03 
3.405810e-01 	5.137137e-03 
3.408670e-01 	5.135871e-03 
3.411520e-01 	5.134527e-03 
3.414380e-01 	5.133108e-03 
3.417230e-01 	5.131616e-03 
3.420090e-01 	5.130054e-03 
3.422950e-01 	5.128425e-03 
3.425800e-01 	5.126731e-03 
3.428660e-01 	5.124976e-03 
3.431510e-01 	5.123162e-03 
3.434370e-01 	5.121291e-03 
3.437230e-01 	5.119366e-03 
3.440080e-01 	5.117390e-03 
3.442940e-01 	5.115365e-03 
3.445790e-01 	5.113295e-03 
3.448650e-01 	5.111181e-03 
3.451510e-01 	5.109028e-03 
3.454360e-01 	5.106836e-03 
3.457220e-01 	5.104610e-03 
3.460070e-01 	5.102351e-03 
3.462930e-01 	5.100062e-03 
3.465790e-01 	5.097746e-03 
3.468640e-01 	5.095406e-03 
3.471500e-01 	5.093044e-03 
3.474360e-01 	5.090664e-03 
3.477210e-01 	5.088267e-03 
3.480070e-01 	5.085856e-03 
3.482920e-01 	5.083435e-03 
3.485780e-01 	5.081005e-03 
3.488640e-01 	5.078570e-03 
3.491490e-01 	5.076132e-03 
