#q 	 Ifit_avg 
2.999000e-03 	1.000000e+00 
3.284000e-03 	9.986357e-01 
3.570000e-03 	9.972701e-01 
3.856000e-03 	9.959020e-01 
4.141000e-03 	9.945300e-01 
4.427000e-03 	9.931529e-01 
4.712000e-03 	9.917694e-01 
4.998000e-03 	9.903782e-01 
5.284000e-03 	9.889780e-01 
5.569000e-03 	9.875675e-01 
5.855000e-03 	9.861454e-01 
6.140000e-03 	9.847104e-01 
6.426000e-03 	9.832612e-01 
6.712000e-03 	9.817966e-01 
6.997000e-03 	9.803153e-01 
7.283000e-03 	9.788158e-01 
7.568000e-03 	9.772971e-01 
7.854000e-03 	9.757577e-01 
8.140000e-03 	9.741963e-01 
8.425000e-03 	9.726118e-01 
8.711000e-03 	9.710027e-01 
8.996000e-03 	9.693678e-01 
9.282000e-03 	9.677058e-01 
9.568000e-03 	9.660155e-01 
9.853000e-03 	9.642954e-01 
1.013900e-02 	9.625444e-01 
1.042400e-02 	9.607611e-01 
1.071000e-02 	9.589442e-01 
1.099600e-02 	9.570925e-01 
1.128100e-02 	9.552047e-01 
1.156700e-02 	9.532794e-01 
1.185300e-02 	9.513155e-01 
1.213800e-02 	9.493116e-01 
1.242400e-02 	9.472665e-01 
1.270900e-02 	9.451790e-01 
1.299500e-02 	9.430479e-01 
1.328100e-02 	9.408721e-01 
1.356600e-02 	9.386505e-01 
1.385200e-02 	9.363821e-01 
1.413700e-02 	9.340659e-01 
1.442300e-02 	9.317010e-01 
1.470900e-02 	9.292868e-01 
1.499400e-02 	9.268226e-01 
1.528000e-02 	9.243077e-01 
1.556500e-02 	9.217417e-01 
1.585100e-02 	9.191243e-01 
1.613700e-02 	9.164552e-01 
1.642200e-02 	9.137345e-01 
1.670800e-02 	9.109622e-01 
1.699300e-02 	9.081385e-01 
1.727900e-02 	9.052638e-01 
1.756500e-02 	9.023391e-01 
1.785000e-02 	8.993653e-01 
1.813600e-02 	8.963433e-01 
1.842100e-02 	8.932741e-01 
1.870700e-02 	8.901588e-01 
1.899300e-02 	8.869986e-01 
1.927800e-02 	8.837946e-01 
1.956400e-02 	8.805479e-01 
1.984900e-02 	8.772596e-01 
2.013500e-02 	8.739310e-01 
2.042100e-02 	8.705630e-01 
2.070600e-02 	8.671569e-01 
2.099200e-02 	8.637138e-01 
2.127700e-02 	8.602347e-01 
2.156300e-02 	8.567209e-01 
2.184900e-02 	8.531733e-01 
2.213400e-02 	8.495932e-01 
2.242000e-02 	8.459815e-01 
2.270500e-02 	8.423395e-01 
2.299100e-02 	8.386681e-01 
2.327700e-02 	8.349685e-01 
2.356200e-02 	8.312418e-01 
2.384800e-02 	8.274889e-01 
2.413300e-02 	8.237109e-01 
2.441900e-02 	8.199089e-01 
2.470500e-02 	8.160838e-01 
2.499000e-02 	8.122368e-01 
2.527600e-02 	8.083687e-01 
2.556100e-02 	8.044805e-01 
2.584700e-02 	8.005734e-01 
2.613300e-02 	7.966480e-01 
2.641800e-02 	7.927055e-01 
2.670400e-02 	7.887466e-01 
2.698900e-02 	7.847725e-01 
2.727500e-02 	7.807839e-01 
2.756100e-02 	7.767817e-01 
2.784600e-02 	7.727667e-01 
2.813200e-02 	7.687398e-01 
2.841700e-02 	7.647018e-01 
2.870300e-02 	7.606535e-01 
2.898900e-02 	7.565958e-01 
2.927400e-02 	7.525294e-01 
2.956000e-02 	7.484549e-01 
2.984500e-02 	7.443732e-01 
3.013100e-02 	7.402848e-01 
3.041700e-02 	7.361906e-01 
3.070200e-02 	7.320913e-01 
3.098800e-02 	7.279874e-01 
3.127300e-02 	7.238796e-01 
3.155900e-02 	7.197683e-01 
3.184500e-02 	7.156541e-01 
3.213000e-02 	7.115375e-01 
3.241600e-02 	7.074190e-01 
3.270100e-02 	7.032990e-01 
3.298700e-02 	6.991781e-01 
3.327300e-02 	6.950568e-01 
3.355800e-02 	6.909356e-01 
3.384400e-02 	6.868148e-01 
3.413000e-02 	6.826949e-01 
3.441500e-02 	6.785764e-01 
3.470100e-02 	6.744597e-01 
3.498600e-02 	6.703452e-01 
3.527200e-02 	6.662333e-01 
3.555800e-02 	6.621245e-01 
3.584300e-02 	6.580191e-01 
3.612900e-02 	6.539176e-01 
3.641400e-02 	6.498204e-01 
3.670000e-02 	6.457278e-01 
3.698600e-02 	6.416404e-01 
3.727100e-02 	6.375584e-01 
3.755700e-02 	6.334823e-01 
3.784200e-02 	6.294124e-01 
3.812800e-02 	6.253491e-01 
3.841400e-02 	6.212929e-01 
3.869900e-02 	6.172439e-01 
3.898500e-02 	6.132028e-01 
3.927000e-02 	6.091697e-01 
3.955600e-02 	6.051451e-01 
3.984200e-02 	6.011293e-01 
4.012700e-02 	5.971225e-01 
4.041300e-02 	5.931253e-01 
4.069800e-02 	5.891378e-01 
4.098400e-02 	5.851605e-01 
4.127000e-02 	5.811937e-01 
4.155500e-02 	5.772376e-01 
4.184100e-02 	5.732927e-01 
4.212600e-02 	5.693591e-01 
4.241200e-02 	5.654373e-01 
4.269800e-02 	5.615274e-01 
4.298300e-02 	5.576298e-01 
4.326900e-02 	5.537448e-01 
4.355400e-02 	5.498726e-01 
4.384000e-02 	5.460136e-01 
4.412600e-02 	5.421679e-01 
4.441100e-02 	5.383358e-01 
4.469700e-02 	5.345177e-01 
4.498200e-02 	5.307138e-01 
4.526800e-02 	5.269244e-01 
4.555400e-02 	5.231496e-01 
4.583900e-02 	5.193897e-01 
4.612500e-02 	5.156450e-01 
4.641000e-02 	5.119156e-01 
4.669600e-02 	5.082017e-01 
4.698200e-02 	5.045037e-01 
4.726700e-02 	5.008217e-01 
4.755300e-02 	4.971559e-01 
4.783800e-02 	4.935066e-01 
4.812400e-02 	4.898740e-01 
4.841000e-02 	4.862582e-01 
4.869500e-02 	4.826595e-01 
4.898100e-02 	4.790780e-01 
4.926600e-02 	4.755139e-01 
4.955200e-02 	4.719674e-01 
4.983800e-02 	4.684386e-01 
5.012300e-02 	4.649279e-01 
5.040900e-02 	4.614352e-01 
5.069400e-02 	4.579609e-01 
5.098000e-02 	4.545051e-01 
5.126600e-02 	4.510680e-01 
5.155100e-02 	4.476496e-01 
5.183700e-02 	4.442502e-01 
5.212200e-02 	4.408697e-01 
5.240800e-02 	4.375085e-01 
5.269400e-02 	4.341665e-01 
5.297900e-02 	4.308440e-01 
5.326500e-02 	4.275411e-01 
5.355000e-02 	4.242578e-01 
5.383600e-02 	4.209944e-01 
5.412200e-02 	4.177509e-01 
5.440700e-02 	4.145275e-01 
5.469300e-02 	4.113243e-01 
5.497800e-02 	4.081413e-01 
5.526400e-02 	4.049786e-01 
5.555000e-02 	4.018363e-01 
5.583500e-02 	3.987144e-01 
5.612100e-02 	3.956130e-01 
5.640700e-02 	3.925321e-01 
5.669200e-02 	3.894718e-01 
5.697800e-02 	3.864321e-01 
5.726300e-02 	3.834131e-01 
5.754900e-02 	3.804149e-01 
5.783500e-02 	3.774375e-01 
5.812000e-02 	3.744809e-01 
5.840600e-02 	3.715453e-01 
5.869100e-02 	3.686306e-01 
5.897700e-02 	3.657369e-01 
5.926300e-02 	3.628640e-01 
5.954800e-02 	3.600119e-01 
5.983400e-02 	3.571806e-01 
6.011900e-02 	3.543700e-01 
6.040500e-02 	3.515800e-01 
6.069100e-02 	3.488105e-01 
6.097600e-02 	3.460616e-01 
6.126200e-02 	3.433331e-01 
6.154700e-02 	3.406251e-01 
6.183300e-02 	3.379374e-01 
6.211900e-02 	3.352700e-01 
6.240400e-02 	3.326228e-01 
6.269000e-02 	3.299958e-01 
6.297500e-02 	3.273889e-01 
6.326100e-02 	3.248022e-01 
6.354700e-02 	3.222354e-01 
6.383200e-02 	3.196885e-01 
6.411800e-02 	3.171615e-01 
6.440300e-02 	3.146543e-01 
6.468900e-02 	3.121667e-01 
6.497500e-02 	3.096987e-01 
6.526000e-02 	3.072501e-01 
6.554600e-02 	3.048210e-01 
6.583100e-02 	3.024111e-01 
6.611700e-02 	3.000205e-01 
6.640300e-02 	2.976491e-01 
6.668800e-02 	2.952967e-01 
6.697400e-02 	2.929634e-01 
6.725900e-02 	2.906490e-01 
6.754500e-02 	2.883534e-01 
6.783100e-02 	2.860766e-01 
6.811600e-02 	2.838185e-01 
6.840200e-02 	2.815788e-01 
6.868700e-02 	2.793577e-01 
6.897300e-02 	2.771548e-01 
6.925900e-02 	2.749703e-01 
6.954400e-02 	2.728038e-01 
6.983000e-02 	2.706555e-01 
7.011500e-02 	2.685251e-01 
7.040100e-02 	2.664125e-01 
7.068700e-02 	2.643178e-01 
7.097200e-02 	2.622407e-01 
7.125800e-02 	2.601813e-01 
7.154300e-02 	2.581394e-01 
7.182900e-02 	2.561150e-01 
7.211500e-02 	2.541080e-01 
7.240000e-02 	2.521183e-01 
7.268600e-02 	2.501458e-01 
7.297100e-02 	2.481903e-01 
7.325700e-02 	2.462517e-01 
7.354300e-02 	2.443299e-01 
7.382800e-02 	2.424247e-01 
7.411400e-02 	2.405360e-01 
7.439900e-02 	2.386636e-01 
7.468500e-02 	2.368075e-01 
7.497100e-02 	2.349674e-01 
7.525600e-02 	2.331432e-01 
7.554200e-02 	2.313349e-01 
7.582700e-02 	2.295422e-01 
7.611300e-02 	2.277651e-01 
7.639900e-02 	2.260034e-01 
7.668400e-02 	2.242570e-01 
7.697000e-02 	2.225258e-01 
7.725500e-02 	2.208097e-01 
7.754100e-02 	2.191086e-01 
7.782700e-02 	2.174223e-01 
7.811200e-02 	2.157508e-01 
7.839800e-02 	2.140938e-01 
7.868400e-02 	2.124514e-01 
7.896900e-02 	2.108234e-01 
7.925500e-02 	2.092096e-01 
7.954000e-02 	2.076099e-01 
7.982600e-02 	2.060242e-01 
8.011200e-02 	2.044524e-01 
8.039700e-02 	2.028942e-01 
8.068300e-02 	2.013497e-01 
8.096800e-02 	1.998186e-01 
8.125400e-02 	1.983009e-01 
8.154000e-02 	1.967963e-01 
8.182500e-02 	1.953049e-01 
8.211100e-02 	1.938265e-01 
8.239600e-02 	1.923610e-01 
8.268200e-02 	1.909083e-01 
8.296800e-02 	1.894683e-01 
8.325300e-02 	1.880409e-01 
8.353900e-02 	1.866260e-01 
8.382400e-02 	1.852234e-01 
8.411000e-02 	1.838332e-01 
8.439600e-02 	1.824551e-01 
8.468100e-02 	1.810890e-01 
8.496700e-02 	1.797349e-01 
8.525200e-02 	1.783927e-01 
8.553800e-02 	1.770622e-01 
8.582400e-02 	1.757433e-01 
8.610900e-02 	1.744360e-01 
8.639500e-02 	1.731401e-01 
8.668000e-02 	1.718555e-01 
8.696600e-02 	1.705821e-01 
8.725200e-02 	1.693197e-01 
8.753700e-02 	1.680683e-01 
8.782300e-02 	1.668277e-01 
8.810800e-02 	1.655980e-01 
8.839400e-02 	1.643788e-01 
8.868000e-02 	1.631703e-01 
8.896500e-02 	1.619721e-01 
8.925100e-02 	1.607844e-01 
8.953600e-02 	1.596068e-01 
8.982200e-02 	1.584394e-01 
9.010800e-02 	1.572820e-01 
9.039300e-02 	1.561345e-01 
9.067900e-02 	1.549969e-01 
9.096400e-02 	1.538690e-01 
9.125000e-02 	1.527507e-01 
9.153600e-02 	1.516419e-01 
9.182100e-02 	1.505425e-01 
9.210700e-02 	1.494524e-01 
9.239200e-02 	1.483715e-01 
9.267800e-02 	1.472996e-01 
9.296400e-02 	1.462368e-01 
9.324900e-02 	1.451829e-01 
9.353500e-02 	1.441378e-01 
9.382000e-02 	1.431014e-01 
9.410600e-02 	1.420737e-01 
9.439200e-02 	1.410546e-01 
9.467700e-02 	1.400440e-01 
9.496300e-02 	1.390418e-01 
9.524800e-02 	1.380478e-01 
9.553400e-02 	1.370622e-01 
9.582000e-02 	1.360846e-01 
9.610500e-02 	1.351152e-01 
9.639100e-02 	1.341537e-01 
9.667600e-02 	1.332000e-01 
9.696200e-02 	1.322542e-01 
9.724800e-02 	1.313161e-01 
9.753300e-02 	1.303857e-01 
9.781900e-02 	1.294628e-01 
9.810400e-02 	1.285473e-01 
9.839000e-02 	1.276391e-01 
9.867600e-02 	1.267383e-01 
9.896100e-02 	1.258446e-01 
9.924700e-02 	1.249580e-01 
9.953200e-02 	1.240784e-01 
9.981800e-02 	1.232058e-01 
1.001040e-01 	1.223400e-01 
1.003890e-01 	1.214810e-01 
1.006750e-01 	1.206288e-01 
1.009610e-01 	1.197832e-01 
1.012460e-01 	1.189443e-01 
1.015320e-01 	1.181119e-01 
1.018170e-01 	1.172859e-01 
1.021030e-01 	1.164665e-01 
1.023890e-01 	1.156533e-01 
1.026740e-01 	1.148465e-01 
1.029600e-01 	1.140459e-01 
1.032450e-01 	1.132515e-01 
1.035310e-01 	1.124632e-01 
1.038170e-01 	1.116809e-01 
1.041020e-01 	1.109045e-01 
1.043880e-01 	1.101341e-01 
1.046730e-01 	1.093695e-01 
1.049590e-01 	1.086106e-01 
1.052450e-01 	1.078575e-01 
1.055300e-01 	1.071099e-01 
1.058160e-01 	1.063679e-01 
1.061010e-01 	1.056314e-01 
1.063870e-01 	1.049004e-01 
1.066730e-01 	1.041747e-01 
1.069580e-01 	1.034544e-01 
1.072440e-01 	1.027394e-01 
1.075290e-01 	1.020296e-01 
1.078150e-01 	1.013251e-01 
1.081010e-01 	1.006257e-01 
1.083860e-01 	9.993136e-02 
1.086720e-01 	9.924210e-02 
1.089570e-01 	9.855783e-02 
1.092430e-01 	9.787850e-02 
1.095290e-01 	9.720404e-02 
1.098140e-01 	9.653442e-02 
1.101000e-01 	9.586957e-02 
1.103850e-01 	9.520944e-02 
1.106710e-01 	9.455398e-02 
1.109570e-01 	9.390313e-02 
1.112420e-01 	9.325685e-02 
1.115280e-01 	9.261506e-02 
1.118130e-01 	9.197773e-02 
1.120990e-01 	9.134479e-02 
1.123850e-01 	9.071619e-02 
1.126700e-01 	9.009188e-02 
1.129560e-01 	8.947179e-02 
1.132410e-01 	8.885588e-02 
1.135270e-01 	8.824408e-02 
1.138130e-01 	8.763635e-02 
1.140980e-01 	8.703263e-02 
1.143840e-01 	8.643290e-02 
1.146690e-01 	8.583713e-02 
1.149550e-01 	8.524529e-02 
1.152410e-01 	8.465736e-02 
1.155260e-01 	8.407329e-02 
1.158120e-01 	8.349305e-02 
1.160970e-01 	8.291662e-02 
1.163830e-01 	8.234396e-02 
1.166690e-01 	8.177504e-02 
1.169540e-01 	8.120982e-02 
1.172400e-01 	8.064827e-02 
1.175250e-01 	8.009037e-02 
1.178110e-01 	7.953608e-02 
1.180970e-01 	7.898536e-02 
1.183820e-01 	7.843818e-02 
1.186680e-01 	7.789452e-02 
1.189530e-01 	7.735434e-02 
1.192390e-01 	7.681762e-02 
1.195250e-01 	7.628431e-02 
1.198100e-01 	7.575441e-02 
1.200960e-01 	7.522787e-02 
1.203810e-01 	7.470466e-02 
1.206670e-01 	7.418476e-02 
1.209530e-01 	7.366814e-02 
1.212380e-01 	7.315477e-02 
1.215240e-01 	7.264462e-02 
1.218090e-01 	7.213766e-02 
1.220950e-01 	7.163386e-02 
1.223810e-01 	7.113319e-02 
1.226660e-01 	7.063563e-02 
1.229520e-01 	7.014114e-02 
1.232380e-01 	6.964968e-02 
1.235230e-01 	6.916122e-02 
1.238090e-01 	6.867573e-02 
1.240940e-01 	6.819318e-02 
1.243800e-01 	6.771354e-02 
1.246660e-01 	6.723678e-02 
1.249510e-01 	6.676288e-02 
1.252370e-01 	6.629180e-02 
1.255220e-01 	6.582353e-02 
1.258080e-01 	6.535802e-02 
1.260940e-01 	6.489526e-02 
1.263790e-01 	6.443521e-02 
1.266650e-01 	6.397784e-02 
1.269500e-01 	6.352312e-02 
1.272360e-01 	6.307102e-02 
1.275220e-01 	6.262151e-02 
1.278070e-01 	6.217456e-02 
1.280930e-01 	6.173015e-02 
1.283780e-01 	6.128827e-02 
1.286640e-01 	6.084891e-02 
1.289500e-01 	6.041205e-02 
1.292350e-01 	5.997770e-02 
1.295210e-01 	5.954584e-02 
1.298060e-01 	5.911646e-02 
1.300920e-01 	5.868955e-02 
1.303780e-01 	5.826511e-02 
1.306630e-01 	5.784312e-02 
1.309490e-01 	5.742358e-02 
1.312340e-01 	5.700648e-02 
1.315200e-01 	5.659181e-02 
1.318060e-01 	5.617954e-02 
1.320910e-01 	5.576968e-02 
1.323770e-01 	5.536221e-02 
1.326620e-01 	5.495711e-02 
1.329480e-01 	5.455437e-02 
1.332340e-01 	5.415399e-02 
1.335190e-01 	5.375593e-02 
1.338050e-01 	5.336021e-02 
1.340900e-01 	5.296679e-02 
1.343760e-01 	5.257567e-02 
1.346620e-01 	5.218683e-02 
1.349470e-01 	5.180026e-02 
1.352330e-01 	5.141594e-02 
1.355180e-01 	5.103385e-02 
1.358040e-01 	5.065396e-02 
1.360900e-01 	5.027627e-02 
1.363750e-01 	4.990076e-02 
1.366610e-01 	4.952740e-02 
1.369460e-01 	4.915619e-02 
1.372320e-01 	4.878709e-02 
1.375180e-01 	4.842009e-02 
1.378030e-01 	4.805518e-02 
1.380890e-01 	4.769234e-02 
1.383740e-01 	4.733155e-02 
1.386600e-01 	4.697279e-02 
1.389460e-01 	4.661605e-02 
1.392310e-01 	4.626132e-02 
1.395170e-01 	4.590859e-02 
1.398020e-01 	4.555785e-02 
1.400880e-01 	4.520910e-02 
1.403740e-01 	4.486231e-02 
1.406590e-01 	4.451750e-02 
1.409450e-01 	4.417464e-02 
1.412300e-01 	4.383373e-02 
1.415160e-01 	4.349476e-02 
1.418020e-01 	4.315773e-02 
1.420870e-01 	4.282263e-02 
1.423730e-01 	4.248946e-02 
1.426580e-01 	4.215822e-02 
1.429440e-01 	4.182891e-02 
1.432300e-01 	4.150152e-02 
1.435150e-01 	4.117607e-02 
1.438010e-01 	4.085254e-02 
1.440860e-01 	4.053093e-02 
1.443720e-01 	4.021124e-02 
1.446580e-01 	3.989346e-02 
1.449430e-01 	3.957759e-02 
1.452290e-01 	3.926361e-02 
1.455150e-01 	3.895152e-02 
1.458000e-01 	3.864131e-02 
1.460860e-01 	3.833297e-02 
1.463710e-01 	3.802650e-02 
1.466570e-01 	3.772187e-02 
1.469430e-01 	3.741910e-02 
1.472280e-01 	3.711816e-02 
1.475140e-01 	3.681905e-02 
1.477990e-01 	3.652176e-02 
1.480850e-01 	3.622629e-02 
1.483710e-01 	3.593261e-02 
1.486560e-01 	3.564074e-02 
1.489420e-01 	3.535066e-02 
1.492270e-01 	3.506236e-02 
1.495130e-01 	3.477583e-02 
1.497990e-01 	3.449108e-02 
1.500840e-01 	3.420810e-02 
1.503700e-01 	3.392687e-02 
1.506550e-01 	3.364740e-02 
1.509410e-01 	3.336968e-02 
1.512270e-01 	3.309370e-02 
1.515120e-01 	3.281946e-02 
1.517980e-01 	3.254695e-02 
1.520830e-01 	3.227616e-02 
1.523690e-01 	3.200709e-02 
1.526550e-01 	3.173974e-02 
1.529400e-01 	3.147409e-02 
1.532260e-01 	3.121014e-02 
1.535110e-01 	3.094788e-02 
1.537970e-01 	3.068731e-02 
1.540830e-01 	3.042842e-02 
1.543680e-01 	3.017122e-02 
1.546540e-01 	2.991569e-02 
1.549390e-01 	2.966184e-02 
1.552250e-01 	2.940966e-02 
1.555110e-01 	2.915916e-02 
1.557960e-01 	2.891032e-02 
1.560820e-01 	2.866315e-02 
1.563670e-01 	2.841763e-02 
1.566530e-01 	2.817376e-02 
1.569390e-01 	2.793155e-02 
1.572240e-01 	2.769097e-02 
1.575100e-01 	2.745203e-02 
1.577950e-01 	2.721472e-02 
1.580810e-01 	2.697903e-02 
1.583670e-01 	2.674496e-02 
1.586520e-01 	2.651249e-02 
1.589380e-01 	2.628163e-02 
1.592230e-01 	2.605237e-02 
1.595090e-01 	2.582470e-02 
1.597950e-01 	2.559862e-02 
1.600800e-01 	2.537413e-02 
1.603660e-01 	2.515122e-02 
1.606510e-01 	2.492989e-02 
1.609370e-01 	2.471013e-02 
1.612230e-01 	2.449194e-02 
1.615080e-01 	2.427532e-02 
1.617940e-01 	2.406025e-02 
1.620790e-01 	2.384674e-02 
1.623650e-01 	2.363477e-02 
1.626510e-01 	2.342435e-02 
1.629360e-01 	2.321547e-02 
1.632220e-01 	2.300813e-02 
1.635070e-01 	2.280231e-02 
1.637930e-01 	2.259802e-02 
1.640790e-01 	2.239525e-02 
1.643640e-01 	2.219400e-02 
1.646500e-01 	2.199425e-02 
1.649350e-01 	2.179601e-02 
1.652210e-01 	2.159927e-02 
1.655070e-01 	2.140403e-02 
1.657920e-01 	2.121028e-02 
1.660780e-01 	2.101801e-02 
1.663630e-01 	2.082723e-02 
1.666490e-01 	2.063792e-02 
1.669350e-01 	2.045008e-02 
1.672200e-01 	2.026371e-02 
1.675060e-01 	2.007881e-02 
1.677920e-01 	1.989535e-02 
1.680770e-01 	1.971336e-02 
1.683630e-01 	1.953280e-02 
1.686480e-01 	1.935370e-02 
1.689340e-01 	1.917603e-02 
1.692200e-01 	1.899979e-02 
1.695050e-01 	1.882498e-02 
1.697910e-01 	1.865159e-02 
1.700760e-01 	1.847962e-02 
1.703620e-01 	1.830905e-02 
1.706480e-01 	1.813988e-02 
1.709330e-01 	1.797210e-02 
1.712190e-01 	1.780571e-02 
1.715040e-01 	1.764071e-02 
1.717900e-01 	1.747708e-02 
1.720760e-01 	1.731482e-02 
1.723610e-01 	1.715393e-02 
1.726470e-01 	1.699439e-02 
1.729320e-01 	1.683620e-02 
1.732180e-01 	1.667936e-02 
1.735040e-01 	1.652386e-02 
1.737890e-01 	1.636969e-02 
1.740750e-01 	1.621684e-02 
1.743600e-01 	1.606532e-02 
1.746460e-01 	1.591511e-02 
1.749320e-01 	1.576621e-02 
1.752170e-01 	1.561861e-02 
1.755030e-01 	1.547231e-02 
1.757880e-01 	1.532730e-02 
1.760740e-01 	1.518357e-02 
1.763600e-01 	1.504112e-02 
1.766450e-01 	1.489994e-02 
1.769310e-01 	1.476002e-02 
1.772160e-01 	1.462137e-02 
1.775020e-01 	1.448396e-02 
1.777880e-01 	1.434780e-02 
1.780730e-01 	1.421289e-02 
1.783590e-01 	1.407920e-02 
1.786440e-01 	1.394675e-02 
1.789300e-01 	1.381552e-02 
1.792160e-01 	1.368550e-02 
1.795010e-01 	1.355669e-02 
1.797870e-01 	1.342909e-02 
1.800720e-01 	1.330268e-02 
1.803580e-01 	1.317747e-02 
1.806440e-01 	1.305344e-02 
1.809290e-01 	1.293058e-02 
1.812150e-01 	1.280890e-02 
1.815000e-01 	1.268839e-02 
1.817860e-01 	1.256904e-02 
1.820720e-01 	1.245084e-02 
1.823570e-01 	1.233379e-02 
1.826430e-01 	1.221789e-02 
1.829280e-01 	1.210312e-02 
1.832140e-01 	1.198948e-02 
1.835000e-01 	1.187696e-02 
1.837850e-01 	1.176557e-02 
1.840710e-01 	1.165529e-02 
1.843560e-01 	1.154612e-02 
1.846420e-01 	1.143805e-02 
1.849280e-01 	1.133107e-02 
1.852130e-01 	1.122518e-02 
1.854990e-01 	1.112036e-02 
1.857840e-01 	1.101662e-02 
1.860700e-01 	1.091394e-02 
1.863560e-01 	1.081232e-02 
1.866410e-01 	1.071174e-02 
1.869270e-01 	1.061222e-02 
1.872120e-01 	1.051372e-02 
1.874980e-01 	1.041626e-02 
1.877840e-01 	1.031982e-02 
1.880690e-01 	1.022440e-02 
1.883550e-01 	1.012998e-02 
1.886400e-01 	1.003656e-02 
1.889260e-01 	9.944140e-03 
1.892120e-01 	9.852705e-03 
1.894970e-01 	9.762250e-03 
1.897830e-01 	9.672769e-03 
1.900690e-01 	9.584252e-03 
1.903540e-01 	9.496695e-03 
1.906400e-01 	9.410089e-03 
1.909250e-01 	9.324429e-03 
1.912110e-01 	9.239705e-03 
1.914970e-01 	9.155912e-03 
1.917820e-01 	9.073043e-03 
1.920680e-01 	8.991091e-03 
1.923530e-01 	8.910048e-03 
1.926390e-01 	8.829909e-03 
1.929250e-01 	8.750665e-03 
1.932100e-01 	8.672311e-03 
1.934960e-01 	8.594840e-03 
1.937810e-01 	8.518244e-03 
1.940670e-01 	8.442517e-03 
1.943530e-01 	8.367652e-03 
1.946380e-01 	8.293642e-03 
1.949240e-01 	8.220481e-03 
1.952090e-01 	8.148160e-03 
1.954950e-01 	8.076674e-03 
1.957810e-01 	8.006015e-03 
1.960660e-01 	7.936177e-03 
1.963520e-01 	7.867155e-03 
1.966370e-01 	7.798941e-03 
1.969230e-01 	7.731530e-03 
1.972090e-01 	7.664915e-03 
1.974940e-01 	7.599091e-03 
1.977800e-01 	7.534052e-03 
1.980650e-01 	7.469794e-03 
1.983510e-01 	7.406310e-03 
1.986370e-01 	7.343596e-03 
1.989220e-01 	7.281645e-03 
1.992080e-01 	7.220452e-03 
1.994930e-01 	7.160010e-03 
1.997790e-01 	7.100313e-03 
2.000650e-01 	7.041354e-03 
2.003500e-01 	6.983126e-03 
2.006360e-01 	6.925625e-03 
2.009210e-01 	6.868842e-03 
2.012070e-01 	6.812773e-03 
2.014930e-01 	6.757409e-03 
2.017780e-01 	6.702745e-03 
2.020640e-01 	6.648775e-03 
2.023490e-01 	6.595492e-03 
2.026350e-01 	6.542890e-03 
2.029210e-01 	6.490961e-03 
2.032060e-01 	6.439701e-03 
2.034920e-01 	6.389102e-03 
2.037770e-01 	6.339159e-03 
2.040630e-01 	6.289865e-03 
2.043490e-01 	6.241214e-03 
2.046340e-01 	6.193199e-03 
2.049200e-01 	6.145815e-03 
2.052050e-01 	6.099056e-03 
2.054910e-01 	6.052914e-03 
2.057770e-01 	6.007385e-03 
2.060620e-01 	5.962462e-03 
2.063480e-01 	5.918140e-03 
2.066330e-01 	5.874411e-03 
2.069190e-01 	5.831270e-03 
2.072050e-01 	5.788712e-03 
2.074900e-01 	5.746729e-03 
2.077760e-01 	5.705317e-03 
2.080610e-01 	5.664468e-03 
2.083470e-01 	5.624178e-03 
2.086330e-01 	5.584440e-03 
2.089180e-01 	5.545248e-03 
2.092040e-01 	5.506596e-03 
2.094890e-01 	5.468479e-03 
2.097750e-01 	5.430890e-03 
2.100610e-01 	5.393823e-03 
2.103460e-01 	5.357274e-03 
2.106320e-01 	5.321234e-03 
2.109170e-01 	5.285700e-03 
2.112030e-01 	5.250666e-03 
2.114890e-01 	5.216127e-03 
2.117740e-01 	5.182079e-03 
2.120600e-01 	5.148517e-03 
2.123450e-01 	5.115437e-03 
2.126310e-01 	5.082835e-03 
2.129170e-01 	5.050705e-03 
2.132020e-01 	5.019043e-03 
2.134880e-01 	4.987845e-03 
2.137740e-01 	4.957106e-03 
2.140590e-01 	4.926822e-03 
2.143450e-01 	4.896988e-03 
2.146300e-01 	4.867599e-03 
2.149160e-01 	4.838650e-03 
2.152020e-01 	4.810138e-03 
2.154870e-01 	4.782058e-03 
2.157730e-01 	4.754404e-03 
2.160580e-01 	4.727173e-03 
2.163440e-01 	4.700360e-03 
2.166300e-01 	4.673961e-03 
2.169150e-01 	4.647970e-03 
2.172010e-01 	4.622384e-03 
2.174860e-01 	4.597198e-03 
2.177720e-01 	4.572408e-03 
2.180580e-01 	4.548008e-03 
2.183430e-01 	4.523995e-03 
2.186290e-01 	4.500365e-03 
2.189140e-01 	4.477113e-03 
2.192000e-01 	4.454235e-03 
2.194860e-01 	4.431726e-03 
2.197710e-01 	4.409583e-03 
2.200570e-01 	4.387801e-03 
2.203420e-01 	4.366376e-03 
2.206280e-01 	4.345304e-03 
2.209140e-01 	4.324580e-03 
2.211990e-01 	4.304201e-03 
2.214850e-01 	4.284161e-03 
2.217700e-01 	4.264458e-03 
2.220560e-01 	4.245087e-03 
2.223420e-01 	4.226043e-03 
2.226270e-01 	4.207324e-03 
2.229130e-01 	4.188924e-03 
2.231980e-01 	4.170840e-03 
2.234840e-01 	4.153067e-03 
2.237700e-01 	4.135602e-03 
2.240550e-01 	4.118439e-03 
2.243410e-01 	4.101577e-03 
2.246260e-01 	4.085009e-03 
2.249120e-01 	4.068733e-03 
2.251980e-01 	4.052745e-03 
2.254830e-01 	4.037043e-03 
2.257690e-01 	4.021622e-03 
2.260540e-01 	4.006480e-03 
2.263400e-01 	3.991614e-03 
2.266260e-01 	3.977021e-03 
2.269110e-01 	3.962696e-03 
2.271970e-01 	3.948639e-03 
2.274820e-01 	3.934844e-03 
2.277680e-01 	3.921309e-03 
2.280540e-01 	3.908030e-03 
2.283390e-01 	3.895006e-03 
2.286250e-01 	3.882232e-03 
2.289100e-01 	3.869705e-03 
2.291960e-01 	3.857423e-03 
2.294820e-01 	3.845383e-03 
2.297670e-01 	3.833581e-03 
2.300530e-01 	3.822017e-03 
2.303380e-01 	3.810686e-03 
2.306240e-01 	3.799587e-03 
2.309100e-01 	3.788717e-03 
2.311950e-01 	3.778073e-03 
2.314810e-01 	3.767652e-03 
2.317660e-01 	3.757453e-03 
2.320520e-01 	3.747473e-03 
2.323380e-01 	3.737710e-03 
2.326230e-01 	3.728159e-03 
2.329090e-01 	3.718821e-03 
2.331940e-01 	3.709690e-03 
2.334800e-01 	3.700766e-03 
2.337660e-01 	3.692046e-03 
2.340510e-01 	3.683526e-03 
2.343370e-01 	3.675206e-03 
2.346230e-01 	3.667082e-03 
2.349080e-01 	3.659153e-03 
2.351940e-01 	3.651415e-03 
2.354790e-01 	3.643869e-03 
2.357650e-01 	3.636509e-03 
2.360510e-01 	3.629336e-03 
2.363360e-01 	3.622346e-03 
2.366220e-01 	3.615538e-03 
2.369070e-01 	3.608908e-03 
2.371930e-01 	3.602456e-03 
2.374790e-01 	3.596178e-03 
2.377640e-01 	3.590072e-03 
2.380500e-01 	3.584138e-03 
2.383350e-01 	3.578371e-03 
2.386210e-01 	3.572770e-03 
2.389070e-01 	3.567334e-03 
2.391920e-01 	3.562060e-03 
2.394780e-01 	3.556947e-03 
2.397630e-01 	3.551993e-03 
2.400490e-01 	3.547195e-03 
2.403350e-01 	3.542554e-03 
2.406200e-01 	3.538066e-03 
2.409060e-01 	3.533730e-03 
2.411910e-01 	3.529544e-03 
2.414770e-01 	3.525507e-03 
2.417630e-01 	3.521616e-03 
2.420480e-01 	3.517870e-03 
2.423340e-01 	3.514267e-03 
2.426190e-01 	3.510805e-03 
2.429050e-01 	3.507483e-03 
2.431910e-01 	3.504299e-03 
2.434760e-01 	3.501251e-03 
2.437620e-01 	3.498337e-03 
2.440470e-01 	3.495555e-03 
2.443330e-01 	3.492904e-03 
2.446190e-01 	3.490383e-03 
2.449040e-01 	3.487991e-03 
2.451900e-01 	3.485725e-03 
2.454750e-01 	3.483586e-03 
2.457610e-01 	3.481571e-03 
2.460470e-01 	3.479679e-03 
2.463320e-01 	3.477910e-03 
2.466180e-01 	3.476261e-03 
2.469030e-01 	3.474731e-03 
2.471890e-01 	3.473320e-03 
2.474750e-01 	3.472027e-03 
2.477600e-01 	3.470849e-03 
2.480460e-01 	3.469787e-03 
2.483310e-01 	3.468839e-03 
2.486170e-01 	3.468003e-03 
2.489030e-01 	3.467280e-03 
2.491880e-01 	3.466668e-03 
2.494740e-01 	3.466165e-03 
2.497590e-01 	3.465772e-03 
2.500450e-01 	3.465486e-03 
2.503310e-01 	3.465308e-03 
2.506160e-01 	3.465235e-03 
2.509020e-01 	3.465267e-03 
2.511870e-01 	3.465403e-03 
2.514730e-01 	3.465642e-03 
2.517590e-01 	3.465983e-03 
2.520440e-01 	3.466425e-03 
2.523300e-01 	3.466966e-03 
2.526150e-01 	3.467607e-03 
2.529010e-01 	3.468346e-03 
2.531870e-01 	3.469182e-03 
2.534720e-01 	3.470114e-03 
2.537580e-01 	3.471143e-03 
2.540430e-01 	3.472266e-03 
2.543290e-01 	3.473482e-03 
2.546150e-01 	3.474793e-03 
2.549000e-01 	3.476195e-03 
2.551860e-01 	3.477689e-03 
2.554710e-01 	3.479273e-03 
2.557570e-01 	3.480948e-03 
2.560430e-01 	3.482711e-03 
2.563280e-01 	3.484563e-03 
2.566140e-01 	3.486502e-03 
2.568990e-01 	3.488528e-03 
2.571850e-01 	3.490639e-03 
2.574710e-01 	3.492835e-03 
2.577560e-01 	3.495115e-03 
2.580420e-01 	3.497478e-03 
2.583280e-01 	3.499924e-03 
2.586130e-01 	3.502451e-03 
2.588990e-01 	3.505059e-03 
2.591840e-01 	3.507747e-03 
2.594700e-01 	3.510514e-03 
2.597560e-01 	3.513359e-03 
2.600410e-01 	3.516282e-03 
2.603270e-01 	3.519283e-03 
2.606120e-01 	3.522360e-03 
2.608980e-01 	3.525513e-03 
2.611840e-01 	3.528741e-03 
2.614690e-01 	3.532044e-03 
2.617550e-01 	3.535421e-03 
2.620400e-01 	3.538872e-03 
2.623260e-01 	3.542395e-03 
2.626120e-01 	3.545990e-03 
2.628970e-01 	3.549657e-03 
2.631830e-01 	3.553395e-03 
2.634680e-01 	3.557203e-03 
2.637540e-01 	3.561080e-03 
2.640400e-01 	3.565027e-03 
2.643250e-01 	3.569042e-03 
2.646110e-01 	3.573125e-03 
2.648960e-01 	3.577274e-03 
2.651820e-01 	3.581491e-03 
2.654680e-01 	3.585773e-03 
2.657530e-01 	3.590120e-03 
2.660390e-01 	3.594532e-03 
2.663240e-01 	3.599008e-03 
2.666100e-01 	3.603547e-03 
2.668960e-01 	3.608150e-03 
2.671810e-01 	3.612815e-03 
2.674670e-01 	3.617542e-03 
2.677520e-01 	3.622330e-03 
2.680380e-01 	3.627180e-03 
2.683240e-01 	3.632091e-03 
2.686090e-01 	3.637061e-03 
2.688950e-01 	3.642092e-03 
2.691800e-01 	3.647181e-03 
2.694660e-01 	3.652329e-03 
2.697520e-01 	3.657536e-03 
2.700370e-01 	3.662800e-03 
2.703230e-01 	3.668121e-03 
2.706080e-01 	3.673500e-03 
2.708940e-01 	3.678934e-03 
2.711800e-01 	3.684425e-03 
2.714650e-01 	3.689971e-03 
2.717510e-01 	3.695572e-03 
2.720360e-01 	3.701227e-03 
2.723220e-01 	3.706936e-03 
2.726080e-01 	3.712699e-03 
2.728930e-01 	3.718514e-03 
2.731790e-01 	3.724382e-03 
2.734640e-01 	3.730301e-03 
2.737500e-01 	3.736272e-03 
2.740360e-01 	3.742293e-03 
2.743210e-01 	3.748364e-03 
2.746070e-01 	3.754484e-03 
2.748920e-01 	3.760653e-03 
2.751780e-01 	3.766870e-03 
2.754640e-01 	3.773134e-03 
2.757490e-01 	3.779444e-03 
2.760350e-01 	3.785800e-03 
2.763200e-01 	3.792202e-03 
2.766060e-01 	3.798647e-03 
2.768920e-01 	3.805137e-03 
2.771770e-01 	3.811669e-03 
2.774630e-01 	3.818244e-03 
2.777480e-01 	3.824860e-03 
2.780340e-01 	3.831518e-03 
2.783200e-01 	3.838215e-03 
2.786050e-01 	3.844953e-03 
2.788910e-01 	3.851729e-03 
2.791760e-01 	3.858544e-03 
2.794620e-01 	3.865397e-03 
2.797480e-01 	3.872286e-03 
2.800330e-01 	3.879213e-03 
2.803190e-01 	3.886175e-03 
2.806050e-01 	3.893172e-03 
2.808900e-01 	3.900204e-03 
2.811760e-01 	3.907270e-03 
2.814610e-01 	3.914370e-03 
2.817470e-01 	3.921502e-03 
2.820330e-01 	3.928667e-03 
2.823180e-01 	3.935863e-03 
2.826040e-01 	3.943090e-03 
2.828890e-01 	3.950348e-03 
2.831750e-01 	3.957636e-03 
2.834610e-01 	3.964952e-03 
2.837460e-01 	3.972298e-03 
2.840320e-01 	3.979671e-03 
2.843170e-01 	3.987071e-03 
2.846030e-01 	3.994498e-03 
2.848890e-01 	4.001951e-03 
2.851740e-01 	4.009429e-03 
2.854600e-01 	4.016932e-03 
2.857450e-01 	4.024459e-03 
2.860310e-01 	4.032009e-03 
2.863170e-01 	4.039582e-03 
2.866020e-01 	4.047178e-03 
2.868880e-01 	4.054794e-03 
2.871730e-01 	4.062432e-03 
2.874590e-01 	4.070090e-03 
2.877450e-01 	4.077767e-03 
2.880300e-01 	4.085463e-03 
2.883160e-01 	4.093178e-03 
2.886010e-01 	4.100910e-03 
2.888870e-01 	4.108660e-03 
2.891730e-01 	4.116425e-03 
2.894580e-01 	4.124207e-03 
2.897440e-01 	4.132003e-03 
2.900290e-01 	4.139813e-03 
2.903150e-01 	4.147636e-03 
2.906010e-01 	4.155472e-03 
2.908860e-01 	4.163319e-03 
2.911720e-01 	4.171176e-03 
2.914570e-01 	4.179043e-03 
2.917430e-01 	4.186920e-03 
2.920290e-01 	4.194804e-03 
2.923140e-01 	4.202695e-03 
2.926000e-01 	4.210593e-03 
2.928850e-01 	4.218496e-03 
2.931710e-01 	4.226404e-03 
2.934570e-01 	4.234315e-03 
2.937420e-01 	4.242230e-03 
2.940280e-01 	4.250147e-03 
2.943130e-01 	4.258065e-03 
2.945990e-01 	4.265983e-03 
2.948850e-01 	4.273901e-03 
2.951700e-01 	4.281818e-03 
2.954560e-01 	4.289732e-03 
2.957410e-01 	4.297644e-03 
2.960270e-01 	4.305551e-03 
2.963130e-01 	4.313454e-03 
2.965980e-01 	4.321351e-03 
2.968840e-01 	4.329241e-03 
2.971690e-01 	4.337124e-03 
2.974550e-01 	4.344998e-03 
2.977410e-01 	4.352864e-03 
2.980260e-01 	4.360719e-03 
2.983120e-01 	4.368564e-03 
2.985970e-01 	4.376397e-03 
2.988830e-01 	4.384217e-03 
2.991690e-01 	4.392024e-03 
2.994540e-01 	4.399817e-03 
2.997400e-01 	4.407595e-03 
3.000250e-01 	4.415357e-03 
3.003110e-01 	4.423102e-03 
3.005970e-01 	4.430830e-03 
3.008820e-01 	4.438539e-03 
3.011680e-01 	4.446229e-03 
3.014530e-01 	4.453900e-03 
3.017390e-01 	4.461549e-03 
3.020250e-01 	4.469176e-03 
3.023100e-01 	4.476781e-03 
3.025960e-01 	4.484363e-03 
3.028820e-01 	4.491920e-03 
3.031670e-01 	4.499452e-03 
3.034530e-01 	4.506957e-03 
3.037380e-01 	4.514436e-03 
3.040240e-01 	4.521887e-03 
3.043100e-01 	4.529309e-03 
3.045950e-01 	4.536702e-03 
3.048810e-01 	4.544064e-03 
3.051660e-01 	4.551395e-03 
3.054520e-01 	4.558694e-03 
3.057380e-01 	4.565960e-03 
3.060230e-01 	4.573192e-03 
3.063090e-01 	4.580389e-03 
3.065940e-01 	4.587551e-03 
3.068800e-01 	4.594677e-03 
3.071660e-01 	4.601765e-03 
3.074510e-01 	4.608815e-03 
3.077370e-01 	4.615827e-03 
3.080220e-01 	4.622799e-03 
3.083080e-01 	4.629730e-03 
3.085940e-01 	4.636620e-03 
3.088790e-01 	4.643469e-03 
3.091650e-01 	4.650275e-03 
3.094500e-01 	4.657037e-03 
3.097360e-01 	4.663756e-03 
3.100220e-01 	4.670430e-03 
3.103070e-01 	4.677058e-03 
3.105930e-01 	4.683640e-03 
3.108780e-01 	4.690175e-03 
3.111640e-01 	4.696662e-03 
3.114500e-01 	4.703101e-03 
3.117350e-01 	4.709491e-03 
3.120210e-01 	4.715832e-03 
3.123060e-01 	4.722123e-03 
3.125920e-01 	4.728362e-03 
3.128780e-01 	4.734551e-03 
3.131630e-01 	4.740687e-03 
3.134490e-01 	4.746771e-03 
3.137340e-01 	4.752801e-03 
3.140200e-01 	4.758778e-03 
3.143060e-01 	4.764700e-03 
3.145910e-01 	4.770567e-03 
3.148770e-01 	4.776378e-03 
3.151620e-01 	4.782133e-03 
3.154480e-01 	4.787831e-03 
3.157340e-01 	4.793471e-03 
3.160190e-01 	4.799054e-03 
3.163050e-01 	4.804577e-03 
3.165900e-01 	4.810042e-03 
3.168760e-01 	4.815446e-03 
3.171620e-01 	4.820790e-03 
3.174470e-01 	4.826073e-03 
3.177330e-01 	4.831295e-03 
3.180180e-01 	4.836454e-03 
3.183040e-01 	4.841551e-03 
3.185900e-01 	4.846584e-03 
3.188750e-01 	4.851554e-03 
3.191610e-01 	4.856459e-03 
3.194460e-01 	4.861299e-03 
3.197320e-01 	4.866073e-03 
3.200180e-01 	4.870782e-03 
3.203030e-01 	4.875423e-03 
3.205890e-01 	4.879997e-03 
3.208740e-01 	4.884502e-03 
3.211600e-01 	4.888939e-03 
3.214460e-01 	4.893307e-03 
3.217310e-01 	4.897604e-03 
3.220170e-01 	4.901831e-03 
3.223020e-01 	4.905985e-03 
3.225880e-01 	4.910067e-03 
3.228740e-01 	4.914075e-03 
3.231590e-01 	4.918009e-03 
3.234450e-01 	4.921866e-03 
3.237300e-01 	4.925648e-03 
3.240160e-01 	4.929351e-03 
3.243020e-01 	4.932976e-03 
3.245870e-01 	4.936522e-03 
3.248730e-01 	4.939986e-03 
3.251590e-01 	4.943369e-03 
3.254440e-01 	4.946670e-03 
3.257300e-01 	4.949886e-03 
3.260150e-01 	4.953018e-03 
3.263010e-01 	4.956063e-03 
3.265870e-01 	4.959022e-03 
3.268720e-01 	4.961893e-03 
3.271580e-01 	4.964674e-03 
3.274430e-01 	4.967366e-03 
3.277290e-01 	4.969966e-03 
3.280150e-01 	4.972473e-03 
3.283000e-01 	4.974887e-03 
3.285860e-01 	4.977207e-03 
3.288710e-01 	4.979431e-03 
3.291570e-01 	4.981558e-03 
3.294430e-01 	4.983587e-03 
3.297280e-01 	4.985517e-03 
3.300140e-01 	4.987346e-03 
3.302990e-01 	4.989075e-03 
3.305850e-01 	4.990701e-03 
3.308710e-01 	4.992223e-03 
3.311560e-01 	4.993641e-03 
3.314420e-01 	4.994954e-03 
3.317270e-01 	4.996159e-03 
3.320130e-01 	4.997256e-03 
3.322990e-01 	4.998245e-03 
3.325840e-01 	4.999123e-03 
3.328700e-01 	4.999890e-03 
3.331550e-01 	5.000544e-03 
3.334410e-01 	5.001084e-03 
3.337270e-01 	5.001511e-03 
3.340120e-01 	5.001821e-03 
3.342980e-01 	5.002014e-03 
3.345830e-01 	5.002090e-03 
3.348690e-01 	5.002048e-03 
3.351550e-01 	5.001888e-03 
3.354400e-01 	5.001609e-03 
3.357260e-01 	5.001213e-03 
3.360110e-01 	5.000700e-03 
3.362970e-01 	5.000072e-03 
3.365830e-01 	4.999330e-03 
3.368680e-01 	4.998476e-03 
3.371540e-01 	4.997512e-03 
3.374390e-01 	4.996440e-03 
3.377250e-01 	4.995262e-03 
3.380110e-01 	4.993980e-03 
3.382960e-01 	4.992597e-03 
3.385820e-01 	4.991115e-03 
3.388670e-01 	4.989537e-03 
3.391530e-01 	4.987864e-03 
3.394390e-01 	4.986100e-03 
3.397240e-01 	4.984246e-03 
3.400100e-01 	4.982307e-03 
3.402950e-01 	4.980283e-03 
3.405810e-01 	4.978179e-03 
3.408670e-01 	4.975995e-03 
3.411520e-01 	4.973736e-03 
3.414380e-01 	4.971404e-03 
3.417230e-01 	4.969000e-03 
3.420090e-01 	4.966529e-03 
3.422950e-01 	4.963992e-03 
3.425800e-01 	4.961392e-03 
3.428660e-01 	4.958732e-03 
3.431510e-01 	4.956014e-03 
3.434370e-01 	4.953241e-03 
3.437230e-01 	4.950415e-03 
3.440080e-01 	4.947540e-03 
3.442940e-01 	4.944617e-03 
3.445790e-01 	4.941649e-03 
3.448650e-01 	4.938640e-03 
3.451510e-01 	4.935591e-03 
3.454360e-01 	4.932505e-03 
3.457220e-01 	4.929385e-03 
3.460070e-01 	4.926234e-03 
3.462930e-01 	4.923053e-03 
3.465790e-01 	4.919846e-03 
3.468640e-01 	4.916615e-03 
3.471500e-01 	4.913364e-03 
3.474360e-01 	4.910093e-03 
3.477210e-01 	4.906807e-03 
3.480070e-01 	4.903507e-03 
3.482920e-01 	4.900197e-03 
3.485780e-01 	4.896878e-03 
3.488640e-01 	4.893554e-03 
3.491490e-01 	4.890228e-03 
