#q 	 Ifit_avg 
4.430000e-03 	1.000000e+00 
4.716000e-03 	9.980498e-01 
5.002000e-03 	9.960988e-01 
5.288000e-03 	9.941447e-01 
5.573000e-03 	9.921860e-01 
5.859000e-03 	9.902213e-01 
6.145000e-03 	9.882488e-01 
6.431000e-03 	9.862665e-01 
6.717000e-03 	9.842741e-01 
7.003000e-03 	9.822695e-01 
7.288000e-03 	9.802510e-01 
7.574000e-03 	9.782171e-01 
7.860000e-03 	9.761664e-01 
8.146000e-03 	9.740972e-01 
8.432000e-03 	9.720072e-01 
8.717000e-03 	9.698965e-01 
9.003000e-03 	9.677628e-01 
9.289000e-03 	9.656044e-01 
9.575000e-03 	9.634199e-01 
9.861000e-03 	9.612077e-01 
1.014600e-02 	9.589694e-01 
1.043200e-02 	9.566956e-01 
1.071800e-02 	9.543895e-01 
1.100400e-02 	9.520496e-01 
1.129000e-02 	9.496741e-01 
1.157600e-02 	9.472617e-01 
1.186100e-02 	9.448195e-01 
1.214700e-02 	9.423286e-01 
1.243300e-02 	9.397962e-01 
1.271900e-02 	9.372208e-01 
1.300500e-02 	9.346008e-01 
1.329000e-02 	9.319442e-01 
1.357600e-02 	9.292310e-01 
1.386200e-02 	9.264693e-01 
1.414800e-02 	9.236576e-01 
1.443400e-02 	9.207950e-01 
1.472000e-02 	9.178804e-01 
1.500500e-02 	9.149235e-01 
1.529100e-02 	9.119026e-01 
1.557700e-02 	9.088277e-01 
1.586300e-02 	9.056981e-01 
1.614900e-02 	9.025138e-01 
1.643400e-02 	8.992861e-01 
1.672000e-02 	8.959922e-01 
1.700600e-02 	8.926439e-01 
1.729200e-02 	8.892414e-01 
1.757800e-02 	8.857853e-01 
1.786300e-02 	8.822888e-01 
1.814900e-02 	8.787281e-01 
1.843500e-02 	8.751163e-01 
1.872100e-02 	8.714546e-01 
1.900700e-02 	8.677443e-01 
1.929300e-02 	8.639867e-01 
1.957800e-02 	8.601966e-01 
1.986400e-02 	8.563487e-01 
2.015000e-02 	8.524579e-01 
2.043600e-02 	8.485256e-01 
2.072200e-02 	8.445534e-01 
2.100700e-02 	8.405570e-01 
2.129300e-02 	8.365097e-01 
2.157900e-02 	8.324271e-01 
2.186500e-02 	8.283106e-01 
2.215100e-02 	8.241618e-01 
2.243700e-02 	8.199821e-01 
2.272200e-02 	8.157878e-01 
2.300800e-02 	8.115508e-01 
2.329400e-02 	8.072873e-01 
2.358000e-02 	8.029987e-01 
2.386600e-02 	7.986862e-01 
2.415100e-02 	7.943666e-01 
2.443700e-02 	7.900109e-01 
2.472300e-02 	7.856354e-01 
2.500900e-02 	7.812416e-01 
2.529500e-02 	7.768305e-01 
2.558100e-02 	7.724037e-01 
2.586600e-02 	7.679777e-01 
2.615200e-02 	7.635226e-01 
2.643800e-02 	7.590552e-01 
2.672400e-02 	7.545766e-01 
2.701000e-02 	7.500879e-01 
2.729500e-02 	7.456059e-01 
2.758100e-02 	7.411002e-01 
2.786700e-02 	7.365875e-01 
2.815300e-02 	7.320687e-01 
2.843900e-02 	7.275450e-01 
2.872400e-02 	7.230330e-01 
2.901000e-02 	7.185019e-01 
2.929600e-02 	7.139685e-01 
2.958200e-02 	7.094336e-01 
2.986800e-02 	7.048980e-01 
3.015400e-02 	7.003626e-01 
3.043900e-02 	6.958440e-01 
3.072500e-02 	6.913112e-01 
3.101100e-02 	6.867808e-01 
3.129700e-02 	6.822534e-01 
3.158300e-02 	6.777297e-01 
3.186800e-02 	6.732262e-01 
3.215400e-02 	6.687119e-01 
3.244000e-02 	6.642033e-01 
3.272600e-02 	6.597010e-01 
3.301200e-02 	6.552054e-01 
3.329800e-02 	6.507171e-01 
3.358300e-02 	6.462523e-01 
3.386900e-02 	6.417802e-01 
3.415500e-02 	6.373169e-01 
3.444100e-02 	6.328630e-01 
3.472700e-02 	6.284190e-01 
3.501200e-02 	6.240007e-01 
3.529800e-02 	6.195777e-01 
3.558400e-02 	6.151658e-01 
3.587000e-02 	6.107656e-01 
3.615600e-02 	6.063773e-01 
3.644200e-02 	6.020015e-01 
3.672700e-02 	5.976537e-01 
3.701300e-02 	5.933038e-01 
3.729900e-02 	5.889674e-01 
3.758500e-02 	5.846450e-01 
3.787100e-02 	5.803368e-01 
3.815600e-02 	5.760584e-01 
3.844200e-02 	5.717799e-01 
3.872800e-02 	5.675167e-01 
3.901400e-02 	5.632692e-01 
3.930000e-02 	5.590377e-01 
3.958500e-02 	5.548372e-01 
3.987100e-02 	5.506386e-01 
4.015700e-02 	5.464569e-01 
4.044300e-02 	5.422924e-01 
4.072900e-02 	5.381455e-01 
4.101500e-02 	5.340164e-01 
4.130000e-02 	5.299196e-01 
4.158600e-02 	5.258267e-01 
4.187200e-02 	5.217524e-01 
4.215800e-02 	5.176970e-01 
4.244400e-02 	5.136605e-01 
4.272900e-02 	5.096574e-01 
4.301500e-02 	5.056598e-01 
4.330100e-02 	5.016819e-01 
4.358700e-02 	4.977240e-01 
4.387300e-02 	4.937863e-01 
4.415900e-02 	4.898689e-01 
4.444400e-02 	4.859856e-01 
4.473000e-02 	4.821094e-01 
4.501600e-02 	4.782541e-01 
4.530200e-02 	4.744198e-01 
4.558800e-02 	4.706067e-01 
4.587300e-02 	4.668283e-01 
4.615900e-02 	4.630582e-01 
4.644500e-02 	4.593098e-01 
4.673100e-02 	4.555832e-01 
4.701700e-02 	4.518785e-01 
4.730200e-02 	4.482088e-01 
4.758800e-02 	4.445483e-01 
4.787400e-02 	4.409100e-01 
4.816000e-02 	4.372941e-01 
4.844600e-02 	4.337007e-01 
4.873200e-02 	4.301298e-01 
4.901700e-02 	4.265940e-01 
4.930300e-02 	4.230685e-01 
4.958900e-02 	4.195659e-01 
4.987500e-02 	4.160861e-01 
5.016100e-02 	4.126292e-01 
5.044600e-02 	4.092073e-01 
5.073200e-02 	4.057964e-01 
5.101800e-02 	4.024085e-01 
5.130400e-02 	3.990437e-01 
5.159000e-02 	3.957022e-01 
5.187600e-02 	3.923838e-01 
5.216100e-02 	3.891002e-01 
5.244700e-02 	3.858284e-01 
5.273300e-02 	3.825799e-01 
5.301900e-02 	3.793546e-01 
5.330500e-02 	3.761527e-01 
5.359000e-02 	3.729851e-01 
5.387600e-02 	3.698296e-01 
5.416200e-02 	3.666974e-01 
5.444800e-02 	3.635884e-01 
5.473400e-02 	3.605027e-01 
5.502000e-02 	3.574402e-01 
5.530500e-02 	3.544116e-01 
5.559100e-02 	3.513956e-01 
5.587700e-02 	3.484028e-01 
5.616300e-02 	3.454333e-01 
5.644900e-02 	3.424868e-01 
5.673400e-02 	3.395736e-01 
5.702000e-02 	3.366731e-01 
5.730600e-02 	3.337956e-01 
5.759200e-02 	3.309408e-01 
5.787800e-02 	3.281089e-01 
5.816300e-02 	3.253095e-01 
5.844900e-02 	3.225229e-01 
5.873500e-02 	3.197589e-01 
5.902100e-02 	3.170175e-01 
5.930700e-02 	3.142987e-01 
5.959300e-02 	3.116022e-01 
5.987800e-02 	3.089375e-01 
6.016400e-02 	3.062857e-01 
6.045000e-02 	3.036561e-01 
6.073600e-02 	3.010485e-01 
6.102200e-02 	2.984629e-01 
6.130700e-02 	2.959080e-01 
6.159300e-02 	2.933658e-01 
6.187900e-02 	2.908453e-01 
6.216500e-02 	2.883462e-01 
6.245100e-02 	2.858685e-01 
6.273700e-02 	2.834121e-01 
6.302200e-02 	2.809854e-01 
6.330800e-02 	2.785711e-01 
6.359400e-02 	2.761777e-01 
6.388000e-02 	2.738052e-01 
6.416600e-02 	2.714535e-01 
6.445100e-02 	2.691305e-01 
6.473700e-02 	2.668198e-01 
6.502300e-02 	2.645295e-01 
6.530900e-02 	2.622595e-01 
6.559500e-02 	2.600096e-01 
6.588100e-02 	2.577797e-01 
6.616600e-02 	2.555773e-01 
6.645200e-02 	2.533870e-01 
6.673800e-02 	2.512162e-01 
6.702400e-02 	2.490648e-01 
6.731000e-02 	2.469328e-01 
6.759500e-02 	2.448273e-01 
6.788100e-02 	2.427335e-01 
6.816700e-02 	2.406586e-01 
6.845300e-02 	2.386027e-01 
6.873900e-02 	2.365654e-01 
6.902400e-02 	2.345539e-01 
6.931000e-02 	2.325537e-01 
6.959600e-02 	2.305718e-01 
6.988200e-02 	2.286082e-01 
7.016800e-02 	2.266627e-01 
7.045400e-02 	2.247351e-01 
7.073900e-02 	2.228320e-01 
7.102500e-02 	2.209399e-01 
7.131100e-02 	2.190653e-01 
7.159700e-02 	2.172083e-01 
7.188300e-02 	2.153685e-01 
7.216800e-02 	2.135523e-01 
7.245400e-02 	2.117468e-01 
7.274000e-02 	2.099584e-01 
7.302600e-02 	2.081868e-01 
7.331200e-02 	2.064321e-01 
7.359800e-02 	2.046940e-01 
7.388300e-02 	2.029784e-01 
7.416900e-02 	2.012733e-01 
7.445500e-02 	1.995845e-01 
7.474100e-02 	1.979118e-01 
7.502700e-02 	1.962551e-01 
7.531200e-02 	1.946201e-01 
7.559800e-02 	1.929951e-01 
7.588400e-02 	1.913857e-01 
7.617000e-02 	1.897919e-01 
7.645600e-02 	1.882134e-01 
7.674200e-02 	1.866502e-01 
7.702700e-02 	1.851075e-01 
7.731300e-02 	1.835745e-01 
7.759900e-02 	1.820563e-01 
7.788500e-02 	1.805530e-01 
7.817100e-02 	1.790643e-01 
7.845600e-02 	1.775954e-01 
7.874200e-02 	1.761358e-01 
7.902800e-02 	1.746906e-01 
7.931400e-02 	1.732596e-01 
7.960000e-02 	1.718428e-01 
7.988500e-02 	1.704450e-01 
8.017100e-02 	1.690562e-01 
8.045700e-02 	1.676812e-01 
8.074300e-02 	1.663198e-01 
8.102900e-02 	1.649720e-01 
8.131500e-02 	1.636377e-01 
8.160000e-02 	1.623212e-01 
8.188600e-02 	1.610133e-01 
8.217200e-02 	1.597185e-01 
8.245800e-02 	1.584366e-01 
8.274400e-02 	1.571676e-01 
8.302900e-02 	1.559156e-01 
8.331500e-02 	1.546719e-01 
8.360100e-02 	1.534407e-01 
8.388700e-02 	1.522220e-01 
8.417300e-02 	1.510156e-01 
8.445900e-02 	1.498214e-01 
8.474400e-02 	1.486434e-01 
8.503000e-02 	1.474733e-01 
8.531600e-02 	1.463151e-01 
8.560200e-02 	1.451688e-01 
8.588800e-02 	1.440341e-01 
8.617300e-02 	1.429149e-01 
8.645900e-02 	1.418032e-01 
8.674500e-02 	1.407029e-01 
8.703100e-02 	1.396139e-01 
8.731700e-02 	1.385361e-01 
8.760300e-02 	1.374693e-01 
8.788800e-02 	1.364171e-01 
8.817400e-02 	1.353721e-01 
8.846000e-02 	1.343379e-01 
8.874600e-02 	1.333143e-01 
8.903200e-02 	1.323013e-01 
8.931700e-02 	1.313022e-01 
8.960300e-02 	1.303101e-01 
8.988900e-02 	1.293282e-01 
9.017500e-02 	1.283565e-01 
9.046100e-02 	1.273949e-01 
9.074600e-02 	1.264467e-01 
9.103200e-02 	1.255050e-01 
9.131800e-02 	1.245732e-01 
9.160400e-02 	1.236510e-01 
9.189000e-02 	1.227386e-01 
9.217600e-02 	1.218356e-01 
9.246100e-02 	1.209452e-01 
9.274700e-02 	1.200611e-01 
9.303300e-02 	1.191862e-01 
9.331900e-02 	1.183205e-01 
9.360500e-02 	1.174638e-01 
9.389000e-02 	1.166191e-01 
9.417600e-02 	1.157802e-01 
9.446200e-02 	1.149502e-01 
9.474800e-02 	1.141289e-01 
9.503400e-02 	1.133162e-01 
9.532000e-02 	1.125121e-01 
9.560500e-02 	1.117192e-01 
9.589100e-02 	1.109319e-01 
9.617700e-02 	1.101530e-01 
9.646300e-02 	1.093822e-01 
9.674900e-02 	1.086196e-01 
9.703400e-02 	1.078677e-01 
9.732000e-02 	1.071211e-01 
9.760600e-02 	1.063824e-01 
9.789200e-02 	1.056515e-01 
9.817800e-02 	1.049283e-01 
9.846400e-02 	1.042128e-01 
9.874900e-02 	1.035073e-01 
9.903500e-02 	1.028068e-01 
9.932100e-02 	1.021137e-01 
9.960700e-02 	1.014279e-01 
9.989300e-02 	1.007492e-01 
1.001800e-01 	1.000754e-01 
1.004600e-01 	9.942483e-02 
1.007500e-01 	9.875805e-02 
1.010400e-01 	9.809834e-02 
1.013200e-01 	9.746801e-02 
1.016100e-01 	9.682195e-02 
1.018900e-01 	9.620466e-02 
1.021800e-01 	9.557198e-02 
1.024600e-01 	9.496747e-02 
1.027500e-01 	9.434789e-02 
1.030400e-01 	9.373488e-02 
1.033200e-01 	9.314916e-02 
1.036100e-01 	9.254885e-02 
1.038900e-01 	9.197526e-02 
1.041800e-01 	9.138737e-02 
1.044700e-01 	9.080569e-02 
1.047500e-01 	9.024991e-02 
1.050400e-01 	8.968024e-02 
1.053200e-01 	8.913590e-02 
1.056100e-01 	8.857794e-02 
1.058900e-01 	8.804477e-02 
1.061800e-01 	8.749824e-02 
1.064700e-01 	8.695739e-02 
1.067500e-01 	8.644054e-02 
1.070400e-01 	8.591067e-02 
1.073200e-01 	8.540429e-02 
1.076100e-01 	8.488514e-02 
1.079000e-01 	8.437136e-02 
1.081800e-01 	8.388033e-02 
1.084700e-01 	8.337690e-02 
1.087500e-01 	8.289575e-02 
1.090400e-01 	8.240244e-02 
1.093200e-01 	8.193094e-02 
1.096100e-01 	8.144750e-02 
1.099000e-01 	8.096899e-02 
1.101800e-01 	8.051160e-02 
1.104700e-01 	8.004261e-02 
1.107500e-01 	7.959429e-02 
1.110400e-01 	7.913457e-02 
1.113300e-01 	7.867949e-02 
1.116100e-01 	7.824444e-02 
1.119000e-01 	7.779830e-02 
1.121800e-01 	7.737177e-02 
1.124700e-01 	7.693432e-02 
1.127500e-01 	7.651607e-02 
1.130400e-01 	7.608709e-02 
1.133300e-01 	7.566232e-02 
1.136100e-01 	7.525614e-02 
1.139000e-01 	7.483948e-02 
1.141800e-01 	7.444102e-02 
1.144700e-01 	7.403224e-02 
1.147600e-01 	7.362739e-02 
1.150400e-01 	7.324015e-02 
1.153300e-01 	7.284283e-02 
1.156100e-01 	7.246278e-02 
1.159000e-01 	7.207281e-02 
1.161800e-01 	7.169977e-02 
1.164700e-01 	7.131698e-02 
1.167600e-01 	7.093777e-02 
1.170400e-01 	7.057499e-02 
1.173300e-01 	7.020268e-02 
1.176100e-01 	6.984647e-02 
1.179000e-01 	6.948089e-02 
1.181800e-01 	6.913108e-02 
1.184700e-01 	6.877204e-02 
1.187600e-01 	6.841625e-02 
1.190400e-01 	6.807578e-02 
1.193300e-01 	6.772626e-02 
1.196100e-01 	6.739176e-02 
1.199000e-01 	6.704833e-02 
1.201900e-01 	6.670794e-02 
1.204700e-01 	6.638213e-02 
1.207600e-01 	6.604757e-02 
1.210400e-01 	6.572732e-02 
1.213300e-01 	6.539845e-02 
1.216100e-01 	6.508360e-02 
1.219000e-01 	6.476025e-02 
1.221900e-01 	6.443964e-02 
1.224700e-01 	6.413265e-02 
1.227600e-01 	6.381731e-02 
1.230400e-01 	6.351533e-02 
1.233300e-01 	6.320510e-02 
1.236200e-01 	6.289741e-02 
1.239000e-01 	6.260270e-02 
1.241900e-01 	6.229988e-02 
1.244700e-01 	6.200979e-02 
1.247600e-01 	6.171168e-02 
1.250400e-01 	6.142606e-02 
1.253300e-01 	6.113250e-02 
1.256200e-01 	6.084122e-02 
1.259000e-01 	6.056210e-02 
1.261900e-01 	6.027518e-02 
1.264700e-01 	6.000022e-02 
1.267600e-01 	5.971753e-02 
1.270500e-01 	5.943694e-02 
1.273300e-01 	5.916800e-02 
1.276200e-01 	5.889145e-02 
1.279000e-01 	5.862635e-02 
1.281900e-01 	5.835372e-02 
1.284700e-01 	5.809234e-02 
1.287600e-01 	5.782350e-02 
1.290500e-01 	5.755654e-02 
1.293300e-01 	5.730055e-02 
1.296200e-01 	5.703722e-02 
1.299000e-01 	5.678468e-02 
1.301900e-01 	5.652488e-02 
1.304700e-01 	5.627571e-02 
1.307600e-01 	5.601935e-02 
1.310500e-01 	5.576470e-02 
1.313300e-01 	5.552045e-02 
1.316200e-01 	5.526911e-02 
1.319000e-01 	5.502801e-02 
1.321900e-01 	5.477989e-02 
1.324800e-01 	5.453338e-02 
1.327600e-01 	5.429688e-02 
1.330500e-01 	5.405346e-02 
1.333300e-01 	5.381989e-02 
1.336200e-01 	5.357948e-02 
1.339000e-01 	5.334877e-02 
1.341900e-01 	5.311127e-02 
1.344800e-01 	5.287522e-02 
1.347600e-01 	5.264866e-02 
1.350500e-01 	5.241539e-02 
1.353300e-01 	5.219147e-02 
1.356200e-01 	5.196090e-02 
1.359100e-01 	5.173167e-02 
1.361900e-01 	5.151159e-02 
1.364800e-01 	5.128492e-02 
1.367600e-01 	5.106728e-02 
1.370500e-01 	5.084310e-02 
1.373300e-01 	5.062783e-02 
1.376200e-01 	5.040606e-02 
1.379100e-01 	5.018548e-02 
1.381900e-01 	4.997362e-02 
1.384800e-01 	4.975533e-02 
1.387600e-01 	4.954564e-02 
1.390500e-01 	4.932956e-02 
1.393400e-01 	4.911458e-02 
1.396200e-01 	4.890804e-02 
1.399100e-01 	4.869517e-02 
1.401900e-01 	4.849063e-02 
1.404800e-01 	4.827982e-02 
1.407600e-01 	4.807725e-02 
1.410500e-01 	4.786845e-02 
1.413400e-01 	4.766066e-02 
1.416200e-01 	4.746098e-02 
1.419100e-01 	4.725513e-02 
1.421900e-01 	4.705731e-02 
1.424800e-01 	4.685337e-02 
1.427600e-01 	4.665737e-02 
1.430500e-01 	4.645530e-02 
1.433400e-01 	4.625416e-02 
1.436200e-01 	4.606083e-02 
1.439100e-01 	4.586150e-02 
1.441900e-01 	4.566990e-02 
1.444800e-01 	4.547234e-02 
1.447700e-01 	4.527567e-02 
1.450500e-01 	4.508661e-02 
1.453400e-01 	4.489165e-02 
1.456200e-01 	4.470422e-02 
1.459100e-01 	4.451094e-02 
1.461900e-01 	4.432512e-02 
1.464800e-01 	4.413348e-02 
1.467700e-01 	4.394267e-02 
1.470500e-01 	4.375920e-02 
1.473400e-01 	4.356998e-02 
1.476200e-01 	4.338804e-02 
1.479100e-01 	4.320037e-02 
1.482000e-01 	4.301349e-02 
1.484800e-01 	4.283379e-02 
1.487700e-01 	4.264843e-02 
1.490500e-01 	4.247019e-02 
1.493400e-01 	4.228632e-02 
1.496200e-01 	4.210951e-02 
1.499100e-01 	4.192712e-02 
1.502000e-01 	4.174547e-02 
1.504800e-01 	4.157078e-02 
1.507700e-01 	4.139058e-02 
1.510500e-01 	4.121727e-02 
1.513400e-01 	4.103848e-02 
1.516300e-01 	4.086041e-02 
1.519100e-01 	4.068915e-02 
1.522000e-01 	4.051246e-02 
1.524800e-01 	4.034253e-02 
1.527700e-01 	4.016721e-02 
1.530500e-01 	3.999859e-02 
1.533400e-01 	3.982461e-02 
1.536300e-01 	3.965131e-02 
1.539100e-01 	3.948462e-02 
1.542000e-01 	3.931263e-02 
1.544800e-01 	3.914720e-02 
1.547700e-01 	3.897651e-02 
1.550600e-01 	3.880646e-02 
1.553400e-01 	3.864290e-02 
1.556300e-01 	3.847413e-02 
1.559100e-01 	3.831179e-02 
1.562000e-01 	3.814428e-02 
1.564800e-01 	3.798315e-02 
1.567700e-01 	3.781690e-02 
1.570600e-01 	3.765127e-02 
1.573400e-01 	3.749196e-02 
1.576300e-01 	3.732757e-02 
1.579100e-01 	3.716944e-02 
1.582000e-01 	3.700627e-02 
1.584800e-01 	3.684932e-02 
1.587700e-01 	3.668737e-02 
1.590600e-01 	3.652603e-02 
1.593400e-01 	3.637084e-02 
1.596300e-01 	3.621071e-02 
1.599100e-01 	3.605669e-02 
1.602000e-01 	3.589776e-02 
1.604900e-01 	3.573944e-02 
1.607700e-01 	3.558716e-02 
1.610600e-01 	3.543005e-02 
1.613400e-01 	3.527892e-02 
1.616300e-01 	3.512300e-02 
1.619100e-01 	3.497303e-02 
1.622000e-01 	3.481830e-02 
1.624900e-01 	3.466417e-02 
1.627700e-01 	3.451593e-02 
1.630600e-01 	3.436298e-02 
1.633400e-01 	3.421589e-02 
1.636300e-01 	3.406413e-02 
1.639200e-01 	3.391297e-02 
1.642000e-01 	3.376759e-02 
1.644900e-01 	3.361761e-02 
1.647700e-01 	3.347338e-02 
1.650600e-01 	3.332458e-02 
1.653400e-01 	3.318147e-02 
1.656300e-01 	3.303384e-02 
1.659200e-01 	3.288681e-02 
1.662000e-01 	3.274542e-02 
1.664900e-01 	3.259955e-02 
1.667700e-01 	3.245929e-02 
1.670600e-01 	3.231459e-02 
1.673500e-01 	3.217049e-02 
1.676300e-01 	3.203192e-02 
1.679200e-01 	3.188898e-02 
1.682000e-01 	3.175153e-02 
1.684900e-01 	3.160975e-02 
1.687700e-01 	3.147342e-02 
1.690600e-01 	3.133280e-02 
1.693500e-01 	3.119276e-02 
1.696300e-01 	3.105811e-02 
1.699200e-01 	3.091923e-02 
1.702000e-01 	3.078569e-02 
1.704900e-01 	3.064796e-02 
1.707700e-01 	3.051553e-02 
1.710600e-01 	3.037895e-02 
1.713500e-01 	3.024295e-02 
1.716300e-01 	3.011220e-02 
1.719200e-01 	2.997735e-02 
1.722000e-01 	2.984770e-02 
1.724900e-01 	2.971399e-02 
1.727800e-01 	2.958087e-02 
1.730600e-01 	2.945289e-02 
1.733500e-01 	2.932091e-02 
1.736300e-01 	2.919403e-02 
1.739200e-01 	2.906319e-02 
1.742000e-01 	2.893741e-02 
1.744900e-01 	2.880771e-02 
1.747800e-01 	2.867860e-02 
1.750600e-01 	2.855448e-02 
1.753500e-01 	2.842650e-02 
1.756300e-01 	2.830348e-02 
1.759200e-01 	2.817664e-02 
1.762100e-01 	2.805037e-02 
1.764900e-01 	2.792901e-02 
1.767800e-01 	2.780388e-02 
1.770600e-01 	2.768361e-02 
1.773500e-01 	2.755961e-02 
1.776300e-01 	2.744043e-02 
1.779200e-01 	2.731757e-02 
1.782100e-01 	2.719528e-02 
1.784900e-01 	2.707775e-02 
1.787800e-01 	2.695659e-02 
1.790600e-01 	2.684016e-02 
1.793500e-01 	2.672013e-02 
1.796400e-01 	2.660067e-02 
1.799200e-01 	2.648588e-02 
1.802100e-01 	2.636755e-02 
1.804900e-01 	2.625384e-02 
1.807800e-01 	2.613663e-02 
1.810600e-01 	2.602401e-02 
1.813500e-01 	2.590793e-02 
1.816400e-01 	2.579242e-02 
1.819200e-01 	2.568144e-02 
1.822100e-01 	2.556705e-02 
1.824900e-01 	2.545715e-02 
1.827800e-01 	2.534388e-02 
1.830600e-01 	2.523506e-02 
1.833500e-01 	2.512292e-02 
1.836400e-01 	2.501134e-02 
1.839200e-01 	2.490414e-02 
1.842100e-01 	2.479368e-02 
1.844900e-01 	2.468756e-02 
1.847800e-01 	2.457821e-02 
1.850700e-01 	2.446941e-02 
1.853500e-01 	2.436491e-02 
1.856400e-01 	2.425722e-02 
1.859200e-01 	2.415377e-02 
1.862100e-01 	2.404718e-02 
1.864900e-01 	2.394479e-02 
1.867800e-01 	2.383929e-02 
1.870700e-01 	2.373434e-02 
1.873500e-01 	2.363353e-02 
1.876400e-01 	2.352966e-02 
1.879200e-01 	2.342990e-02 
1.882100e-01 	2.332711e-02 
1.885000e-01 	2.322486e-02 
1.887800e-01 	2.312666e-02 
1.890700e-01 	2.302548e-02 
1.893500e-01 	2.292831e-02 
1.896400e-01 	2.282819e-02 
1.899200e-01 	2.273204e-02 
1.902100e-01 	2.263297e-02 
1.905000e-01 	2.253445e-02 
1.907800e-01 	2.243983e-02 
1.910700e-01 	2.234235e-02 
1.913500e-01 	2.224873e-02 
1.916400e-01 	2.215230e-02 
1.919300e-01 	2.205639e-02 
1.922100e-01 	2.196428e-02 
1.925000e-01 	2.186940e-02 
1.927800e-01 	2.177829e-02 
1.930700e-01 	2.168444e-02 
1.933500e-01 	2.159432e-02 
1.936400e-01 	2.150149e-02 
1.939300e-01 	2.140917e-02 
1.942100e-01 	2.132053e-02 
1.945000e-01 	2.122922e-02 
1.947800e-01 	2.114154e-02 
1.950700e-01 	2.105124e-02 
1.953600e-01 	2.096144e-02 
1.956400e-01 	2.087522e-02 
1.959300e-01 	2.078642e-02 
1.962100e-01 	2.070116e-02 
1.965000e-01 	2.061334e-02 
1.967800e-01 	2.052902e-02 
1.970700e-01 	2.044218e-02 
1.973600e-01 	2.035584e-02 
1.976400e-01 	2.027294e-02 
1.979300e-01 	2.018757e-02 
1.982100e-01 	2.010560e-02 
1.985000e-01 	2.002118e-02 
1.987800e-01 	1.994013e-02 
1.990700e-01 	1.985667e-02 
1.993600e-01 	1.977368e-02 
1.996400e-01 	1.969401e-02 
1.999300e-01 	1.961196e-02 
2.002100e-01 	1.953320e-02 
2.005000e-01 	1.945208e-02 
2.007900e-01 	1.937143e-02 
2.010700e-01 	1.929401e-02 
2.013600e-01 	1.921428e-02 
2.016400e-01 	1.913774e-02 
2.019300e-01 	1.905892e-02 
2.022100e-01 	1.898324e-02 
2.025000e-01 	1.890532e-02 
2.027900e-01 	1.882785e-02 
2.030700e-01 	1.875347e-02 
2.033600e-01 	1.867688e-02 
2.036400e-01 	1.860336e-02 
2.039300e-01 	1.852764e-02 
2.042200e-01 	1.845237e-02 
2.045000e-01 	1.838011e-02 
2.047900e-01 	1.830569e-02 
2.050700e-01 	1.823425e-02 
2.053600e-01 	1.816069e-02 
2.056400e-01 	1.809007e-02 
2.059300e-01 	1.801734e-02 
2.062200e-01 	1.794504e-02 
2.065000e-01 	1.787564e-02 
2.067900e-01 	1.780416e-02 
2.070700e-01 	1.773555e-02 
2.073600e-01 	1.766489e-02 
2.076500e-01 	1.759465e-02 
2.079300e-01 	1.752721e-02 
2.082200e-01 	1.745777e-02 
2.085000e-01 	1.739111e-02 
2.087900e-01 	1.732246e-02 
2.090700e-01 	1.725656e-02 
2.093600e-01 	1.718870e-02 
2.096500e-01 	1.712123e-02 
2.099300e-01 	1.705646e-02 
2.102200e-01 	1.698977e-02 
2.105000e-01 	1.692574e-02 
2.107900e-01 	1.685981e-02 
2.110700e-01 	1.679651e-02 
2.113600e-01 	1.673133e-02 
2.116500e-01 	1.666653e-02 
2.119300e-01 	1.660432e-02 
2.122200e-01 	1.654026e-02 
2.125000e-01 	1.647876e-02 
2.127900e-01 	1.641542e-02 
2.130800e-01 	1.635246e-02 
2.133600e-01 	1.629201e-02 
2.136500e-01 	1.622976e-02 
2.139300e-01 	1.617000e-02 
2.142200e-01 	1.610846e-02 
2.145000e-01 	1.604938e-02 
2.147900e-01 	1.598853e-02 
2.150800e-01 	1.592804e-02 
2.153600e-01 	1.586996e-02 
2.156500e-01 	1.581015e-02 
2.159300e-01 	1.575273e-02 
2.162200e-01 	1.569360e-02 
2.165100e-01 	1.563480e-02 
2.167900e-01 	1.557836e-02 
2.170800e-01 	1.552023e-02 
2.173600e-01 	1.546442e-02 
2.176500e-01 	1.540694e-02 
2.179300e-01 	1.535175e-02 
2.182200e-01 	1.529492e-02 
2.185100e-01 	1.523841e-02 
2.187900e-01 	1.518416e-02 
2.190800e-01 	1.512828e-02 
2.193600e-01 	1.507463e-02 
2.196500e-01 	1.501938e-02 
2.199400e-01 	1.496444e-02 
2.202200e-01 	1.491169e-02 
2.205100e-01 	1.485736e-02 
2.207900e-01 	1.480519e-02 
2.210800e-01 	1.475146e-02 
2.213600e-01 	1.469987e-02 
2.216500e-01 	1.464674e-02 
2.219400e-01 	1.459390e-02 
2.222200e-01 	1.454317e-02 
2.225100e-01 	1.449091e-02 
2.227900e-01 	1.444074e-02 
2.230800e-01 	1.438905e-02 
2.233600e-01 	1.433943e-02 
2.236500e-01 	1.428831e-02 
2.239400e-01 	1.423748e-02 
2.242200e-01 	1.418867e-02 
2.245100e-01 	1.413839e-02 
2.247900e-01 	1.409011e-02 
2.250800e-01 	1.404038e-02 
2.253700e-01 	1.399092e-02 
2.256500e-01 	1.394343e-02 
2.259400e-01 	1.389451e-02 
2.262200e-01 	1.384754e-02 
2.265100e-01 	1.379915e-02 
2.267900e-01 	1.375268e-02 
2.270800e-01 	1.370481e-02 
2.273700e-01 	1.365720e-02 
2.276500e-01 	1.361148e-02 
2.279400e-01 	1.356438e-02 
2.282200e-01 	1.351916e-02 
2.285100e-01 	1.347256e-02 
2.288000e-01 	1.342623e-02 
2.290800e-01 	1.338173e-02 
2.293700e-01 	1.333588e-02 
2.296500e-01 	1.329185e-02 
2.299400e-01 	1.324650e-02 
2.302200e-01 	1.320294e-02 
2.305100e-01 	1.315806e-02 
2.308000e-01 	1.311343e-02 
2.310800e-01 	1.307056e-02 
2.313700e-01 	1.302640e-02 
2.316500e-01 	1.298399e-02 
2.319400e-01 	1.294029e-02 
2.322300e-01 	1.289683e-02 
2.325100e-01 	1.285509e-02 
2.328000e-01 	1.281209e-02 
2.330800e-01 	1.277078e-02 
2.333700e-01 	1.272823e-02 
2.336500e-01 	1.268736e-02 
2.339400e-01 	1.264525e-02 
2.342300e-01 	1.260337e-02 
2.345100e-01 	1.256314e-02 
2.348000e-01 	1.252169e-02 
2.350800e-01 	1.248188e-02 
2.353700e-01 	1.244087e-02 
2.356600e-01 	1.240007e-02 
2.359400e-01 	1.236088e-02 
2.362300e-01 	1.232050e-02 
2.365100e-01 	1.228172e-02 
2.368000e-01 	1.224176e-02 
2.370800e-01 	1.220338e-02 
2.373700e-01 	1.216384e-02 
2.376600e-01 	1.212450e-02 
2.379400e-01 	1.208671e-02 
2.382300e-01 	1.204778e-02 
2.385100e-01 	1.201038e-02 
2.388000e-01 	1.197185e-02 
2.390800e-01 	1.193484e-02 
2.393700e-01 	1.189670e-02 
2.396600e-01 	1.185876e-02 
2.399400e-01 	1.182231e-02 
2.402300e-01 	1.178476e-02 
2.405100e-01 	1.174869e-02 
2.408000e-01 	1.171152e-02 
2.410900e-01 	1.167454e-02 
2.413700e-01 	1.163902e-02 
2.416600e-01 	1.160242e-02 
2.419400e-01 	1.156726e-02 
2.422300e-01 	1.153104e-02 
2.425100e-01 	1.149624e-02 
2.428000e-01 	1.146038e-02 
2.430900e-01 	1.142470e-02 
2.433700e-01 	1.139043e-02 
2.436600e-01 	1.135512e-02 
2.439400e-01 	1.132120e-02 
2.442300e-01 	1.128624e-02 
2.445200e-01 	1.125147e-02 
2.448000e-01 	1.121806e-02 
2.450900e-01 	1.118363e-02 
2.453700e-01 	1.115057e-02 
2.456600e-01 	1.111649e-02 
2.459400e-01 	1.108375e-02 
2.462300e-01 	1.105002e-02 
2.465200e-01 	1.101646e-02 
2.468000e-01 	1.098422e-02 
2.470900e-01 	1.095100e-02 
2.473700e-01 	1.091909e-02 
2.476600e-01 	1.088620e-02 
2.479500e-01 	1.085349e-02 
2.482300e-01 	1.082206e-02 
2.485200e-01 	1.078967e-02 
2.488000e-01 	1.075856e-02 
2.490900e-01 	1.072649e-02 
2.493700e-01 	1.069569e-02 
2.496600e-01 	1.066395e-02 
2.499500e-01 	1.063238e-02 
2.502300e-01 	1.060204e-02 
2.505200e-01 	1.057078e-02 
2.508000e-01 	1.054075e-02 
2.510900e-01 	1.050981e-02 
2.513700e-01 	1.048008e-02 
2.516600e-01 	1.044944e-02 
2.519500e-01 	1.041896e-02 
2.522300e-01 	1.038968e-02 
2.525200e-01 	1.035951e-02 
2.528000e-01 	1.033053e-02 
2.530900e-01 	1.030065e-02 
2.533800e-01 	1.027094e-02 
2.536600e-01 	1.024239e-02 
2.539500e-01 	1.021297e-02 
2.542300e-01 	1.018470e-02 
2.545200e-01 	1.015558e-02 
2.548000e-01 	1.012760e-02 
2.550900e-01 	1.009876e-02 
2.553800e-01 	1.007008e-02 
2.556600e-01 	1.004252e-02 
2.559500e-01 	1.001412e-02 
2.562300e-01 	9.986838e-03 
2.565200e-01 	9.958724e-03 
2.568100e-01 	9.930755e-03 
2.570900e-01 	9.903886e-03 
2.573800e-01 	9.876197e-03 
2.576600e-01 	9.849598e-03 
2.579500e-01 	9.822188e-03 
2.582300e-01 	9.795857e-03 
2.585200e-01 	9.768723e-03 
2.588100e-01 	9.741728e-03 
2.590900e-01 	9.715796e-03 
2.593800e-01 	9.689073e-03 
2.596600e-01 	9.663402e-03 
2.599500e-01 	9.636948e-03 
2.602400e-01 	9.610630e-03 
2.605200e-01 	9.585349e-03 
2.608100e-01 	9.559297e-03 
2.610900e-01 	9.534271e-03 
2.613800e-01 	9.508482e-03 
2.616600e-01 	9.483709e-03 
2.619500e-01 	9.458181e-03 
2.622400e-01 	9.432785e-03 
2.625200e-01 	9.408390e-03 
2.628100e-01 	9.383252e-03 
2.630900e-01 	9.359104e-03 
2.633800e-01 	9.334222e-03 
2.636600e-01 	9.310320e-03 
2.639500e-01 	9.285691e-03 
2.642400e-01 	9.261190e-03 
2.645200e-01 	9.237655e-03 
2.648100e-01 	9.213404e-03 
2.650900e-01 	9.190109e-03 
2.653800e-01 	9.166106e-03 
2.656700e-01 	9.142228e-03 
2.659500e-01 	9.119292e-03 
2.662400e-01 	9.095658e-03 
2.665200e-01 	9.072957e-03 
2.668100e-01 	9.049567e-03 
2.670900e-01 	9.027099e-03 
2.673800e-01 	9.003948e-03 
2.676700e-01 	8.980919e-03 
2.679500e-01 	8.958799e-03 
2.682400e-01 	8.936007e-03 
2.685200e-01 	8.914116e-03 
2.688100e-01 	8.891559e-03 
2.691000e-01 	8.869122e-03 
2.693800e-01 	8.847571e-03 
2.696700e-01 	8.825367e-03 
2.699500e-01 	8.804039e-03 
2.702400e-01 	8.782065e-03 
2.705200e-01 	8.760959e-03 
2.708100e-01 	8.739214e-03 
2.711000e-01 	8.717584e-03 
2.713800e-01 	8.696810e-03 
2.716700e-01 	8.675406e-03 
2.719500e-01 	8.654848e-03 
2.722400e-01 	8.633668e-03 
2.725300e-01 	8.612601e-03 
2.728100e-01 	8.592368e-03 
2.731000e-01 	8.571522e-03 
2.733800e-01 	8.551502e-03 
2.736700e-01 	8.530876e-03 
2.739500e-01 	8.511066e-03 
2.742400e-01 	8.490658e-03 
2.745300e-01 	8.470359e-03 
2.748100e-01 	8.450865e-03 
2.751000e-01 	8.430781e-03 
2.753800e-01 	8.411494e-03 
2.756700e-01 	8.391623e-03 
2.759600e-01 	8.371861e-03 
2.762400e-01 	8.352883e-03 
2.765300e-01 	8.333331e-03 
2.768100e-01 	8.314555e-03 
2.771000e-01 	8.295213e-03 
2.773800e-01 	8.276638e-03 
2.776700e-01 	8.257504e-03 
2.779600e-01 	8.238474e-03 
2.782400e-01 	8.220199e-03 
2.785300e-01 	8.201375e-03 
2.788100e-01 	8.183297e-03 
2.791000e-01 	8.164676e-03 
2.793800e-01 	8.146794e-03 
2.796700e-01 	8.128373e-03 
2.799600e-01 	8.110055e-03 
2.802400e-01 	8.092465e-03 
2.805300e-01 	8.074346e-03 
2.808100e-01 	8.056947e-03 
2.811000e-01 	8.039024e-03 
2.813900e-01 	8.021202e-03 
2.816700e-01 	8.004088e-03 
2.819600e-01 	7.986461e-03 
2.822400e-01 	7.969534e-03 
2.825300e-01 	7.952099e-03 
2.828100e-01 	7.935358e-03 
2.831000e-01 	7.918114e-03 
2.833900e-01 	7.900967e-03 
2.836700e-01 	7.884503e-03 
2.839600e-01 	7.867544e-03 
2.842400e-01 	7.851261e-03 
2.845300e-01 	7.834489e-03 
2.848200e-01 	7.817811e-03 
2.851000e-01 	7.801798e-03 
2.853900e-01 	7.785305e-03 
2.856700e-01 	7.769469e-03 
2.859600e-01 	7.753158e-03 
2.862400e-01 	7.737497e-03 
2.865300e-01 	7.721367e-03 
2.868200e-01 	7.705328e-03 
2.871000e-01 	7.689928e-03 
2.873900e-01 	7.674068e-03 
2.876700e-01 	7.658839e-03 
2.879600e-01 	7.643155e-03 
2.882500e-01 	7.627560e-03 
2.885300e-01 	7.612587e-03 
2.888200e-01 	7.597166e-03 
2.891000e-01 	7.582360e-03 
2.893900e-01 	7.567112e-03 
2.896700e-01 	7.552472e-03 
2.899600e-01 	7.537394e-03 
2.902500e-01 	7.522403e-03 
2.905300e-01 	7.508010e-03 
2.908200e-01 	7.493187e-03 
2.911000e-01 	7.478956e-03 
2.913900e-01 	7.464300e-03 
2.916700e-01 	7.450229e-03 
2.919600e-01 	7.435738e-03 
2.922500e-01 	7.421330e-03 
2.925300e-01 	7.407499e-03 
2.928200e-01 	7.393254e-03 
2.931000e-01 	7.379579e-03 
2.933900e-01 	7.365496e-03 
2.936800e-01 	7.351495e-03 
2.939600e-01 	7.338053e-03 
2.942500e-01 	7.324211e-03 
2.945300e-01 	7.310922e-03 
2.948200e-01 	7.297237e-03 
2.951000e-01 	7.284099e-03 
2.953900e-01 	7.270570e-03 
2.956800e-01 	7.257120e-03 
2.959600e-01 	7.244208e-03 
2.962500e-01 	7.230912e-03 
2.965300e-01 	7.218148e-03 
2.968200e-01 	7.205004e-03 
2.971100e-01 	7.191937e-03 
2.973900e-01 	7.179393e-03 
2.976800e-01 	7.166476e-03 
2.979600e-01 	7.154077e-03 
2.982500e-01 	7.141308e-03 
2.985300e-01 	7.129052e-03 
2.988200e-01 	7.116431e-03 
2.991100e-01 	7.103884e-03 
2.993900e-01 	7.091840e-03 
2.996800e-01 	7.079439e-03 
2.999600e-01 	7.067535e-03 
3.002500e-01 	7.055278e-03 
3.005400e-01 	7.043093e-03 
3.008200e-01 	7.031398e-03 
3.011100e-01 	7.019355e-03 
3.013900e-01 	7.007796e-03 
3.016800e-01 	6.995894e-03 
3.019600e-01 	6.984470e-03 
3.022500e-01 	6.972708e-03 
3.025400e-01 	6.961016e-03 
3.028200e-01 	6.949794e-03 
3.031100e-01 	6.938240e-03 
3.033900e-01 	6.927151e-03 
3.036800e-01 	6.915733e-03 
3.039700e-01 	6.904384e-03 
3.042500e-01 	6.893492e-03 
3.045400e-01 	6.882278e-03 
3.048200e-01 	6.871515e-03 
3.051100e-01 	6.860435e-03 
3.053900e-01 	6.849800e-03 
3.056800e-01 	6.838852e-03 
3.059700e-01 	6.827971e-03 
3.062500e-01 	6.817528e-03 
3.065400e-01 	6.806778e-03 
3.068200e-01 	6.796461e-03 
3.071100e-01 	6.785840e-03 
3.073900e-01 	6.775647e-03 
3.076800e-01 	6.765155e-03 
3.079700e-01 	6.754728e-03 
3.082500e-01 	6.744721e-03 
3.085400e-01 	6.734421e-03 
3.088200e-01 	6.724536e-03 
3.091100e-01 	6.714362e-03 
3.094000e-01 	6.704251e-03 
3.096800e-01 	6.694549e-03 
3.099700e-01 	6.684562e-03 
3.102500e-01 	6.674980e-03 
3.105400e-01 	6.665117e-03 
3.108200e-01 	6.655653e-03 
3.111100e-01 	6.645911e-03 
3.114000e-01 	6.636232e-03 
3.116800e-01 	6.626945e-03 
3.119700e-01 	6.617387e-03 
3.122500e-01 	6.608216e-03 
3.125400e-01 	6.598777e-03 
3.128300e-01 	6.589399e-03 
3.131100e-01 	6.580401e-03 
3.134000e-01 	6.571140e-03 
3.136800e-01 	6.562256e-03 
3.139700e-01 	6.553112e-03 
3.142500e-01 	6.544340e-03 
3.145400e-01 	6.535312e-03 
3.148300e-01 	6.526343e-03 
3.151100e-01 	6.517738e-03 
3.154000e-01 	6.508883e-03 
3.156800e-01 	6.500388e-03 
3.159700e-01 	6.491645e-03 
3.162600e-01 	6.482960e-03 
3.165400e-01 	6.474628e-03 
3.168300e-01 	6.466054e-03 
3.171100e-01 	6.457829e-03 
3.174000e-01 	6.449365e-03 
3.176800e-01 	6.441245e-03 
3.179700e-01 	6.432890e-03 
3.182600e-01 	6.424590e-03 
3.185400e-01 	6.416629e-03 
3.188300e-01 	6.408436e-03 
3.191100e-01 	6.400578e-03 
3.194000e-01 	6.392491e-03 
3.196800e-01 	6.384734e-03 
3.199700e-01 	6.376753e-03 
3.202600e-01 	6.368825e-03 
3.205400e-01 	6.361220e-03 
3.208300e-01 	6.353395e-03 
3.211100e-01 	6.345889e-03 
3.214000e-01 	6.338167e-03 
3.216900e-01 	6.330496e-03 
3.219700e-01 	6.323138e-03 
3.222600e-01 	6.315568e-03 
3.225400e-01 	6.308307e-03 
3.228300e-01 	6.300836e-03 
3.231100e-01 	6.293671e-03 
3.234000e-01 	6.286300e-03 
3.236900e-01 	6.278978e-03 
3.239700e-01 	6.271956e-03 
3.242600e-01 	6.264732e-03 
3.245400e-01 	6.257804e-03 
3.248300e-01 	6.250677e-03 
3.251200e-01 	6.243599e-03 
3.254000e-01 	6.236812e-03 
3.256900e-01 	6.229830e-03 
3.259700e-01 	6.223134e-03 
3.262600e-01 	6.216247e-03 
3.265400e-01 	6.209644e-03 
3.268300e-01 	6.202852e-03 
3.271200e-01 	6.196107e-03 
3.274000e-01 	6.189641e-03 
3.276900e-01 	6.182991e-03 
3.279700e-01 	6.176615e-03 
3.282600e-01 	6.170058e-03 
3.285500e-01 	6.163548e-03 
3.288300e-01 	6.157308e-03 
3.291200e-01 	6.150892e-03 
3.294000e-01 	6.144741e-03 
3.296900e-01 	6.138417e-03 
3.299700e-01 	6.132355e-03 
3.302600e-01 	6.126123e-03 
3.305500e-01 	6.119938e-03 
3.308300e-01 	6.114010e-03 
3.311200e-01 	6.107917e-03 
3.314000e-01 	6.102078e-03 
3.316900e-01 	6.096076e-03 
3.319700e-01 	6.090325e-03 
3.322600e-01 	6.084414e-03 
3.325500e-01 	6.078550e-03 
3.328300e-01 	6.072932e-03 
3.331200e-01 	6.067158e-03 
3.334000e-01 	6.061628e-03 
3.336900e-01 	6.055945e-03 
3.339800e-01 	6.050308e-03 
3.342600e-01 	6.044909e-03 
3.345500e-01 	6.039362e-03 
3.348300e-01 	6.034050e-03 
3.351200e-01 	6.028594e-03 
3.354000e-01 	6.023368e-03 
3.356900e-01 	6.018001e-03 
3.359800e-01 	6.012679e-03 
3.362600e-01 	6.007583e-03 
3.365500e-01 	6.002349e-03 
3.368300e-01 	5.997337e-03 
3.371200e-01 	5.992189e-03 
3.374100e-01 	5.987085e-03 
3.376900e-01 	5.982197e-03 
3.379800e-01 	5.977176e-03 
3.382600e-01 	5.972367e-03 
3.385500e-01 	5.967427e-03 
3.388300e-01 	5.962695e-03 
3.391200e-01 	5.957833e-03 
3.394100e-01 	5.953010e-03 
3.396900e-01 	5.948388e-03 
3.399800e-01 	5.943637e-03 
3.402600e-01 	5.939083e-03 
3.405500e-01 	5.934401e-03 
3.408400e-01 	5.929752e-03 
3.411200e-01 	5.925295e-03 
3.414100e-01 	5.920709e-03 
3.416900e-01 	5.916311e-03 
3.419800e-01 	5.911784e-03 
3.422600e-01 	5.907440e-03 
3.425500e-01 	5.902968e-03 
3.428400e-01 	5.898522e-03 
3.431200e-01 	5.894253e-03 
3.434100e-01 	5.889856e-03 
3.436900e-01 	5.885631e-03 
3.439800e-01 	5.881278e-03 
3.442700e-01 	5.876946e-03 
3.445500e-01 	5.872782e-03 
3.448400e-01 	5.868488e-03 
3.451200e-01 	5.864358e-03 
3.454100e-01 	5.860098e-03 
3.456900e-01 	5.855999e-03 
3.459800e-01 	5.851769e-03 
3.462700e-01 	5.847551e-03 
3.465500e-01 	5.843492e-03 
3.468400e-01 	5.839298e-03 
3.471200e-01 	5.835259e-03 
3.474100e-01 	5.831084e-03 
3.476900e-01 	5.827061e-03 
3.479800e-01 	5.822902e-03 
3.482700e-01 	5.818749e-03 
3.485500e-01 	5.814744e-03 
3.488400e-01 	5.810599e-03 
3.491200e-01 	5.806601e-03 
3.494100e-01 	5.802461e-03 
3.497000e-01 	5.798322e-03 
