#q 	 Ifit_avg 
2.999000e-03 	1.000000e+00 
3.284000e-03 	9.988862e-01 
3.570000e-03 	9.977714e-01 
3.856000e-03 	9.966546e-01 
4.141000e-03 	9.955347e-01 
4.427000e-03 	9.944109e-01 
4.712000e-03 	9.932820e-01 
4.998000e-03 	9.921471e-01 
5.284000e-03 	9.910050e-01 
5.569000e-03 	9.898549e-01 
5.855000e-03 	9.886956e-01 
6.140000e-03 	9.875263e-01 
6.426000e-03 	9.863457e-01 
6.712000e-03 	9.851530e-01 
6.997000e-03 	9.839471e-01 
7.283000e-03 	9.827270e-01 
7.568000e-03 	9.814917e-01 
7.854000e-03 	9.802401e-01 
8.140000e-03 	9.789713e-01 
8.425000e-03 	9.776842e-01 
8.711000e-03 	9.763778e-01 
8.996000e-03 	9.750510e-01 
9.282000e-03 	9.737030e-01 
9.568000e-03 	9.723326e-01 
9.853000e-03 	9.709388e-01 
1.013900e-02 	9.695206e-01 
1.042400e-02 	9.680771e-01 
1.071000e-02 	9.666071e-01 
1.099600e-02 	9.651097e-01 
1.128100e-02 	9.635838e-01 
1.156700e-02 	9.620284e-01 
1.185300e-02 	9.604425e-01 
1.213800e-02 	9.588252e-01 
1.242400e-02 	9.571753e-01 
1.270900e-02 	9.554919e-01 
1.299500e-02 	9.537740e-01 
1.328100e-02 	9.520206e-01 
1.356600e-02 	9.502308e-01 
1.385200e-02 	9.484036e-01 
1.413700e-02 	9.465380e-01 
1.442300e-02 	9.446333e-01 
1.470900e-02 	9.426884e-01 
1.499400e-02 	9.407026e-01 
1.528000e-02 	9.386751e-01 
1.556500e-02 	9.366050e-01 
1.585100e-02 	9.344918e-01 
1.613700e-02 	9.323346e-01 
1.642200e-02 	9.301330e-01 
1.670800e-02 	9.278865e-01 
1.699300e-02 	9.255946e-01 
1.727900e-02 	9.232574e-01 
1.756500e-02 	9.208752e-01 
1.785000e-02 	9.184487e-01 
1.813600e-02 	9.159783e-01 
1.842100e-02 	9.134647e-01 
1.870700e-02 	9.109085e-01 
1.899300e-02 	9.083107e-01 
1.927800e-02 	9.056719e-01 
1.956400e-02 	9.029929e-01 
1.984900e-02 	9.002745e-01 
2.013500e-02 	8.975174e-01 
2.042100e-02 	8.947225e-01 
2.070600e-02 	8.918905e-01 
2.099200e-02 	8.890222e-01 
2.127700e-02 	8.861183e-01 
2.156300e-02 	8.831796e-01 
2.184900e-02 	8.802069e-01 
2.213400e-02 	8.772009e-01 
2.242000e-02 	8.741624e-01 
2.270500e-02 	8.710922e-01 
2.299100e-02 	8.679911e-01 
2.327700e-02 	8.648596e-01 
2.356200e-02 	8.616988e-01 
2.384800e-02 	8.585092e-01 
2.413300e-02 	8.552916e-01 
2.441900e-02 	8.520468e-01 
2.470500e-02 	8.487756e-01 
2.499000e-02 	8.454786e-01 
2.527600e-02 	8.421565e-01 
2.556100e-02 	8.388103e-01 
2.584700e-02 	8.354404e-01 
2.613300e-02 	8.320477e-01 
2.641800e-02 	8.286329e-01 
2.670400e-02 	8.251967e-01 
2.698900e-02 	8.217397e-01 
2.727500e-02 	8.182628e-01 
2.756100e-02 	8.147666e-01 
2.784600e-02 	8.112517e-01 
2.813200e-02 	8.077189e-01 
2.841700e-02 	8.041688e-01 
2.870300e-02 	8.006022e-01 
2.898900e-02 	7.970196e-01 
2.927400e-02 	7.934217e-01 
2.956000e-02 	7.898092e-01 
2.984500e-02 	7.861826e-01 
3.013100e-02 	7.825425e-01 
3.041700e-02 	7.788897e-01 
3.070200e-02 	7.752246e-01 
3.098800e-02 	7.715480e-01 
3.127300e-02 	7.678601e-01 
3.155900e-02 	7.641615e-01 
3.184500e-02 	7.604524e-01 
3.213000e-02 	7.567334e-01 
3.241600e-02 	7.530047e-01 
3.270100e-02 	7.492668e-01 
3.298700e-02 	7.455201e-01 
3.327300e-02 	7.417649e-01 
3.355800e-02 	7.380016e-01 
3.384400e-02 	7.342306e-01 
3.413000e-02 	7.304522e-01 
3.441500e-02 	7.266667e-01 
3.470100e-02 	7.228744e-01 
3.498600e-02 	7.190757e-01 
3.527200e-02 	7.152709e-01 
3.555800e-02 	7.114603e-01 
3.584300e-02 	7.076443e-01 
3.612900e-02 	7.038231e-01 
3.641400e-02 	6.999972e-01 
3.670000e-02 	6.961668e-01 
3.698600e-02 	6.923322e-01 
3.727100e-02 	6.884938e-01 
3.755700e-02 	6.846519e-01 
3.784200e-02 	6.808068e-01 
3.812800e-02 	6.769588e-01 
3.841400e-02 	6.731082e-01 
3.869900e-02 	6.692554e-01 
3.898500e-02 	6.654006e-01 
3.927000e-02 	6.615443e-01 
3.955600e-02 	6.576865e-01 
3.984200e-02 	6.538278e-01 
4.012700e-02 	6.499684e-01 
4.041300e-02 	6.461085e-01 
4.069800e-02 	6.422485e-01 
4.098400e-02 	6.383887e-01 
4.127000e-02 	6.345294e-01 
4.155500e-02 	6.306709e-01 
4.184100e-02 	6.268135e-01 
4.212600e-02 	6.229574e-01 
4.241200e-02 	6.191030e-01 
4.269800e-02 	6.152505e-01 
4.298300e-02 	6.114002e-01 
4.326900e-02 	6.075524e-01 
4.355400e-02 	6.037074e-01 
4.384000e-02 	5.998655e-01 
4.412600e-02 	5.960269e-01 
4.441100e-02 	5.921919e-01 
4.469700e-02 	5.883608e-01 
4.498200e-02 	5.845339e-01 
4.526800e-02 	5.807115e-01 
4.555400e-02 	5.768937e-01 
4.583900e-02 	5.730810e-01 
4.612500e-02 	5.692735e-01 
4.641000e-02 	5.654715e-01 
4.669600e-02 	5.616754e-01 
4.698200e-02 	5.578852e-01 
4.726700e-02 	5.541015e-01 
4.755300e-02 	5.503243e-01 
4.783800e-02 	5.465539e-01 
4.812400e-02 	5.427908e-01 
4.841000e-02 	5.390349e-01 
4.869500e-02 	5.352868e-01 
4.898100e-02 	5.315465e-01 
4.926600e-02 	5.278144e-01 
4.955200e-02 	5.240907e-01 
4.983800e-02 	5.203757e-01 
5.012300e-02 	5.166696e-01 
5.040900e-02 	5.129727e-01 
5.069400e-02 	5.092853e-01 
5.098000e-02 	5.056075e-01 
5.126600e-02 	5.019397e-01 
5.155100e-02 	4.982821e-01 
5.183700e-02 	4.946350e-01 
5.212200e-02 	4.909985e-01 
5.240800e-02 	4.873729e-01 
5.269400e-02 	4.837584e-01 
5.297900e-02 	4.801553e-01 
5.326500e-02 	4.765639e-01 
5.355000e-02 	4.729843e-01 
5.383600e-02 	4.694168e-01 
5.412200e-02 	4.658617e-01 
5.440700e-02 	4.623191e-01 
5.469300e-02 	4.587894e-01 
5.497800e-02 	4.552726e-01 
5.526400e-02 	4.517691e-01 
5.555000e-02 	4.482790e-01 
5.583500e-02 	4.448025e-01 
5.612100e-02 	4.413398e-01 
5.640700e-02 	4.378911e-01 
5.669200e-02 	4.344567e-01 
5.697800e-02 	4.310366e-01 
5.726300e-02 	4.276312e-01 
5.754900e-02 	4.242407e-01 
5.783500e-02 	4.208651e-01 
5.812000e-02 	4.175048e-01 
5.840600e-02 	4.141600e-01 
5.869100e-02 	4.108308e-01 
5.897700e-02 	4.075172e-01 
5.926300e-02 	4.042195e-01 
5.954800e-02 	4.009376e-01 
5.983400e-02 	3.976717e-01 
6.011900e-02 	3.944218e-01 
6.040500e-02 	3.911881e-01 
6.069100e-02 	3.879705e-01 
6.097600e-02 	3.847691e-01 
6.126200e-02 	3.815841e-01 
6.154700e-02 	3.784156e-01 
6.183300e-02 	3.752635e-01 
6.211900e-02 	3.721280e-01 
6.240400e-02 	3.690091e-01 
6.269000e-02 	3.659070e-01 
6.297500e-02 	3.628217e-01 
6.326100e-02 	3.597533e-01 
6.354700e-02 	3.567019e-01 
6.383200e-02 	3.536675e-01 
6.411800e-02 	3.506501e-01 
6.440300e-02 	3.476498e-01 
6.468900e-02 	3.446666e-01 
6.497500e-02 	3.417007e-01 
6.526000e-02 	3.387520e-01 
6.554600e-02 	3.358205e-01 
6.583100e-02 	3.329064e-01 
6.611700e-02 	3.300096e-01 
6.640300e-02 	3.271303e-01 
6.668800e-02 	3.242684e-01 
6.697400e-02 	3.214240e-01 
6.725900e-02 	3.185972e-01 
6.754500e-02 	3.157880e-01 
6.783100e-02 	3.129964e-01 
6.811600e-02 	3.102225e-01 
6.840200e-02 	3.074664e-01 
6.868700e-02 	3.047279e-01 
6.897300e-02 	3.020072e-01 
6.925900e-02 	2.993044e-01 
6.954400e-02 	2.966194e-01 
6.983000e-02 	2.939522e-01 
7.011500e-02 	2.913030e-01 
7.040100e-02 	2.886717e-01 
7.068700e-02 	2.860585e-01 
7.097200e-02 	2.834632e-01 
7.125800e-02 	2.808860e-01 
7.154300e-02 	2.783269e-01 
7.182900e-02 	2.757860e-01 
7.211500e-02 	2.732633e-01 
7.240000e-02 	2.707588e-01 
7.268600e-02 	2.682725e-01 
7.297100e-02 	2.658044e-01 
7.325700e-02 	2.633544e-01 
7.354300e-02 	2.609225e-01 
7.382800e-02 	2.585086e-01 
7.411400e-02 	2.561127e-01 
7.439900e-02 	2.537348e-01 
7.468500e-02 	2.513747e-01 
7.497100e-02 	2.490325e-01 
7.525600e-02 	2.467081e-01 
7.554200e-02 	2.444015e-01 
7.582700e-02 	2.421126e-01 
7.611300e-02 	2.398414e-01 
7.639900e-02 	2.375878e-01 
7.668400e-02 	2.353519e-01 
7.697000e-02 	2.331335e-01 
7.725500e-02 	2.309327e-01 
7.754100e-02 	2.287493e-01 
7.782700e-02 	2.265834e-01 
7.811200e-02 	2.244349e-01 
7.839800e-02 	2.223038e-01 
7.868400e-02 	2.201900e-01 
7.896900e-02 	2.180935e-01 
7.925500e-02 	2.160143e-01 
7.954000e-02 	2.139521e-01 
7.982600e-02 	2.119071e-01 
8.011200e-02 	2.098790e-01 
8.039700e-02 	2.078680e-01 
8.068300e-02 	2.058738e-01 
8.096800e-02 	2.038965e-01 
8.125400e-02 	2.019360e-01 
8.154000e-02 	1.999921e-01 
8.182500e-02 	1.980650e-01 
8.211100e-02 	1.961545e-01 
8.239600e-02 	1.942605e-01 
8.268200e-02 	1.923831e-01 
8.296800e-02 	1.905221e-01 
8.325300e-02 	1.886775e-01 
8.353900e-02 	1.868492e-01 
8.382400e-02 	1.850372e-01 
8.411000e-02 	1.832415e-01 
8.439600e-02 	1.814620e-01 
8.468100e-02 	1.796985e-01 
8.496700e-02 	1.779512e-01 
8.525200e-02 	1.762199e-01 
8.553800e-02 	1.745045e-01 
8.582400e-02 	1.728050e-01 
8.610900e-02 	1.711214e-01 
8.639500e-02 	1.694536e-01 
8.668000e-02 	1.678015e-01 
8.696600e-02 	1.661650e-01 
8.725200e-02 	1.645439e-01 
8.753700e-02 	1.629383e-01 
8.782300e-02 	1.613480e-01 
8.810800e-02 	1.597729e-01 
8.839400e-02 	1.582129e-01 
8.868000e-02 	1.566680e-01 
8.896500e-02 	1.551380e-01 
8.925100e-02 	1.536228e-01 
8.953600e-02 	1.521224e-01 
8.982200e-02 	1.506367e-01 
9.010800e-02 	1.491655e-01 
9.039300e-02 	1.477088e-01 
9.067900e-02 	1.462664e-01 
9.096400e-02 	1.448383e-01 
9.125000e-02 	1.434244e-01 
9.153600e-02 	1.420246e-01 
9.182100e-02 	1.406388e-01 
9.210700e-02 	1.392669e-01 
9.239200e-02 	1.379088e-01 
9.267800e-02 	1.365644e-01 
9.296400e-02 	1.352337e-01 
9.324900e-02 	1.339165e-01 
9.353500e-02 	1.326127e-01 
9.382000e-02 	1.313223e-01 
9.410600e-02 	1.300451e-01 
9.439200e-02 	1.287812e-01 
9.467700e-02 	1.275302e-01 
9.496300e-02 	1.262923e-01 
9.524800e-02 	1.250672e-01 
9.553400e-02 	1.238550e-01 
9.582000e-02 	1.226554e-01 
9.610500e-02 	1.214683e-01 
9.639100e-02 	1.202938e-01 
9.667600e-02 	1.191316e-01 
9.696200e-02 	1.179818e-01 
9.724800e-02 	1.168441e-01 
9.753300e-02 	1.157186e-01 
9.781900e-02 	1.146050e-01 
9.810400e-02 	1.135033e-01 
9.839000e-02 	1.124135e-01 
9.867600e-02 	1.113353e-01 
9.896100e-02 	1.102687e-01 
9.924700e-02 	1.092137e-01 
9.953200e-02 	1.081700e-01 
9.981800e-02 	1.071377e-01 
1.001040e-01 	1.061166e-01 
1.003890e-01 	1.051066e-01 
1.006750e-01 	1.041077e-01 
1.009610e-01 	1.031197e-01 
1.012460e-01 	1.021426e-01 
1.015320e-01 	1.011762e-01 
1.018170e-01 	1.002204e-01 
1.021030e-01 	9.927526e-02 
1.023890e-01 	9.834055e-02 
1.026740e-01 	9.741620e-02 
1.029600e-01 	9.650212e-02 
1.032450e-01 	9.559822e-02 
1.035310e-01 	9.470440e-02 
1.038170e-01 	9.382056e-02 
1.041020e-01 	9.294660e-02 
1.043880e-01 	9.208244e-02 
1.046730e-01 	9.122796e-02 
1.049590e-01 	9.038308e-02 
1.052450e-01 	8.954769e-02 
1.055300e-01 	8.872171e-02 
1.058160e-01 	8.790502e-02 
1.061010e-01 	8.709756e-02 
1.063870e-01 	8.629921e-02 
1.066730e-01 	8.550991e-02 
1.069580e-01 	8.472955e-02 
1.072440e-01 	8.395806e-02 
1.075290e-01 	8.319534e-02 
1.078150e-01 	8.244131e-02 
1.081010e-01 	8.169588e-02 
1.083860e-01 	8.095896e-02 
1.086720e-01 	8.023046e-02 
1.089570e-01 	7.951029e-02 
1.092430e-01 	7.879836e-02 
1.095290e-01 	7.809457e-02 
1.098140e-01 	7.739884e-02 
1.101000e-01 	7.671107e-02 
1.103850e-01 	7.603117e-02 
1.106710e-01 	7.535905e-02 
1.109570e-01 	7.469461e-02 
1.112420e-01 	7.403777e-02 
1.115280e-01 	7.338844e-02 
1.118130e-01 	7.274651e-02 
1.120990e-01 	7.211191e-02 
1.123850e-01 	7.148453e-02 
1.126700e-01 	7.086429e-02 
1.129560e-01 	7.025109e-02 
1.132410e-01 	6.964484e-02 
1.135270e-01 	6.904545e-02 
1.138130e-01 	6.845283e-02 
1.140980e-01 	6.786689e-02 
1.143840e-01 	6.728756e-02 
1.146690e-01 	6.671477e-02 
1.149550e-01 	6.614846e-02 
1.152410e-01 	6.558855e-02 
1.155260e-01 	6.503497e-02 
1.158120e-01 	6.448766e-02 
1.160970e-01 	6.394655e-02 
1.163830e-01 	6.341155e-02 
1.166690e-01 	6.288262e-02 
1.169540e-01 	6.235966e-02 
1.172400e-01 	6.184262e-02 
1.175250e-01 	6.133143e-02 
1.178110e-01 	6.082601e-02 
1.180970e-01 	6.032629e-02 
1.183820e-01 	5.983221e-02 
1.186680e-01 	5.934370e-02 
1.189530e-01 	5.886068e-02 
1.192390e-01 	5.838309e-02 
1.195250e-01 	5.791087e-02 
1.198100e-01 	5.744394e-02 
1.200960e-01 	5.698223e-02 
1.203810e-01 	5.652568e-02 
1.206670e-01 	5.607423e-02 
1.209530e-01 	5.562780e-02 
1.212380e-01 	5.518632e-02 
1.215240e-01 	5.474974e-02 
1.218090e-01 	5.431797e-02 
1.220950e-01 	5.389096e-02 
1.223810e-01 	5.346863e-02 
1.226660e-01 	5.305093e-02 
1.229520e-01 	5.263777e-02 
1.232380e-01 	5.222909e-02 
1.235230e-01 	5.182482e-02 
1.238090e-01 	5.142489e-02 
1.240940e-01 	5.102924e-02 
1.243800e-01 	5.063781e-02 
1.246660e-01 	5.025053e-02 
1.249510e-01 	4.986734e-02 
1.252370e-01 	4.948818e-02 
1.255220e-01 	4.911298e-02 
1.258080e-01 	4.874168e-02 
1.260940e-01 	4.837422e-02 
1.263790e-01 	4.801053e-02 
1.266650e-01 	4.765055e-02 
1.269500e-01 	4.729421e-02 
1.272360e-01 	4.694146e-02 
1.275220e-01 	4.659222e-02 
1.278070e-01 	4.624644e-02 
1.280930e-01 	4.590406e-02 
1.283780e-01 	4.556505e-02 
1.286640e-01 	4.522938e-02 
1.289500e-01 	4.489699e-02 
1.292350e-01 	4.456787e-02 
1.295210e-01 	4.424196e-02 
1.298060e-01 	4.391924e-02 
1.300920e-01 	4.359966e-02 
1.303780e-01 	4.328318e-02 
1.306630e-01 	4.296978e-02 
1.309490e-01 	4.265941e-02 
1.312340e-01 	4.235204e-02 
1.315200e-01 	4.204763e-02 
1.318060e-01 	4.174613e-02 
1.320910e-01 	4.144752e-02 
1.323770e-01 	4.115174e-02 
1.326620e-01 	4.085877e-02 
1.329480e-01 	4.056856e-02 
1.332340e-01 	4.028108e-02 
1.335190e-01 	3.999628e-02 
1.338050e-01 	3.971413e-02 
1.340900e-01 	3.943458e-02 
1.343760e-01 	3.915761e-02 
1.346620e-01 	3.888316e-02 
1.349470e-01 	3.861120e-02 
1.352330e-01 	3.834169e-02 
1.355180e-01 	3.807458e-02 
1.358040e-01 	3.780984e-02 
1.360900e-01 	3.754743e-02 
1.363750e-01 	3.728730e-02 
1.366610e-01 	3.702942e-02 
1.369460e-01 	3.677374e-02 
1.372320e-01 	3.652022e-02 
1.375180e-01 	3.626882e-02 
1.378030e-01 	3.601951e-02 
1.380890e-01 	3.577224e-02 
1.383740e-01 	3.552697e-02 
1.386600e-01 	3.528366e-02 
1.389460e-01 	3.504228e-02 
1.392310e-01 	3.480280e-02 
1.395170e-01 	3.456518e-02 
1.398020e-01 	3.432939e-02 
1.400880e-01 	3.409541e-02 
1.403740e-01 	3.386320e-02 
1.406590e-01 	3.363272e-02 
1.409450e-01 	3.340396e-02 
1.412300e-01 	3.317688e-02 
1.415160e-01 	3.295145e-02 
1.418020e-01 	3.272764e-02 
1.420870e-01 	3.250543e-02 
1.423730e-01 	3.228482e-02 
1.426580e-01 	3.206578e-02 
1.429440e-01 	3.184831e-02 
1.432300e-01 	3.163239e-02 
1.435150e-01 	3.141800e-02 
1.438010e-01 	3.120514e-02 
1.440860e-01 	3.099378e-02 
1.443720e-01 	3.078391e-02 
1.446580e-01 	3.057552e-02 
1.449430e-01 	3.036859e-02 
1.452290e-01 	3.016310e-02 
1.455150e-01 	2.995903e-02 
1.458000e-01 	2.975637e-02 
1.460860e-01 	2.955509e-02 
1.463710e-01 	2.935520e-02 
1.466570e-01 	2.915666e-02 
1.469430e-01 	2.895946e-02 
1.472280e-01 	2.876358e-02 
1.475140e-01 	2.856901e-02 
1.477990e-01 	2.837572e-02 
1.480850e-01 	2.818371e-02 
1.483710e-01 	2.799296e-02 
1.486560e-01 	2.780344e-02 
1.489420e-01 	2.761515e-02 
1.492270e-01 	2.742806e-02 
1.495130e-01 	2.724217e-02 
1.497990e-01 	2.705745e-02 
1.500840e-01 	2.687388e-02 
1.503700e-01 	2.669146e-02 
1.506550e-01 	2.651016e-02 
1.509410e-01 	2.632997e-02 
1.512270e-01 	2.615088e-02 
1.515120e-01 	2.597286e-02 
1.517980e-01 	2.579591e-02 
1.520830e-01 	2.561999e-02 
1.523690e-01 	2.544511e-02 
1.526550e-01 	2.527124e-02 
1.529400e-01 	2.509836e-02 
1.532260e-01 	2.492646e-02 
1.535110e-01 	2.475553e-02 
1.537970e-01 	2.458554e-02 
1.540830e-01 	2.441649e-02 
1.543680e-01 	2.424837e-02 
1.546540e-01 	2.408116e-02 
1.549390e-01 	2.391486e-02 
1.552250e-01 	2.374946e-02 
1.555110e-01 	2.358495e-02 
1.557960e-01 	2.342132e-02 
1.560820e-01 	2.325857e-02 
1.563670e-01 	2.309669e-02 
1.566530e-01 	2.293569e-02 
1.569390e-01 	2.277555e-02 
1.572240e-01 	2.261628e-02 
1.575100e-01 	2.245786e-02 
1.577950e-01 	2.230030e-02 
1.580810e-01 	2.214359e-02 
1.583670e-01 	2.198772e-02 
1.586520e-01 	2.183270e-02 
1.589380e-01 	2.167851e-02 
1.592230e-01 	2.152516e-02 
1.595090e-01 	2.137263e-02 
1.597950e-01 	2.122093e-02 
1.600800e-01 	2.107006e-02 
1.603660e-01 	2.092000e-02 
1.606510e-01 	2.077076e-02 
1.609370e-01 	2.062233e-02 
1.612230e-01 	2.047471e-02 
1.615080e-01 	2.032789e-02 
1.617940e-01 	2.018187e-02 
1.620790e-01 	2.003664e-02 
1.623650e-01 	1.989221e-02 
1.626510e-01 	1.974857e-02 
1.629360e-01 	1.960571e-02 
1.632220e-01 	1.946363e-02 
1.635070e-01 	1.932233e-02 
1.637930e-01 	1.918181e-02 
1.640790e-01 	1.904205e-02 
1.643640e-01 	1.890306e-02 
1.646500e-01 	1.876483e-02 
1.649350e-01 	1.862736e-02 
1.652210e-01 	1.849064e-02 
1.655070e-01 	1.835467e-02 
1.657920e-01 	1.821945e-02 
1.660780e-01 	1.808497e-02 
1.663630e-01 	1.795123e-02 
1.666490e-01 	1.781823e-02 
1.669350e-01 	1.768595e-02 
1.672200e-01 	1.755441e-02 
1.675060e-01 	1.742358e-02 
1.677920e-01 	1.729348e-02 
1.680770e-01 	1.716410e-02 
1.683630e-01 	1.703542e-02 
1.686480e-01 	1.690746e-02 
1.689340e-01 	1.678020e-02 
1.692200e-01 	1.665364e-02 
1.695050e-01 	1.652779e-02 
1.697910e-01 	1.640264e-02 
1.700760e-01 	1.627819e-02 
1.703620e-01 	1.615443e-02 
1.706480e-01 	1.603138e-02 
1.709330e-01 	1.590903e-02 
1.712190e-01 	1.578738e-02 
1.715040e-01 	1.566642e-02 
1.717900e-01 	1.554616e-02 
1.720760e-01 	1.542660e-02 
1.723610e-01 	1.530774e-02 
1.726470e-01 	1.518957e-02 
1.729320e-01 	1.507210e-02 
1.732180e-01 	1.495533e-02 
1.735040e-01 	1.483925e-02 
1.737890e-01 	1.472387e-02 
1.740750e-01 	1.460918e-02 
1.743600e-01 	1.449518e-02 
1.746460e-01 	1.438188e-02 
1.749320e-01 	1.426928e-02 
1.752170e-01 	1.415736e-02 
1.755030e-01 	1.404614e-02 
1.757880e-01 	1.393561e-02 
1.760740e-01 	1.382577e-02 
1.763600e-01 	1.371662e-02 
1.766450e-01 	1.360817e-02 
1.769310e-01 	1.350040e-02 
1.772160e-01 	1.339332e-02 
1.775020e-01 	1.328694e-02 
1.777880e-01 	1.318124e-02 
1.780730e-01 	1.307623e-02 
1.783590e-01 	1.297191e-02 
1.786440e-01 	1.286828e-02 
1.789300e-01 	1.276534e-02 
1.792160e-01 	1.266308e-02 
1.795010e-01 	1.256151e-02 
1.797870e-01 	1.246062e-02 
1.800720e-01 	1.236043e-02 
1.803580e-01 	1.226091e-02 
1.806440e-01 	1.216209e-02 
1.809290e-01 	1.206394e-02 
1.812150e-01 	1.196648e-02 
1.815000e-01 	1.186971e-02 
1.817860e-01 	1.177362e-02 
1.820720e-01 	1.167821e-02 
1.823570e-01 	1.158348e-02 
1.826430e-01 	1.148944e-02 
1.829280e-01 	1.139608e-02 
1.832140e-01 	1.130340e-02 
1.835000e-01 	1.121140e-02 
1.837850e-01 	1.112008e-02 
1.840710e-01 	1.102944e-02 
1.843560e-01 	1.093948e-02 
1.846420e-01 	1.085020e-02 
1.849280e-01 	1.076159e-02 
1.852130e-01 	1.067366e-02 
1.854990e-01 	1.058639e-02 
1.857840e-01 	1.049980e-02 
1.860700e-01 	1.041387e-02 
1.863560e-01 	1.032861e-02 
1.866410e-01 	1.024402e-02 
1.869270e-01 	1.016009e-02 
1.872120e-01 	1.007683e-02 
1.874980e-01 	9.994224e-03 
1.877840e-01 	9.912279e-03 
1.880690e-01 	9.830993e-03 
1.883550e-01 	9.750363e-03 
1.886400e-01 	9.670387e-03 
1.889260e-01 	9.591066e-03 
1.892120e-01 	9.512396e-03 
1.894970e-01 	9.434377e-03 
1.897830e-01 	9.357007e-03 
1.900690e-01 	9.280284e-03 
1.903540e-01 	9.204207e-03 
1.906400e-01 	9.128775e-03 
1.909250e-01 	9.053985e-03 
1.912110e-01 	8.979837e-03 
1.914970e-01 	8.906329e-03 
1.917820e-01 	8.833459e-03 
1.920680e-01 	8.761225e-03 
1.923530e-01 	8.689628e-03 
1.926390e-01 	8.618664e-03 
1.929250e-01 	8.548332e-03 
1.932100e-01 	8.478631e-03 
1.934960e-01 	8.409560e-03 
1.937810e-01 	8.341117e-03 
1.940670e-01 	8.273301e-03 
1.943530e-01 	8.206110e-03 
1.946380e-01 	8.139542e-03 
1.949240e-01 	8.073597e-03 
1.952090e-01 	8.008272e-03 
1.954950e-01 	7.943567e-03 
1.957810e-01 	7.879479e-03 
1.960660e-01 	7.816009e-03 
1.963520e-01 	7.753153e-03 
1.966370e-01 	7.690911e-03 
1.969230e-01 	7.629283e-03 
1.972090e-01 	7.568266e-03 
1.974940e-01 	7.507858e-03 
1.977800e-01 	7.448058e-03 
1.980650e-01 	7.388865e-03 
1.983510e-01 	7.330275e-03 
1.986370e-01 	7.272287e-03 
1.989220e-01 	7.214899e-03 
1.992080e-01 	7.158108e-03 
1.994930e-01 	7.101912e-03 
1.997790e-01 	7.046305e-03 
2.000650e-01 	6.991286e-03 
2.003500e-01 	6.936851e-03 
2.006360e-01 	6.882997e-03 
2.009210e-01 	6.829720e-03 
2.012070e-01 	6.777018e-03 
2.014930e-01 	6.724886e-03 
2.017780e-01 	6.673322e-03 
2.020640e-01 	6.622323e-03 
2.023490e-01 	6.571885e-03 
2.026350e-01 	6.522006e-03 
2.029210e-01 	6.472681e-03 
2.032060e-01 	6.423907e-03 
2.034920e-01 	6.375682e-03 
2.037770e-01 	6.328002e-03 
2.040630e-01 	6.280864e-03 
2.043490e-01 	6.234264e-03 
2.046340e-01 	6.188200e-03 
2.049200e-01 	6.142668e-03 
2.052050e-01 	6.097666e-03 
2.054910e-01 	6.053189e-03 
2.057770e-01 	6.009236e-03 
2.060620e-01 	5.965802e-03 
2.063480e-01 	5.922884e-03 
2.066330e-01 	5.880480e-03 
2.069190e-01 	5.838587e-03 
2.072050e-01 	5.797200e-03 
2.074900e-01 	5.756318e-03 
2.077760e-01 	5.715937e-03 
2.080610e-01 	5.676053e-03 
2.083470e-01 	5.636664e-03 
2.086330e-01 	5.597767e-03 
2.089180e-01 	5.559359e-03 
2.092040e-01 	5.521435e-03 
2.094890e-01 	5.483994e-03 
2.097750e-01 	5.447032e-03 
2.100610e-01 	5.410545e-03 
2.103460e-01 	5.374532e-03 
2.106320e-01 	5.338988e-03 
2.109170e-01 	5.303911e-03 
2.112030e-01 	5.269297e-03 
2.114890e-01 	5.235144e-03 
2.117740e-01 	5.201449e-03 
2.120600e-01 	5.168207e-03 
2.123450e-01 	5.135418e-03 
2.126310e-01 	5.103077e-03 
2.129170e-01 	5.071181e-03 
2.132020e-01 	5.039728e-03 
2.134880e-01 	5.008714e-03 
2.137740e-01 	4.978137e-03 
2.140590e-01 	4.947993e-03 
2.143450e-01 	4.918279e-03 
2.146300e-01 	4.888990e-03 
2.149160e-01 	4.860124e-03 
2.152020e-01 	4.831675e-03 
2.154870e-01 	4.803641e-03 
2.157730e-01 	4.776018e-03 
2.160580e-01 	4.748802e-03 
2.163440e-01 	4.721990e-03 
2.166300e-01 	4.695576e-03 
2.169150e-01 	4.669559e-03 
2.172010e-01 	4.643934e-03 
2.174860e-01 	4.618697e-03 
2.177720e-01 	4.593845e-03 
2.180580e-01 	4.569374e-03 
2.183430e-01 	4.545280e-03 
2.186290e-01 	4.521560e-03 
2.189140e-01 	4.498209e-03 
2.192000e-01 	4.475225e-03 
2.194860e-01 	4.452604e-03 
2.197710e-01 	4.430341e-03 
2.200570e-01 	4.408435e-03 
2.203420e-01 	4.386879e-03 
2.206280e-01 	4.365672e-03 
2.209140e-01 	4.344810e-03 
2.211990e-01 	4.324288e-03 
2.214850e-01 	4.304103e-03 
2.217700e-01 	4.284252e-03 
2.220560e-01 	4.264731e-03 
2.223420e-01 	4.245536e-03 
2.226270e-01 	4.226664e-03 
2.229130e-01 	4.208112e-03 
2.231980e-01 	4.189875e-03 
2.234840e-01 	4.171949e-03 
2.237700e-01 	4.154333e-03 
2.240550e-01 	4.137020e-03 
2.243410e-01 	4.120010e-03 
2.246260e-01 	4.103296e-03 
2.249120e-01 	4.086877e-03 
2.251980e-01 	4.070749e-03 
2.254830e-01 	4.054909e-03 
2.257690e-01 	4.039353e-03 
2.260540e-01 	4.024080e-03 
2.263400e-01 	4.009085e-03 
2.266260e-01 	3.994365e-03 
2.269110e-01 	3.979918e-03 
2.271970e-01 	3.965741e-03 
2.274820e-01 	3.951829e-03 
2.277680e-01 	3.938181e-03 
2.280540e-01 	3.924793e-03 
2.283390e-01 	3.911661e-03 
2.286250e-01 	3.898784e-03 
2.289100e-01 	3.886157e-03 
2.291960e-01 	3.873778e-03 
2.294820e-01 	3.861643e-03 
2.297670e-01 	3.849751e-03 
2.300530e-01 	3.838097e-03 
2.303380e-01 	3.826678e-03 
2.306240e-01 	3.815493e-03 
2.309100e-01 	3.804538e-03 
2.311950e-01 	3.793809e-03 
2.314810e-01 	3.783305e-03 
2.317660e-01 	3.773022e-03 
2.320520e-01 	3.762957e-03 
2.323380e-01 	3.753107e-03 
2.326230e-01 	3.743469e-03 
2.329090e-01 	3.734041e-03 
2.331940e-01 	3.724819e-03 
2.334800e-01 	3.715800e-03 
2.337660e-01 	3.706982e-03 
2.340510e-01 	3.698362e-03 
2.343370e-01 	3.689936e-03 
2.346230e-01 	3.681703e-03 
2.349080e-01 	3.673658e-03 
2.351940e-01 	3.665800e-03 
2.354790e-01 	3.658126e-03 
2.357650e-01 	3.650632e-03 
2.360510e-01 	3.643316e-03 
2.363360e-01 	3.636175e-03 
2.366220e-01 	3.629207e-03 
2.369070e-01 	3.622408e-03 
2.371930e-01 	3.615776e-03 
2.374790e-01 	3.609308e-03 
2.377640e-01 	3.603002e-03 
2.380500e-01 	3.596853e-03 
2.383350e-01 	3.590860e-03 
2.386210e-01 	3.585020e-03 
2.389070e-01 	3.579331e-03 
2.391920e-01 	3.573789e-03 
2.394780e-01 	3.568394e-03 
2.397630e-01 	3.563143e-03 
2.400490e-01 	3.558034e-03 
2.403350e-01 	3.553064e-03 
2.406200e-01 	3.548231e-03 
2.409060e-01 	3.543533e-03 
2.411910e-01 	3.538969e-03 
2.414770e-01 	3.534535e-03 
2.417630e-01 	3.530229e-03 
2.420480e-01 	3.526050e-03 
2.423340e-01 	3.521995e-03 
2.426190e-01 	3.518062e-03 
2.429050e-01 	3.514249e-03 
2.431910e-01 	3.510553e-03 
2.434760e-01 	3.506972e-03 
2.437620e-01 	3.503505e-03 
2.440470e-01 	3.500148e-03 
2.443330e-01 	3.496901e-03 
2.446190e-01 	3.493761e-03 
2.449040e-01 	3.490727e-03 
2.451900e-01 	3.487797e-03 
2.454750e-01 	3.484969e-03 
2.457610e-01 	3.482242e-03 
2.460470e-01 	3.479614e-03 
2.463320e-01 	3.477084e-03 
2.466180e-01 	3.474649e-03 
2.469030e-01 	3.472309e-03 
2.471890e-01 	3.470061e-03 
2.474750e-01 	3.467904e-03 
2.477600e-01 	3.465837e-03 
2.480460e-01 	3.463857e-03 
2.483310e-01 	3.461964e-03 
2.486170e-01 	3.460155e-03 
2.489030e-01 	3.458430e-03 
2.491880e-01 	3.456786e-03 
2.494740e-01 	3.455222e-03 
2.497590e-01 	3.453736e-03 
2.500450e-01 	3.452328e-03 
2.503310e-01 	3.450995e-03 
2.506160e-01 	3.449735e-03 
2.509020e-01 	3.448548e-03 
2.511870e-01 	3.447432e-03 
2.514730e-01 	3.446384e-03 
2.517590e-01 	3.445405e-03 
2.520440e-01 	3.444491e-03 
2.523300e-01 	3.443642e-03 
2.526150e-01 	3.442856e-03 
2.529010e-01 	3.442132e-03 
2.531870e-01 	3.441469e-03 
2.534720e-01 	3.440866e-03 
2.537580e-01 	3.440323e-03 
2.540430e-01 	3.439838e-03 
2.543290e-01 	3.439410e-03 
2.546150e-01 	3.439038e-03 
2.549000e-01 	3.438722e-03 
2.551860e-01 	3.438460e-03 
2.554710e-01 	3.438251e-03 
2.557570e-01 	3.438094e-03 
2.560430e-01 	3.437989e-03 
2.563280e-01 	3.437934e-03 
2.566140e-01 	3.437928e-03 
2.568990e-01 	3.437971e-03 
2.571850e-01 	3.438061e-03 
2.574710e-01 	3.438197e-03 
2.577560e-01 	3.438379e-03 
2.580420e-01 	3.438605e-03 
2.583280e-01 	3.438875e-03 
2.586130e-01 	3.439187e-03 
2.588990e-01 	3.439540e-03 
2.591840e-01 	3.439934e-03 
2.594700e-01 	3.440368e-03 
2.597560e-01 	3.440841e-03 
2.600410e-01 	3.441353e-03 
2.603270e-01 	3.441903e-03 
2.606120e-01 	3.442491e-03 
2.608980e-01 	3.443115e-03 
2.611840e-01 	3.443777e-03 
2.614690e-01 	3.444474e-03 
2.617550e-01 	3.445206e-03 
2.620400e-01 	3.445973e-03 
2.623260e-01 	3.446775e-03 
2.626120e-01 	3.447610e-03 
2.628970e-01 	3.448478e-03 
2.631830e-01 	3.449378e-03 
2.634680e-01 	3.450311e-03 
2.637540e-01 	3.451274e-03 
2.640400e-01 	3.452269e-03 
2.643250e-01 	3.453294e-03 
2.646110e-01 	3.454349e-03 
2.648960e-01 	3.455432e-03 
2.651820e-01 	3.456544e-03 
2.654680e-01 	3.457684e-03 
2.657530e-01 	3.458852e-03 
2.660390e-01 	3.460046e-03 
2.663240e-01 	3.461267e-03 
2.666100e-01 	3.462513e-03 
2.668960e-01 	3.463786e-03 
2.671810e-01 	3.465085e-03 
2.674670e-01 	3.466409e-03 
2.677520e-01 	3.467758e-03 
2.680380e-01 	3.469133e-03 
2.683240e-01 	3.470533e-03 
2.686090e-01 	3.471959e-03 
2.688950e-01 	3.473409e-03 
2.691800e-01 	3.474884e-03 
2.694660e-01 	3.476383e-03 
2.697520e-01 	3.477907e-03 
2.700370e-01 	3.479456e-03 
2.703230e-01 	3.481029e-03 
2.706080e-01 	3.482626e-03 
2.708940e-01 	3.484246e-03 
2.711800e-01 	3.485891e-03 
2.714650e-01 	3.487559e-03 
2.717510e-01 	3.489251e-03 
2.720360e-01 	3.490966e-03 
2.723220e-01 	3.492705e-03 
2.726080e-01 	3.494466e-03 
2.728930e-01 	3.496251e-03 
2.731790e-01 	3.498058e-03 
2.734640e-01 	3.499888e-03 
2.737500e-01 	3.501740e-03 
2.740360e-01 	3.503614e-03 
2.743210e-01 	3.505510e-03 
2.746070e-01 	3.507429e-03 
2.748920e-01 	3.509369e-03 
2.751780e-01 	3.511331e-03 
2.754640e-01 	3.513314e-03 
2.757490e-01 	3.515319e-03 
2.760350e-01 	3.517345e-03 
2.763200e-01 	3.519393e-03 
2.766060e-01 	3.521462e-03 
2.768920e-01 	3.523552e-03 
2.771770e-01 	3.525663e-03 
2.774630e-01 	3.527795e-03 
2.777480e-01 	3.529947e-03 
2.780340e-01 	3.532121e-03 
2.783200e-01 	3.534315e-03 
2.786050e-01 	3.536529e-03 
2.788910e-01 	3.538764e-03 
2.791760e-01 	3.541019e-03 
2.794620e-01 	3.543295e-03 
2.797480e-01 	3.545591e-03 
2.800330e-01 	3.547906e-03 
2.803190e-01 	3.550242e-03 
2.806050e-01 	3.552598e-03 
2.808900e-01 	3.554974e-03 
2.811760e-01 	3.557371e-03 
2.814610e-01 	3.559787e-03 
2.817470e-01 	3.562225e-03 
2.820330e-01 	3.564682e-03 
2.823180e-01 	3.567160e-03 
2.826040e-01 	3.569659e-03 
2.828890e-01 	3.572178e-03 
2.831750e-01 	3.574718e-03 
2.834610e-01 	3.577279e-03 
2.837460e-01 	3.579861e-03 
2.840320e-01 	3.582463e-03 
2.843170e-01 	3.585086e-03 
2.846030e-01 	3.587731e-03 
2.848890e-01 	3.590396e-03 
2.851740e-01 	3.593083e-03 
2.854600e-01 	3.595790e-03 
2.857450e-01 	3.598519e-03 
2.860310e-01 	3.601269e-03 
2.863170e-01 	3.604041e-03 
2.866020e-01 	3.606834e-03 
2.868880e-01 	3.609648e-03 
2.871730e-01 	3.612484e-03 
2.874590e-01 	3.615341e-03 
2.877450e-01 	3.618220e-03 
2.880300e-01 	3.621121e-03 
2.883160e-01 	3.624043e-03 
2.886010e-01 	3.626987e-03 
2.888870e-01 	3.629954e-03 
2.891730e-01 	3.632942e-03 
2.894580e-01 	3.635952e-03 
2.897440e-01 	3.638983e-03 
2.900290e-01 	3.642037e-03 
2.903150e-01 	3.645112e-03 
2.906010e-01 	3.648208e-03 
2.908860e-01 	3.651326e-03 
2.911720e-01 	3.654465e-03 
2.914570e-01 	3.657626e-03 
2.917430e-01 	3.660807e-03 
2.920290e-01 	3.664009e-03 
2.923140e-01 	3.667233e-03 
2.926000e-01 	3.670476e-03 
2.928850e-01 	3.673741e-03 
2.931710e-01 	3.677026e-03 
2.934570e-01 	3.680332e-03 
2.937420e-01 	3.683658e-03 
2.940280e-01 	3.687004e-03 
2.943130e-01 	3.690371e-03 
2.945990e-01 	3.693757e-03 
2.948850e-01 	3.697163e-03 
2.951700e-01 	3.700588e-03 
2.954560e-01 	3.704032e-03 
2.957410e-01 	3.707495e-03 
2.960270e-01 	3.710977e-03 
2.963130e-01 	3.714478e-03 
2.965980e-01 	3.717997e-03 
2.968840e-01 	3.721533e-03 
2.971690e-01 	3.725088e-03 
2.974550e-01 	3.728660e-03 
2.977410e-01 	3.732250e-03 
2.980260e-01 	3.735857e-03 
2.983120e-01 	3.739480e-03 
2.985970e-01 	3.743121e-03 
2.988830e-01 	3.746778e-03 
2.991690e-01 	3.750451e-03 
2.994540e-01 	3.754141e-03 
2.997400e-01 	3.757846e-03 
3.000250e-01 	3.761568e-03 
3.003110e-01 	3.765305e-03 
3.005970e-01 	3.769057e-03 
3.008820e-01 	3.772824e-03 
3.011680e-01 	3.776607e-03 
3.014530e-01 	3.780404e-03 
3.017390e-01 	3.784215e-03 
3.020250e-01 	3.788042e-03 
3.023100e-01 	3.791882e-03 
3.025960e-01 	3.795736e-03 
3.028820e-01 	3.799604e-03 
3.031670e-01 	3.803485e-03 
3.034530e-01 	3.807380e-03 
3.037380e-01 	3.811288e-03 
3.040240e-01 	3.815209e-03 
3.043100e-01 	3.819142e-03 
3.045950e-01 	3.823088e-03 
3.048810e-01 	3.827046e-03 
3.051660e-01 	3.831015e-03 
3.054520e-01 	3.834996e-03 
3.057380e-01 	3.838988e-03 
3.060230e-01 	3.842991e-03 
3.063090e-01 	3.847004e-03 
3.065940e-01 	3.851027e-03 
3.068800e-01 	3.855061e-03 
3.071660e-01 	3.859103e-03 
3.074510e-01 	3.863155e-03 
3.077370e-01 	3.867215e-03 
3.080220e-01 	3.871284e-03 
3.083080e-01 	3.875362e-03 
3.085940e-01 	3.879446e-03 
3.088790e-01 	3.883538e-03 
3.091650e-01 	3.887637e-03 
3.094500e-01 	3.891742e-03 
3.097360e-01 	3.895853e-03 
3.100220e-01 	3.899969e-03 
3.103070e-01 	3.904091e-03 
3.105930e-01 	3.908217e-03 
3.108780e-01 	3.912348e-03 
3.111640e-01 	3.916482e-03 
3.114500e-01 	3.920620e-03 
3.117350e-01 	3.924761e-03 
3.120210e-01 	3.928904e-03 
3.123060e-01 	3.933051e-03 
3.125920e-01 	3.937198e-03 
3.128780e-01 	3.941348e-03 
3.131630e-01 	3.945499e-03 
3.134490e-01 	3.949650e-03 
3.137340e-01 	3.953802e-03 
3.140200e-01 	3.957954e-03 
3.143060e-01 	3.962106e-03 
3.145910e-01 	3.966257e-03 
3.148770e-01 	3.970407e-03 
3.151620e-01 	3.974556e-03 
3.154480e-01 	3.978702e-03 
3.157340e-01 	3.982847e-03 
3.160190e-01 	3.986989e-03 
3.163050e-01 	3.991128e-03 
3.165900e-01 	3.995264e-03 
3.168760e-01 	3.999397e-03 
3.171620e-01 	4.003525e-03 
3.174470e-01 	4.007649e-03 
3.177330e-01 	4.011768e-03 
3.180180e-01 	4.015882e-03 
3.183040e-01 	4.019991e-03 
3.185900e-01 	4.024094e-03 
3.188750e-01 	4.028191e-03 
3.191610e-01 	4.032281e-03 
3.194460e-01 	4.036364e-03 
3.197320e-01 	4.040440e-03 
3.200180e-01 	4.044508e-03 
3.203030e-01 	4.048567e-03 
3.205890e-01 	4.052617e-03 
3.208740e-01 	4.056658e-03 
3.211600e-01 	4.060688e-03 
3.214460e-01 	4.064708e-03 
3.217310e-01 	4.068716e-03 
3.220170e-01 	4.072712e-03 
3.223020e-01 	4.076695e-03 
3.225880e-01 	4.080664e-03 
3.228740e-01 	4.084618e-03 
3.231590e-01 	4.088555e-03 
3.234450e-01 	4.092476e-03 
3.237300e-01 	4.096377e-03 
3.240160e-01 	4.100260e-03 
3.243020e-01 	4.104122e-03 
3.245870e-01 	4.107963e-03 
3.248730e-01 	4.111781e-03 
3.251590e-01 	4.115576e-03 
3.254440e-01 	4.119346e-03 
3.257300e-01 	4.123090e-03 
3.260150e-01 	4.126808e-03 
3.263010e-01 	4.130497e-03 
3.265870e-01 	4.134158e-03 
3.268720e-01 	4.137788e-03 
3.271580e-01 	4.141388e-03 
3.274430e-01 	4.144955e-03 
3.277290e-01 	4.148489e-03 
3.280150e-01 	4.151989e-03 
3.283000e-01 	4.155453e-03 
3.285860e-01 	4.158880e-03 
3.288710e-01 	4.162270e-03 
3.291570e-01 	4.165621e-03 
3.294430e-01 	4.168932e-03 
3.297280e-01 	4.172203e-03 
3.300140e-01 	4.175431e-03 
3.302990e-01 	4.178616e-03 
3.305850e-01 	4.181757e-03 
3.308710e-01 	4.184852e-03 
3.311560e-01 	4.187901e-03 
3.314420e-01 	4.190903e-03 
3.317270e-01 	4.193856e-03 
3.320130e-01 	4.196759e-03 
3.322990e-01 	4.199612e-03 
3.325840e-01 	4.202412e-03 
3.328700e-01 	4.205160e-03 
3.331550e-01 	4.207853e-03 
3.334410e-01 	4.210491e-03 
3.337270e-01 	4.213073e-03 
3.340120e-01 	4.215598e-03 
3.342980e-01 	4.218064e-03 
3.345830e-01 	4.220471e-03 
3.348690e-01 	4.222818e-03 
3.351550e-01 	4.225105e-03 
3.354400e-01 	4.227331e-03 
3.357260e-01 	4.229496e-03 
3.360110e-01 	4.231602e-03 
3.362970e-01 	4.233649e-03 
3.365830e-01 	4.235638e-03 
3.368680e-01 	4.237570e-03 
3.371540e-01 	4.239446e-03 
3.374390e-01 	4.241267e-03 
3.377250e-01 	4.243035e-03 
3.380110e-01 	4.244750e-03 
3.382960e-01 	4.246415e-03 
3.385820e-01 	4.248029e-03 
3.388670e-01 	4.249595e-03 
3.391530e-01 	4.251114e-03 
3.394390e-01 	4.252587e-03 
3.397240e-01 	4.254015e-03 
3.400100e-01 	4.255400e-03 
3.402950e-01 	4.256743e-03 
3.405810e-01 	4.258045e-03 
3.408670e-01 	4.259307e-03 
3.411520e-01 	4.260532e-03 
3.414380e-01 	4.261720e-03 
3.417230e-01 	4.262872e-03 
3.420090e-01 	4.263990e-03 
3.422950e-01 	4.265075e-03 
3.425800e-01 	4.266128e-03 
3.428660e-01 	4.267152e-03 
3.431510e-01 	4.268146e-03 
3.434370e-01 	4.269113e-03 
3.437230e-01 	4.270053e-03 
3.440080e-01 	4.270969e-03 
3.442940e-01 	4.271860e-03 
3.445790e-01 	4.272730e-03 
3.448650e-01 	4.273578e-03 
3.451510e-01 	4.274407e-03 
3.454360e-01 	4.275217e-03 
3.457220e-01 	4.276010e-03 
3.460070e-01 	4.276787e-03 
3.462930e-01 	4.277550e-03 
3.465790e-01 	4.278299e-03 
3.468640e-01 	4.279037e-03 
3.471500e-01 	4.279764e-03 
3.474360e-01 	4.280482e-03 
3.477210e-01 	4.281192e-03 
3.480070e-01 	4.281895e-03 
3.482920e-01 	4.282593e-03 
3.485780e-01 	4.283287e-03 
3.488640e-01 	4.283979e-03 
3.491490e-01 	4.284669e-03 
