#q 	 Ifit_avg 
3.653000e-03 	1.000000e+00 
3.952000e-03 	9.984211e-01 
4.250000e-03 	9.968410e-01 
4.549000e-03 	9.952583e-01 
4.848000e-03 	9.936718e-01 
5.146000e-03 	9.920800e-01 
5.445000e-03 	9.904817e-01 
5.744000e-03 	9.888756e-01 
6.042000e-03 	9.872603e-01 
6.341000e-03 	9.856347e-01 
6.639000e-03 	9.839973e-01 
6.938000e-03 	9.823468e-01 
7.237000e-03 	9.806820e-01 
7.535000e-03 	9.790015e-01 
7.834000e-03 	9.773039e-01 
8.133000e-03 	9.755882e-01 
8.431000e-03 	9.738528e-01 
8.730000e-03 	9.720964e-01 
9.029000e-03 	9.703178e-01 
9.327000e-03 	9.685157e-01 
9.626000e-03 	9.666887e-01 
9.924000e-03 	9.648356e-01 
1.022300e-02 	9.629553e-01 
1.052200e-02 	9.610454e-01 
1.082000e-02 	9.591061e-01 
1.111900e-02 	9.571354e-01 
1.141800e-02 	9.551313e-01 
1.171600e-02 	9.530939e-01 
1.201500e-02 	9.510211e-01 
1.231300e-02 	9.489117e-01 
1.261200e-02 	9.467636e-01 
1.291100e-02 	9.445770e-01 
1.320900e-02 	9.423499e-01 
1.350800e-02 	9.400804e-01 
1.380700e-02 	9.377686e-01 
1.410500e-02 	9.354128e-01 
1.440400e-02 	9.330118e-01 
1.470300e-02 	9.305638e-01 
1.500100e-02 	9.280696e-01 
1.530000e-02 	9.255274e-01 
1.559800e-02 	9.229358e-01 
1.589700e-02 	9.202958e-01 
1.619600e-02 	9.176062e-01 
1.649400e-02 	9.148667e-01 
1.679300e-02 	9.120761e-01 
1.709200e-02 	9.092361e-01 
1.739000e-02 	9.063461e-01 
1.768900e-02 	9.034051e-01 
1.798700e-02 	9.004154e-01 
1.828600e-02 	8.973765e-01 
1.858500e-02 	8.942891e-01 
1.888300e-02 	8.911525e-01 
1.918200e-02 	8.879696e-01 
1.948100e-02 	8.847403e-01 
1.977900e-02 	8.814655e-01 
2.007800e-02 	8.781450e-01 
2.037600e-02 	8.747819e-01 
2.067500e-02 	8.713764e-01 
2.097400e-02 	8.679283e-01 
2.127200e-02 	8.644413e-01 
2.157100e-02 	8.609154e-01 
2.187000e-02 	8.573517e-01 
2.216800e-02 	8.537503e-01 
2.246700e-02 	8.501148e-01 
2.276500e-02 	8.464453e-01 
2.306400e-02 	8.427418e-01 
2.336300e-02 	8.390080e-01 
2.366100e-02 	8.352440e-01 
2.396000e-02 	8.314509e-01 
2.425900e-02 	8.276286e-01 
2.455700e-02 	8.237810e-01 
2.485600e-02 	8.199079e-01 
2.515500e-02 	8.160092e-01 
2.545300e-02 	8.120887e-01 
2.575200e-02 	8.081462e-01 
2.605000e-02 	8.041828e-01 
2.634900e-02 	8.001983e-01 
2.664800e-02 	7.961964e-01 
2.694600e-02 	7.921769e-01 
2.724500e-02 	7.881395e-01 
2.754300e-02 	7.840879e-01 
2.784200e-02 	7.800216e-01 
2.814100e-02 	7.759418e-01 
2.843900e-02 	7.718480e-01 
2.873800e-02 	7.677440e-01 
2.903700e-02 	7.636291e-01 
2.933500e-02 	7.595029e-01 
2.963400e-02 	7.553692e-01 
2.993300e-02 	7.512273e-01 
3.023100e-02 	7.470781e-01 
3.053000e-02 	7.429210e-01 
3.082800e-02 	7.387596e-01 
3.112700e-02 	7.345932e-01 
3.142600e-02 	7.304211e-01 
3.172400e-02 	7.262470e-01 
3.202300e-02 	7.220702e-01 
3.232100e-02 	7.178914e-01 
3.262000e-02 	7.137097e-01 
3.291900e-02 	7.095286e-01 
3.321700e-02 	7.053475e-01 
3.351600e-02 	7.011654e-01 
3.381500e-02 	6.969858e-01 
3.411300e-02 	6.928080e-01 
3.441200e-02 	6.886325e-01 
3.471100e-02 	6.844584e-01 
3.500900e-02 	6.802892e-01 
3.530800e-02 	6.761239e-01 
3.560600e-02 	6.719629e-01 
3.590500e-02 	6.678055e-01 
3.620400e-02 	6.636549e-01 
3.650200e-02 	6.595103e-01 
3.680100e-02 	6.553707e-01 
3.710000e-02 	6.512393e-01 
3.739800e-02 	6.471152e-01 
3.769700e-02 	6.429989e-01 
3.799600e-02 	6.388892e-01 
3.829400e-02 	6.347895e-01 
3.859300e-02 	6.306988e-01 
3.889100e-02 	6.266159e-01 
3.919000e-02 	6.225442e-01 
3.948900e-02 	6.184825e-01 
3.978700e-02 	6.144313e-01 
4.008600e-02 	6.103895e-01 
4.038500e-02 	6.063603e-01 
4.068300e-02 	6.023426e-01 
4.098200e-02 	5.983354e-01 
4.128000e-02 	5.943418e-01 
4.157900e-02 	5.903606e-01 
4.187800e-02 	5.863922e-01 
4.217600e-02 	5.824356e-01 
4.247500e-02 	5.784938e-01 
4.277300e-02 	5.745657e-01 
4.307200e-02 	5.706503e-01 
4.337100e-02 	5.667505e-01 
4.366900e-02 	5.628653e-01 
4.396800e-02 	5.589949e-01 
4.426700e-02 	5.551383e-01 
4.456500e-02 	5.512983e-01 
4.486400e-02 	5.474739e-01 
4.516300e-02 	5.436642e-01 
4.546100e-02 	5.398717e-01 
4.576000e-02 	5.360956e-01 
4.605800e-02 	5.323361e-01 
4.635700e-02 	5.285921e-01 
4.665600e-02 	5.248663e-01 
4.695400e-02 	5.211577e-01 
4.725300e-02 	5.174653e-01 
4.755200e-02 	5.137916e-01 
4.785000e-02 	5.101358e-01 
4.814900e-02 	5.064978e-01 
4.844800e-02 	5.028768e-01 
4.874600e-02 	4.992752e-01 
4.904500e-02 	4.956921e-01 
4.934300e-02 	4.921264e-01 
4.964200e-02 	4.885807e-01 
4.994100e-02 	4.850540e-01 
5.023900e-02 	4.815463e-01 
5.053800e-02 	4.780566e-01 
5.083600e-02 	4.745874e-01 
5.113500e-02 	4.711376e-01 
5.143400e-02 	4.677072e-01 
5.173200e-02 	4.642954e-01 
5.203100e-02 	4.609045e-01 
5.233000e-02 	4.575334e-01 
5.262800e-02 	4.541811e-01 
5.292700e-02 	4.508501e-01 
5.322600e-02 	4.475392e-01 
5.352400e-02 	4.442485e-01 
5.382300e-02 	4.409770e-01 
5.412100e-02 	4.377269e-01 
5.442000e-02 	4.344972e-01 
5.471900e-02 	4.312868e-01 
5.501700e-02 	4.280980e-01 
5.531600e-02 	4.249298e-01 
5.561500e-02 	4.217821e-01 
5.591300e-02 	4.186541e-01 
5.621200e-02 	4.155478e-01 
5.651000e-02 	4.124623e-01 
5.680900e-02 	4.093965e-01 
5.710800e-02 	4.063524e-01 
5.740600e-02 	4.033291e-01 
5.770500e-02 	4.003265e-01 
5.800400e-02 	3.973436e-01 
5.830200e-02 	3.943825e-01 
5.860100e-02 	3.914421e-01 
5.890000e-02 	3.885215e-01 
5.919800e-02 	3.856226e-01 
5.949700e-02 	3.827445e-01 
5.979500e-02 	3.798871e-01 
6.009400e-02 	3.770495e-01 
6.039300e-02 	3.742335e-01 
6.069100e-02 	3.714383e-01 
6.099000e-02 	3.686627e-01 
6.128900e-02 	3.659086e-01 
6.158700e-02 	3.631750e-01 
6.188600e-02 	3.604619e-01 
6.218400e-02 	3.577682e-01 
6.248300e-02 	3.550958e-01 
6.278200e-02 	3.524437e-01 
6.308000e-02 	3.498109e-01 
6.337900e-02 	3.471993e-01 
6.367700e-02 	3.446077e-01 
6.397600e-02 	3.420363e-01 
6.427500e-02 	3.394841e-01 
6.457300e-02 	3.369527e-01 
6.487200e-02 	3.344412e-01 
6.517100e-02 	3.319488e-01 
6.546900e-02 	3.294768e-01 
6.576800e-02 	3.270246e-01 
6.606700e-02 	3.245918e-01 
6.636500e-02 	3.221777e-01 
6.666400e-02 	3.197837e-01 
6.696200e-02 	3.174090e-01 
6.726100e-02 	3.150534e-01 
6.756000e-02 	3.127161e-01 
6.785800e-02 	3.103985e-01 
6.815700e-02 	3.080999e-01 
6.845600e-02 	3.058192e-01 
6.875400e-02 	3.035580e-01 
6.905300e-02 	3.013153e-01 
6.935100e-02 	2.990912e-01 
6.965000e-02 	2.968847e-01 
6.994900e-02 	2.946974e-01 
7.024700e-02 	2.925282e-01 
7.054600e-02 	2.903764e-01 
7.084500e-02 	2.882433e-01 
7.114300e-02 	2.861280e-01 
7.144200e-02 	2.840305e-01 
7.174000e-02 	2.819498e-01 
7.203900e-02 	2.798873e-01 
7.233800e-02 	2.778421e-01 
7.263600e-02 	2.758135e-01 
7.293500e-02 	2.738026e-01 
7.323400e-02 	2.718086e-01 
7.353200e-02 	2.698316e-01 
7.383100e-02 	2.678706e-01 
7.413000e-02 	2.659270e-01 
7.442800e-02 	2.639999e-01 
7.472700e-02 	2.620886e-01 
7.502500e-02 	2.601941e-01 
7.532400e-02 	2.583159e-01 
7.562300e-02 	2.564537e-01 
7.592100e-02 	2.546068e-01 
7.622000e-02 	2.527764e-01 
7.651900e-02 	2.509616e-01 
7.681700e-02 	2.491617e-01 
7.711600e-02 	2.473779e-01 
7.741400e-02 	2.456094e-01 
7.771300e-02 	2.438560e-01 
7.801200e-02 	2.421172e-01 
7.831000e-02 	2.403938e-01 
7.860900e-02 	2.386853e-01 
7.890800e-02 	2.369910e-01 
7.920600e-02 	2.353119e-01 
7.950500e-02 	2.336473e-01 
7.980300e-02 	2.319970e-01 
8.010200e-02 	2.303605e-01 
8.040100e-02 	2.287387e-01 
8.069900e-02 	2.271309e-01 
8.099800e-02 	2.255365e-01 
8.129700e-02 	2.239565e-01 
8.159500e-02 	2.223901e-01 
8.189400e-02 	2.208372e-01 
8.219300e-02 	2.192972e-01 
8.249100e-02 	2.177711e-01 
8.279000e-02 	2.162581e-01 
8.308800e-02 	2.147582e-01 
8.338700e-02 	2.132708e-01 
8.368600e-02 	2.117968e-01 
8.398400e-02 	2.103355e-01 
8.428300e-02 	2.088864e-01 
8.458200e-02 	2.074503e-01 
8.488000e-02 	2.060267e-01 
8.517900e-02 	2.046154e-01 
8.547700e-02 	2.032159e-01 
8.577600e-02 	2.018291e-01 
8.607500e-02 	2.004543e-01 
8.637300e-02 	1.990911e-01 
8.667200e-02 	1.977402e-01 
8.697100e-02 	1.964011e-01 
8.726900e-02 	1.950736e-01 
8.756800e-02 	1.937572e-01 
8.786600e-02 	1.924526e-01 
8.816500e-02 	1.911594e-01 
8.846400e-02 	1.898769e-01 
8.876200e-02 	1.886059e-01 
8.906100e-02 	1.873459e-01 
8.936000e-02 	1.860968e-01 
8.965800e-02 	1.848580e-01 
8.995700e-02 	1.836303e-01 
9.025500e-02 	1.824132e-01 
9.055400e-02 	1.812062e-01 
9.085300e-02 	1.800101e-01 
9.115100e-02 	1.788242e-01 
9.145000e-02 	1.776486e-01 
9.174900e-02 	1.764828e-01 
9.204700e-02 	1.753274e-01 
9.234600e-02 	1.741820e-01 
9.264500e-02 	1.730461e-01 
9.294300e-02 	1.719204e-01 
9.324200e-02 	1.708043e-01 
9.354000e-02 	1.696979e-01 
9.383900e-02 	1.686006e-01 
9.413800e-02 	1.675132e-01 
9.443600e-02 	1.664350e-01 
9.473500e-02 	1.653658e-01 
9.503400e-02 	1.643061e-01 
9.533200e-02 	1.632554e-01 
9.563100e-02 	1.622137e-01 
9.592900e-02 	1.611805e-01 
9.622800e-02 	1.601565e-01 
9.652700e-02 	1.591412e-01 
9.682500e-02 	1.581343e-01 
9.712400e-02 	1.571363e-01 
9.742300e-02 	1.561468e-01 
9.772100e-02 	1.551657e-01 
9.802000e-02 	1.541927e-01 
9.831800e-02 	1.532284e-01 
9.861700e-02 	1.522722e-01 
9.891600e-02 	1.513242e-01 
9.921400e-02 	1.503839e-01 
9.951300e-02 	1.494520e-01 
9.981100e-02 	1.485280e-01 
1.001100e-01 	1.476121e-01 
1.004090e-01 	1.467025e-01 
1.007070e-01 	1.458036e-01 
1.010060e-01 	1.449093e-01 
1.013050e-01 	1.440226e-01 
1.016030e-01 	1.431463e-01 
1.019020e-01 	1.422745e-01 
1.022010e-01 	1.414100e-01 
1.024990e-01 	1.405557e-01 
1.027980e-01 	1.397057e-01 
1.030960e-01 	1.388656e-01 
1.033950e-01 	1.380298e-01 
1.036940e-01 	1.372011e-01 
1.039920e-01 	1.363821e-01 
1.042910e-01 	1.355672e-01 
1.045900e-01 	1.347592e-01 
1.048880e-01 	1.339607e-01 
1.051870e-01 	1.331662e-01 
1.054850e-01 	1.323810e-01 
1.057840e-01 	1.315998e-01 
1.060830e-01 	1.308251e-01 
1.063810e-01 	1.300596e-01 
1.066800e-01 	1.292978e-01 
1.069790e-01 	1.285425e-01 
1.072770e-01 	1.277960e-01 
1.075760e-01 	1.270532e-01 
1.078740e-01 	1.263190e-01 
1.081730e-01 	1.255886e-01 
1.084720e-01 	1.248642e-01 
1.087700e-01 	1.241482e-01 
1.090690e-01 	1.234358e-01 
1.093680e-01 	1.227292e-01 
1.096660e-01 	1.220309e-01 
1.099650e-01 	1.213359e-01 
1.102640e-01 	1.206467e-01 
1.105620e-01 	1.199655e-01 
1.108610e-01 	1.192876e-01 
1.111590e-01 	1.186175e-01 
1.114580e-01 	1.179507e-01 
1.117570e-01 	1.172894e-01 
1.120550e-01 	1.166358e-01 
1.123540e-01 	1.159854e-01 
1.126530e-01 	1.153404e-01 
1.129510e-01 	1.147029e-01 
1.132500e-01 	1.140685e-01 
1.135480e-01 	1.134415e-01 
1.138470e-01 	1.128175e-01 
1.141460e-01 	1.121987e-01 
1.144440e-01 	1.115870e-01 
1.147430e-01 	1.109784e-01 
1.150420e-01 	1.103747e-01 
1.153400e-01 	1.097780e-01 
1.156390e-01 	1.091842e-01 
1.159370e-01 	1.085972e-01 
1.162360e-01 	1.080130e-01 
1.165350e-01 	1.074336e-01 
1.168330e-01 	1.068608e-01 
1.171320e-01 	1.062908e-01 
1.174310e-01 	1.057254e-01 
1.177290e-01 	1.051664e-01 
1.180280e-01 	1.046101e-01 
1.183260e-01 	1.040602e-01 
1.186250e-01 	1.035129e-01 
1.189240e-01 	1.029700e-01 
1.192220e-01 	1.024333e-01 
1.195210e-01 	1.018992e-01 
1.198200e-01 	1.013693e-01 
1.201180e-01 	1.008455e-01 
1.204170e-01 	1.003242e-01 
1.207160e-01 	9.980702e-02 
1.210140e-01 	9.929577e-02 
1.213130e-01 	9.878693e-02 
1.216110e-01 	9.828388e-02 
1.219100e-01 	9.778321e-02 
1.222090e-01 	9.728656e-02 
1.225070e-01 	9.679555e-02 
1.228060e-01 	9.630685e-02 
1.231050e-01 	9.582206e-02 
1.234030e-01 	9.534276e-02 
1.237020e-01 	9.486569e-02 
1.240000e-01 	9.439400e-02 
1.242990e-01 	9.392450e-02 
1.245980e-01 	9.345874e-02 
1.248960e-01 	9.299822e-02 
1.251950e-01 	9.253981e-02 
1.254940e-01 	9.208504e-02 
1.257920e-01 	9.163536e-02 
1.260910e-01 	9.118775e-02 
1.263890e-01 	9.074517e-02 
1.266880e-01 	9.030461e-02 
1.269870e-01 	8.986755e-02 
1.272850e-01 	8.943539e-02 
1.275840e-01 	8.900521e-02 
1.278830e-01 	8.857843e-02 
1.281810e-01 	8.815644e-02 
1.284800e-01 	8.773638e-02 
1.287780e-01 	8.732102e-02 
1.290770e-01 	8.690755e-02 
1.293760e-01 	8.649735e-02 
1.296740e-01 	8.609173e-02 
1.299730e-01 	8.568794e-02 
1.302720e-01 	8.528733e-02 
1.305700e-01 	8.489119e-02 
1.308690e-01 	8.449683e-02 
1.311680e-01 	8.410557e-02 
1.314660e-01 	8.371865e-02 
1.317650e-01 	8.333347e-02 
1.320630e-01 	8.295257e-02 
1.323620e-01 	8.257336e-02 
1.326610e-01 	8.219710e-02 
1.329590e-01 	8.182501e-02 
1.332580e-01 	8.145456e-02 
1.335570e-01 	8.108698e-02 
1.338550e-01 	8.072346e-02 
1.341540e-01 	8.036152e-02 
1.344520e-01 	8.000357e-02 
1.347510e-01 	7.964716e-02 
1.350500e-01 	7.929349e-02 
1.353480e-01 	7.894369e-02 
1.356470e-01 	7.859538e-02 
1.359460e-01 	7.824971e-02 
1.362440e-01 	7.790779e-02 
1.365430e-01 	7.756732e-02 
1.368410e-01 	7.723055e-02 
1.371400e-01 	7.689519e-02 
1.374390e-01 	7.656236e-02 
1.377370e-01 	7.623314e-02 
1.380360e-01 	7.590530e-02 
1.383350e-01 	7.557991e-02 
1.386330e-01 	7.525804e-02 
1.389320e-01 	7.493751e-02 
1.392300e-01 	7.462044e-02 
1.395290e-01 	7.430467e-02 
1.398280e-01 	7.399126e-02 
1.401260e-01 	7.368122e-02 
1.404250e-01 	7.337246e-02 
1.407240e-01 	7.306599e-02 
1.410220e-01 	7.276281e-02 
1.413210e-01 	7.246086e-02 
1.416190e-01 	7.216215e-02 
1.419180e-01 	7.186465e-02 
1.422170e-01 	7.156936e-02 
1.425150e-01 	7.127722e-02 
1.428140e-01 	7.098627e-02 
1.431130e-01 	7.069747e-02 
1.434110e-01 	7.041175e-02 
1.437100e-01 	7.012719e-02 
1.440090e-01 	6.984473e-02 
1.443070e-01 	6.956528e-02 
1.446060e-01 	6.928695e-02 
1.449040e-01 	6.901158e-02 
1.452030e-01 	6.873732e-02 
1.455020e-01 	6.846505e-02 
1.458000e-01 	6.819567e-02 
1.460990e-01 	6.792734e-02 
1.463980e-01 	6.766096e-02 
1.466960e-01 	6.739738e-02 
1.469950e-01 	6.713482e-02 
1.472930e-01 	6.687501e-02 
1.475920e-01 	6.661618e-02 
1.478910e-01 	6.635920e-02 
1.481890e-01 	6.610489e-02 
1.484880e-01 	6.585152e-02 
1.487870e-01 	6.559994e-02 
1.490850e-01 	6.535096e-02 
1.493840e-01 	6.510288e-02 
1.496820e-01 	6.485736e-02 
1.499810e-01 	6.461272e-02 
1.502800e-01 	6.436978e-02 
1.505780e-01 	6.412932e-02 
1.508770e-01 	6.388971e-02 
1.511760e-01 	6.365175e-02 
1.514740e-01 	6.341620e-02 
1.517730e-01 	6.318148e-02 
1.520710e-01 	6.294913e-02 
1.523700e-01 	6.271759e-02 
1.526690e-01 	6.248761e-02 
1.529670e-01 	6.225996e-02 
1.532660e-01 	6.203309e-02 
1.535650e-01 	6.180775e-02 
1.538630e-01 	6.158469e-02 
1.541620e-01 	6.136239e-02 
1.544610e-01 	6.114160e-02 
1.547590e-01 	6.092304e-02 
1.550580e-01 	6.070522e-02 
1.553560e-01 	6.048959e-02 
1.556550e-01 	6.027471e-02 
1.559540e-01 	6.006127e-02 
1.562520e-01 	5.984998e-02 
1.565510e-01 	5.963940e-02 
1.568500e-01 	5.943023e-02 
1.571480e-01 	5.922316e-02 
1.574470e-01 	5.901678e-02 
1.577450e-01 	5.881246e-02 
1.580440e-01 	5.860882e-02 
1.583430e-01 	5.840653e-02 
1.586410e-01 	5.820625e-02 
1.589400e-01 	5.800662e-02 
1.592390e-01 	5.780830e-02 
1.595370e-01 	5.761195e-02 
1.598360e-01 	5.741623e-02 
1.601340e-01 	5.722243e-02 
1.604330e-01 	5.702924e-02 
1.607320e-01 	5.683731e-02 
1.610300e-01 	5.664725e-02 
1.613290e-01 	5.645779e-02 
1.616280e-01 	5.626955e-02 
1.619260e-01 	5.608314e-02 
1.622250e-01 	5.589730e-02 
1.625230e-01 	5.571326e-02 
1.628220e-01 	5.552979e-02 
1.631210e-01 	5.534748e-02 
1.634190e-01 	5.516694e-02 
1.637180e-01 	5.498694e-02 
1.640170e-01 	5.480807e-02 
1.643150e-01 	5.463093e-02 
1.646140e-01 	5.445431e-02 
1.649130e-01 	5.427880e-02 
1.652110e-01 	5.410497e-02 
1.655100e-01 	5.393165e-02 
1.658080e-01 	5.375997e-02 
1.661070e-01 	5.358879e-02 
1.664060e-01 	5.341867e-02 
1.667040e-01 	5.325016e-02 
1.670030e-01 	5.308212e-02 
1.673020e-01 	5.291512e-02 
1.676000e-01 	5.274969e-02 
1.678990e-01 	5.258472e-02 
1.681970e-01 	5.242131e-02 
1.684960e-01 	5.225835e-02 
1.687950e-01 	5.209638e-02 
1.690930e-01 	5.193593e-02 
1.693920e-01 	5.177592e-02 
1.696910e-01 	5.161688e-02 
1.699890e-01 	5.145933e-02 
1.702880e-01 	5.130221e-02 
1.705860e-01 	5.114656e-02 
1.708850e-01 	5.099133e-02 
1.711840e-01 	5.083703e-02 
1.714820e-01 	5.068417e-02 
1.717810e-01 	5.053172e-02 
1.720800e-01 	5.038018e-02 
1.723780e-01 	5.023005e-02 
1.726770e-01 	5.008031e-02 
1.729750e-01 	4.993195e-02 
1.732740e-01 	4.978398e-02 
1.735730e-01 	4.963689e-02 
1.738710e-01 	4.949116e-02 
1.741700e-01 	4.934580e-02 
1.744690e-01 	4.920130e-02 
1.747670e-01 	4.905814e-02 
1.750660e-01 	4.891534e-02 
1.753640e-01 	4.877386e-02 
1.756630e-01 	4.863274e-02 
1.759620e-01 	4.849245e-02 
1.762600e-01 	4.835346e-02 
1.765590e-01 	4.821481e-02 
1.768580e-01 	4.807699e-02 
1.771560e-01 	4.794043e-02 
1.774550e-01 	4.780421e-02 
1.777540e-01 	4.766879e-02 
1.780520e-01 	4.753461e-02 
1.783510e-01 	4.740076e-02 
1.786490e-01 	4.726814e-02 
1.789480e-01 	4.713585e-02 
1.792470e-01 	4.700432e-02 
1.795450e-01 	4.687400e-02 
1.798440e-01 	4.674400e-02 
1.801430e-01 	4.661474e-02 
1.804410e-01 	4.648667e-02 
1.807400e-01 	4.635890e-02 
1.810380e-01 	4.623229e-02 
1.813370e-01 	4.610599e-02 
1.816360e-01 	4.598040e-02 
1.819340e-01 	4.585596e-02 
1.822330e-01 	4.573180e-02 
1.825320e-01 	4.560836e-02 
1.828300e-01 	4.548602e-02 
1.831290e-01 	4.536396e-02 
1.834270e-01 	4.524300e-02 
1.837260e-01 	4.512232e-02 
1.840250e-01 	4.500231e-02 
1.843230e-01 	4.488338e-02 
1.846220e-01 	4.476471e-02 
1.849210e-01 	4.464670e-02 
1.852190e-01 	4.452974e-02 
1.855180e-01 	4.441303e-02 
1.858160e-01 	4.429736e-02 
1.861150e-01 	4.418195e-02 
1.864140e-01 	4.406716e-02 
1.867120e-01 	4.395340e-02 
1.870110e-01 	4.383988e-02 
1.873100e-01 	4.372698e-02 
1.876080e-01 	4.361508e-02 
1.879070e-01 	4.350342e-02 
1.882060e-01 	4.339238e-02 
1.885040e-01 	4.328231e-02 
1.888030e-01 	4.317248e-02 
1.891010e-01 	4.306362e-02 
1.894000e-01 	4.295499e-02 
1.896990e-01 	4.284695e-02 
1.899970e-01 	4.273987e-02 
1.902960e-01 	4.263301e-02 
1.905950e-01 	4.252674e-02 
1.908930e-01 	4.242139e-02 
1.911920e-01 	4.231628e-02 
1.914900e-01 	4.221208e-02 
1.917890e-01 	4.210810e-02 
1.920880e-01 	4.200469e-02 
1.923860e-01 	4.190218e-02 
1.926850e-01 	4.179989e-02 
1.929840e-01 	4.169815e-02 
1.932820e-01 	4.159730e-02 
1.935810e-01 	4.149665e-02 
1.938790e-01 	4.139688e-02 
1.941780e-01 	4.129732e-02 
1.944770e-01 	4.119829e-02 
1.947750e-01 	4.110012e-02 
1.950740e-01 	4.100215e-02 
1.953730e-01 	4.090471e-02 
1.956710e-01 	4.080811e-02 
1.959700e-01 	4.071170e-02 
1.962680e-01 	4.061612e-02 
1.965670e-01 	4.052073e-02 
1.968660e-01 	4.042585e-02 
1.971640e-01 	4.033178e-02 
1.974630e-01 	4.023790e-02 
1.977620e-01 	4.014451e-02 
1.980600e-01 	4.005192e-02 
1.983590e-01 	3.995950e-02 
1.986580e-01 	3.986757e-02 
1.989560e-01 	3.977642e-02 
1.992550e-01 	3.968545e-02 
1.995530e-01 	3.959524e-02 
1.998520e-01 	3.950521e-02 
2.001510e-01 	3.941563e-02 
2.004490e-01 	3.932682e-02 
2.007480e-01 	3.923816e-02 
2.010470e-01 	3.914996e-02 
2.013450e-01 	3.906250e-02 
2.016440e-01 	3.897520e-02 
2.019420e-01 	3.888862e-02 
2.022410e-01 	3.880220e-02 
2.025400e-01 	3.871622e-02 
2.028380e-01 	3.863095e-02 
2.031370e-01 	3.854583e-02 
2.034360e-01 	3.846114e-02 
2.037340e-01 	3.837716e-02 
2.040330e-01 	3.829332e-02 
2.043310e-01 	3.821018e-02 
2.046300e-01 	3.812718e-02 
2.049290e-01 	3.804459e-02 
2.052270e-01 	3.796270e-02 
2.055260e-01 	3.788093e-02 
2.058250e-01 	3.779957e-02 
2.061230e-01 	3.771889e-02 
2.064220e-01 	3.763834e-02 
2.067200e-01 	3.755846e-02 
2.070190e-01 	3.747870e-02 
2.073180e-01 	3.739933e-02 
2.076160e-01 	3.732062e-02 
2.079150e-01 	3.724204e-02 
2.082140e-01 	3.716384e-02 
2.085120e-01 	3.708628e-02 
2.088110e-01 	3.700884e-02 
2.091090e-01 	3.693204e-02 
2.094080e-01 	3.685535e-02 
2.097070e-01 	3.677903e-02 
2.100050e-01 	3.670334e-02 
2.103040e-01 	3.662775e-02 
2.106030e-01 	3.655253e-02 
2.109010e-01 	3.647793e-02 
2.112000e-01 	3.640342e-02 
2.114990e-01 	3.632928e-02 
2.117970e-01 	3.625573e-02 
2.120960e-01 	3.618229e-02 
2.123940e-01 	3.610944e-02 
2.126930e-01 	3.603669e-02 
2.129920e-01 	3.596428e-02 
2.132900e-01 	3.589245e-02 
2.135890e-01 	3.582072e-02 
2.138880e-01 	3.574932e-02 
2.141860e-01 	3.567849e-02 
2.144850e-01 	3.560776e-02 
2.147830e-01 	3.553759e-02 
2.150820e-01 	3.546750e-02 
2.153810e-01 	3.539775e-02 
2.156790e-01 	3.532854e-02 
2.159780e-01 	3.525942e-02 
2.162770e-01 	3.519062e-02 
2.165750e-01 	3.512235e-02 
2.168740e-01 	3.505417e-02 
2.171720e-01 	3.498653e-02 
2.174710e-01 	3.491896e-02 
2.177700e-01 	3.485169e-02 
2.180680e-01 	3.478495e-02 
2.183670e-01 	3.471829e-02 
2.186660e-01 	3.465192e-02 
2.189640e-01 	3.458607e-02 
2.192630e-01 	3.452029e-02 
2.195610e-01 	3.445502e-02 
2.198600e-01 	3.438982e-02 
2.201590e-01 	3.432491e-02 
2.204570e-01 	3.426050e-02 
2.207560e-01 	3.419615e-02 
2.210550e-01 	3.413209e-02 
2.213530e-01 	3.406852e-02 
2.216520e-01 	3.400501e-02 
2.219510e-01 	3.394178e-02 
2.222490e-01 	3.387904e-02 
2.225480e-01 	3.381635e-02 
2.228460e-01 	3.375414e-02 
2.231450e-01 	3.369199e-02 
2.234440e-01 	3.363011e-02 
2.237420e-01 	3.356870e-02 
2.240410e-01 	3.350734e-02 
2.243400e-01 	3.344624e-02 
2.246380e-01 	3.338560e-02 
2.249370e-01 	3.332502e-02 
2.252350e-01 	3.326489e-02 
2.255340e-01 	3.320481e-02 
2.258330e-01 	3.314498e-02 
2.261310e-01 	3.308560e-02 
2.264300e-01 	3.302626e-02 
2.267290e-01 	3.296717e-02 
2.270270e-01 	3.290852e-02 
2.273260e-01 	3.284991e-02 
2.276240e-01 	3.279174e-02 
2.279230e-01 	3.273362e-02 
2.282220e-01 	3.267572e-02 
2.285200e-01 	3.261826e-02 
2.288190e-01 	3.256084e-02 
2.291180e-01 	3.250365e-02 
2.294160e-01 	3.244688e-02 
2.297150e-01 	3.239015e-02 
2.300130e-01 	3.233383e-02 
2.303120e-01 	3.227755e-02 
2.306110e-01 	3.222150e-02 
2.309090e-01 	3.216585e-02 
2.312080e-01 	3.211024e-02 
2.315070e-01 	3.205485e-02 
2.318050e-01 	3.199985e-02 
2.321040e-01 	3.194489e-02 
2.324030e-01 	3.189015e-02 
2.327010e-01 	3.183580e-02 
2.330000e-01 	3.178148e-02 
2.332980e-01 	3.172755e-02 
2.335970e-01 	3.167364e-02 
2.338960e-01 	3.161994e-02 
2.341940e-01 	3.156663e-02 
2.344930e-01 	3.151334e-02 
2.347920e-01 	3.146025e-02 
2.350900e-01 	3.140753e-02 
2.353890e-01 	3.135484e-02 
2.356870e-01 	3.130252e-02 
2.359860e-01 	3.125022e-02 
2.362850e-01 	3.119812e-02 
2.365830e-01 	3.114638e-02 
2.368820e-01 	3.109466e-02 
2.371810e-01 	3.104313e-02 
2.374790e-01 	3.099196e-02 
2.377780e-01 	3.094081e-02 
2.380760e-01 	3.089002e-02 
2.383750e-01 	3.083924e-02 
2.386740e-01 	3.078864e-02 
2.389720e-01 	3.073840e-02 
2.392710e-01 	3.068817e-02 
2.395700e-01 	3.063812e-02 
2.398680e-01 	3.058841e-02 
2.401670e-01 	3.053872e-02 
2.404650e-01 	3.048937e-02 
2.407640e-01 	3.044002e-02 
2.410630e-01 	3.039085e-02 
2.413610e-01 	3.034202e-02 
2.416600e-01 	3.029320e-02 
2.419590e-01 	3.024455e-02 
2.422570e-01 	3.019623e-02 
2.425560e-01 	3.014791e-02 
2.428540e-01 	3.009992e-02 
2.431530e-01 	3.005194e-02 
2.434520e-01 	3.000412e-02 
2.437500e-01 	2.995663e-02 
2.440490e-01 	2.990913e-02 
2.443480e-01 	2.986180e-02 
2.446460e-01 	2.981479e-02 
2.449450e-01 	2.976778e-02 
2.452440e-01 	2.972093e-02 
2.455420e-01 	2.967439e-02 
2.458410e-01 	2.962785e-02 
2.461390e-01 	2.958162e-02 
2.464380e-01 	2.953539e-02 
2.467370e-01 	2.948931e-02 
2.470350e-01 	2.944354e-02 
2.473340e-01 	2.939776e-02 
2.476330e-01 	2.935214e-02 
2.479310e-01 	2.930682e-02 
2.482300e-01 	2.926149e-02 
2.485280e-01 	2.921646e-02 
2.488270e-01 	2.917143e-02 
2.491260e-01 	2.912654e-02 
2.494240e-01 	2.908194e-02 
2.497230e-01 	2.903734e-02 
2.500220e-01 	2.899288e-02 
2.503200e-01 	2.894871e-02 
2.506190e-01 	2.890453e-02 
2.509170e-01 	2.886064e-02 
2.512160e-01 	2.881674e-02 
2.515150e-01 	2.877298e-02 
2.518130e-01 	2.872950e-02 
2.521120e-01 	2.868601e-02 
2.524110e-01 	2.864265e-02 
2.527090e-01 	2.859957e-02 
2.530080e-01 	2.855648e-02 
2.533060e-01 	2.851366e-02 
2.536050e-01 	2.847083e-02 
2.539040e-01 	2.842813e-02 
2.542020e-01 	2.838571e-02 
2.545010e-01 	2.834326e-02 
2.548000e-01 	2.830095e-02 
2.550980e-01 	2.825890e-02 
2.553970e-01 	2.821684e-02 
2.556960e-01 	2.817490e-02 
2.559940e-01 	2.813322e-02 
2.562930e-01 	2.809153e-02 
2.565910e-01 	2.805010e-02 
2.568900e-01 	2.800864e-02 
2.571890e-01 	2.796731e-02 
2.574870e-01 	2.792624e-02 
2.577860e-01 	2.788515e-02 
2.580850e-01 	2.784417e-02 
2.583830e-01 	2.780345e-02 
2.586820e-01 	2.776271e-02 
2.589800e-01 	2.772222e-02 
2.592790e-01 	2.768170e-02 
2.595780e-01 	2.764131e-02 
2.598760e-01 	2.760116e-02 
2.601750e-01 	2.756099e-02 
2.604740e-01 	2.752093e-02 
2.607720e-01 	2.748112e-02 
2.610710e-01 	2.744128e-02 
2.613690e-01 	2.740169e-02 
2.616680e-01 	2.736208e-02 
2.619670e-01 	2.732257e-02 
2.622650e-01 	2.728331e-02 
2.625640e-01 	2.724402e-02 
2.628630e-01 	2.720483e-02 
2.631610e-01 	2.716589e-02 
2.634600e-01 	2.712692e-02 
2.637580e-01 	2.708819e-02 
2.640570e-01 	2.704943e-02 
2.643560e-01 	2.701077e-02 
2.646540e-01 	2.697235e-02 
2.649530e-01 	2.693391e-02 
2.652520e-01 	2.689556e-02 
2.655500e-01 	2.685745e-02 
2.658490e-01 	2.681931e-02 
2.661480e-01 	2.678127e-02 
2.664460e-01 	2.674346e-02 
2.667450e-01 	2.670563e-02 
2.670430e-01 	2.666802e-02 
2.673420e-01 	2.663038e-02 
2.676410e-01 	2.659284e-02 
2.679390e-01 	2.655553e-02 
2.682380e-01 	2.651818e-02 
2.685370e-01 	2.648094e-02 
2.688350e-01 	2.644391e-02 
2.691340e-01 	2.640686e-02 
2.694320e-01 	2.637003e-02 
2.697310e-01 	2.633317e-02 
2.700300e-01 	2.629640e-02 
2.703280e-01 	2.625985e-02 
2.706270e-01 	2.622327e-02 
2.709260e-01 	2.618679e-02 
2.712240e-01 	2.615052e-02 
2.715230e-01 	2.611421e-02 
2.718210e-01 	2.607812e-02 
2.721200e-01 	2.604201e-02 
2.724190e-01 	2.600598e-02 
2.727170e-01 	2.597016e-02 
2.730160e-01 	2.593431e-02 
2.733150e-01 	2.589855e-02 
2.736130e-01 	2.586300e-02 
2.739120e-01 	2.582741e-02 
2.742100e-01 	2.579204e-02 
2.745090e-01 	2.575663e-02 
2.748080e-01 	2.572131e-02 
2.751060e-01 	2.568619e-02 
2.754050e-01 	2.565104e-02 
2.757040e-01 	2.561598e-02 
2.760020e-01 	2.558111e-02 
2.763010e-01 	2.554622e-02 
2.765990e-01 	2.551153e-02 
2.768980e-01 	2.547680e-02 
2.771970e-01 	2.544216e-02 
2.774950e-01 	2.540771e-02 
2.777940e-01 	2.537324e-02 
2.780930e-01 	2.533884e-02 
2.783910e-01 	2.530465e-02 
2.786900e-01 	2.527042e-02 
2.789890e-01 	2.523627e-02 
2.792870e-01 	2.520232e-02 
2.795860e-01 	2.516833e-02 
2.798840e-01 	2.513454e-02 
2.801830e-01 	2.510072e-02 
2.804820e-01 	2.506697e-02 
2.807800e-01 	2.503342e-02 
2.810790e-01 	2.499984e-02 
2.813780e-01 	2.496633e-02 
2.816760e-01 	2.493302e-02 
2.819750e-01 	2.489967e-02 
2.822730e-01 	2.486652e-02 
2.825720e-01 	2.483333e-02 
2.828710e-01 	2.480021e-02 
2.831690e-01 	2.476729e-02 
2.834680e-01 	2.473433e-02 
2.837670e-01 	2.470145e-02 
2.840650e-01 	2.466876e-02 
2.843640e-01 	2.463604e-02 
2.846620e-01 	2.460350e-02 
2.849610e-01 	2.457092e-02 
2.852600e-01 	2.453843e-02 
2.855580e-01 	2.450611e-02 
2.858570e-01 	2.447376e-02 
2.861560e-01 	2.444149e-02 
2.864540e-01 	2.440940e-02 
2.867530e-01 	2.437728e-02 
2.870510e-01 	2.434534e-02 
2.873500e-01 	2.431336e-02 
2.876490e-01 	2.428146e-02 
2.879470e-01 	2.424974e-02 
2.882460e-01 	2.421799e-02 
2.885450e-01 	2.418630e-02 
2.888430e-01 	2.415480e-02 
2.891420e-01 	2.412326e-02 
2.894410e-01 	2.409180e-02 
2.897390e-01 	2.406051e-02 
2.900380e-01 	2.402919e-02 
2.903360e-01 	2.399804e-02 
2.906350e-01 	2.396686e-02 
2.909340e-01 	2.393575e-02 
2.912320e-01 	2.390481e-02 
2.915310e-01 	2.387384e-02 
2.918300e-01 	2.384294e-02 
2.921280e-01 	2.381222e-02 
2.924270e-01 	2.378146e-02 
2.927250e-01 	2.375087e-02 
2.930240e-01 	2.372024e-02 
2.933230e-01 	2.368969e-02 
2.936210e-01 	2.365931e-02 
2.939200e-01 	2.362889e-02 
2.942190e-01 	2.359854e-02 
2.945170e-01 	2.356836e-02 
2.948160e-01 	2.353814e-02 
2.951140e-01 	2.350809e-02 
2.954130e-01 	2.347801e-02 
2.957120e-01 	2.344800e-02 
2.960100e-01 	2.341815e-02 
2.963090e-01 	2.338827e-02 
2.966080e-01 	2.335846e-02 
2.969060e-01 	2.332881e-02 
2.972050e-01 	2.329912e-02 
2.975030e-01 	2.326960e-02 
2.978020e-01 	2.324005e-02 
2.981010e-01 	2.321056e-02 
2.983990e-01 	2.318124e-02 
2.986980e-01 	2.315188e-02 
2.989970e-01 	2.312259e-02 
2.992950e-01 	2.309346e-02 
2.995940e-01 	2.306429e-02 
2.998930e-01 	2.303519e-02 
3.001910e-01 	2.300625e-02 
3.004900e-01 	2.297728e-02 
3.007880e-01 	2.294846e-02 
3.010870e-01 	2.291961e-02 
3.013860e-01 	2.289082e-02 
3.016840e-01 	2.286219e-02 
3.019830e-01 	2.283353e-02 
3.022820e-01 	2.280493e-02 
3.025800e-01 	2.277649e-02 
3.028790e-01 	2.274801e-02 
3.031770e-01 	2.271969e-02 
3.034760e-01 	2.269133e-02 
3.037750e-01 	2.266304e-02 
3.040730e-01 	2.263490e-02 
3.043720e-01 	2.260672e-02 
3.046710e-01 	2.257861e-02 
3.049690e-01 	2.255065e-02 
3.052680e-01 	2.252265e-02 
3.055660e-01 	2.249481e-02 
3.058650e-01 	2.246694e-02 
3.061640e-01 	2.243912e-02 
3.064620e-01 	2.241145e-02 
3.067610e-01 	2.238376e-02 
3.070600e-01 	2.235611e-02 
3.073580e-01 	2.232862e-02 
3.076570e-01 	2.230110e-02 
3.079550e-01 	2.227373e-02 
3.082540e-01 	2.224632e-02 
3.085530e-01 	2.221896e-02 
3.088510e-01 	2.219176e-02 
3.091500e-01 	2.216452e-02 
3.094490e-01 	2.213734e-02 
3.097470e-01 	2.211030e-02 
3.100460e-01 	2.208323e-02 
3.103440e-01 	2.205631e-02 
3.106430e-01 	2.202935e-02 
3.109420e-01 	2.200245e-02 
3.112400e-01 	2.197569e-02 
3.115390e-01 	2.194890e-02 
3.118380e-01 	2.192216e-02 
3.121360e-01 	2.189556e-02 
3.124350e-01 	2.186893e-02 
3.127340e-01 	2.184236e-02 
3.130320e-01 	2.181592e-02 
3.133310e-01 	2.178945e-02 
3.136290e-01 	2.176313e-02 
3.139280e-01 	2.173676e-02 
3.142270e-01 	2.171045e-02 
3.145250e-01 	2.168428e-02 
3.148240e-01 	2.165807e-02 
3.151230e-01 	2.163192e-02 
3.154210e-01 	2.160590e-02 
3.157200e-01 	2.157985e-02 
3.160180e-01 	2.155393e-02 
3.163170e-01 	2.152798e-02 
3.166160e-01 	2.150208e-02 
3.169140e-01 	2.147632e-02 
3.172130e-01 	2.145052e-02 
3.175120e-01 	2.142477e-02 
3.178100e-01 	2.139915e-02 
3.181090e-01 	2.137350e-02 
3.184070e-01 	2.134799e-02 
3.187060e-01 	2.132243e-02 
3.190050e-01 	2.129693e-02 
3.193030e-01 	2.127156e-02 
3.196020e-01 	2.124615e-02 
3.199010e-01 	2.122079e-02 
3.201990e-01 	2.119557e-02 
3.204980e-01 	2.117030e-02 
3.207960e-01 	2.114517e-02 
3.210950e-01 	2.112000e-02 
3.213940e-01 	2.109488e-02 
3.216920e-01 	2.106989e-02 
3.219910e-01 	2.104485e-02 
3.222900e-01 	2.101987e-02 
3.225880e-01 	2.099502e-02 
3.228870e-01 	2.097012e-02 
3.231860e-01 	2.094528e-02 
3.234840e-01 	2.092056e-02 
3.237830e-01 	2.089580e-02 
3.240810e-01 	2.087117e-02 
3.243800e-01 	2.084650e-02 
3.246790e-01 	2.082187e-02 
3.249770e-01 	2.079738e-02 
3.252760e-01 	2.077284e-02 
3.255750e-01 	2.074834e-02 
3.258730e-01 	2.072398e-02 
3.261720e-01 	2.069957e-02 
3.264700e-01 	2.067529e-02 
3.267690e-01 	2.065096e-02 
3.270680e-01 	2.062668e-02 
3.273660e-01 	2.060253e-02 
3.276650e-01 	2.057833e-02 
3.279640e-01 	2.055418e-02 
3.282620e-01 	2.053015e-02 
3.285610e-01 	2.050608e-02 
3.288590e-01 	2.048213e-02 
3.291580e-01 	2.045815e-02 
3.294570e-01 	2.043420e-02 
3.297550e-01 	2.041037e-02 
3.300540e-01 	2.038651e-02 
3.303530e-01 	2.036269e-02 
3.306510e-01 	2.033898e-02 
3.309500e-01 	2.031524e-02 
3.312480e-01 	2.029162e-02 
3.315470e-01 	2.026795e-02 
3.318460e-01 	2.024433e-02 
3.321440e-01 	2.022082e-02 
3.324430e-01 	2.019728e-02 
3.327420e-01 	2.017378e-02 
3.330400e-01 	2.015039e-02 
3.333390e-01 	2.012696e-02 
3.336370e-01 	2.010365e-02 
3.339360e-01 	2.008030e-02 
3.342350e-01 	2.005699e-02 
3.345330e-01 	2.003380e-02 
3.348320e-01 	2.001056e-02 
3.351310e-01 	1.998737e-02 
3.354290e-01 	1.996429e-02 
3.357280e-01 	1.994117e-02 
3.360270e-01 	1.991808e-02 
3.363250e-01 	1.989512e-02 
3.366240e-01 	1.987211e-02 
3.369220e-01 	1.984921e-02 
3.372210e-01 	1.982628e-02 
3.375200e-01 	1.980338e-02 
3.378180e-01 	1.978060e-02 
3.381170e-01 	1.975777e-02 
3.384160e-01 	1.973498e-02 
3.387140e-01 	1.971231e-02 
3.390130e-01 	1.968959e-02 
3.393110e-01 	1.966698e-02 
3.396100e-01 	1.964434e-02 
3.399090e-01 	1.962173e-02 
3.402070e-01 	1.959923e-02 
3.405060e-01 	1.957669e-02 
3.408050e-01 	1.955418e-02 
3.411030e-01 	1.953179e-02 
3.414020e-01 	1.950935e-02 
3.417000e-01 	1.948703e-02 
3.419990e-01 	1.946466e-02 
3.422980e-01 	1.944233e-02 
3.425960e-01 	1.942010e-02 
3.428950e-01 	1.939784e-02 
3.431940e-01 	1.937561e-02 
3.434920e-01 	1.935349e-02 
3.437910e-01 	1.933133e-02 
3.440890e-01 	1.930927e-02 
3.443880e-01 	1.928718e-02 
3.446870e-01 	1.926512e-02 
3.449850e-01 	1.924316e-02 
3.452840e-01 	1.922117e-02 
3.455830e-01 	1.919921e-02 
3.458810e-01 	1.917735e-02 
3.461800e-01 	1.915545e-02 
3.464790e-01 	1.913359e-02 
3.467770e-01 	1.911183e-02 
3.470760e-01 	1.909004e-02 
3.473740e-01 	1.906835e-02 
3.476730e-01 	1.904661e-02 
3.479720e-01 	1.902491e-02 
3.482700e-01 	1.900332e-02 
3.485690e-01 	1.898168e-02 
3.488680e-01 	1.896008e-02 
3.491660e-01 	1.893858e-02 
3.494650e-01 	1.891704e-02 
3.497630e-01 	1.889561e-02 
3.500620e-01 	1.887413e-02 
3.503610e-01 	1.885269e-02 
3.506590e-01 	1.883135e-02 
3.509580e-01 	1.880997e-02 
3.512570e-01 	1.878862e-02 
3.515550e-01 	1.876737e-02 
3.518540e-01 	1.874608e-02 
3.521520e-01 	1.872489e-02 
3.524510e-01 	1.870367e-02 
3.527500e-01 	1.868247e-02 
3.530480e-01 	1.866138e-02 
3.533470e-01 	1.864025e-02 
3.536460e-01 	1.861914e-02 
3.539440e-01 	1.859814e-02 
3.542430e-01 	1.857710e-02 
3.545410e-01 	1.855615e-02 
3.548400e-01 	1.853517e-02 
3.551390e-01 	1.851422e-02 
3.554370e-01 	1.849337e-02 
3.557360e-01 	1.847247e-02 
3.560350e-01 	1.845161e-02 
3.563330e-01 	1.843085e-02 
3.566320e-01 	1.841005e-02 
3.569310e-01 	1.838928e-02 
3.572290e-01 	1.836861e-02 
3.575280e-01 	1.834789e-02 
3.578260e-01 	1.832728e-02 
3.581250e-01 	1.830663e-02 
3.584240e-01 	1.828601e-02 
3.587220e-01 	1.826549e-02 
3.590210e-01 	1.824493e-02 
3.593200e-01 	1.822440e-02 
3.596180e-01 	1.820397e-02 
3.599170e-01 	1.818351e-02 
3.602150e-01 	1.816314e-02 
3.605140e-01 	1.814274e-02 
3.608130e-01 	1.812236e-02 
3.611110e-01 	1.810209e-02 
3.614100e-01 	1.808178e-02 
3.617090e-01 	1.806150e-02 
3.620070e-01 	1.804132e-02 
3.623060e-01 	1.802111e-02 
3.626040e-01 	1.800099e-02 
3.629030e-01 	1.798084e-02 
3.632020e-01 	1.796072e-02 
3.635000e-01 	1.794070e-02 
3.637990e-01 	1.792065e-02 
3.640980e-01 	1.790063e-02 
3.643960e-01 	1.788071e-02 
3.646950e-01 	1.786075e-02 
3.649930e-01 	1.784090e-02 
3.652920e-01 	1.782101e-02 
3.655910e-01 	1.780115e-02 
3.658890e-01 	1.778140e-02 
3.661880e-01 	1.776161e-02 
3.664870e-01 	1.774186e-02 
3.667850e-01 	1.772220e-02 
3.670840e-01 	1.770252e-02 
3.673820e-01 	1.768293e-02 
3.676810e-01 	1.766331e-02 
3.679800e-01 	1.764373e-02 
3.682780e-01 	1.762425e-02 
3.685770e-01 	1.760473e-02 
3.688760e-01 	1.758525e-02 
3.691740e-01 	1.756587e-02 
3.694730e-01 	1.754646e-02 
3.697720e-01 	1.752708e-02 
3.700700e-01 	1.750780e-02 
3.703690e-01 	1.748849e-02 
3.706670e-01 	1.746927e-02 
3.709660e-01 	1.745002e-02 
3.712650e-01 	1.743081e-02 
3.715630e-01 	1.741169e-02 
3.718620e-01 	1.739254e-02 
3.721610e-01 	1.737341e-02 
3.724590e-01 	1.735438e-02 
3.727580e-01 	1.733532e-02 
3.730560e-01 	1.731635e-02 
3.733550e-01 	1.729734e-02 
3.736540e-01 	1.727836e-02 
3.739520e-01 	1.725946e-02 
3.742510e-01 	1.724053e-02 
3.745500e-01 	1.722162e-02 
3.748480e-01 	1.720280e-02 
3.751470e-01 	1.718394e-02 
3.754450e-01 	1.716516e-02 
3.757440e-01 	1.714634e-02 
3.760430e-01 	1.712754e-02 
3.763410e-01 	1.710882e-02 
3.766400e-01 	1.709006e-02 
3.769390e-01 	1.707132e-02 
3.772370e-01 	1.705265e-02 
3.775360e-01 	1.703394e-02 
3.778340e-01 	1.701530e-02 
3.781330e-01 	1.699662e-02 
3.784320e-01 	1.697795e-02 
3.787300e-01 	1.695936e-02 
3.790290e-01 	1.694071e-02 
3.793280e-01 	1.692208e-02 
3.796260e-01 	1.690351e-02 
3.799250e-01 	1.688490e-02 
3.802240e-01 	1.686629e-02 
3.805220e-01 	1.684775e-02 
3.808210e-01 	1.682916e-02 
3.811190e-01 	1.681063e-02 
3.814180e-01 	1.679205e-02 
3.817170e-01 	1.677347e-02 
3.820150e-01 	1.675496e-02 
3.823140e-01 	1.673639e-02 
3.826130e-01 	1.671782e-02 
3.829110e-01 	1.669931e-02 
3.835080e-01 	1.666223e-02 
