#q 	 Ifit_avg 
6.026000e-03 	1.000000e+00 
6.257000e-03 	9.981895e-01 
6.488000e-03 	9.963783e-01 
6.720000e-03 	9.945659e-01 
6.951000e-03 	9.927514e-01 
7.183000e-03 	9.909341e-01 
7.414000e-03 	9.891135e-01 
7.646000e-03 	9.872888e-01 
7.877000e-03 	9.854592e-01 
8.109000e-03 	9.836243e-01 
8.340000e-03 	9.817833e-01 
8.572000e-03 	9.799353e-01 
8.803000e-03 	9.780799e-01 
9.034000e-03 	9.762164e-01 
9.266000e-03 	9.743440e-01 
9.497000e-03 	9.724619e-01 
9.729000e-03 	9.705697e-01 
9.960000e-03 	9.686665e-01 
1.019200e-02 	9.667514e-01 
1.042300e-02 	9.648248e-01 
1.065500e-02 	9.628843e-01 
1.088600e-02 	9.609310e-01 
1.111800e-02 	9.589625e-01 
1.134900e-02 	9.569799e-01 
1.158000e-02 	9.549807e-01 
1.181200e-02 	9.529659e-01 
1.204300e-02 	9.509332e-01 
1.227500e-02 	9.488836e-01 
1.250600e-02 	9.468146e-01 
1.273800e-02 	9.447274e-01 
1.296900e-02 	9.426195e-01 
1.320100e-02 	9.404911e-01 
1.343200e-02 	9.383424e-01 
1.366400e-02 	9.361709e-01 
1.389500e-02 	9.339779e-01 
1.412600e-02 	9.317607e-01 
1.435800e-02 	9.295206e-01 
1.458900e-02 	9.272551e-01 
1.482100e-02 	9.249654e-01 
1.505200e-02 	9.226491e-01 
1.528400e-02 	9.203073e-01 
1.551500e-02 	9.179377e-01 
1.574700e-02 	9.155417e-01 
1.597800e-02 	9.131167e-01 
1.620900e-02 	9.106645e-01 
1.644100e-02 	9.081824e-01 
1.667200e-02 	9.056722e-01 
1.690400e-02 	9.031315e-01 
1.713500e-02 	9.005610e-01 
1.736700e-02 	8.979618e-01 
1.759800e-02 	8.953312e-01 
1.783000e-02 	8.926716e-01 
1.806100e-02 	8.899806e-01 
1.829200e-02 	8.872604e-01 
1.852400e-02 	8.845089e-01 
1.875500e-02 	8.817284e-01 
1.898700e-02 	8.789168e-01 
1.921800e-02 	8.760768e-01 
1.945000e-02 	8.732061e-01 
1.968100e-02 	8.703075e-01 
1.991300e-02 	8.673790e-01 
2.014400e-02 	8.644236e-01 
2.037600e-02 	8.614390e-01 
2.060700e-02 	8.584271e-01 
2.083800e-02 	8.553898e-01 
2.107000e-02 	8.523250e-01 
2.130100e-02 	8.492360e-01 
2.153300e-02 	8.461207e-01 
2.176400e-02 	8.429825e-01 
2.199600e-02 	8.398194e-01 
2.222700e-02 	8.366348e-01 
2.245900e-02 	8.334267e-01 
2.269000e-02 	8.301985e-01 
2.292200e-02 	8.269482e-01 
2.315300e-02 	8.236794e-01 
2.338500e-02 	8.203899e-01 
2.361600e-02 	8.170833e-01 
2.384700e-02 	8.137575e-01 
2.407900e-02 	8.104161e-01 
2.431000e-02 	8.070568e-01 
2.454200e-02 	8.036820e-01 
2.477300e-02 	8.002936e-01 
2.500500e-02 	7.968895e-01 
2.523600e-02 	7.934734e-01 
2.546800e-02 	7.900428e-01 
2.569900e-02 	7.866016e-01 
2.593100e-02 	7.831472e-01 
2.616200e-02 	7.796835e-01 
2.639300e-02 	7.762080e-01 
2.662500e-02 	7.727243e-01 
2.685600e-02 	7.692302e-01 
2.708800e-02 	7.657291e-01 
2.731900e-02 	7.622187e-01 
2.755100e-02 	7.587026e-01 
2.778200e-02 	7.551783e-01 
2.801400e-02 	7.516494e-01 
2.824500e-02 	7.481136e-01 
2.847700e-02 	7.445728e-01 
2.870800e-02 	7.410291e-01 
2.893900e-02 	7.374799e-01 
2.917100e-02 	7.339290e-01 
2.940200e-02 	7.303736e-01 
2.963400e-02 	7.268174e-01 
2.986500e-02 	7.232578e-01 
3.009700e-02 	7.196983e-01 
3.032800e-02 	7.161364e-01 
3.056000e-02 	7.125754e-01 
3.079100e-02 	7.090129e-01 
3.102200e-02 	7.054523e-01 
3.125400e-02 	7.018909e-01 
3.148500e-02 	6.983323e-01 
3.171700e-02 	6.947738e-01 
3.194800e-02 	6.912187e-01 
3.218000e-02 	6.876645e-01 
3.241100e-02 	6.841130e-01 
3.264300e-02 	6.805661e-01 
3.287400e-02 	6.770211e-01 
3.310600e-02 	6.734815e-01 
3.333700e-02 	6.699444e-01 
3.356800e-02 	6.664132e-01 
3.380000e-02 	6.628852e-01 
3.403100e-02 	6.593638e-01 
3.426300e-02 	6.558462e-01 
3.449400e-02 	6.523358e-01 
3.472600e-02 	6.488298e-01 
3.495700e-02 	6.453314e-01 
3.518900e-02 	6.418379e-01 
3.542000e-02 	6.383526e-01 
3.565200e-02 	6.348728e-01 
3.588300e-02 	6.314016e-01 
3.611400e-02 	6.279363e-01 
3.634600e-02 	6.244786e-01 
3.657700e-02 	6.210303e-01 
3.680900e-02 	6.175886e-01 
3.704000e-02 	6.141566e-01 
3.727200e-02 	6.107316e-01 
3.750300e-02 	6.073168e-01 
3.773500e-02 	6.039093e-01 
3.796600e-02 	6.005123e-01 
3.819800e-02 	5.971232e-01 
3.842900e-02 	5.937449e-01 
3.866000e-02 	5.903747e-01 
3.889200e-02 	5.870157e-01 
3.912300e-02 	5.836652e-01 
3.935500e-02 	5.803262e-01 
3.958600e-02 	5.769960e-01 
3.981800e-02 	5.736777e-01 
4.004900e-02 	5.703684e-01 
4.028100e-02 	5.670699e-01 
4.051200e-02 	5.637836e-01 
4.074400e-02 	5.605069e-01 
4.097500e-02 	5.572427e-01 
4.120600e-02 	5.539884e-01 
4.143800e-02 	5.507469e-01 
4.166900e-02 	5.475155e-01 
4.190100e-02 	5.442971e-01 
4.213200e-02 	5.410891e-01 
4.236400e-02 	5.378944e-01 
4.259500e-02 	5.347103e-01 
4.282700e-02 	5.315397e-01 
4.305800e-02 	5.283800e-01 
4.328900e-02 	5.252339e-01 
4.352100e-02 	5.220990e-01 
4.375200e-02 	5.189779e-01 
4.398400e-02 	5.158682e-01 
4.421500e-02 	5.127711e-01 
4.444700e-02 	5.096883e-01 
4.467800e-02 	5.066171e-01 
4.491000e-02 	5.035601e-01 
4.514100e-02 	5.005150e-01 
4.537300e-02 	4.974843e-01 
4.560400e-02 	4.944656e-01 
4.583500e-02 	4.914615e-01 
4.606700e-02 	4.884695e-01 
4.629800e-02 	4.854923e-01 
4.653000e-02 	4.825273e-01 
4.676100e-02 	4.795772e-01 
4.699300e-02 	4.766395e-01 
4.722400e-02 	4.737167e-01 
4.745600e-02 	4.708065e-01 
4.768700e-02 	4.679114e-01 
4.791900e-02 	4.650288e-01 
4.815000e-02 	4.621603e-01 
4.838100e-02 	4.593069e-01 
4.861300e-02 	4.564664e-01 
4.884400e-02 	4.536411e-01 
4.907600e-02 	4.508287e-01 
4.930700e-02 	4.480317e-01 
4.953900e-02 	4.452476e-01 
4.977000e-02 	4.424789e-01 
5.000200e-02 	4.397233e-01 
5.023300e-02 	4.369832e-01 
5.046500e-02 	4.342561e-01 
5.069600e-02 	4.315446e-01 
5.092700e-02 	4.288463e-01 
5.115900e-02 	4.261634e-01 
5.139000e-02 	4.234938e-01 
5.162200e-02 	4.208386e-01 
5.185300e-02 	4.181990e-01 
5.208500e-02 	4.155727e-01 
5.231600e-02 	4.129620e-01 
5.254800e-02 	4.103646e-01 
5.277900e-02 	4.077827e-01 
5.301100e-02 	4.052142e-01 
5.324200e-02 	4.026613e-01 
5.347300e-02 	4.001217e-01 
5.370500e-02 	3.975977e-01 
5.393600e-02 	3.950871e-01 
5.416800e-02 	3.925920e-01 
5.439900e-02 	3.901103e-01 
5.463100e-02 	3.876441e-01 
5.486200e-02 	3.851913e-01 
5.509300e-02 	3.827540e-01 
5.532500e-02 	3.803301e-01 
5.555700e-02 	3.779205e-01 
5.578800e-02 	3.755264e-01 
5.601900e-02 	3.731456e-01 
5.625100e-02 	3.707802e-01 
5.648200e-02 	3.684280e-01 
5.671400e-02 	3.660912e-01 
5.694500e-02 	3.637677e-01 
5.717700e-02 	3.614595e-01 
5.740800e-02 	3.591645e-01 
5.764000e-02 	3.568847e-01 
5.787100e-02 	3.546181e-01 
5.810200e-02 	3.523666e-01 
5.833400e-02 	3.501282e-01 
5.856500e-02 	3.479049e-01 
5.879700e-02 	3.456946e-01 
5.902800e-02 	3.434994e-01 
5.926000e-02 	3.413171e-01 
5.949100e-02 	3.391488e-01 
5.972300e-02 	3.369954e-01 
5.995400e-02 	3.348549e-01 
6.018600e-02 	3.327292e-01 
6.041700e-02 	3.306163e-01 
6.064800e-02 	3.285180e-01 
6.088000e-02 	3.264326e-01 
6.111100e-02 	3.243616e-01 
6.134300e-02 	3.223034e-01 
6.157400e-02 	3.202595e-01 
6.180600e-02 	3.182283e-01 
6.203700e-02 	3.162114e-01 
6.226900e-02 	3.142071e-01 
6.250000e-02 	3.122170e-01 
6.273100e-02 	3.102393e-01 
6.296300e-02 	3.082758e-01 
6.319400e-02 	3.063246e-01 
6.342600e-02 	3.043865e-01 
6.365700e-02 	3.024624e-01 
6.388900e-02 	3.005505e-01 
6.412000e-02 	2.986523e-01 
6.435200e-02 	2.967662e-01 
6.458300e-02 	2.948938e-01 
6.481500e-02 	2.930333e-01 
6.504600e-02 	2.911864e-01 
6.527800e-02 	2.893513e-01 
6.550900e-02 	2.875297e-01 
6.574000e-02 	2.857198e-01 
6.597200e-02 	2.839232e-01 
6.620300e-02 	2.821383e-01 
6.643500e-02 	2.803665e-01 
6.666600e-02 	2.786063e-01 
6.689800e-02 	2.768590e-01 
6.712900e-02 	2.751232e-01 
6.736100e-02 	2.733995e-01 
6.759200e-02 	2.716885e-01 
6.782400e-02 	2.699888e-01 
6.805500e-02 	2.683017e-01 
6.828600e-02 	2.666258e-01 
6.851800e-02 	2.649623e-01 
6.874900e-02 	2.633098e-01 
6.898100e-02 	2.616696e-01 
6.921200e-02 	2.600404e-01 
6.944400e-02 	2.584233e-01 
6.967500e-02 	2.568170e-01 
6.990700e-02 	2.552227e-01 
7.013800e-02 	2.536391e-01 
7.036900e-02 	2.520674e-01 
7.060100e-02 	2.505062e-01 
7.083200e-02 	2.489568e-01 
7.106400e-02 	2.474177e-01 
7.129500e-02 	2.458896e-01 
7.152700e-02 	2.443730e-01 
7.175800e-02 	2.428666e-01 
7.199000e-02 	2.413716e-01 
7.222100e-02 	2.398866e-01 
7.245300e-02 	2.384129e-01 
7.268400e-02 	2.369491e-01 
7.291500e-02 	2.354963e-01 
7.314700e-02 	2.340534e-01 
7.337800e-02 	2.326215e-01 
7.361000e-02 	2.311992e-01 
7.384100e-02 	2.297877e-01 
7.407300e-02 	2.283858e-01 
7.430400e-02 	2.269945e-01 
7.453600e-02 	2.256126e-01 
7.476700e-02 	2.242413e-01 
7.499900e-02 	2.228793e-01 
7.523000e-02 	2.215270e-01 
7.546100e-02 	2.201851e-01 
7.569300e-02 	2.188523e-01 
7.592400e-02 	2.175297e-01 
7.615600e-02 	2.162161e-01 
7.638700e-02 	2.149125e-01 
7.661900e-02 	2.136178e-01 
7.685000e-02 	2.123330e-01 
7.708200e-02 	2.110570e-01 
7.731300e-02 	2.097908e-01 
7.754500e-02 	2.085332e-01 
7.777600e-02 	2.072853e-01 
7.800700e-02 	2.060459e-01 
7.823900e-02 	2.048160e-01 
7.847000e-02 	2.035944e-01 
7.870200e-02 	2.023823e-01 
7.893300e-02 	2.011784e-01 
7.916500e-02 	1.999833e-01 
7.939600e-02 	1.987974e-01 
7.962800e-02 	1.976195e-01 
7.985900e-02 	1.964508e-01 
8.009100e-02 	1.952900e-01 
8.032200e-02 	1.941382e-01 
8.055300e-02 	1.929943e-01 
8.078500e-02 	1.918593e-01 
8.101600e-02 	1.907320e-01 
8.124800e-02 	1.896135e-01 
8.147900e-02 	1.885026e-01 
8.171100e-02 	1.874003e-01 
8.194200e-02 	1.863056e-01 
8.217400e-02 	1.852193e-01 
8.240500e-02 	1.841404e-01 
8.263600e-02 	1.830699e-01 
8.286800e-02 	1.820067e-01 
8.309900e-02 	1.809512e-01 
8.333100e-02 	1.799039e-01 
8.356200e-02 	1.788638e-01 
8.379400e-02 	1.778317e-01 
8.402500e-02 	1.768067e-01 
8.425700e-02 	1.757896e-01 
8.448800e-02 	1.747795e-01 
8.472000e-02 	1.737773e-01 
8.495100e-02 	1.727818e-01 
8.518200e-02 	1.717941e-01 
8.541400e-02 	1.708132e-01 
8.564500e-02 	1.698398e-01 
8.587700e-02 	1.688731e-01 
8.610800e-02 	1.679139e-01 
8.634000e-02 	1.669612e-01 
8.657100e-02 	1.660155e-01 
8.680300e-02 	1.650771e-01 
8.703400e-02 	1.641450e-01 
8.726500e-02 	1.632202e-01 
8.749700e-02 	1.623017e-01 
8.772800e-02 	1.613902e-01 
8.796000e-02 	1.604850e-01 
8.819100e-02 	1.595867e-01 
8.842300e-02 	1.586946e-01 
8.865400e-02 	1.578094e-01 
8.888600e-02 	1.569302e-01 
8.911700e-02 	1.560577e-01 
8.934900e-02 	1.551912e-01 
8.958000e-02 	1.543313e-01 
8.981200e-02 	1.534773e-01 
9.004300e-02 	1.526299e-01 
9.027400e-02 	1.517882e-01 
9.050600e-02 	1.509525e-01 
9.073700e-02 	1.501233e-01 
9.096900e-02 	1.492997e-01 
9.120000e-02 	1.484823e-01 
9.143200e-02 	1.476705e-01 
9.166300e-02 	1.468649e-01 
9.189500e-02 	1.460648e-01 
9.212600e-02 	1.452708e-01 
9.235800e-02 	1.444822e-01 
9.258900e-02 	1.436995e-01 
9.282000e-02 	1.429222e-01 
9.305200e-02 	1.421508e-01 
9.328300e-02 	1.413846e-01 
9.351500e-02 	1.406242e-01 
9.374600e-02 	1.398690e-01 
9.397800e-02 	1.391195e-01 
9.420900e-02 	1.383751e-01 
9.444100e-02 	1.376360e-01 
9.467200e-02 	1.369024e-01 
9.490400e-02 	1.361738e-01 
9.513500e-02 	1.354507e-01 
9.536600e-02 	1.347325e-01 
9.559800e-02 	1.340197e-01 
9.582900e-02 	1.333116e-01 
9.606100e-02 	1.326090e-01 
9.629200e-02 	1.319110e-01 
9.652400e-02 	1.312183e-01 
9.675500e-02 	1.305302e-01 
9.698700e-02 	1.298473e-01 
9.721800e-02 	1.291690e-01 
9.744900e-02 	1.284958e-01 
9.768100e-02 	1.278271e-01 
9.791200e-02 	1.271634e-01 
9.814400e-02 	1.265041e-01 
9.837500e-02 	1.258495e-01 
9.860700e-02 	1.251999e-01 
9.883800e-02 	1.245545e-01 
9.907000e-02 	1.239139e-01 
9.930100e-02 	1.232776e-01 
9.953300e-02 	1.226461e-01 
9.976400e-02 	1.220187e-01 
9.999500e-02 	1.213959e-01 
1.002270e-01 	1.207771e-01 
1.004580e-01 	1.201641e-01 
1.006900e-01 	1.195529e-01 
1.009210e-01 	1.189485e-01 
1.011530e-01 	1.183458e-01 
1.013840e-01 	1.177499e-01 
1.016160e-01 	1.171556e-01 
1.018470e-01 	1.165681e-01 
1.020780e-01 	1.159846e-01 
1.023100e-01 	1.154027e-01 
1.025410e-01 	1.148273e-01 
1.027730e-01 	1.142535e-01 
1.030040e-01 	1.136862e-01 
1.032360e-01 	1.131203e-01 
1.034670e-01 	1.125609e-01 
1.036990e-01 	1.120029e-01 
1.039300e-01 	1.114511e-01 
1.041620e-01 	1.109008e-01 
1.043930e-01 	1.103567e-01 
1.046240e-01 	1.098163e-01 
1.048560e-01 	1.092773e-01 
1.050870e-01 	1.087444e-01 
1.053190e-01 	1.082128e-01 
1.055500e-01 	1.076871e-01 
1.057820e-01 	1.071628e-01 
1.060130e-01 	1.066444e-01 
1.062450e-01 	1.061273e-01 
1.064760e-01 	1.056159e-01 
1.067080e-01 	1.051059e-01 
1.069390e-01 	1.046015e-01 
1.071700e-01 	1.041006e-01 
1.074020e-01 	1.036009e-01 
1.076330e-01 	1.031068e-01 
1.078650e-01 	1.026139e-01 
1.080960e-01 	1.021266e-01 
1.083280e-01 	1.016404e-01 
1.085590e-01 	1.011596e-01 
1.087910e-01 	1.006801e-01 
1.090220e-01 	1.002058e-01 
1.092540e-01 	9.973276e-02 
1.094850e-01 	9.926493e-02 
1.097160e-01 	9.880027e-02 
1.099480e-01 	9.833676e-02 
1.101790e-01 	9.787837e-02 
1.104110e-01 	9.742110e-02 
1.106420e-01 	9.696887e-02 
1.108740e-01 	9.651773e-02 
1.111050e-01 	9.607156e-02 
1.113370e-01 	9.562646e-02 
1.115680e-01 	9.518625e-02 
1.118000e-01 	9.474709e-02 
1.120310e-01 	9.431275e-02 
1.122620e-01 	9.388131e-02 
1.124940e-01 	9.345090e-02 
1.127250e-01 	9.302519e-02 
1.129570e-01 	9.260049e-02 
1.131880e-01 	9.218044e-02 
1.134200e-01 	9.176137e-02 
1.136510e-01 	9.134689e-02 
1.138830e-01 	9.093338e-02 
1.141140e-01 	9.052439e-02 
1.143460e-01 	9.011637e-02 
1.145770e-01 	8.971280e-02 
1.148080e-01 	8.931192e-02 
1.150400e-01 	8.891197e-02 
1.152710e-01 	8.851639e-02 
1.155030e-01 	8.812173e-02 
1.157340e-01 	8.773138e-02 
1.159660e-01 	8.734193e-02 
1.161970e-01 	8.695672e-02 
1.164290e-01 	8.657240e-02 
1.166600e-01 	8.619225e-02 
1.168910e-01 	8.581460e-02 
1.171230e-01 	8.543781e-02 
1.173540e-01 	8.506510e-02 
1.175860e-01 	8.469323e-02 
1.178170e-01 	8.432538e-02 
1.180490e-01 	8.395835e-02 
1.182800e-01 	8.359529e-02 
1.185120e-01 	8.323303e-02 
1.187430e-01 	8.287468e-02 
1.189750e-01 	8.251712e-02 
1.192060e-01 	8.216341e-02 
1.194370e-01 	8.181200e-02 
1.196690e-01 	8.146135e-02 
1.199000e-01 	8.111449e-02 
1.201320e-01 	8.076839e-02 
1.203630e-01 	8.042603e-02 
1.205950e-01 	8.008441e-02 
1.208260e-01 	7.974648e-02 
1.210580e-01 	7.940929e-02 
1.212890e-01 	7.907573e-02 
1.215210e-01 	7.874290e-02 
1.217520e-01 	7.841365e-02 
1.219830e-01 	7.808652e-02 
1.222150e-01 	7.776011e-02 
1.224460e-01 	7.743720e-02 
1.226780e-01 	7.711499e-02 
1.229090e-01 	7.679623e-02 
1.231410e-01 	7.647816e-02 
1.233720e-01 	7.616350e-02 
1.236040e-01 	7.584951e-02 
1.238350e-01 	7.553888e-02 
1.240670e-01 	7.522891e-02 
1.242980e-01 	7.492225e-02 
1.245290e-01 	7.461755e-02 
1.247610e-01 	7.431349e-02 
1.249920e-01 	7.401266e-02 
1.252240e-01 	7.371246e-02 
1.254550e-01 	7.341545e-02 
1.256870e-01 	7.311905e-02 
1.259180e-01 	7.282580e-02 
1.261500e-01 	7.253314e-02 
1.263810e-01 	7.224359e-02 
1.266130e-01 	7.195463e-02 
1.268440e-01 	7.166874e-02 
1.270750e-01 	7.138465e-02 
1.273070e-01 	7.110113e-02 
1.275380e-01 	7.082062e-02 
1.277700e-01 	7.054068e-02 
1.280010e-01 	7.026370e-02 
1.282330e-01 	6.998728e-02 
1.284640e-01 	6.971379e-02 
1.286960e-01 	6.944085e-02 
1.289270e-01 	6.917079e-02 
1.291580e-01 	6.890243e-02 
1.293900e-01 	6.863461e-02 
1.296210e-01 	6.836961e-02 
1.298530e-01 	6.810514e-02 
1.300840e-01 	6.784346e-02 
1.303160e-01 	6.758229e-02 
1.305470e-01 	6.732388e-02 
1.307790e-01 	6.706597e-02 
1.310100e-01 	6.681078e-02 
1.312420e-01 	6.655608e-02 
1.314730e-01 	6.630405e-02 
1.317040e-01 	6.605359e-02 
1.319360e-01 	6.580361e-02 
1.321670e-01 	6.555624e-02 
1.323990e-01 	6.530935e-02 
1.326300e-01 	6.506503e-02 
1.328620e-01 	6.482117e-02 
1.330930e-01 	6.457986e-02 
1.333250e-01 	6.433899e-02 
1.335560e-01 	6.410063e-02 
1.337880e-01 	6.386270e-02 
1.340190e-01 	6.362725e-02 
1.342500e-01 	6.339323e-02 
1.344820e-01 	6.315965e-02 
1.347130e-01 	6.292849e-02 
1.349450e-01 	6.269774e-02 
1.351760e-01 	6.246940e-02 
1.354080e-01 	6.224147e-02 
1.356390e-01 	6.201590e-02 
1.358710e-01 	6.179074e-02 
1.361020e-01 	6.156792e-02 
1.363340e-01 	6.134549e-02 
1.365650e-01 	6.112537e-02 
1.367960e-01 	6.090659e-02 
1.370280e-01 	6.068819e-02 
1.372590e-01 	6.047205e-02 
1.374910e-01 	6.025630e-02 
1.377220e-01 	6.004277e-02 
1.379540e-01 	5.982961e-02 
1.381850e-01 	5.961866e-02 
1.384170e-01 	5.940807e-02 
1.386480e-01 	5.919965e-02 
1.388800e-01 	5.899158e-02 
1.391110e-01 	5.878566e-02 
1.393420e-01 	5.858098e-02 
1.395740e-01 	5.837663e-02 
1.398050e-01 	5.817439e-02 
1.400370e-01 	5.797249e-02 
1.402680e-01 	5.777265e-02 
1.405000e-01 	5.757315e-02 
1.407310e-01 	5.737568e-02 
1.409630e-01 	5.717854e-02 
1.411940e-01 	5.698340e-02 
1.414260e-01 	5.678858e-02 
1.416570e-01 	5.659574e-02 
1.418880e-01 	5.640404e-02 
1.421200e-01 	5.621264e-02 
1.423510e-01 	5.602319e-02 
1.425830e-01 	5.583403e-02 
1.428140e-01 	5.564680e-02 
1.430460e-01 	5.545985e-02 
1.432770e-01 	5.527480e-02 
1.435090e-01 	5.509003e-02 
1.437400e-01 	5.490713e-02 
1.439710e-01 	5.472530e-02 
1.442030e-01 	5.454374e-02 
1.444340e-01 	5.436401e-02 
1.446660e-01 	5.418455e-02 
1.448970e-01 	5.400690e-02 
1.451290e-01 	5.382951e-02 
1.453600e-01 	5.365391e-02 
1.455920e-01 	5.347857e-02 
1.458230e-01 	5.330499e-02 
1.460550e-01 	5.313167e-02 
1.462860e-01 	5.296008e-02 
1.465170e-01 	5.278948e-02 
1.467490e-01 	5.261912e-02 
1.469800e-01 	5.245046e-02 
1.472120e-01 	5.228205e-02 
1.474430e-01 	5.211532e-02 
1.476750e-01 	5.194881e-02 
1.479060e-01 	5.178397e-02 
1.481380e-01 	5.161935e-02 
1.483690e-01 	5.145637e-02 
1.486010e-01 	5.129360e-02 
1.488320e-01 	5.113245e-02 
1.490630e-01 	5.097220e-02 
1.492950e-01 	5.081215e-02 
1.495260e-01 	5.065368e-02 
1.497580e-01 	5.049541e-02 
1.499890e-01 	5.033870e-02 
1.502210e-01 	5.018218e-02 
1.504520e-01 	5.002720e-02 
1.506840e-01 	4.987241e-02 
1.509150e-01 	4.971914e-02 
1.511470e-01 	4.956605e-02 
1.513780e-01 	4.941446e-02 
1.516090e-01 	4.926371e-02 
1.518410e-01 	4.911314e-02 
1.520720e-01 	4.896404e-02 
1.523040e-01 	4.881512e-02 
1.525350e-01 	4.866766e-02 
1.527670e-01 	4.852037e-02 
1.529980e-01 	4.837452e-02 
1.532300e-01 	4.822884e-02 
1.534610e-01 	4.808457e-02 
1.536930e-01 	4.794048e-02 
1.539240e-01 	4.779778e-02 
1.541550e-01 	4.765586e-02 
1.543870e-01 	4.751409e-02 
1.546180e-01 	4.737370e-02 
1.548500e-01 	4.723347e-02 
1.550810e-01 	4.709459e-02 
1.553130e-01 	4.695586e-02 
1.555440e-01 	4.681847e-02 
1.557760e-01 	4.668122e-02 
1.560070e-01 	4.654529e-02 
1.562380e-01 	4.641009e-02 
1.564700e-01 	4.627503e-02 
1.567010e-01 	4.614126e-02 
1.569330e-01 	4.600762e-02 
1.571640e-01 	4.587527e-02 
1.573960e-01 	4.574304e-02 
1.576270e-01 	4.561208e-02 
1.578590e-01 	4.548124e-02 
1.580900e-01 	4.535165e-02 
1.583220e-01 	4.522218e-02 
1.585530e-01 	4.509395e-02 
1.587840e-01 	4.496638e-02 
1.590160e-01 	4.483892e-02 
1.592470e-01 	4.471267e-02 
1.594790e-01 	4.458654e-02 
1.597100e-01 	4.446160e-02 
1.599420e-01 	4.433676e-02 
1.601730e-01 	4.421311e-02 
1.604050e-01 	4.408956e-02 
1.606360e-01 	4.396718e-02 
1.608680e-01 	4.384490e-02 
1.610990e-01 	4.372377e-02 
1.613300e-01 	4.360326e-02 
1.615620e-01 	4.348285e-02 
1.617930e-01 	4.336357e-02 
1.620250e-01 	4.324438e-02 
1.622560e-01 	4.312631e-02 
1.624880e-01 	4.300833e-02 
1.627190e-01 	4.289145e-02 
1.629510e-01 	4.277466e-02 
1.631820e-01 	4.265896e-02 
1.634140e-01 	4.254335e-02 
1.636450e-01 	4.242881e-02 
1.638760e-01 	4.231484e-02 
1.641080e-01 	4.220095e-02 
1.643390e-01 	4.208812e-02 
1.645710e-01 	4.197537e-02 
1.648020e-01 	4.186365e-02 
1.650340e-01 	4.175201e-02 
1.652650e-01 	4.164141e-02 
1.654970e-01 	4.153087e-02 
1.657280e-01 	4.142135e-02 
1.659600e-01 	4.131190e-02 
1.661910e-01 	4.120345e-02 
1.664220e-01 	4.109553e-02 
1.666540e-01 	4.098768e-02 
1.668850e-01 	4.088082e-02 
1.671170e-01 	4.077402e-02 
1.673480e-01 	4.066820e-02 
1.675800e-01 	4.056244e-02 
1.678110e-01 	4.045764e-02 
1.680430e-01 	4.035291e-02 
1.682740e-01 	4.024913e-02 
1.685060e-01 	4.014541e-02 
1.687370e-01 	4.004263e-02 
1.689680e-01 	3.994035e-02 
1.692000e-01 	3.983813e-02 
1.694310e-01 	3.973683e-02 
1.696630e-01 	3.963559e-02 
1.698940e-01 	3.953526e-02 
1.701260e-01 	3.943498e-02 
1.703570e-01 	3.933562e-02 
1.705890e-01 	3.923630e-02 
1.708200e-01 	3.913788e-02 
1.710510e-01 	3.903992e-02 
1.712830e-01 	3.894201e-02 
1.715140e-01 	3.884499e-02 
1.717460e-01 	3.874800e-02 
1.719770e-01 	3.865189e-02 
1.722090e-01 	3.855582e-02 
1.724400e-01 	3.846062e-02 
1.726720e-01 	3.836545e-02 
1.729030e-01 	3.827114e-02 
1.731350e-01 	3.817687e-02 
1.733660e-01 	3.808344e-02 
1.735970e-01 	3.799044e-02 
1.738290e-01 	3.789748e-02 
1.740600e-01 	3.780536e-02 
1.742920e-01 	3.771326e-02 
1.745230e-01 	3.762198e-02 
1.747550e-01 	3.753073e-02 
1.749860e-01 	3.744030e-02 
1.752180e-01 	3.734989e-02 
1.754490e-01 	3.726029e-02 
1.756810e-01 	3.717071e-02 
1.759120e-01 	3.708193e-02 
1.761430e-01 	3.699355e-02 
1.763750e-01 	3.690519e-02 
1.766060e-01 	3.681762e-02 
1.768380e-01 	3.673007e-02 
1.770690e-01 	3.664329e-02 
1.773010e-01 	3.655653e-02 
1.775320e-01 	3.647053e-02 
1.777640e-01 	3.638456e-02 
1.779950e-01 	3.629934e-02 
1.782270e-01 	3.621414e-02 
1.784580e-01 	3.612969e-02 
1.786890e-01 	3.604562e-02 
1.789210e-01 	3.596157e-02 
1.791520e-01 	3.587825e-02 
1.793840e-01 	3.579495e-02 
1.796150e-01 	3.571238e-02 
1.798470e-01 	3.562982e-02 
1.800780e-01 	3.554798e-02 
1.803100e-01 	3.546615e-02 
1.805410e-01 	3.538504e-02 
1.807730e-01 	3.530394e-02 
1.810040e-01 	3.522355e-02 
1.812350e-01 	3.514352e-02 
1.814670e-01 	3.506349e-02 
1.816980e-01 	3.498416e-02 
1.819300e-01 	3.490484e-02 
1.821610e-01 	3.482621e-02 
1.823930e-01 	3.474759e-02 
1.826240e-01 	3.466965e-02 
1.828560e-01 	3.459172e-02 
1.830870e-01 	3.451446e-02 
1.833180e-01 	3.443754e-02 
1.835500e-01 	3.436063e-02 
1.837810e-01 	3.428439e-02 
1.840130e-01 	3.420814e-02 
1.842440e-01 	3.413256e-02 
1.844760e-01 	3.405698e-02 
1.847070e-01 	3.398206e-02 
1.849390e-01 	3.390714e-02 
1.851700e-01 	3.383286e-02 
1.854020e-01 	3.375859e-02 
1.856330e-01 	3.368495e-02 
1.858640e-01 	3.361163e-02 
1.860960e-01 	3.353832e-02 
1.863270e-01 	3.346563e-02 
1.865590e-01 	3.339294e-02 
1.867900e-01 	3.332088e-02 
1.870220e-01 	3.324882e-02 
1.872530e-01 	3.317737e-02 
1.874850e-01 	3.310592e-02 
1.877160e-01 	3.303508e-02 
1.879480e-01 	3.296424e-02 
1.881790e-01 	3.289401e-02 
1.884100e-01 	3.282407e-02 
1.886420e-01 	3.275413e-02 
1.888730e-01 	3.268478e-02 
1.891050e-01 	3.261543e-02 
1.893360e-01 	3.254667e-02 
1.895680e-01 	3.247790e-02 
1.897990e-01 	3.240972e-02 
1.900310e-01 	3.234153e-02 
1.902620e-01 	3.227392e-02 
1.904940e-01 	3.220630e-02 
1.907250e-01 	3.213925e-02 
1.909560e-01 	3.207248e-02 
1.911880e-01 	3.200570e-02 
1.914190e-01 	3.193949e-02 
1.916510e-01 	3.187327e-02 
1.918820e-01 	3.180761e-02 
1.921140e-01 	3.174194e-02 
1.923450e-01 	3.167682e-02 
1.925770e-01 	3.161169e-02 
1.928080e-01 	3.154711e-02 
1.930400e-01 	3.148252e-02 
1.932710e-01 	3.141847e-02 
1.935020e-01 	3.135468e-02 
1.937340e-01 	3.129089e-02 
1.939650e-01 	3.122762e-02 
1.941970e-01 	3.116435e-02 
1.944280e-01 	3.110161e-02 
1.946600e-01 	3.103885e-02 
1.948910e-01 	3.097663e-02 
1.951230e-01 	3.091438e-02 
1.953540e-01 	3.085266e-02 
1.955860e-01 	3.079093e-02 
1.958170e-01 	3.072972e-02 
1.960480e-01 	3.066875e-02 
1.962800e-01 	3.060777e-02 
1.965110e-01 	3.054730e-02 
1.967430e-01 	3.048682e-02 
1.969740e-01 	3.042684e-02 
1.972060e-01 	3.036685e-02 
1.974370e-01 	3.030736e-02 
1.976690e-01 	3.024785e-02 
1.979000e-01 	3.018884e-02 
1.981310e-01 	3.013007e-02 
1.983630e-01 	3.007128e-02 
1.985940e-01 	3.001298e-02 
1.988260e-01 	2.995467e-02 
1.990570e-01 	2.989684e-02 
1.992890e-01 	2.983899e-02 
1.995200e-01 	2.978163e-02 
1.997520e-01 	2.972424e-02 
1.999830e-01 	2.966733e-02 
2.002150e-01 	2.961040e-02 
2.004460e-01 	2.955395e-02 
2.006770e-01 	2.949771e-02 
2.009090e-01 	2.944146e-02 
2.011400e-01 	2.938567e-02 
2.013720e-01 	2.932986e-02 
2.016030e-01 	2.927451e-02 
2.018350e-01 	2.921914e-02 
2.020660e-01 	2.916423e-02 
2.022980e-01 	2.910929e-02 
2.025290e-01 	2.905481e-02 
2.027610e-01 	2.900031e-02 
2.029920e-01 	2.894625e-02 
2.032230e-01 	2.889241e-02 
2.034550e-01 	2.883854e-02 
2.036860e-01 	2.878512e-02 
2.039180e-01 	2.873167e-02 
2.041490e-01 	2.867866e-02 
2.043810e-01 	2.862563e-02 
2.046120e-01 	2.857304e-02 
2.048440e-01 	2.852042e-02 
2.050750e-01 	2.846823e-02 
2.053070e-01 	2.841602e-02 
2.055380e-01 	2.836424e-02 
2.057690e-01 	2.831266e-02 
2.060010e-01 	2.826105e-02 
2.062320e-01 	2.820987e-02 
2.064640e-01 	2.815867e-02 
2.066950e-01 	2.810788e-02 
2.069270e-01 	2.805707e-02 
2.071580e-01 	2.800667e-02 
2.073900e-01 	2.795626e-02 
2.076210e-01 	2.790625e-02 
2.078530e-01 	2.785622e-02 
2.080840e-01 	2.780659e-02 
2.083150e-01 	2.775716e-02 
2.085470e-01 	2.770770e-02 
2.087780e-01 	2.765865e-02 
2.090100e-01 	2.760957e-02 
2.092410e-01 	2.756088e-02 
2.094730e-01 	2.751218e-02 
2.097040e-01 	2.746387e-02 
2.099360e-01 	2.741553e-02 
2.101670e-01 	2.736759e-02 
2.103980e-01 	2.731983e-02 
2.106300e-01 	2.727204e-02 
2.108610e-01 	2.722464e-02 
2.110930e-01 	2.717722e-02 
2.113240e-01 	2.713018e-02 
2.115560e-01 	2.708312e-02 
2.117870e-01 	2.703643e-02 
2.120190e-01 	2.698972e-02 
2.122500e-01 	2.694338e-02 
2.124820e-01 	2.689702e-02 
2.127130e-01 	2.685104e-02 
2.129440e-01 	2.680522e-02 
2.131760e-01 	2.675938e-02 
2.134070e-01 	2.671391e-02 
2.136390e-01 	2.666842e-02 
2.138700e-01 	2.662328e-02 
2.141020e-01 	2.657812e-02 
2.143330e-01 	2.653333e-02 
2.145650e-01 	2.648851e-02 
2.147960e-01 	2.644404e-02 
2.150280e-01 	2.639955e-02 
2.152590e-01 	2.635542e-02 
2.154900e-01 	2.631144e-02 
2.157220e-01 	2.626745e-02 
2.159530e-01 	2.622380e-02 
2.161850e-01 	2.618012e-02 
2.164160e-01 	2.613680e-02 
2.166480e-01 	2.609344e-02 
2.168790e-01 	2.605044e-02 
2.171110e-01 	2.600740e-02 
2.173420e-01 	2.596471e-02 
2.175740e-01 	2.592199e-02 
2.178050e-01 	2.587961e-02 
2.180360e-01 	2.583738e-02 
2.182680e-01 	2.579513e-02 
2.184990e-01 	2.575321e-02 
2.187310e-01 	2.571127e-02 
2.189620e-01 	2.566966e-02 
2.191940e-01 	2.562802e-02 
2.194250e-01 	2.558671e-02 
2.196570e-01 	2.554538e-02 
2.198880e-01 	2.550437e-02 
2.201200e-01 	2.546333e-02 
2.203510e-01 	2.542262e-02 
2.205820e-01 	2.538206e-02 
2.208140e-01 	2.534147e-02 
2.210450e-01 	2.530120e-02 
2.212770e-01 	2.526090e-02 
2.215080e-01 	2.522092e-02 
2.217400e-01 	2.518092e-02 
2.219710e-01 	2.514123e-02 
2.222030e-01 	2.510151e-02 
2.224340e-01 	2.506210e-02 
2.226660e-01 	2.502267e-02 
2.228970e-01 	2.498355e-02 
2.231280e-01 	2.494457e-02 
2.233600e-01 	2.490556e-02 
2.235910e-01 	2.486686e-02 
2.238230e-01 	2.482813e-02 
2.240540e-01 	2.478971e-02 
2.242860e-01 	2.475126e-02 
2.245170e-01 	2.471311e-02 
2.247490e-01 	2.467494e-02 
2.249800e-01 	2.463706e-02 
2.252110e-01 	2.459932e-02 
2.254430e-01 	2.456155e-02 
2.256740e-01 	2.452408e-02 
2.259060e-01 	2.448658e-02 
2.261370e-01 	2.444937e-02 
2.263690e-01 	2.441214e-02 
2.266000e-01 	2.437520e-02 
2.268320e-01 	2.433823e-02 
2.270630e-01 	2.430155e-02 
2.272950e-01 	2.426484e-02 
2.275260e-01 	2.422842e-02 
2.277570e-01 	2.419213e-02 
2.279890e-01 	2.415580e-02 
2.282200e-01 	2.411977e-02 
2.284520e-01 	2.408370e-02 
2.286830e-01 	2.404792e-02 
2.289150e-01 	2.401211e-02 
2.291460e-01 	2.397657e-02 
2.293780e-01 	2.394101e-02 
2.296090e-01 	2.390573e-02 
2.298410e-01 	2.387041e-02 
2.300720e-01 	2.383537e-02 
2.303030e-01 	2.380046e-02 
2.305350e-01 	2.376551e-02 
2.307660e-01 	2.373084e-02 
2.309980e-01 	2.369613e-02 
2.312290e-01 	2.366170e-02 
2.314610e-01 	2.362724e-02 
2.316920e-01 	2.359304e-02 
2.319240e-01 	2.355882e-02 
2.321550e-01 	2.352486e-02 
2.323870e-01 	2.349087e-02 
2.326180e-01 	2.345715e-02 
2.328490e-01 	2.342354e-02 
2.330810e-01 	2.338990e-02 
2.333120e-01 	2.335653e-02 
2.335440e-01 	2.332312e-02 
2.337750e-01 	2.328997e-02 
2.340070e-01 	2.325680e-02 
2.342380e-01 	2.322387e-02 
2.344700e-01 	2.319092e-02 
2.347010e-01 	2.315823e-02 
2.349330e-01 	2.312550e-02 
2.351640e-01 	2.309303e-02 
2.353950e-01 	2.306067e-02 
2.356270e-01 	2.302827e-02 
2.358580e-01 	2.299613e-02 
2.360900e-01 	2.296396e-02 
2.363210e-01 	2.293203e-02 
2.365530e-01 	2.290008e-02 
2.367840e-01 	2.286837e-02 
2.370160e-01 	2.283663e-02 
2.372470e-01 	2.280514e-02 
2.374780e-01 	2.277375e-02 
2.377100e-01 	2.274233e-02 
2.379410e-01 	2.271116e-02 
2.381730e-01 	2.267995e-02 
2.384040e-01 	2.264899e-02 
2.386360e-01 	2.261799e-02 
2.388670e-01 	2.258723e-02 
2.390990e-01 	2.255644e-02 
2.393300e-01 	2.252589e-02 
2.395620e-01 	2.249531e-02 
2.397930e-01 	2.246496e-02 
2.400240e-01 	2.243471e-02 
2.402560e-01 	2.240444e-02 
2.404870e-01 	2.237439e-02 
2.407190e-01 	2.234432e-02 
2.409500e-01 	2.231447e-02 
2.411820e-01 	2.228460e-02 
2.414130e-01 	2.225495e-02 
2.416450e-01 	2.222527e-02 
2.418760e-01 	2.219582e-02 
2.421080e-01 	2.216634e-02 
2.423390e-01 	2.213708e-02 
2.425700e-01 	2.210792e-02 
2.428020e-01 	2.207872e-02 
2.430330e-01 	2.204975e-02 
2.432650e-01 	2.202075e-02 
2.434960e-01 	2.199197e-02 
2.437280e-01 	2.196316e-02 
2.439590e-01 	2.193456e-02 
2.441910e-01 	2.190594e-02 
2.444220e-01 	2.187753e-02 
2.446540e-01 	2.184909e-02 
2.448850e-01 	2.182087e-02 
2.451160e-01 	2.179273e-02 
2.453480e-01 	2.176457e-02 
2.455790e-01 	2.173661e-02 
2.458110e-01 	2.170863e-02 
2.460420e-01 	2.168085e-02 
2.462740e-01 	2.165305e-02 
2.465050e-01 	2.162545e-02 
2.467370e-01 	2.159782e-02 
2.469680e-01 	2.157040e-02 
2.472000e-01 	2.154295e-02 
2.474310e-01 	2.151570e-02 
2.476620e-01 	2.148854e-02 
2.478940e-01 	2.146135e-02 
2.481250e-01 	2.143436e-02 
2.483570e-01 	2.140734e-02 
2.485880e-01 	2.138052e-02 
2.488200e-01 	2.135367e-02 
2.490510e-01 	2.132702e-02 
2.492830e-01 	2.130033e-02 
2.495140e-01 	2.127385e-02 
2.497460e-01 	2.124734e-02 
2.499770e-01 	2.122102e-02 
2.502080e-01 	2.119479e-02 
2.504400e-01 	2.116852e-02 
2.506710e-01 	2.114245e-02 
2.509030e-01 	2.111635e-02 
2.511340e-01 	2.109044e-02 
2.513660e-01 	2.106450e-02 
2.515970e-01 	2.103876e-02 
2.518290e-01 	2.101298e-02 
2.520600e-01 	2.098739e-02 
2.522910e-01 	2.096188e-02 
2.525230e-01 	2.093634e-02 
2.527540e-01 	2.091100e-02 
2.529860e-01 	2.088561e-02 
2.532170e-01 	2.086042e-02 
2.534490e-01 	2.083520e-02 
2.536800e-01 	2.081016e-02 
2.539120e-01 	2.078509e-02 
2.541430e-01 	2.076020e-02 
2.543750e-01 	2.073529e-02 
2.546060e-01 	2.071056e-02 
2.548370e-01 	2.068590e-02 
2.550690e-01 	2.066121e-02 
2.553000e-01 	2.063670e-02 
2.555320e-01 	2.061217e-02 
2.557630e-01 	2.058781e-02 
2.559950e-01 	2.056342e-02 
2.562260e-01 	2.053921e-02 
2.564580e-01 	2.051497e-02 
2.566890e-01 	2.049090e-02 
2.569210e-01 	2.046681e-02 
2.571520e-01 	2.044289e-02 
2.573830e-01 	2.041904e-02 
2.576150e-01 	2.039516e-02 
2.578460e-01 	2.037145e-02 
2.580780e-01 	2.034772e-02 
2.583090e-01 	2.032415e-02 
2.585410e-01 	2.030056e-02 
2.587720e-01 	2.027713e-02 
2.590040e-01 	2.025368e-02 
2.592350e-01 	2.023039e-02 
2.594670e-01 	2.020707e-02 
2.596980e-01 	2.018393e-02 
2.599290e-01 	2.016085e-02 
2.601610e-01 	2.013774e-02 
2.603920e-01 	2.011479e-02 
2.606240e-01 	2.009182e-02 
2.608550e-01 	2.006901e-02 
2.610870e-01 	2.004617e-02 
2.613180e-01 	2.002350e-02 
2.615500e-01 	2.000079e-02 
2.617810e-01 	1.997825e-02 
2.620130e-01 	1.995568e-02 
2.622440e-01 	1.993327e-02 
2.624750e-01 	1.991092e-02 
2.627070e-01 	1.988855e-02 
2.629380e-01 	1.986633e-02 
2.631700e-01 	1.984409e-02 
2.634010e-01 	1.982200e-02 
2.636330e-01 	1.979988e-02 
2.638640e-01 	1.977793e-02 
2.640960e-01 	1.975594e-02 
2.643270e-01 	1.973411e-02 
2.645580e-01 	1.971234e-02 
2.647900e-01 	1.969054e-02 
2.650210e-01 	1.966890e-02 
2.652530e-01 	1.964723e-02 
2.654840e-01 	1.962571e-02 
2.657160e-01 	1.960417e-02 
2.659470e-01 	1.958277e-02 
2.661790e-01 	1.956135e-02 
2.664100e-01 	1.954008e-02 
2.666420e-01 	1.951878e-02 
2.668730e-01 	1.949763e-02 
2.671040e-01 	1.947654e-02 
2.673360e-01 	1.945542e-02 
2.675670e-01 	1.943445e-02 
2.677990e-01 	1.941345e-02 
2.680300e-01 	1.939260e-02 
2.682620e-01 	1.937171e-02 
2.684930e-01 	1.935098e-02 
2.687250e-01 	1.933022e-02 
2.689560e-01 	1.930960e-02 
2.691880e-01 	1.928895e-02 
2.694190e-01 	1.926845e-02 
2.696500e-01 	1.924801e-02 
2.698820e-01 	1.922754e-02 
2.701130e-01 	1.920721e-02 
2.703450e-01 	1.918685e-02 
2.705760e-01 	1.916663e-02 
2.708080e-01 	1.914638e-02 
2.710390e-01 	1.912628e-02 
2.712710e-01 	1.910615e-02 
2.715020e-01 	1.908615e-02 
2.717340e-01 	1.906613e-02 
2.719650e-01 	1.904625e-02 
2.721960e-01 	1.902642e-02 
2.724280e-01 	1.900656e-02 
2.726590e-01 	1.898684e-02 
2.728910e-01 	1.896709e-02 
2.731220e-01 	1.894748e-02 
2.733540e-01 	1.892784e-02 
2.735850e-01 	1.890833e-02 
2.738170e-01 	1.888880e-02 
2.740480e-01 	1.886940e-02 
2.742800e-01 	1.884997e-02 
2.745110e-01 	1.883068e-02 
2.747420e-01 	1.881144e-02 
2.749740e-01 	1.879217e-02 
2.752050e-01 	1.877303e-02 
2.754370e-01 	1.875387e-02 
2.756680e-01 	1.873483e-02 
2.759000e-01 	1.871577e-02 
2.761310e-01 	1.869684e-02 
2.763630e-01 	1.867787e-02 
2.765940e-01 	1.865905e-02 
2.768260e-01 	1.864018e-02 
2.770570e-01 	1.862146e-02 
2.772880e-01 	1.860278e-02 
2.775200e-01 	1.858407e-02 
2.777510e-01 	1.856549e-02 
2.779830e-01 	1.854688e-02 
2.782140e-01 	1.852839e-02 
2.784460e-01 	1.850988e-02 
2.786770e-01 	1.849150e-02 
2.789090e-01 	1.847308e-02 
2.791400e-01 	1.845480e-02 
2.793710e-01 	1.843656e-02 
2.796030e-01 	1.841829e-02 
2.798340e-01 	1.840014e-02 
2.800660e-01 	1.838197e-02 
2.802970e-01 	1.836392e-02 
2.805290e-01 	1.834584e-02 
2.807600e-01 	1.832789e-02 
2.809920e-01 	1.830990e-02 
2.812230e-01 	1.829204e-02 
2.814550e-01 	1.827414e-02 
2.816860e-01 	1.825637e-02 
2.819170e-01 	1.823865e-02 
2.821490e-01 	1.822089e-02 
2.823800e-01 	1.820326e-02 
2.826120e-01 	1.818560e-02 
2.828430e-01 	1.816805e-02 
2.830750e-01 	1.815048e-02 
2.833060e-01 	1.813302e-02 
2.835380e-01 	1.811554e-02 
2.837690e-01 	1.809817e-02 
2.840010e-01 	1.808077e-02 
2.842320e-01 	1.806350e-02 
2.844630e-01 	1.804626e-02 
2.846950e-01 	1.802899e-02 
2.849260e-01 	1.801185e-02 
2.851580e-01 	1.799467e-02 
2.853890e-01 	1.797761e-02 
2.856210e-01 	1.796051e-02 
2.858520e-01 	1.794353e-02 
2.860840e-01 	1.792653e-02 
2.863150e-01 	1.790963e-02 
2.865470e-01 	1.789271e-02 
2.867780e-01 	1.787590e-02 
2.870090e-01 	1.785913e-02 
2.872410e-01 	1.784234e-02 
2.874720e-01 	1.782565e-02 
2.877040e-01 	1.780894e-02 
2.879350e-01 	1.779233e-02 
2.881670e-01 	1.777570e-02 
2.883980e-01 	1.775918e-02 
2.886300e-01 	1.774263e-02 
2.888610e-01 	1.772618e-02 
2.890930e-01 	1.770971e-02 
2.893240e-01 	1.769335e-02 
2.895550e-01 	1.767703e-02 
2.897870e-01 	1.766068e-02 
2.900180e-01 	1.764443e-02 
2.902500e-01 	1.762816e-02 
2.904810e-01 	1.761200e-02 
2.907130e-01 	1.759580e-02 
2.909440e-01 	1.757971e-02 
2.911760e-01 	1.756359e-02 
2.914070e-01 	1.754758e-02 
2.916380e-01 	1.753161e-02 
2.918700e-01 	1.751561e-02 
2.921010e-01 	1.749971e-02 
2.923330e-01 	1.748379e-02 
2.925640e-01 	1.746796e-02 
2.927960e-01 	1.745211e-02 
2.930270e-01 	1.743637e-02 
2.932590e-01 	1.742059e-02 
2.934900e-01 	1.740492e-02 
2.937220e-01 	1.738921e-02 
2.939530e-01 	1.737362e-02 
2.941840e-01 	1.735805e-02 
2.944160e-01 	1.734246e-02 
2.946470e-01 	1.732697e-02 
2.948790e-01 	1.731145e-02 
2.951100e-01 	1.729604e-02 
2.953420e-01 	1.728059e-02 
2.955730e-01 	1.726524e-02 
2.958050e-01 	1.724987e-02 
2.960360e-01 	1.723459e-02 
2.962680e-01 	1.721929e-02 
2.964990e-01 	1.720409e-02 
2.967300e-01 	1.718892e-02 
2.969620e-01 	1.717372e-02 
2.971930e-01 	1.715862e-02 
2.974250e-01 	1.714349e-02 
2.976560e-01 	1.712846e-02 
2.978880e-01 	1.711340e-02 
2.981190e-01 	1.709844e-02 
2.983510e-01 	1.708345e-02 
2.985820e-01 	1.706856e-02 
2.988140e-01 	1.705364e-02 
2.990450e-01 	1.703881e-02 
2.992760e-01 	1.702402e-02 
2.995080e-01 	1.700920e-02 
2.997390e-01 	1.699447e-02 
2.999710e-01 	1.697972e-02 
3.002020e-01 	1.696506e-02 
3.004340e-01 	1.695037e-02 
3.006650e-01 	1.693578e-02 
3.008970e-01 	1.692115e-02 
3.011280e-01 	1.690663e-02 
3.013600e-01 	1.689207e-02 
3.015910e-01 	1.687761e-02 
3.018220e-01 	1.686317e-02 
3.020540e-01 	1.684871e-02 
3.022850e-01 	1.683435e-02 
3.025170e-01 	1.681995e-02 
3.027480e-01 	1.680565e-02 
3.029800e-01 	1.679131e-02 
3.032110e-01 	1.677707e-02 
3.034430e-01 	1.676280e-02 
3.036740e-01 	1.674862e-02 
3.039050e-01 	1.673448e-02 
3.041370e-01 	1.672030e-02 
3.043680e-01 	1.670622e-02 
3.046000e-01 	1.669210e-02 
3.048310e-01 	1.667808e-02 
3.050630e-01 	1.666403e-02 
3.052940e-01 	1.665006e-02 
3.055260e-01 	1.663607e-02 
3.057570e-01 	1.662217e-02 
3.059890e-01 	1.660824e-02 
3.062200e-01 	1.659440e-02 
3.064510e-01 	1.658059e-02 
3.066830e-01 	1.656675e-02 
3.069140e-01 	1.655300e-02 
3.071460e-01 	1.653922e-02 
3.073770e-01 	1.652553e-02 
3.076090e-01 	1.651181e-02 
3.078400e-01 	1.649818e-02 
3.080720e-01 	1.648452e-02 
3.083030e-01 	1.647094e-02 
3.085350e-01 	1.645734e-02 
3.087660e-01 	1.644383e-02 
3.089970e-01 	1.643034e-02 
3.092290e-01 	1.641683e-02 
3.094600e-01 	1.640340e-02 
3.096920e-01 	1.638994e-02 
3.099230e-01 	1.637657e-02 
3.101550e-01 	1.636317e-02 
3.103860e-01 	1.634985e-02 
3.106180e-01 	1.633651e-02 
3.108490e-01 	1.632325e-02 
3.110810e-01 	1.630996e-02 
3.113120e-01 	1.629676e-02 
3.115430e-01 	1.628359e-02 
3.117750e-01 	1.627039e-02 
3.120060e-01 	1.625727e-02 
3.122380e-01 	1.624412e-02 
3.124690e-01 	1.623106e-02 
3.127010e-01 	1.621796e-02 
3.129320e-01 	1.620496e-02 
3.131640e-01 	1.619192e-02 
3.133950e-01 	1.617897e-02 
3.136270e-01 	1.616598e-02 
3.138580e-01 	1.615308e-02 
3.140890e-01 	1.614021e-02 
3.143210e-01 	1.612731e-02 
3.145520e-01 	1.611449e-02 
3.147840e-01 	1.610165e-02 
3.150150e-01 	1.608888e-02 
3.152470e-01 	1.607609e-02 
3.154780e-01 	1.606338e-02 
3.157100e-01 	1.605064e-02 
3.159410e-01 	1.603798e-02 
3.161730e-01 	1.602529e-02 
3.164040e-01 	1.601269e-02 
3.166350e-01 	1.600011e-02 
3.168670e-01 	1.598750e-02 
3.170980e-01 	1.597498e-02 
3.173300e-01 	1.596242e-02 
3.175610e-01 	1.594995e-02 
3.177930e-01 	1.593744e-02 
3.180240e-01 	1.592502e-02 
3.182560e-01 	1.591257e-02 
3.184870e-01 	1.590020e-02 
3.187180e-01 	1.588785e-02 
3.189500e-01 	1.587548e-02 
3.191810e-01 	1.586319e-02 
3.194130e-01 	1.585086e-02 
3.196440e-01 	1.583862e-02 
3.198760e-01 	1.582635e-02 
3.201070e-01 	1.581415e-02 
3.203390e-01 	1.580193e-02 
3.205700e-01 	1.578979e-02 
3.208020e-01 	1.577762e-02 
3.210330e-01 	1.576552e-02 
3.212640e-01 	1.575345e-02 
3.214960e-01 	1.574136e-02 
3.217270e-01 	1.572934e-02 
3.219590e-01 	1.571729e-02 
3.221900e-01 	1.570532e-02 
3.224220e-01 	1.569332e-02 
3.226530e-01 	1.568140e-02 
3.228850e-01 	1.566945e-02 
3.231160e-01 	1.565757e-02 
3.233480e-01 	1.564567e-02 
3.235790e-01 	1.563384e-02 
3.238100e-01 	1.562204e-02 
3.240420e-01 	1.561021e-02 
3.242730e-01 	1.559845e-02 
3.245050e-01 	1.558667e-02 
3.247360e-01 	1.557496e-02 
3.249680e-01 	1.556323e-02 
3.251990e-01 	1.555156e-02 
3.254310e-01 	1.553988e-02 
3.256620e-01 	1.552826e-02 
3.258940e-01 	1.551662e-02 
3.261250e-01 	1.550505e-02 
3.263560e-01 	1.549350e-02 
3.265880e-01 	1.548193e-02 
3.268190e-01 	1.547043e-02 
3.270510e-01 	1.545890e-02 
3.272820e-01 	1.544744e-02 
3.275140e-01 	1.543596e-02 
3.277450e-01 	1.542455e-02 
3.279770e-01 	1.541311e-02 
3.282080e-01 	1.540175e-02 
3.284400e-01 	1.539035e-02 
3.286710e-01 	1.537903e-02 
3.289020e-01 	1.536773e-02 
3.291340e-01 	1.535641e-02 
3.293650e-01 	1.534515e-02 
3.295970e-01 	1.533387e-02 
3.298280e-01 	1.532266e-02 
3.300600e-01 	1.531142e-02 
3.302910e-01 	1.530025e-02 
3.305230e-01 	1.528906e-02 
3.307540e-01 	1.527793e-02 
3.309850e-01 	1.526683e-02 
3.312170e-01 	1.525570e-02 
3.314480e-01 	1.524464e-02 
3.316800e-01 	1.523355e-02 
3.319110e-01 	1.522253e-02 
3.321430e-01 	1.521149e-02 
3.323740e-01 	1.520051e-02 
3.326060e-01 	1.518950e-02 
3.328370e-01 	1.517857e-02 
3.330690e-01 	1.516761e-02 
3.333000e-01 	1.515671e-02 
3.335310e-01 	1.514584e-02 
3.337630e-01 	1.513494e-02 
3.339940e-01 	1.512410e-02 
3.342260e-01 	1.511324e-02 
3.344570e-01 	1.510245e-02 
3.346890e-01 	1.509163e-02 
3.349200e-01 	1.508087e-02 
3.351520e-01 	1.507009e-02 
3.353830e-01 	1.505938e-02 
3.356150e-01 	1.504864e-02 
3.358460e-01 	1.503796e-02 
3.360770e-01 	1.502731e-02 
3.363090e-01 	1.501662e-02 
3.365400e-01 	1.500601e-02 
3.367720e-01 	1.499536e-02 
3.370030e-01 	1.498478e-02 
3.372350e-01 	1.497418e-02 
3.374660e-01 	1.496364e-02 
3.376980e-01 	1.495307e-02 
3.379290e-01 	1.494256e-02 
3.381610e-01 	1.493203e-02 
3.383920e-01 	1.492156e-02 
3.386230e-01 	1.491112e-02 
3.388550e-01 	1.490064e-02 
3.390860e-01 	1.489023e-02 
3.393180e-01 	1.487979e-02 
3.395490e-01 	1.486941e-02 
3.397810e-01 	1.485901e-02 
3.400120e-01 	1.484867e-02 
3.402440e-01 	1.483830e-02 
3.404750e-01 	1.482799e-02 
3.407070e-01 	1.481766e-02 
3.409380e-01 	1.480739e-02 
3.411690e-01 	1.479713e-02 
3.414010e-01 	1.478685e-02 
3.416320e-01 	1.477663e-02 
3.418640e-01 	1.476639e-02 
3.420950e-01 	1.475620e-02 
3.423270e-01 	1.474599e-02 
3.425580e-01 	1.473584e-02 
3.427900e-01 	1.472566e-02 
3.430210e-01 	1.471554e-02 
3.432530e-01 	1.470540e-02 
3.434840e-01 	1.469531e-02 
3.437150e-01 	1.468524e-02 
3.439470e-01 	1.467515e-02 
3.441780e-01 	1.466511e-02 
3.444100e-01 	1.465505e-02 
3.446410e-01 	1.464504e-02 
3.448730e-01 	1.463501e-02 
3.451040e-01 	1.462504e-02 
3.453360e-01 	1.461504e-02 
3.455670e-01 	1.460510e-02 
3.457980e-01 	1.459517e-02 
3.460300e-01 	1.458522e-02 
3.462610e-01 	1.457532e-02 
3.464930e-01 	1.456540e-02 
3.467240e-01 	1.455553e-02 
3.469560e-01 	1.454564e-02 
3.471870e-01 	1.453581e-02 
3.474190e-01 	1.452595e-02 
3.476500e-01 	1.451614e-02 
3.478820e-01 	1.450631e-02 
3.481130e-01 	1.449654e-02 
3.483440e-01 	1.448678e-02 
3.485760e-01 	1.447699e-02 
3.488070e-01 	1.446726e-02 
3.490390e-01 	1.445750e-02 
3.492700e-01 	1.444780e-02 
3.495020e-01 	1.443807e-02 
3.497330e-01 	1.442840e-02 
3.499650e-01 	1.441870e-02 
3.501960e-01 	1.440905e-02 
3.504280e-01 	1.439938e-02 
3.506590e-01 	1.438977e-02 
3.508900e-01 	1.438016e-02 
3.511220e-01 	1.437053e-02 
3.513530e-01 	1.436096e-02 
3.515850e-01 	1.435136e-02 
3.518160e-01 	1.434181e-02 
3.520480e-01 	1.433224e-02 
3.522790e-01 	1.432272e-02 
3.525110e-01 	1.431317e-02 
3.527420e-01 	1.430368e-02 
3.529740e-01 	1.429416e-02 
3.532050e-01 	1.428469e-02 
3.534360e-01 	1.427524e-02 
3.536680e-01 	1.426576e-02 
3.538990e-01 	1.425634e-02 
3.541310e-01 	1.424688e-02 
3.543620e-01 	1.423748e-02 
3.545940e-01 	1.422806e-02 
3.548250e-01 	1.421868e-02 
3.550570e-01 	1.420928e-02 
3.552880e-01 	1.419993e-02 
3.555200e-01 	1.419056e-02 
3.557510e-01 	1.418124e-02 
3.559820e-01 	1.417193e-02 
3.562140e-01 	1.416259e-02 
3.564450e-01 	1.415331e-02 
3.566770e-01 	1.414399e-02 
3.569080e-01 	1.413474e-02 
3.571400e-01 	1.412545e-02 
3.573710e-01 	1.411621e-02 
3.576030e-01 	1.410695e-02 
3.578340e-01 	1.409774e-02 
3.580650e-01 	1.408855e-02 
3.582970e-01 	1.407932e-02 
3.585280e-01 	1.407015e-02 
3.587600e-01 	1.406095e-02 
3.589910e-01 	1.405180e-02 
3.592230e-01 	1.404262e-02 
3.594540e-01 	1.403350e-02 
3.596860e-01 	1.402434e-02 
3.599170e-01 	1.401524e-02 
3.601490e-01 	1.400611e-02 
3.603800e-01 	1.399703e-02 
3.606110e-01 	1.398797e-02 
3.608430e-01 	1.397887e-02 
3.610740e-01 	1.396983e-02 
3.613060e-01 	1.396076e-02 
3.615370e-01 	1.395174e-02 
3.617690e-01 	1.394270e-02 
3.620000e-01 	1.393370e-02 
3.622320e-01 	1.392468e-02 
3.624630e-01 	1.391570e-02 
3.626950e-01 	1.390670e-02 
3.629260e-01 	1.389775e-02 
3.631570e-01 	1.388882e-02 
3.633890e-01 	1.387985e-02 
3.636200e-01 	1.387094e-02 
3.638520e-01 	1.386199e-02 
3.640830e-01 	1.385310e-02 
3.643150e-01 	1.384418e-02 
3.645460e-01 	1.383531e-02 
3.647780e-01 	1.382641e-02 
3.650090e-01 	1.381757e-02 
3.652410e-01 	1.380869e-02 
3.654720e-01 	1.379987e-02 
3.657030e-01 	1.379105e-02 
3.659350e-01 	1.378221e-02 
3.661660e-01 	1.377342e-02 
3.663980e-01 	1.376460e-02 
3.666290e-01 	1.375583e-02 
3.668610e-01 	1.374704e-02 
3.670920e-01 	1.373829e-02 
3.673240e-01 	1.372952e-02 
3.675550e-01 	1.372079e-02 
3.677870e-01 	1.371204e-02 
3.680180e-01 	1.370334e-02 
3.682490e-01 	1.369464e-02 
3.684810e-01 	1.368592e-02 
3.687120e-01 	1.367725e-02 
3.689440e-01 	1.366856e-02 
3.691750e-01 	1.365991e-02 
3.694070e-01 	1.365123e-02 
3.696380e-01 	1.364260e-02 
3.698700e-01 	1.363395e-02 
3.701010e-01 	1.362534e-02 
3.703330e-01 	1.361671e-02 
3.705640e-01 	1.360812e-02 
3.707950e-01 	1.359955e-02 
3.710270e-01 	1.359095e-02 
3.712580e-01 	1.358239e-02 
3.714900e-01 	1.357381e-02 
3.717210e-01 	1.356528e-02 
3.719530e-01 	1.355672e-02 
3.721840e-01 	1.354821e-02 
3.724160e-01 	1.353967e-02 
3.726470e-01 	1.353118e-02 
3.728780e-01 	1.352270e-02 
3.731100e-01 	1.351419e-02 
3.733410e-01 	1.350573e-02 
3.735730e-01 	1.349724e-02 
3.738040e-01 	1.348880e-02 
3.740360e-01 	1.348033e-02 
3.742670e-01 	1.347191e-02 
3.744990e-01 	1.346347e-02 
3.747300e-01 	1.345507e-02 
3.749620e-01 	1.344664e-02 
3.751930e-01 	1.343826e-02 
3.754240e-01 	1.342989e-02 
3.756560e-01 	1.342150e-02 
3.758870e-01 	1.341315e-02 
3.761190e-01 	1.340477e-02 
3.763500e-01 	1.339644e-02 
3.765820e-01 	1.338808e-02 
3.768130e-01 	1.337977e-02 
3.770450e-01 	1.337144e-02 
3.772760e-01 	1.336315e-02 
3.775080e-01 	1.335483e-02 
3.777390e-01 	1.334656e-02 
3.779700e-01 	1.333830e-02 
3.782020e-01 	1.333001e-02 
3.784330e-01 	1.332177e-02 
3.786650e-01 	1.331350e-02 
3.788960e-01 	1.330528e-02 
3.791280e-01 	1.329703e-02 
3.793590e-01 	1.328883e-02 
3.795910e-01 	1.328060e-02 
3.798220e-01 	1.327241e-02 
3.800540e-01 	1.326420e-02 
3.802850e-01 	1.325604e-02 
3.805160e-01 	1.324788e-02 
3.807480e-01 	1.323970e-02 
3.809790e-01 	1.323156e-02 
3.812110e-01 	1.322340e-02 
3.814420e-01 	1.321528e-02 
3.816740e-01 	1.320714e-02 
3.819050e-01 	1.319904e-02 
3.821370e-01 	1.319091e-02 
3.823680e-01 	1.318283e-02 
3.826000e-01 	1.317472e-02 
3.828310e-01 	1.316666e-02 
3.830620e-01 	1.315860e-02 
3.832940e-01 	1.315052e-02 
3.835250e-01 	1.314249e-02 
3.837570e-01 	1.313442e-02 
3.839880e-01 	1.312641e-02 
3.842200e-01 	1.311836e-02 
3.844510e-01 	1.311036e-02 
3.846830e-01 	1.310233e-02 
3.849140e-01 	1.309435e-02 
3.851450e-01 	1.308637e-02 
3.853770e-01 	1.307837e-02 
3.856080e-01 	1.307041e-02 
3.858400e-01 	1.306243e-02 
3.860710e-01 	1.305449e-02 
3.863030e-01 	1.304652e-02 
3.865340e-01 	1.303860e-02 
3.867660e-01 	1.303065e-02 
3.869970e-01 	1.302274e-02 
3.872290e-01 	1.301481e-02 
3.874600e-01 	1.300692e-02 
3.876910e-01 	1.299904e-02 
3.879230e-01 	1.299113e-02 
3.881540e-01 	1.298326e-02 
3.883860e-01 	1.297537e-02 
3.886170e-01 	1.296752e-02 
3.888490e-01 	1.295965e-02 
3.890800e-01 	1.295182e-02 
3.893120e-01 	1.294396e-02 
3.895430e-01 	1.293614e-02 
3.897750e-01 	1.292830e-02 
3.900060e-01 	1.292050e-02 
3.902370e-01 	1.291271e-02 
3.904690e-01 	1.290489e-02 
3.907000e-01 	1.289711e-02 
3.909320e-01 	1.288931e-02 
3.911630e-01 	1.288155e-02 
3.913950e-01 	1.287376e-02 
3.916260e-01 	1.286601e-02 
3.918580e-01 	1.285824e-02 
3.920890e-01 	1.285051e-02 
3.923210e-01 	1.284275e-02 
3.925520e-01 	1.283504e-02 
3.927830e-01 	1.282733e-02 
3.930150e-01 	1.281960e-02 
3.932460e-01 	1.281190e-02 
3.934780e-01 	1.280418e-02 
3.937090e-01 	1.279651e-02 
3.939410e-01 	1.278880e-02 
3.941720e-01 	1.278114e-02 
3.944040e-01 	1.277345e-02 
3.946350e-01 	1.276580e-02 
3.948670e-01 	1.275812e-02 
3.950980e-01 	1.275049e-02 
3.953290e-01 	1.274286e-02 
3.955610e-01 	1.273521e-02 
3.957920e-01 	1.272759e-02 
3.960240e-01 	1.271995e-02 
3.962550e-01 	1.271235e-02 
3.964870e-01 	1.270473e-02 
3.967180e-01 	1.269714e-02 
3.969500e-01 	1.268953e-02 
3.971810e-01 	1.268196e-02 
3.974130e-01 	1.267436e-02 
3.976440e-01 	1.266680e-02 
3.978750e-01 	1.265925e-02 
3.981070e-01 	1.265168e-02 
3.983380e-01 	1.264414e-02 
3.985700e-01 	1.263658e-02 
3.988010e-01 	1.262905e-02 
3.990330e-01 	1.262150e-02 
3.992640e-01 	1.261399e-02 
3.994960e-01 	1.260645e-02 
3.997270e-01 	1.259896e-02 
3.999580e-01 	1.259147e-02 
4.001900e-01 	1.258395e-02 
4.004210e-01 	1.257647e-02 
4.006530e-01 	1.256897e-02 
4.008840e-01 	1.256151e-02 
4.011160e-01 	1.255402e-02 
4.013470e-01 	1.254656e-02 
4.015790e-01 	1.253909e-02 
4.018100e-01 	1.253165e-02 
4.020420e-01 	1.252418e-02 
4.022730e-01 	1.251676e-02 
4.025040e-01 	1.250934e-02 
4.027360e-01 	1.250189e-02 
4.029670e-01 	1.249449e-02 
4.031990e-01 	1.248705e-02 
4.034300e-01 	1.247966e-02 
4.036620e-01 	1.247224e-02 
4.038930e-01 	1.246486e-02 
4.041250e-01 	1.245745e-02 
4.043560e-01 	1.245008e-02 
4.045880e-01 	1.244268e-02 
4.048190e-01 	1.243533e-02 
4.050500e-01 	1.242797e-02 
4.052820e-01 	1.242060e-02 
4.055130e-01 	1.241326e-02 
4.057450e-01 	1.240589e-02 
4.059760e-01 	1.239856e-02 
4.062080e-01 	1.239121e-02 
4.064390e-01 	1.238390e-02 
4.066710e-01 	1.237656e-02 
4.069020e-01 	1.236925e-02 
4.071340e-01 	1.236192e-02 
4.073650e-01 	1.235463e-02 
4.075960e-01 	1.234734e-02 
4.078280e-01 	1.234003e-02 
4.080590e-01 	1.233276e-02 
4.082910e-01 	1.232546e-02 
4.085220e-01 	1.231820e-02 
4.087540e-01 	1.231091e-02 
4.089850e-01 	1.230366e-02 
4.092170e-01 	1.229638e-02 
4.094480e-01 	1.228914e-02 
4.096800e-01 	1.228188e-02 
4.099110e-01 	1.227465e-02 
4.101420e-01 	1.226743e-02 
4.103740e-01 	1.226018e-02 
4.106050e-01 	1.225297e-02 
4.108370e-01 	1.224573e-02 
4.110680e-01 	1.223853e-02 
4.113000e-01 	1.223131e-02 
4.115310e-01 	1.222412e-02 
4.117630e-01 	1.221690e-02 
4.119940e-01 	1.220973e-02 
4.122250e-01 	1.220256e-02 
4.124570e-01 	1.219536e-02 
4.126880e-01 	1.218820e-02 
4.129200e-01 	1.218101e-02 
4.131510e-01 	1.217387e-02 
4.133830e-01 	1.216669e-02 
4.136140e-01 	1.215955e-02 
4.138460e-01 	1.215239e-02 
4.140770e-01 	1.214526e-02 
4.143090e-01 	1.213811e-02 
4.145400e-01 	1.213100e-02 
4.147710e-01 	1.212389e-02 
4.150030e-01 	1.211675e-02 
4.152340e-01 	1.210965e-02 
4.154660e-01 	1.210253e-02 
4.156970e-01 	1.209544e-02 
4.159290e-01 	1.208833e-02 
4.161600e-01 	1.208125e-02 
4.163920e-01 	1.207415e-02 
4.166230e-01 	1.206708e-02 
4.168550e-01 	1.205999e-02 
4.170860e-01 	1.205293e-02 
4.173170e-01 	1.204588e-02 
4.175490e-01 	1.203881e-02 
4.177800e-01 	1.203177e-02 
4.180120e-01 	1.202470e-02 
4.182430e-01 	1.201767e-02 
4.184750e-01 	1.201062e-02 
4.187060e-01 	1.200360e-02 
4.189380e-01 	1.199656e-02 
4.191690e-01 	1.198955e-02 
4.194010e-01 	1.198252e-02 
4.196320e-01 	1.197552e-02 
4.198630e-01 	1.196852e-02 
4.200950e-01 	1.196151e-02 
4.203260e-01 	1.195452e-02 
4.205580e-01 	1.194752e-02 
4.207890e-01 	1.194054e-02 
4.210210e-01 	1.193355e-02 
4.212520e-01 	1.192658e-02 
4.214840e-01 	1.191960e-02 
4.217150e-01 	1.191264e-02 
4.219470e-01 	1.190567e-02 
4.221780e-01 	1.189873e-02 
4.224090e-01 	1.189179e-02 
4.226410e-01 	1.188483e-02 
4.228720e-01 	1.187790e-02 
4.231040e-01 	1.187095e-02 
4.233350e-01 	1.186403e-02 
4.235670e-01 	1.185709e-02 
4.237980e-01 	1.185018e-02 
4.240300e-01 	1.184325e-02 
4.242610e-01 	1.183635e-02 
4.244930e-01 	1.182943e-02 
4.247240e-01 	1.182254e-02 
4.249550e-01 	1.181566e-02 
4.251870e-01 	1.180875e-02 
4.254180e-01 	1.180188e-02 
4.256500e-01 	1.179498e-02 
4.258810e-01 	1.178812e-02 
4.261130e-01 	1.178123e-02 
4.263440e-01 	1.177438e-02 
4.265760e-01 	1.176750e-02 
4.268070e-01 	1.176065e-02 
4.270380e-01 	1.175381e-02 
4.272700e-01 	1.174695e-02 
4.275010e-01 	1.174012e-02 
4.277330e-01 	1.173327e-02 
4.279640e-01 	1.172645e-02 
4.281960e-01 	1.171960e-02 
4.284270e-01 	1.171279e-02 
4.286590e-01 	1.170595e-02 
4.288900e-01 	1.169915e-02 
4.291220e-01 	1.169233e-02 
4.293530e-01 	1.168553e-02 
4.295840e-01 	1.167875e-02 
4.298160e-01 	1.167193e-02 
4.300470e-01 	1.166516e-02 
4.302790e-01 	1.165835e-02 
4.305100e-01 	1.165158e-02 
4.307420e-01 	1.164479e-02 
4.309730e-01 	1.163803e-02 
4.312050e-01 	1.163124e-02 
4.314360e-01 	1.162449e-02 
4.316680e-01 	1.161772e-02 
4.318990e-01 	1.161097e-02 
4.321300e-01 	1.160424e-02 
4.323620e-01 	1.159747e-02 
4.325930e-01 	1.159074e-02 
4.328250e-01 	1.158399e-02 
4.330560e-01 	1.157727e-02 
4.332880e-01 	1.157053e-02 
4.335190e-01 	1.156381e-02 
4.337510e-01 	1.155708e-02 
4.339820e-01 	1.155038e-02 
4.342140e-01 	1.154365e-02 
4.344450e-01 	1.153695e-02 
4.346760e-01 	1.153026e-02 
4.349080e-01 	1.152355e-02 
4.351390e-01 	1.151687e-02 
4.353710e-01 	1.151016e-02 
4.356020e-01 	1.150349e-02 
4.358340e-01 	1.149680e-02 
4.360650e-01 	1.149013e-02 
4.362970e-01 	1.148344e-02 
4.365280e-01 	1.147679e-02 
4.367600e-01 	1.147011e-02 
4.369910e-01 	1.146346e-02 
4.372220e-01 	1.145682e-02 
4.374540e-01 	1.145015e-02 
4.376850e-01 	1.144352e-02 
4.379170e-01 	1.143686e-02 
4.381480e-01 	1.143023e-02 
4.383800e-01 	1.142358e-02 
4.386110e-01 	1.141697e-02 
4.388430e-01 	1.141033e-02 
4.390740e-01 	1.140372e-02 
4.393050e-01 	1.139711e-02 
4.395370e-01 	1.139048e-02 
4.397680e-01 	1.138389e-02 
4.400000e-01 	1.137727e-02 
4.402310e-01 	1.137068e-02 
4.404630e-01 	1.136407e-02 
4.406940e-01 	1.135749e-02 
4.409260e-01 	1.135088e-02 
4.411570e-01 	1.134431e-02 
4.413890e-01 	1.133772e-02 
4.416200e-01 	1.133115e-02 
4.418510e-01 	1.132459e-02 
4.420830e-01 	1.131801e-02 
4.423140e-01 	1.131146e-02 
4.425460e-01 	1.130489e-02 
4.427770e-01 	1.129834e-02 
4.430090e-01 	1.129178e-02 
4.432400e-01 	1.128524e-02 
4.434720e-01 	1.127868e-02 
4.437030e-01 	1.127215e-02 
4.439350e-01 	1.126560e-02 
4.441660e-01 	1.125908e-02 
4.443970e-01 	1.125257e-02 
4.446290e-01 	1.124603e-02 
4.448600e-01 	1.123952e-02 
4.450920e-01 	1.123299e-02 
4.453230e-01 	1.122649e-02 
4.455550e-01 	1.121997e-02 
4.457860e-01 	1.121348e-02 
4.460180e-01 	1.120696e-02 
4.462490e-01 	1.120048e-02 
4.464810e-01 	1.119397e-02 
4.467120e-01 	1.118749e-02 
4.469430e-01 	1.118102e-02 
4.471750e-01 	1.117453e-02 
4.474060e-01 	1.116806e-02 
4.476380e-01 	1.116157e-02 
4.478690e-01 	1.115512e-02 
4.481010e-01 	1.114864e-02 
4.483320e-01 	1.114219e-02 
4.485640e-01 	1.113572e-02 
4.487950e-01 	1.112928e-02 
4.490270e-01 	1.112281e-02 
4.492580e-01 	1.111638e-02 
4.494890e-01 	1.110995e-02 
4.497210e-01 	1.110350e-02 
4.499520e-01 	1.109708e-02 
4.501840e-01 	1.109063e-02 
4.504150e-01 	1.108422e-02 
4.506470e-01 	1.107778e-02 
4.508780e-01 	1.107138e-02 
4.511100e-01 	1.106495e-02 
4.513410e-01 	1.105855e-02 
4.515730e-01 	1.105213e-02 
4.518040e-01 	1.104574e-02 
4.520350e-01 	1.103935e-02 
4.522670e-01 	1.103294e-02 
4.524980e-01 	1.102656e-02 
4.527300e-01 	1.102016e-02 
4.529610e-01 	1.101379e-02 
4.531930e-01 	1.100739e-02 
4.534240e-01 	1.100103e-02 
4.536560e-01 	1.099464e-02 
4.538870e-01 	1.098828e-02 
4.541180e-01 	1.098193e-02 
4.543500e-01 	1.097556e-02 
4.545810e-01 	1.096921e-02 
4.548130e-01 	1.096284e-02 
4.550440e-01 	1.095650e-02 
4.552760e-01 	1.095014e-02 
4.555070e-01 	1.094381e-02 
4.557390e-01 	1.093746e-02 
4.559700e-01 	1.093114e-02 
4.562020e-01 	1.092479e-02 
4.564330e-01 	1.091847e-02 
4.566640e-01 	1.091216e-02 
4.568960e-01 	1.090583e-02 
4.571270e-01 	1.089952e-02 
4.573590e-01 	1.089319e-02 
4.575900e-01 	1.088690e-02 
4.578220e-01 	1.088057e-02 
4.580530e-01 	1.087428e-02 
4.582850e-01 	1.086797e-02 
4.585160e-01 	1.086169e-02 
4.587480e-01 	1.085538e-02 
4.589790e-01 	1.084910e-02 
4.592100e-01 	1.084283e-02 
4.594420e-01 	1.083653e-02 
4.596730e-01 	1.083027e-02 
4.599050e-01 	1.082398e-02 
4.601360e-01 	1.081772e-02 
4.603680e-01 	1.081144e-02 
4.605990e-01 	1.080518e-02 
4.608310e-01 	1.079891e-02 
4.610620e-01 	1.079266e-02 
4.612940e-01 	1.078639e-02 
4.615250e-01 	1.078016e-02 
4.617560e-01 	1.077392e-02 
4.619880e-01 	1.076766e-02 
4.622190e-01 	1.076143e-02 
4.624510e-01 	1.075518e-02 
4.626820e-01 	1.074896e-02 
4.629140e-01 	1.074272e-02 
4.631450e-01 	1.073650e-02 
4.633770e-01 	1.073026e-02 
4.636080e-01 	1.072406e-02 
4.638400e-01 	1.071782e-02 
4.640710e-01 	1.071162e-02 
4.643020e-01 	1.070542e-02 
4.645340e-01 	1.069920e-02 
4.647650e-01 	1.069301e-02 
4.649970e-01 	1.068680e-02 
4.652280e-01 	1.068061e-02 
4.654600e-01 	1.067440e-02 
4.656910e-01 	1.066822e-02 
4.659230e-01 	1.066202e-02 
4.661540e-01 	1.065585e-02 
4.663850e-01 	1.064968e-02 
4.666170e-01 	1.064349e-02 
4.668480e-01 	1.063732e-02 
4.670800e-01 	1.063114e-02 
4.673110e-01 	1.062498e-02 
4.675430e-01 	1.061880e-02 
4.677740e-01 	1.061265e-02 
4.680060e-01 	1.060648e-02 
4.682370e-01 	1.060033e-02 
4.684690e-01 	1.059416e-02 
4.687000e-01 	1.058802e-02 
4.689310e-01 	1.058189e-02 
4.691630e-01 	1.057573e-02 
4.693940e-01 	1.056960e-02 
4.696260e-01 	1.056345e-02 
4.698570e-01 	1.055732e-02 
4.700890e-01 	1.055118e-02 
4.703200e-01 	1.054506e-02 
4.705520e-01 	1.053892e-02 
4.707830e-01 	1.053281e-02 
4.710150e-01 	1.052667e-02 
4.712460e-01 	1.052057e-02 
4.714770e-01 	1.051446e-02 
4.717090e-01 	1.050834e-02 
4.719400e-01 	1.050224e-02 
4.721720e-01 	1.049612e-02 
4.724030e-01 	1.049003e-02 
4.726350e-01 	1.048391e-02 
4.728660e-01 	1.047783e-02 
4.730980e-01 	1.047172e-02 
4.733290e-01 	1.046564e-02 
4.735610e-01 	1.045953e-02 
4.737920e-01 	1.045346e-02 
4.740230e-01 	1.044739e-02 
4.742550e-01 	1.044129e-02 
4.744860e-01 	1.043523e-02 
4.747180e-01 	1.042914e-02 
4.749490e-01 	1.042307e-02 
4.751810e-01 	1.041699e-02 
4.754120e-01 	1.041093e-02 
4.756440e-01 	1.040486e-02 
4.758750e-01 	1.039881e-02 
4.761070e-01 	1.039273e-02 
4.763380e-01 	1.038669e-02 
4.765690e-01 	1.038065e-02 
4.768010e-01 	1.037458e-02 
4.770320e-01 	1.036855e-02 
4.772640e-01 	1.036249e-02 
4.774950e-01 	1.035646e-02 
4.777270e-01 	1.035040e-02 
4.779580e-01 	1.034438e-02 
4.781900e-01 	1.033833e-02 
4.784210e-01 	1.033231e-02 
4.786530e-01 	1.032627e-02 
4.788840e-01 	1.032026e-02 
4.791150e-01 	1.031425e-02 
4.793470e-01 	1.030822e-02 
4.795780e-01 	1.030221e-02 
4.798100e-01 	1.029619e-02 
4.800410e-01 	1.029019e-02 
4.802730e-01 	1.028417e-02 
4.805040e-01 	1.027818e-02 
4.807360e-01 	1.027216e-02 
4.809670e-01 	1.026618e-02 
4.811980e-01 	1.026020e-02 
4.814300e-01 	1.025419e-02 
4.816610e-01 	1.024821e-02 
4.818930e-01 	1.024222e-02 
4.821240e-01 	1.023625e-02 
4.823560e-01 	1.023025e-02 
4.825870e-01 	1.022429e-02 
4.828190e-01 	1.021831e-02 
4.830500e-01 	1.021235e-02 
4.832820e-01 	1.020637e-02 
4.835130e-01 	1.020042e-02 
4.837440e-01 	1.019447e-02 
4.839760e-01 	1.018850e-02 
4.842070e-01 	1.018256e-02 
4.844390e-01 	1.017660e-02 
4.846700e-01 	1.017067e-02 
4.849020e-01 	1.016471e-02 
4.851330e-01 	1.015879e-02 
4.853650e-01 	1.015284e-02 
4.855960e-01 	1.014692e-02 
4.858280e-01 	1.014098e-02 
4.860590e-01 	1.013506e-02 
4.862900e-01 	1.012915e-02 
4.865220e-01 	1.012322e-02 
4.867530e-01 	1.011732e-02 
4.869850e-01 	1.011140e-02 
4.872160e-01 	1.010550e-02 
4.874480e-01 	1.009958e-02 
4.876790e-01 	1.009370e-02 
4.879110e-01 	1.008779e-02 
4.881420e-01 	1.008190e-02 
4.883740e-01 	1.007600e-02 
4.886050e-01 	1.007013e-02 
4.888360e-01 	1.006425e-02 
4.890680e-01 	1.005836e-02 
4.892990e-01 	1.005250e-02 
4.895310e-01 	1.004661e-02 
4.897620e-01 	1.004075e-02 
4.899940e-01 	1.003487e-02 
4.902250e-01 	1.002902e-02 
4.904570e-01 	1.002314e-02 
4.906880e-01 	1.001730e-02 
4.909200e-01 	1.001143e-02 
4.911510e-01 	1.000558e-02 
4.913820e-01 	9.999746e-03 
4.916140e-01 	9.993885e-03 
4.918450e-01 	9.988051e-03 
4.920770e-01 	9.982195e-03 
4.923080e-01 	9.976366e-03 
4.925400e-01 	9.970514e-03 
4.927710e-01 	9.964690e-03 
4.930030e-01 	9.958842e-03 
4.932340e-01 	9.953022e-03 
4.934650e-01 	9.947203e-03 
4.936970e-01 	9.941362e-03 
4.939280e-01 	9.935547e-03 
4.941600e-01 	9.929709e-03 
4.943910e-01 	9.923897e-03 
4.946230e-01 	9.918062e-03 
4.948540e-01 	9.912254e-03 
4.950860e-01 	9.906422e-03 
4.953170e-01 	9.900616e-03 
4.955490e-01 	9.894786e-03 
4.957800e-01 	9.888982e-03 
4.960110e-01 	9.883180e-03 
4.962430e-01 	9.877353e-03 
4.964740e-01 	9.871553e-03 
4.967060e-01 	9.865728e-03 
4.969370e-01 	9.859928e-03 
4.971690e-01 	9.854105e-03 
4.974000e-01 	9.848307e-03 
4.976320e-01 	9.842484e-03 
4.978630e-01 	9.836687e-03 
4.980950e-01 	9.830865e-03 
4.983260e-01 	9.825068e-03 
4.985570e-01 	9.819272e-03 
4.987890e-01 	9.813450e-03 
4.990200e-01 	9.807654e-03 
4.992520e-01 	9.801832e-03 
4.994830e-01 	9.796035e-03 
4.997150e-01 	9.790213e-03 
4.999460e-01 	9.784415e-03 
