#q 	 Ifit_avg 
9.738000e-03 	1.000000e+00 
1.001400e-02 	9.974090e-01 
1.029100e-02 	9.948180e-01 
1.056800e-02 	9.922255e-01 
1.084400e-02 	9.896299e-01 
1.112100e-02 	9.870323e-01 
1.139800e-02 	9.844301e-01 
1.167400e-02 	9.818243e-01 
1.195100e-02 	9.792134e-01 
1.222700e-02 	9.765957e-01 
1.250400e-02 	9.739722e-01 
1.278100e-02 	9.713414e-01 
1.305700e-02 	9.687014e-01 
1.333400e-02 	9.660536e-01 
1.361100e-02 	9.633951e-01 
1.388700e-02 	9.607272e-01 
1.416400e-02 	9.580483e-01 
1.444100e-02 	9.553565e-01 
1.471700e-02 	9.526530e-01 
1.499400e-02 	9.499363e-01 
1.527000e-02 	9.472044e-01 
1.554700e-02 	9.444587e-01 
1.582400e-02 	9.416975e-01 
1.610000e-02 	9.389189e-01 
1.637700e-02 	9.361243e-01 
1.665400e-02 	9.333109e-01 
1.693000e-02 	9.304799e-01 
1.720700e-02 	9.276297e-01 
1.748300e-02 	9.247584e-01 
1.776000e-02 	9.218673e-01 
1.803700e-02 	9.189548e-01 
1.831300e-02 	9.160189e-01 
1.859000e-02 	9.130611e-01 
1.886700e-02 	9.100785e-01 
1.914300e-02 	9.070725e-01 
1.942000e-02 	9.040414e-01 
1.969700e-02 	9.009834e-01 
1.997300e-02 	8.979000e-01 
2.025000e-02 	8.947895e-01 
2.052700e-02 	8.916501e-01 
2.080300e-02 	8.884837e-01 
2.108000e-02 	8.852875e-01 
2.135600e-02 	8.820634e-01 
2.163300e-02 	8.788099e-01 
2.191000e-02 	8.755256e-01 
2.218600e-02 	8.722127e-01 
2.246300e-02 	8.688700e-01 
2.274000e-02 	8.654961e-01 
2.301600e-02 	8.620936e-01 
2.329300e-02 	8.586614e-01 
2.357000e-02 	8.551986e-01 
2.384600e-02 	8.517078e-01 
2.412300e-02 	8.481869e-01 
2.439900e-02 	8.446390e-01 
2.467600e-02 	8.410633e-01 
2.495300e-02 	8.374589e-01 
2.522900e-02 	8.338293e-01 
2.550600e-02 	8.301737e-01 
2.578300e-02 	8.264915e-01 
2.605900e-02 	8.227861e-01 
2.633600e-02 	8.190558e-01 
2.661300e-02 	8.153042e-01 
2.688900e-02 	8.115306e-01 
2.716600e-02 	8.077346e-01 
2.744200e-02 	8.039201e-01 
2.771900e-02 	8.000865e-01 
2.799600e-02 	7.962334e-01 
2.827200e-02 	7.923645e-01 
2.854900e-02 	7.884781e-01 
2.882600e-02 	7.845780e-01 
2.910200e-02 	7.806636e-01 
2.937900e-02 	7.767345e-01 
2.965600e-02 	7.727946e-01 
2.993200e-02 	7.688433e-01 
3.020900e-02 	7.648801e-01 
3.048500e-02 	7.609088e-01 
3.076200e-02 	7.569274e-01 
3.103900e-02 	7.529397e-01 
3.131500e-02 	7.489452e-01 
3.159200e-02 	7.449432e-01 
3.186900e-02 	7.409374e-01 
3.214500e-02 	7.369273e-01 
3.242200e-02 	7.329121e-01 
3.269900e-02 	7.288957e-01 
3.297500e-02 	7.248772e-01 
3.325200e-02 	7.208560e-01 
3.352800e-02 	7.168357e-01 
3.380500e-02 	7.128141e-01 
3.408200e-02 	7.087948e-01 
3.435800e-02 	7.047771e-01 
3.463500e-02 	7.007600e-01 
3.491200e-02 	6.967472e-01 
3.518800e-02 	6.927379e-01 
3.546500e-02 	6.887311e-01 
3.574200e-02 	6.847303e-01 
3.601800e-02 	6.807332e-01 
3.629500e-02 	6.767433e-01 
3.657100e-02 	6.727596e-01 
3.684800e-02 	6.687813e-01 
3.712500e-02 	6.648116e-01 
3.740100e-02 	6.608495e-01 
3.767800e-02 	6.568942e-01 
3.795500e-02 	6.529490e-01 
3.823100e-02 	6.490114e-01 
3.850800e-02 	6.450847e-01 
3.878400e-02 	6.411679e-01 
3.906100e-02 	6.372598e-01 
3.933800e-02 	6.333639e-01 
3.961400e-02 	6.294789e-01 
3.989100e-02 	6.256039e-01 
4.016800e-02 	6.217419e-01 
4.044400e-02 	6.178920e-01 
4.072100e-02 	6.140529e-01 
4.099800e-02 	6.102279e-01 
4.127400e-02 	6.064144e-01 
4.155100e-02 	6.026155e-01 
4.182800e-02 	5.988300e-01 
4.210400e-02 	5.950569e-01 
4.238100e-02 	5.912991e-01 
4.265700e-02 	5.875554e-01 
4.293400e-02 	5.838249e-01 
4.321100e-02 	5.801103e-01 
4.348700e-02 	5.764092e-01 
4.376400e-02 	5.727245e-01 
4.404100e-02 	5.690550e-01 
4.431700e-02 	5.653997e-01 
4.459400e-02 	5.617613e-01 
4.487100e-02 	5.581386e-01 
4.514700e-02 	5.545305e-01 
4.542400e-02 	5.509397e-01 
4.570100e-02 	5.473639e-01 
4.597700e-02 	5.438057e-01 
4.625400e-02 	5.402641e-01 
4.653000e-02 	5.367378e-01 
4.680700e-02 	5.332295e-01 
4.708400e-02 	5.297381e-01 
4.736000e-02 	5.262624e-01 
4.763700e-02 	5.228051e-01 
4.791300e-02 	5.193650e-01 
4.819000e-02 	5.159410e-01 
4.846700e-02 	5.125357e-01 
4.874400e-02 	5.091466e-01 
4.902000e-02 	5.057763e-01 
4.929700e-02 	5.024238e-01 
4.957300e-02 	4.990878e-01 
4.985000e-02 	4.957709e-01 
5.012700e-02 	4.924719e-01 
5.040300e-02 	4.891897e-01 
5.068000e-02 	4.859267e-01 
5.095700e-02 	4.826807e-01 
5.123300e-02 	4.794540e-01 
5.151000e-02 	4.762456e-01 
5.178700e-02 	4.730543e-01 
5.206300e-02 	4.698825e-01 
5.234000e-02 	4.667291e-01 
5.261600e-02 	4.635929e-01 
5.289300e-02 	4.604764e-01 
5.317000e-02 	4.573771e-01 
5.344600e-02 	4.542975e-01 
5.372300e-02 	4.512364e-01 
5.400000e-02 	4.481928e-01 
5.427600e-02 	4.451689e-01 
5.455300e-02 	4.421635e-01 
5.483000e-02 	4.391757e-01 
5.510600e-02 	4.362075e-01 
5.538300e-02 	4.332579e-01 
5.565900e-02 	4.303259e-01 
5.593600e-02 	4.274135e-01 
5.621300e-02 	4.245187e-01 
5.648900e-02 	4.216435e-01 
5.676600e-02 	4.187869e-01 
5.704300e-02 	4.159478e-01 
5.731900e-02 	4.131282e-01 
5.759600e-02 	4.103272e-01 
5.787300e-02 	4.075437e-01 
5.814900e-02 	4.047797e-01 
5.842600e-02 	4.020331e-01 
5.870200e-02 	3.993060e-01 
5.897900e-02 	3.965971e-01 
5.925600e-02 	3.939056e-01 
5.953200e-02 	3.912334e-01 
5.980900e-02 	3.885794e-01 
6.008600e-02 	3.859427e-01 
6.036200e-02 	3.833252e-01 
6.063900e-02 	3.807248e-01 
6.091600e-02 	3.781434e-01 
6.119200e-02 	3.755801e-01 
6.146900e-02 	3.730338e-01 
6.174500e-02 	3.705063e-01 
6.202200e-02 	3.679966e-01 
6.229900e-02 	3.655038e-01 
6.257500e-02 	3.630297e-01 
6.285200e-02 	3.605733e-01 
6.312900e-02 	3.581336e-01 
6.340500e-02 	3.557123e-01 
6.368200e-02 	3.533077e-01 
6.395900e-02 	3.509213e-01 
6.423500e-02 	3.485522e-01 
6.451200e-02 	3.461996e-01 
6.478800e-02 	3.438649e-01 
6.506500e-02 	3.415474e-01 
6.534200e-02 	3.392461e-01 
6.561800e-02 	3.369626e-01 
6.589500e-02 	3.346952e-01 
6.617200e-02 	3.324455e-01 
6.644800e-02 	3.302125e-01 
6.672500e-02 	3.279954e-01 
6.700200e-02 	3.257957e-01 
6.727800e-02 	3.236124e-01 
6.755500e-02 	3.214447e-01 
6.783100e-02 	3.192941e-01 
6.810800e-02 	3.171590e-01 
6.838500e-02 	3.150408e-01 
6.866100e-02 	3.129386e-01 
6.893800e-02 	3.108517e-01 
6.921500e-02 	3.087815e-01 
6.949100e-02 	3.067271e-01 
6.976800e-02 	3.046876e-01 
7.004400e-02 	3.026646e-01 
7.032100e-02 	3.006570e-01 
7.059800e-02 	2.986641e-01 
7.087400e-02 	2.966873e-01 
7.115100e-02 	2.947251e-01 
7.142800e-02 	2.927787e-01 
7.170400e-02 	2.908473e-01 
7.198100e-02 	2.889303e-01 
7.225800e-02 	2.870287e-01 
7.253400e-02 	2.851420e-01 
7.281100e-02 	2.832692e-01 
7.308800e-02 	2.814118e-01 
7.336400e-02 	2.795682e-01 
7.364100e-02 	2.777397e-01 
7.391700e-02 	2.759254e-01 
7.419400e-02 	2.741248e-01 
7.447100e-02 	2.723388e-01 
7.474700e-02 	2.705669e-01 
7.502400e-02 	2.688082e-01 
7.530100e-02 	2.670639e-01 
7.557700e-02 	2.653327e-01 
7.585400e-02 	2.636157e-01 
7.613100e-02 	2.619121e-01 
7.640700e-02 	2.602214e-01 
7.668400e-02 	2.585446e-01 
7.696000e-02 	2.568810e-01 
7.723700e-02 	2.552299e-01 
7.751400e-02 	2.535925e-01 
7.779000e-02 	2.519679e-01 
7.806700e-02 	2.503557e-01 
7.834400e-02 	2.487567e-01 
7.862000e-02 	2.471697e-01 
7.889700e-02 	2.455958e-01 
7.917400e-02 	2.440344e-01 
7.945000e-02 	2.424847e-01 
7.972700e-02 	2.409478e-01 
8.000300e-02 	2.394230e-01 
8.028000e-02 	2.379098e-01 
8.055700e-02 	2.364090e-01 
8.083300e-02 	2.349195e-01 
8.111000e-02 	2.334422e-01 
8.138700e-02 	2.319766e-01 
8.166300e-02 	2.305221e-01 
8.194000e-02 	2.290795e-01 
8.221700e-02 	2.276483e-01 
8.249300e-02 	2.262278e-01 
8.277000e-02 	2.248191e-01 
8.304700e-02 	2.234210e-01 
8.332300e-02 	2.220344e-01 
8.360000e-02 	2.206588e-01 
8.387600e-02 	2.192935e-01 
8.415300e-02 	2.179395e-01 
8.443000e-02 	2.165961e-01 
8.470600e-02 	2.152628e-01 
8.498300e-02 	2.139405e-01 
8.526000e-02 	2.126286e-01 
8.553600e-02 	2.113266e-01 
8.581300e-02 	2.100352e-01 
8.608900e-02 	2.087535e-01 
8.636600e-02 	2.074823e-01 
8.664300e-02 	2.062212e-01 
8.691900e-02 	2.049695e-01 
8.719600e-02 	2.037281e-01 
8.747300e-02 	2.024964e-01 
8.774900e-02 	2.012740e-01 
8.802600e-02 	2.000616e-01 
8.830300e-02 	1.988584e-01 
8.857900e-02 	1.976650e-01 
8.885600e-02 	1.964810e-01 
8.913300e-02 	1.953058e-01 
8.940900e-02 	1.941403e-01 
8.968600e-02 	1.929839e-01 
8.996200e-02 	1.918362e-01 
9.023900e-02 	1.906979e-01 
9.051600e-02 	1.895681e-01 
9.079200e-02 	1.884475e-01 
9.106900e-02 	1.873357e-01 
9.134600e-02 	1.862323e-01 
9.162200e-02 	1.851379e-01 
9.189900e-02 	1.840520e-01 
9.217600e-02 	1.829743e-01 
9.245200e-02 	1.819054e-01 
9.272900e-02 	1.808449e-01 
9.300500e-02 	1.797922e-01 
9.328200e-02 	1.787482e-01 
9.355900e-02 	1.777120e-01 
9.383500e-02 	1.766842e-01 
9.411200e-02 	1.756644e-01 
9.438900e-02 	1.746523e-01 
9.466500e-02 	1.736484e-01 
9.494200e-02 	1.726523e-01 
9.521800e-02 	1.716637e-01 
9.549500e-02 	1.706831e-01 
9.577200e-02 	1.697099e-01 
9.604800e-02 	1.687446e-01 
9.632500e-02 	1.677868e-01 
9.660200e-02 	1.668361e-01 
9.687800e-02 	1.658931e-01 
9.715500e-02 	1.649575e-01 
9.743200e-02 	1.640289e-01 
9.770800e-02 	1.631077e-01 
9.798500e-02 	1.621934e-01 
9.826200e-02 	1.612864e-01 
9.853800e-02 	1.603865e-01 
9.881500e-02 	1.594932e-01 
9.909100e-02 	1.586071e-01 
9.936800e-02 	1.577279e-01 
9.964500e-02 	1.568551e-01 
9.992100e-02 	1.559894e-01 
1.001980e-01 	1.551301e-01 
1.004750e-01 	1.542765e-01 
1.007510e-01 	1.534325e-01 
1.010280e-01 	1.525920e-01 
1.013040e-01 	1.517610e-01 
1.015810e-01 	1.509335e-01 
1.018580e-01 	1.501122e-01 
1.021340e-01 	1.493003e-01 
1.024110e-01 	1.484916e-01 
1.026880e-01 	1.476891e-01 
1.029640e-01 	1.468957e-01 
1.032410e-01 	1.461054e-01 
1.035180e-01 	1.453212e-01 
1.037940e-01 	1.445458e-01 
1.040710e-01 	1.437736e-01 
1.043480e-01 	1.430072e-01 
1.046240e-01 	1.422494e-01 
1.049010e-01 	1.414947e-01 
1.051770e-01 	1.407485e-01 
1.054540e-01 	1.400052e-01 
1.057310e-01 	1.392676e-01 
1.060070e-01 	1.385383e-01 
1.062840e-01 	1.378119e-01 
1.065610e-01 	1.370910e-01 
1.068370e-01 	1.363781e-01 
1.071140e-01 	1.356681e-01 
1.073910e-01 	1.349634e-01 
1.076670e-01 	1.342667e-01 
1.079440e-01 	1.335726e-01 
1.082200e-01 	1.328863e-01 
1.084970e-01 	1.322026e-01 
1.087740e-01 	1.315242e-01 
1.090500e-01 	1.308532e-01 
1.093270e-01 	1.301849e-01 
1.096040e-01 	1.295217e-01 
1.098800e-01 	1.288658e-01 
1.101570e-01 	1.282125e-01 
1.104340e-01 	1.275641e-01 
1.107100e-01 	1.269229e-01 
1.109870e-01 	1.262842e-01 
1.112630e-01 	1.256526e-01 
1.115400e-01 	1.250234e-01 
1.118170e-01 	1.243990e-01 
1.120930e-01 	1.237815e-01 
1.123700e-01 	1.231663e-01 
1.126470e-01 	1.225558e-01 
1.129230e-01 	1.219520e-01 
1.132000e-01 	1.213505e-01 
1.134770e-01 	1.207535e-01 
1.137530e-01 	1.201630e-01 
1.140300e-01 	1.195748e-01 
1.143060e-01 	1.189930e-01 
1.145830e-01 	1.184135e-01 
1.148600e-01 	1.178381e-01 
1.151360e-01 	1.172691e-01 
1.154130e-01 	1.167023e-01 
1.156900e-01 	1.161396e-01 
1.159660e-01 	1.155830e-01 
1.162430e-01 	1.150286e-01 
1.165200e-01 	1.144782e-01 
1.167960e-01 	1.139339e-01 
1.170730e-01 	1.133916e-01 
1.173490e-01 	1.128552e-01 
1.176260e-01 	1.123208e-01 
1.179030e-01 	1.117903e-01 
1.181790e-01 	1.112656e-01 
1.184560e-01 	1.107428e-01 
1.187330e-01 	1.102239e-01 
1.190090e-01 	1.097105e-01 
1.192860e-01 	1.091991e-01 
1.195630e-01 	1.086913e-01 
1.198390e-01 	1.081891e-01 
1.201160e-01 	1.076886e-01 
1.203920e-01 	1.071935e-01 
1.206690e-01 	1.067002e-01 
1.209460e-01 	1.062104e-01 
1.212220e-01 	1.057259e-01 
1.214990e-01 	1.052431e-01 
1.217760e-01 	1.047637e-01 
1.220520e-01 	1.042895e-01 
1.223290e-01 	1.038169e-01 
1.226060e-01 	1.033477e-01 
1.228820e-01 	1.028836e-01 
1.231590e-01 	1.024211e-01 
1.234350e-01 	1.019635e-01 
1.237120e-01 	1.015075e-01 
1.239890e-01 	1.010548e-01 
1.242650e-01 	1.006069e-01 
1.245420e-01 	1.001606e-01 
1.248190e-01 	9.971742e-02 
1.250950e-01 	9.927896e-02 
1.253720e-01 	9.884202e-02 
1.256490e-01 	9.840815e-02 
1.259250e-01 	9.797888e-02 
1.262020e-01 	9.755108e-02 
1.264780e-01 	9.712780e-02 
1.267550e-01 	9.670596e-02 
1.270320e-01 	9.628707e-02 
1.273080e-01 	9.587259e-02 
1.275850e-01 	9.545949e-02 
1.278620e-01 	9.504927e-02 
1.281380e-01 	9.464334e-02 
1.284150e-01 	9.423875e-02 
1.286920e-01 	9.383696e-02 
1.289680e-01 	9.343937e-02 
1.292450e-01 	9.304308e-02 
1.295210e-01 	9.265094e-02 
1.297980e-01 	9.226008e-02 
1.300750e-01 	9.187191e-02 
1.303510e-01 	9.148780e-02 
1.306280e-01 	9.110493e-02 
1.309050e-01 	9.072469e-02 
1.311810e-01 	9.034842e-02 
1.314580e-01 	8.997336e-02 
1.317350e-01 	8.960087e-02 
1.320110e-01 	8.923226e-02 
1.322880e-01 	8.886483e-02 
1.325640e-01 	8.850121e-02 
1.328410e-01 	8.813876e-02 
1.331180e-01 	8.777878e-02 
1.333940e-01 	8.742252e-02 
1.336710e-01 	8.706739e-02 
1.339480e-01 	8.671467e-02 
1.342240e-01 	8.636559e-02 
1.345010e-01 	8.601760e-02 
1.347780e-01 	8.567195e-02 
1.350540e-01 	8.532986e-02 
1.353310e-01 	8.498883e-02 
1.356070e-01 	8.465130e-02 
1.358840e-01 	8.431480e-02 
1.361610e-01 	8.398055e-02 
1.364370e-01 	8.364971e-02 
1.367140e-01 	8.331987e-02 
1.369910e-01 	8.299221e-02 
1.372670e-01 	8.266790e-02 
1.375440e-01 	8.234457e-02 
1.378210e-01 	8.202337e-02 
1.380970e-01 	8.170545e-02 
1.383740e-01 	8.138847e-02 
1.386500e-01 	8.107472e-02 
1.389270e-01 	8.076191e-02 
1.392040e-01 	8.045116e-02 
1.394800e-01 	8.014356e-02 
1.397570e-01 	7.983687e-02 
1.400340e-01 	7.953220e-02 
1.403100e-01 	7.923061e-02 
1.405870e-01 	7.892990e-02 
1.408640e-01 	7.863116e-02 
1.411400e-01 	7.833544e-02 
1.414170e-01 	7.804058e-02 
1.416940e-01 	7.774763e-02 
1.419700e-01 	7.745764e-02 
1.422470e-01 	7.716848e-02 
1.425230e-01 	7.688223e-02 
1.428000e-01 	7.659680e-02 
1.430770e-01 	7.631322e-02 
1.433530e-01 	7.603248e-02 
1.436300e-01 	7.575252e-02 
1.439070e-01 	7.547437e-02 
1.441830e-01 	7.519898e-02 
1.444600e-01 	7.492436e-02 
1.447370e-01 	7.465149e-02 
1.450130e-01 	7.438132e-02 
1.452900e-01 	7.411188e-02 
1.455660e-01 	7.384512e-02 
1.458430e-01 	7.357907e-02 
1.461200e-01 	7.331470e-02 
1.463960e-01 	7.305295e-02 
1.466730e-01 	7.279189e-02 
1.469500e-01 	7.253248e-02 
1.472260e-01 	7.227563e-02 
1.475030e-01 	7.201946e-02 
1.477800e-01 	7.176490e-02 
1.480560e-01 	7.151284e-02 
1.483330e-01 	7.126145e-02 
1.486090e-01 	7.101254e-02 
1.488860e-01 	7.076428e-02 
1.491630e-01 	7.051758e-02 
1.494390e-01 	7.027330e-02 
1.497160e-01 	7.002966e-02 
1.499930e-01 	6.978755e-02 
1.502690e-01 	6.954781e-02 
1.505460e-01 	6.930870e-02 
1.508230e-01 	6.907107e-02 
1.510990e-01 	6.883576e-02 
1.513760e-01 	6.860105e-02 
1.516520e-01 	6.836864e-02 
1.519290e-01 	6.813681e-02 
1.522060e-01 	6.790640e-02 
1.524820e-01 	6.767823e-02 
1.527590e-01 	6.745062e-02 
1.530360e-01 	6.722440e-02 
1.533120e-01 	6.700036e-02 
1.535890e-01 	6.677688e-02 
1.538660e-01 	6.655474e-02 
1.541420e-01 	6.633475e-02 
1.544190e-01 	6.611528e-02 
1.546950e-01 	6.589793e-02 
1.549720e-01 	6.568110e-02 
1.552490e-01 	6.546557e-02 
1.555250e-01 	6.525211e-02 
1.558020e-01 	6.503915e-02 
1.560790e-01 	6.482747e-02 
1.563550e-01 	6.461782e-02 
1.566320e-01 	6.440866e-02 
1.569090e-01 	6.420075e-02 
1.571850e-01 	6.399483e-02 
1.574620e-01 	6.378939e-02 
1.577380e-01 	6.358591e-02 
1.580150e-01 	6.338290e-02 
1.582920e-01 	6.318110e-02 
1.585680e-01 	6.298121e-02 
1.588450e-01 	6.278178e-02 
1.591220e-01 	6.258353e-02 
1.593980e-01 	6.238716e-02 
1.596750e-01 	6.219122e-02 
1.599520e-01 	6.199643e-02 
1.602280e-01 	6.180347e-02 
1.605050e-01 	6.161093e-02 
1.607810e-01 	6.142019e-02 
1.610580e-01 	6.122986e-02 
1.613350e-01 	6.104063e-02 
1.616110e-01 	6.085316e-02 
1.618880e-01 	6.066609e-02 
1.621650e-01 	6.048008e-02 
1.624410e-01 	6.029580e-02 
1.627180e-01 	6.011191e-02 
1.629950e-01 	5.992906e-02 
1.632710e-01 	5.974790e-02 
1.635480e-01 	5.956712e-02 
1.638240e-01 	5.938800e-02 
1.641010e-01 	5.920926e-02 
1.643780e-01 	5.903152e-02 
1.646540e-01 	5.885543e-02 
1.649310e-01 	5.867969e-02 
1.652080e-01 	5.850494e-02 
1.654840e-01 	5.833179e-02 
1.657610e-01 	5.815899e-02 
1.660380e-01 	5.798716e-02 
1.663140e-01 	5.781691e-02 
1.665910e-01 	5.764698e-02 
1.668670e-01 	5.747862e-02 
1.671440e-01 	5.731058e-02 
1.674210e-01 	5.714347e-02 
1.676970e-01 	5.697789e-02 
1.679740e-01 	5.681262e-02 
1.682510e-01 	5.664827e-02 
1.685270e-01 	5.648541e-02 
1.688040e-01 	5.632285e-02 
1.690810e-01 	5.616119e-02 
1.693570e-01 	5.600099e-02 
1.696340e-01 	5.584108e-02 
1.699100e-01 	5.568262e-02 
1.701870e-01 	5.552444e-02 
1.704640e-01 	5.536713e-02 
1.707400e-01 	5.521123e-02 
1.710170e-01 	5.505561e-02 
1.712940e-01 	5.490083e-02 
1.715700e-01 	5.474744e-02 
1.718470e-01 	5.459432e-02 
1.721240e-01 	5.444202e-02 
1.724000e-01 	5.429107e-02 
1.726770e-01 	5.414039e-02 
1.729530e-01 	5.399105e-02 
1.732300e-01 	5.384197e-02 
1.735070e-01 	5.369367e-02 
1.737830e-01 	5.354669e-02 
1.740600e-01 	5.339995e-02 
1.743370e-01 	5.325398e-02 
1.746130e-01 	5.310931e-02 
1.748900e-01 	5.296487e-02 
1.751670e-01 	5.282119e-02 
1.754430e-01 	5.267877e-02 
1.757200e-01 	5.253658e-02 
1.759960e-01 	5.239564e-02 
1.762730e-01 	5.225492e-02 
1.765500e-01 	5.211493e-02 
1.768260e-01 	5.197616e-02 
1.771030e-01 	5.183761e-02 
1.773800e-01 	5.169977e-02 
1.776560e-01 	5.156314e-02 
1.779330e-01 	5.142670e-02 
1.782100e-01 	5.129097e-02 
1.784860e-01 	5.115641e-02 
1.787630e-01 	5.102205e-02 
1.790400e-01 	5.088837e-02 
1.793160e-01 	5.075584e-02 
1.795930e-01 	5.062351e-02 
1.798690e-01 	5.049232e-02 
1.801460e-01 	5.036133e-02 
1.804230e-01 	5.023099e-02 
1.806990e-01 	5.010177e-02 
1.809760e-01 	4.997274e-02 
1.812530e-01 	4.984436e-02 
1.815290e-01 	4.971708e-02 
1.818060e-01 	4.958998e-02 
1.820830e-01 	4.946351e-02 
1.823590e-01 	4.933813e-02 
1.826360e-01 	4.921293e-02 
1.829120e-01 	4.908879e-02 
1.831890e-01 	4.896483e-02 
1.834660e-01 	4.884149e-02 
1.837420e-01 	4.871920e-02 
1.840190e-01 	4.859708e-02 
1.842960e-01 	4.847556e-02 
1.845720e-01 	4.835509e-02 
1.848490e-01 	4.823477e-02 
1.851260e-01 	4.811505e-02 
1.854020e-01 	4.799635e-02 
1.856790e-01 	4.787781e-02 
1.859550e-01 	4.776028e-02 
1.862320e-01 	4.764290e-02 
1.865090e-01 	4.752610e-02 
1.867850e-01 	4.741029e-02 
1.870620e-01 	4.729462e-02 
1.873390e-01 	4.717952e-02 
1.876150e-01 	4.706540e-02 
1.878920e-01 	4.695141e-02 
1.881690e-01 	4.683798e-02 
1.884450e-01 	4.672550e-02 
1.887220e-01 	4.661316e-02 
1.889980e-01 	4.650177e-02 
1.892750e-01 	4.639050e-02 
1.895520e-01 	4.627978e-02 
1.898280e-01 	4.616998e-02 
1.901050e-01 	4.606031e-02 
1.903820e-01 	4.595117e-02 
1.906580e-01 	4.584293e-02 
1.909350e-01 	4.573482e-02 
1.912120e-01 	4.562723e-02 
1.914880e-01 	4.552053e-02 
1.917650e-01 	4.541395e-02 
1.920410e-01 	4.530826e-02 
1.923180e-01 	4.520268e-02 
1.925950e-01 	4.509760e-02 
1.928710e-01 	4.499339e-02 
1.931480e-01 	4.488930e-02 
1.934250e-01 	4.478570e-02 
1.937010e-01 	4.468296e-02 
1.939780e-01 	4.458034e-02 
1.942550e-01 	4.447820e-02 
1.945310e-01 	4.437691e-02 
1.948080e-01 	4.427573e-02 
1.950840e-01 	4.417539e-02 
1.953610e-01 	4.407516e-02 
1.956380e-01 	4.397540e-02 
1.959140e-01 	4.387647e-02 
1.961910e-01 	4.377765e-02 
1.964680e-01 	4.367930e-02 
1.967440e-01 	4.358176e-02 
1.970210e-01 	4.348433e-02 
1.972980e-01 	4.338735e-02 
1.975740e-01 	4.329118e-02 
1.978510e-01 	4.319511e-02 
1.981270e-01 	4.309984e-02 
1.984040e-01 	4.300466e-02 
1.986810e-01 	4.290993e-02 
1.989570e-01 	4.281598e-02 
1.992340e-01 	4.272213e-02 
1.995110e-01 	4.262872e-02 
1.997870e-01 	4.253607e-02 
2.000640e-01 	4.244352e-02 
2.003410e-01 	4.235139e-02 
2.006170e-01 	4.226002e-02 
2.008940e-01 	4.216874e-02 
2.011700e-01 	4.207821e-02 
2.014470e-01 	4.198777e-02 
2.017240e-01 	4.189774e-02 
2.020000e-01 	4.180845e-02 
2.022770e-01 	4.171924e-02 
2.025540e-01 	4.163044e-02 
2.028300e-01 	4.154237e-02 
2.031070e-01 	4.145437e-02 
2.033840e-01 	4.136678e-02 
2.036600e-01 	4.127991e-02 
2.039370e-01 	4.119311e-02 
2.042130e-01 	4.110702e-02 
2.044900e-01 	4.102101e-02 
2.047670e-01 	4.093540e-02 
2.050430e-01 	4.085048e-02 
2.053200e-01 	4.076564e-02 
2.055970e-01 	4.068119e-02 
2.058730e-01 	4.059742e-02 
2.061500e-01 	4.051373e-02 
2.064270e-01 	4.043043e-02 
2.067030e-01 	4.034780e-02 
2.069800e-01 	4.026524e-02 
2.072560e-01 	4.018336e-02 
2.075330e-01 	4.010155e-02 
2.078100e-01 	4.002012e-02 
2.080860e-01 	3.993934e-02 
2.083630e-01 	3.985864e-02 
2.086400e-01 	3.977831e-02 
2.089160e-01 	3.969862e-02 
2.091930e-01 	3.961901e-02 
2.094700e-01 	3.953976e-02 
2.097460e-01 	3.946114e-02 
2.100230e-01 	3.938260e-02 
2.102990e-01 	3.930469e-02 
2.105760e-01 	3.922685e-02 
2.108530e-01 	3.914936e-02 
2.111290e-01 	3.907249e-02 
2.114060e-01 	3.899569e-02 
2.116830e-01 	3.891923e-02 
2.119590e-01 	3.884338e-02 
2.122360e-01 	3.876760e-02 
2.125130e-01 	3.869216e-02 
2.127890e-01 	3.861732e-02 
2.130660e-01 	3.854255e-02 
2.133420e-01 	3.846837e-02 
2.136190e-01 	3.839425e-02 
2.138960e-01 	3.832046e-02 
2.141720e-01 	3.824726e-02 
2.144490e-01 	3.817412e-02 
2.147260e-01 	3.810130e-02 
2.150020e-01 	3.802906e-02 
2.152790e-01 	3.795688e-02 
2.155560e-01 	3.788501e-02 
2.158320e-01 	3.781371e-02 
2.161090e-01 	3.774247e-02 
2.163860e-01 	3.767153e-02 
2.166620e-01 	3.760117e-02 
2.169390e-01 	3.753085e-02 
2.172150e-01 	3.746109e-02 
2.174920e-01 	3.739138e-02 
2.177690e-01 	3.732198e-02 
2.180450e-01 	3.725312e-02 
2.183220e-01 	3.718432e-02 
2.185990e-01 	3.711581e-02 
2.188750e-01 	3.704784e-02 
2.191520e-01 	3.697993e-02 
2.194290e-01 	3.691231e-02 
2.197050e-01 	3.684522e-02 
2.199820e-01 	3.677818e-02 
2.202580e-01 	3.671167e-02 
2.205350e-01 	3.664521e-02 
2.208120e-01 	3.657903e-02 
2.210880e-01 	3.651337e-02 
2.213650e-01 	3.644777e-02 
2.216420e-01 	3.638244e-02 
2.219180e-01 	3.631763e-02 
2.221950e-01 	3.625286e-02 
2.224720e-01 	3.618836e-02 
2.227480e-01 	3.612438e-02 
2.230250e-01 	3.606043e-02 
2.233010e-01 	3.599699e-02 
2.235780e-01 	3.593359e-02 
2.238550e-01 	3.587046e-02 
2.241310e-01 	3.580782e-02 
2.244080e-01 	3.574522e-02 
2.246850e-01 	3.568289e-02 
2.249610e-01 	3.562104e-02 
2.252380e-01 	3.555923e-02 
2.255150e-01 	3.549768e-02 
2.257910e-01 	3.543661e-02 
2.260680e-01 	3.537558e-02 
2.263440e-01 	3.531502e-02 
2.266210e-01 	3.525449e-02 
2.268980e-01 	3.519422e-02 
2.271740e-01 	3.513442e-02 
2.274510e-01 	3.507465e-02 
2.277280e-01 	3.501513e-02 
2.280040e-01 	3.495607e-02 
2.282810e-01 	3.489705e-02 
2.285580e-01 	3.483826e-02 
2.288340e-01 	3.477994e-02 
2.291110e-01 	3.472164e-02 
2.293870e-01 	3.466379e-02 
2.296640e-01 	3.460597e-02 
2.299410e-01 	3.454838e-02 
2.302170e-01 	3.449124e-02 
2.304940e-01 	3.443413e-02 
2.307710e-01 	3.437725e-02 
2.310470e-01 	3.432080e-02 
2.313240e-01 	3.426438e-02 
2.316010e-01 	3.420819e-02 
2.318770e-01 	3.415243e-02 
2.321540e-01 	3.409670e-02 
2.324300e-01 	3.404139e-02 
2.327070e-01 	3.398611e-02 
2.329840e-01 	3.393104e-02 
2.332600e-01 	3.387640e-02 
2.335370e-01 	3.382178e-02 
2.338140e-01 	3.376738e-02 
2.340900e-01 	3.371340e-02 
2.343670e-01 	3.365944e-02 
2.346440e-01 	3.360569e-02 
2.349200e-01 	3.355235e-02 
2.351970e-01 	3.349903e-02 
2.354730e-01 	3.344612e-02 
2.357500e-01 	3.339322e-02 
2.360270e-01 	3.334054e-02 
2.363030e-01 	3.328825e-02 
2.365800e-01 	3.323599e-02 
2.368570e-01 	3.318393e-02 
2.371330e-01 	3.313226e-02 
2.374100e-01 	3.308061e-02 
2.376870e-01 	3.302916e-02 
2.379630e-01 	3.297811e-02 
2.382400e-01 	3.292706e-02 
2.385160e-01 	3.287641e-02 
2.387930e-01 	3.282577e-02 
2.390700e-01 	3.277532e-02 
2.393460e-01 	3.272526e-02 
2.396230e-01 	3.267521e-02 
2.399000e-01 	3.262536e-02 
2.401760e-01 	3.257587e-02 
2.404530e-01 	3.252641e-02 
2.407300e-01 	3.247713e-02 
2.410060e-01 	3.242823e-02 
2.412830e-01 	3.237933e-02 
2.415590e-01 	3.233080e-02 
2.418360e-01 	3.228229e-02 
2.421130e-01 	3.223396e-02 
2.423890e-01 	3.218599e-02 
2.426660e-01 	3.213803e-02 
2.429430e-01 	3.209025e-02 
2.432190e-01 	3.204283e-02 
2.434960e-01 	3.199542e-02 
2.437730e-01 	3.194819e-02 
2.440490e-01 	3.190131e-02 
2.443260e-01 	3.185444e-02 
2.446020e-01 	3.180791e-02 
2.448790e-01 	3.176140e-02 
2.451560e-01 	3.171505e-02 
2.454320e-01 	3.166905e-02 
2.457090e-01 	3.162306e-02 
2.459860e-01 	3.157724e-02 
2.462620e-01 	3.153175e-02 
2.465390e-01 	3.148627e-02 
2.468160e-01 	3.144096e-02 
2.470920e-01 	3.139598e-02 
2.473690e-01 	3.135101e-02 
2.476450e-01 	3.130636e-02 
2.479220e-01 	3.126172e-02 
2.481990e-01 	3.121724e-02 
2.484750e-01 	3.117309e-02 
2.487520e-01 	3.112893e-02 
2.490290e-01 	3.108494e-02 
2.493050e-01 	3.104127e-02 
2.495820e-01 	3.099761e-02 
2.498590e-01 	3.095410e-02 
2.501350e-01 	3.091091e-02 
2.504120e-01 	3.086772e-02 
2.506890e-01 	3.082468e-02 
2.509650e-01 	3.078196e-02 
2.512420e-01 	3.073924e-02 
2.515180e-01 	3.069683e-02 
2.517950e-01 	3.065442e-02 
2.520720e-01 	3.061216e-02 
2.523480e-01 	3.057021e-02 
2.526250e-01 	3.052825e-02 
2.529020e-01 	3.048645e-02 
2.531780e-01 	3.044495e-02 
2.534550e-01 	3.040345e-02 
2.537320e-01 	3.036209e-02 
2.540080e-01 	3.032104e-02 
2.542850e-01 	3.027998e-02 
2.545610e-01 	3.023922e-02 
2.548380e-01 	3.019845e-02 
2.551150e-01 	3.015783e-02 
2.553910e-01 	3.011750e-02 
2.556680e-01 	3.007717e-02 
2.559450e-01 	3.003698e-02 
2.562210e-01 	2.999708e-02 
2.564980e-01 	2.995717e-02 
2.567750e-01 	2.991741e-02 
2.570510e-01 	2.987792e-02 
2.573280e-01 	2.983844e-02 
2.576040e-01 	2.979923e-02 
2.578810e-01 	2.976002e-02 
2.581580e-01 	2.972094e-02 
2.584340e-01 	2.968214e-02 
2.587110e-01 	2.964334e-02 
2.589880e-01 	2.960467e-02 
2.592640e-01 	2.956627e-02 
2.595410e-01 	2.952786e-02 
2.598180e-01 	2.948959e-02 
2.600940e-01 	2.945159e-02 
2.603710e-01 	2.941357e-02 
2.606470e-01 	2.937583e-02 
2.609240e-01 	2.933808e-02 
2.612010e-01 	2.930045e-02 
2.614770e-01 	2.926309e-02 
2.617540e-01 	2.922572e-02 
2.620310e-01 	2.918847e-02 
2.623070e-01 	2.915148e-02 
2.625840e-01 	2.911449e-02 
2.628610e-01 	2.907762e-02 
2.631370e-01 	2.904100e-02 
2.634140e-01 	2.900438e-02 
2.636900e-01 	2.896800e-02 
2.639670e-01 	2.893162e-02 
2.642440e-01 	2.889536e-02 
2.645200e-01 	2.885935e-02 
2.647970e-01 	2.882333e-02 
2.650740e-01 	2.878743e-02 
2.653500e-01 	2.875178e-02 
2.656270e-01 	2.871611e-02 
2.659040e-01 	2.868057e-02 
2.661800e-01 	2.864526e-02 
2.664570e-01 	2.860995e-02 
2.667330e-01 	2.857488e-02 
2.670100e-01 	2.853980e-02 
2.672870e-01 	2.850483e-02 
2.675630e-01 	2.847011e-02 
2.678400e-01 	2.843537e-02 
2.681170e-01 	2.840075e-02 
2.683930e-01 	2.836636e-02 
2.686700e-01 	2.833196e-02 
2.689470e-01 	2.829767e-02 
2.692230e-01 	2.826362e-02 
2.695000e-01 	2.822955e-02 
2.697760e-01 	2.819571e-02 
2.700530e-01 	2.816187e-02 
2.703300e-01 	2.812813e-02 
2.706060e-01 	2.809462e-02 
2.708830e-01 	2.806109e-02 
2.711600e-01 	2.802768e-02 
2.714360e-01 	2.799449e-02 
2.717130e-01 	2.796128e-02 
2.719900e-01 	2.792818e-02 
2.722660e-01 	2.789531e-02 
2.725430e-01 	2.786242e-02 
2.728190e-01 	2.782975e-02 
2.730960e-01 	2.779707e-02 
2.733730e-01 	2.776449e-02 
2.736490e-01 	2.773213e-02 
2.739260e-01 	2.769975e-02 
2.742030e-01 	2.766748e-02 
2.744790e-01 	2.763542e-02 
2.747560e-01 	2.760335e-02 
2.750330e-01 	2.757137e-02 
2.753090e-01 	2.753961e-02 
2.755860e-01 	2.750783e-02 
2.758620e-01 	2.747627e-02 
2.761390e-01 	2.744469e-02 
2.764160e-01 	2.741321e-02 
2.766920e-01 	2.738193e-02 
2.769690e-01 	2.735064e-02 
2.772460e-01 	2.731945e-02 
2.775220e-01 	2.728846e-02 
2.777990e-01 	2.725746e-02 
2.780760e-01 	2.722655e-02 
2.783520e-01 	2.719585e-02 
2.786290e-01 	2.716512e-02 
2.789050e-01 	2.713461e-02 
2.791820e-01 	2.710407e-02 
2.794590e-01 	2.707363e-02 
2.797350e-01 	2.704339e-02 
2.800120e-01 	2.701313e-02 
2.802890e-01 	2.698296e-02 
2.805650e-01 	2.695299e-02 
2.808420e-01 	2.692300e-02 
2.811190e-01 	2.689310e-02 
2.813950e-01 	2.686340e-02 
2.816720e-01 	2.683368e-02 
2.819480e-01 	2.680416e-02 
2.822250e-01 	2.677462e-02 
2.825020e-01 	2.674516e-02 
2.827780e-01 	2.671590e-02 
2.830550e-01 	2.668662e-02 
2.833320e-01 	2.665743e-02 
2.836080e-01 	2.662842e-02 
2.838850e-01 	2.659940e-02 
2.841620e-01 	2.657046e-02 
2.844380e-01 	2.654172e-02 
2.847150e-01 	2.651295e-02 
2.849910e-01 	2.648437e-02 
2.852680e-01 	2.645577e-02 
2.855450e-01 	2.642726e-02 
2.858210e-01 	2.639893e-02 
2.860980e-01 	2.637058e-02 
2.863750e-01 	2.634232e-02 
2.866510e-01 	2.631423e-02 
2.869280e-01 	2.628613e-02 
2.872050e-01 	2.625811e-02 
2.874810e-01 	2.623027e-02 
2.877580e-01 	2.620241e-02 
2.880350e-01 	2.617463e-02 
2.883110e-01 	2.614703e-02 
2.885880e-01 	2.611941e-02 
2.888640e-01 	2.609197e-02 
2.891410e-01 	2.606451e-02 
2.894180e-01 	2.603712e-02 
2.896940e-01 	2.600992e-02 
2.899710e-01 	2.598269e-02 
2.902480e-01 	2.595554e-02 
2.905240e-01 	2.592856e-02 
2.908010e-01 	2.590156e-02 
2.910780e-01 	2.587464e-02 
2.913540e-01 	2.584789e-02 
2.916310e-01 	2.582112e-02 
2.919070e-01 	2.579452e-02 
2.921840e-01 	2.576789e-02 
2.924610e-01 	2.574135e-02 
2.927370e-01 	2.571497e-02 
2.930140e-01 	2.568857e-02 
2.932910e-01 	2.566224e-02 
2.935670e-01 	2.563608e-02 
2.938440e-01 	2.560990e-02 
2.941210e-01 	2.558379e-02 
2.943970e-01 	2.555784e-02 
2.946740e-01 	2.553187e-02 
2.949500e-01 	2.550607e-02 
2.952270e-01 	2.548024e-02 
2.955040e-01 	2.545449e-02 
2.957800e-01 	2.542890e-02 
2.960570e-01 	2.540328e-02 
2.963340e-01 	2.537773e-02 
2.966100e-01 	2.535235e-02 
2.968870e-01 	2.532694e-02 
2.971640e-01 	2.530160e-02 
2.974400e-01 	2.527642e-02 
2.977170e-01 	2.525121e-02 
2.979930e-01 	2.522617e-02 
2.982700e-01 	2.520110e-02 
2.985470e-01 	2.517609e-02 
2.988230e-01 	2.515125e-02 
2.991000e-01 	2.512638e-02 
2.993770e-01 	2.510157e-02 
2.996530e-01 	2.507692e-02 
2.999300e-01 	2.505224e-02 
3.002070e-01 	2.502763e-02 
3.004830e-01 	2.500318e-02 
3.007600e-01 	2.497869e-02 
3.010360e-01 	2.495436e-02 
3.013130e-01 	2.493001e-02 
3.015900e-01 	2.490572e-02 
3.018660e-01 	2.488157e-02 
3.021430e-01 	2.485741e-02 
3.024200e-01 	2.483330e-02 
3.026960e-01 	2.480934e-02 
3.029730e-01 	2.478536e-02 
3.032500e-01 	2.476144e-02 
3.035260e-01 	2.473766e-02 
3.038030e-01 	2.471386e-02 
3.040790e-01 	2.469021e-02 
3.043560e-01 	2.466652e-02 
3.046330e-01 	2.464290e-02 
3.049090e-01 	2.461942e-02 
3.051860e-01 	2.459592e-02 
3.054630e-01 	2.457247e-02 
3.057390e-01 	2.454917e-02 
3.060160e-01 	2.452584e-02 
3.062930e-01 	2.450256e-02 
3.065690e-01 	2.447943e-02 
3.068460e-01 	2.445627e-02 
3.071220e-01 	2.443325e-02 
3.073990e-01 	2.441020e-02 
3.076760e-01 	2.438721e-02 
3.079520e-01 	2.436436e-02 
3.082290e-01 	2.434148e-02 
3.085060e-01 	2.431865e-02 
3.087820e-01 	2.429596e-02 
3.090590e-01 	2.427324e-02 
3.093360e-01 	2.425058e-02 
3.096120e-01 	2.422805e-02 
3.098890e-01 	2.420549e-02 
3.101650e-01 	2.418307e-02 
3.104420e-01 	2.416062e-02 
3.107190e-01 	2.413822e-02 
3.109950e-01 	2.411595e-02 
3.112720e-01 	2.409366e-02 
3.115490e-01 	2.407141e-02 
3.118250e-01 	2.404930e-02 
3.121020e-01 	2.402716e-02 
3.123790e-01 	2.400506e-02 
3.126550e-01 	2.398310e-02 
3.129320e-01 	2.396111e-02 
3.132080e-01 	2.393924e-02 
3.134850e-01 	2.391735e-02 
3.137620e-01 	2.389550e-02 
3.140380e-01 	2.387379e-02 
3.143150e-01 	2.385204e-02 
3.145920e-01 	2.383034e-02 
3.148680e-01 	2.380876e-02 
3.151450e-01 	2.378716e-02 
3.154220e-01 	2.376560e-02 
3.156980e-01 	2.374417e-02 
3.159750e-01 	2.372270e-02 
3.162510e-01 	2.370136e-02 
3.165280e-01 	2.367999e-02 
3.168050e-01 	2.365867e-02 
3.170810e-01 	2.363746e-02 
3.173580e-01 	2.361623e-02 
3.176350e-01 	2.359504e-02 
3.179110e-01 	2.357397e-02 
3.181880e-01 	2.355287e-02 
3.184650e-01 	2.353181e-02 
3.187410e-01 	2.351087e-02 
3.190180e-01 	2.348990e-02 
3.192940e-01 	2.346905e-02 
3.195710e-01 	2.344817e-02 
3.198480e-01 	2.342733e-02 
3.201240e-01 	2.340661e-02 
3.204010e-01 	2.338586e-02 
3.206780e-01 	2.336514e-02 
3.209540e-01 	2.334455e-02 
3.212310e-01 	2.332392e-02 
3.215080e-01 	2.330334e-02 
3.217840e-01 	2.328286e-02 
3.220610e-01 	2.326236e-02 
3.223370e-01 	2.324197e-02 
3.226140e-01 	2.322155e-02 
3.228910e-01 	2.320117e-02 
3.231670e-01 	2.318090e-02 
3.234440e-01 	2.316060e-02 
3.237210e-01 	2.314033e-02 
3.239970e-01 	2.312018e-02 
3.242740e-01 	2.310000e-02 
3.245510e-01 	2.307986e-02 
3.248270e-01 	2.305982e-02 
3.251040e-01 	2.303976e-02 
3.253810e-01 	2.301973e-02 
3.256570e-01 	2.299981e-02 
3.259340e-01 	2.297986e-02 
3.262100e-01 	2.296002e-02 
3.264870e-01 	2.294014e-02 
3.267640e-01 	2.292030e-02 
3.270400e-01 	2.290057e-02 
3.273170e-01 	2.288081e-02 
3.275940e-01 	2.286108e-02 
3.278700e-01 	2.284146e-02 
3.281470e-01 	2.282181e-02 
3.284240e-01 	2.280219e-02 
3.287000e-01 	2.278268e-02 
3.289770e-01 	2.276313e-02 
3.292530e-01 	2.274369e-02 
3.295300e-01 	2.272422e-02 
3.298070e-01 	2.270478e-02 
3.300830e-01 	2.268545e-02 
3.303600e-01 	2.266608e-02 
3.306370e-01 	2.264675e-02 
3.309130e-01 	2.262752e-02 
3.311900e-01 	2.260826e-02 
3.314670e-01 	2.258904e-02 
3.317430e-01 	2.256991e-02 
3.320200e-01 	2.255076e-02 
3.322960e-01 	2.253170e-02 
3.325730e-01 	2.251261e-02 
3.328500e-01 	2.249356e-02 
3.331260e-01 	2.247460e-02 
3.334030e-01 	2.245562e-02 
3.336800e-01 	2.243666e-02 
3.339560e-01 	2.241781e-02 
3.342330e-01 	2.239892e-02 
3.345100e-01 	2.238007e-02 
3.347860e-01 	2.236132e-02 
3.350630e-01 	2.234253e-02 
3.353390e-01 	2.232385e-02 
3.356160e-01 	2.230512e-02 
3.358930e-01 	2.228644e-02 
3.361690e-01 	2.226785e-02 
3.364460e-01 	2.224923e-02 
3.367230e-01 	2.223063e-02 
3.369990e-01 	2.221214e-02 
3.372760e-01 	2.219362e-02 
3.375530e-01 	2.217512e-02 
3.378290e-01 	2.215673e-02 
3.381060e-01 	2.213830e-02 
3.383820e-01 	2.211997e-02 
3.386590e-01 	2.210160e-02 
3.389360e-01 	2.208327e-02 
3.392120e-01 	2.206503e-02 
3.394890e-01 	2.204676e-02 
3.397660e-01 	2.202852e-02 
3.400420e-01 	2.201038e-02 
3.403190e-01 	2.199220e-02 
3.405960e-01 	2.197406e-02 
3.408720e-01 	2.195601e-02 
3.411490e-01 	2.193793e-02 
3.414250e-01 	2.191994e-02 
3.417020e-01 	2.190192e-02 
3.419790e-01 	2.188393e-02 
3.422550e-01 	2.186603e-02 
3.425320e-01 	2.184811e-02 
3.428090e-01 	2.183021e-02 
3.430850e-01 	2.181241e-02 
3.433620e-01 	2.179457e-02 
3.436390e-01 	2.177676e-02 
3.439150e-01 	2.175905e-02 
3.441920e-01 	2.174131e-02 
3.444680e-01 	2.172365e-02 
3.447450e-01 	2.170597e-02 
3.450220e-01 	2.168831e-02 
3.452980e-01 	2.167075e-02 
3.455750e-01 	2.165316e-02 
3.458520e-01 	2.163559e-02 
3.461280e-01 	2.161812e-02 
3.464050e-01 	2.160061e-02 
3.466820e-01 	2.158314e-02 
3.469580e-01 	2.156575e-02 
3.472350e-01 	2.154834e-02 
3.475110e-01 	2.153101e-02 
3.477880e-01 	2.151365e-02 
3.480650e-01 	2.149632e-02 
3.483410e-01 	2.147909e-02 
3.486180e-01 	2.146182e-02 
3.488950e-01 	2.144457e-02 
3.491710e-01 	2.142742e-02 
3.494480e-01 	2.141024e-02 
3.497250e-01 	2.139308e-02 
3.500010e-01 	2.137602e-02 
3.502780e-01 	2.135892e-02 
3.505540e-01 	2.134191e-02 
3.508310e-01 	2.132487e-02 
3.511080e-01 	2.130785e-02 
3.513840e-01 	2.129093e-02 
3.516610e-01 	2.127397e-02 
3.519380e-01 	2.125705e-02 
3.522140e-01 	2.124021e-02 
3.524910e-01 	2.122333e-02 
3.527680e-01 	2.120649e-02 
3.530440e-01 	2.118973e-02 
3.533210e-01 	2.117294e-02 
3.535970e-01 	2.115624e-02 
3.538740e-01 	2.113951e-02 
3.541510e-01 	2.112280e-02 
3.544270e-01 	2.110618e-02 
3.547040e-01 	2.108953e-02 
3.549810e-01 	2.107291e-02 
3.552570e-01 	2.105637e-02 
3.555340e-01 	2.103980e-02 
3.558110e-01 	2.102325e-02 
3.560870e-01 	2.100679e-02 
3.563640e-01 	2.099030e-02 
3.566400e-01 	2.097389e-02 
3.569170e-01 	2.095746e-02 
3.571940e-01 	2.094104e-02 
3.574700e-01 	2.092471e-02 
3.577470e-01 	2.090835e-02 
3.580240e-01 	2.089202e-02 
3.583000e-01 	2.087577e-02 
3.585770e-01 	2.085948e-02 
3.588540e-01 	2.084322e-02 
3.591300e-01 	2.082705e-02 
3.594070e-01 	2.081084e-02 
3.596830e-01 	2.079472e-02 
3.599600e-01 	2.077856e-02 
3.602370e-01 	2.076243e-02 
3.605130e-01 	2.074638e-02 
3.607900e-01 	2.073029e-02 
3.610670e-01 	2.071424e-02 
3.613430e-01 	2.069826e-02 
3.616200e-01 	2.068225e-02 
3.618970e-01 	2.066626e-02 
3.621730e-01 	2.065036e-02 
3.624500e-01 	2.063442e-02 
3.627270e-01 	2.061851e-02 
3.630030e-01 	2.060268e-02 
3.632800e-01 	2.058681e-02 
3.635560e-01 	2.057103e-02 
3.638330e-01 	2.055521e-02 
3.641100e-01 	2.053941e-02 
3.643860e-01 	2.052370e-02 
3.646630e-01 	2.050795e-02 
3.649400e-01 	2.049222e-02 
3.652160e-01 	2.047658e-02 
3.654930e-01 	2.046089e-02 
3.657700e-01 	2.044524e-02 
3.660460e-01 	2.042966e-02 
3.663230e-01 	2.041404e-02 
3.665990e-01 	2.039850e-02 
3.668760e-01 	2.038293e-02 
3.671530e-01 	2.036738e-02 
3.674290e-01 	2.035191e-02 
3.677060e-01 	2.033641e-02 
3.679830e-01 	2.032092e-02 
3.682590e-01 	2.030551e-02 
3.685360e-01 	2.029007e-02 
3.688130e-01 	2.027465e-02 
3.690890e-01 	2.025930e-02 
3.693660e-01 	2.024392e-02 
3.696420e-01 	2.022862e-02 
3.699190e-01 	2.021328e-02 
3.701960e-01 	2.019796e-02 
3.704720e-01 	2.018271e-02 
3.707490e-01 	2.016743e-02 
3.710260e-01 	2.015217e-02 
3.713020e-01 	2.013699e-02 
3.715790e-01 	2.012177e-02 
3.718560e-01 	2.010656e-02 
3.721320e-01 	2.009144e-02 
3.724090e-01 	2.007627e-02 
3.726850e-01 	2.006118e-02 
3.729620e-01 	2.004606e-02 
3.732390e-01 	2.003095e-02 
3.735150e-01 	2.001591e-02 
3.737920e-01 	2.000084e-02 
3.740690e-01 	1.998579e-02 
3.743450e-01 	1.997081e-02 
3.746220e-01 	1.995579e-02 
3.748990e-01 	1.994079e-02 
3.751750e-01 	1.992587e-02 
3.754520e-01 	1.991090e-02 
3.757280e-01 	1.989601e-02 
3.760050e-01 	1.988108e-02 
3.762820e-01 	1.986617e-02 
3.765580e-01 	1.985133e-02 
3.768350e-01 	1.983645e-02 
3.771120e-01 	1.982159e-02 
3.773880e-01 	1.980680e-02 
3.776650e-01 	1.979198e-02 
3.779420e-01 	1.977717e-02 
3.782180e-01 	1.976243e-02 
3.784950e-01 	1.974765e-02 
3.787710e-01 	1.973294e-02 
3.790480e-01 	1.971820e-02 
3.793250e-01 	1.970347e-02 
3.796010e-01 	1.968881e-02 
3.798780e-01 	1.967412e-02 
3.801550e-01 	1.965944e-02 
3.804310e-01 	1.964483e-02 
3.807080e-01 	1.963018e-02 
3.809850e-01 	1.961555e-02 
3.812610e-01 	1.960099e-02 
3.815380e-01 	1.958638e-02 
3.818140e-01 	1.957185e-02 
3.820910e-01 	1.955728e-02 
3.823680e-01 	1.954273e-02 
3.826440e-01 	1.952824e-02 
3.829210e-01 	1.951371e-02 
3.831980e-01 	1.949920e-02 
3.834740e-01 	1.948476e-02 
3.837510e-01 	1.947028e-02 
3.840280e-01 	1.945582e-02 
3.843040e-01 	1.944142e-02 
3.845810e-01 	1.942698e-02 
3.848570e-01 	1.941261e-02 
3.851340e-01 	1.939821e-02 
3.854110e-01 	1.938381e-02 
3.856870e-01 	1.936949e-02 
3.859640e-01 	1.935512e-02 
3.862410e-01 	1.934077e-02 
3.865170e-01 	1.932649e-02 
3.867940e-01 	1.931216e-02 
3.870710e-01 	1.929785e-02 
3.873470e-01 	1.928361e-02 
3.876240e-01 	1.926933e-02 
3.879000e-01 	1.925511e-02 
3.881770e-01 	1.924086e-02 
3.884540e-01 	1.922662e-02 
3.887300e-01 	1.921244e-02 
3.890070e-01 	1.919823e-02 
3.892840e-01 	1.918403e-02 
3.895600e-01 	1.916989e-02 
3.898370e-01 	1.915572e-02 
3.901140e-01 	1.914156e-02 
3.903900e-01 	1.912746e-02 
3.906670e-01 	1.911333e-02 
3.909430e-01 	1.909926e-02 
3.912200e-01 	1.908516e-02 
3.914970e-01 	1.907106e-02 
3.917730e-01 	1.905703e-02 
3.920500e-01 	1.904297e-02 
3.923270e-01 	1.902891e-02 
3.926030e-01 	1.901492e-02 
3.928800e-01 	1.900090e-02 
3.931570e-01 	1.898688e-02 
3.934330e-01 	1.897293e-02 
3.937100e-01 	1.895895e-02 
3.939860e-01 	1.894502e-02 
3.942630e-01 	1.893106e-02 
3.945400e-01 	1.891711e-02 
3.948160e-01 	1.890323e-02 
3.950930e-01 	1.888930e-02 
3.953700e-01 	1.887540e-02 
3.956460e-01 	1.886155e-02 
3.959230e-01 	1.884767e-02 
3.962000e-01 	1.883380e-02 
3.964760e-01 	1.881999e-02 
3.967530e-01 	1.880614e-02 
3.970290e-01 	1.879236e-02 
3.973060e-01 	1.877854e-02 
3.975830e-01 	1.876474e-02 
3.978590e-01 	1.875100e-02 
3.981360e-01 	1.873722e-02 
3.984130e-01 	1.872345e-02 
3.986890e-01 	1.870974e-02 
3.989660e-01 	1.869600e-02 
3.992430e-01 	1.868227e-02 
3.995190e-01 	1.866861e-02 
3.997960e-01 	1.865490e-02 
4.000730e-01 	1.864121e-02 
4.003490e-01 	1.862759e-02 
4.006260e-01 	1.861392e-02 
4.009020e-01 	1.860032e-02 
4.011790e-01 	1.858668e-02 
4.014560e-01 	1.857305e-02 
4.017320e-01 	1.855949e-02 
4.020090e-01 	1.854588e-02 
4.022860e-01 	1.853229e-02 
4.025620e-01 	1.851877e-02 
4.028390e-01 	1.850520e-02 
4.031160e-01 	1.849165e-02 
4.033920e-01 	1.847816e-02 
4.036690e-01 	1.846464e-02 
4.039450e-01 	1.845117e-02 
4.042220e-01 	1.843767e-02 
4.044990e-01 	1.842418e-02 
4.047750e-01 	1.841076e-02 
4.050520e-01 	1.839729e-02 
4.053290e-01 	1.838384e-02 
4.056050e-01 	1.837045e-02 
4.058820e-01 	1.835703e-02 
4.061590e-01 	1.834361e-02 
4.064350e-01 	1.833026e-02 
4.067120e-01 	1.831687e-02 
4.069880e-01 	1.830355e-02 
4.072650e-01 	1.829018e-02 
4.075420e-01 	1.827683e-02 
4.078180e-01 	1.826354e-02 
4.080950e-01 	1.825022e-02 
4.083720e-01 	1.823690e-02 
4.086480e-01 	1.822365e-02 
4.089250e-01 	1.821036e-02 
4.092020e-01 	1.819708e-02 
4.094780e-01 	1.818387e-02 
4.097550e-01 	1.817062e-02 
4.100310e-01 	1.815742e-02 
4.103080e-01 	1.814420e-02 
4.105850e-01 	1.813098e-02 
4.108610e-01 	1.811783e-02 
4.111380e-01 	1.810464e-02 
4.114150e-01 	1.809146e-02 
4.116910e-01 	1.807834e-02 
4.119680e-01 	1.806519e-02 
4.122450e-01 	1.805204e-02 
4.125210e-01 	1.803896e-02 
4.127980e-01 	1.802584e-02 
4.130740e-01 	1.801278e-02 
4.133510e-01 	1.799969e-02 
4.136280e-01 	1.798661e-02 
4.139040e-01 	1.797359e-02 
4.141810e-01 	1.796053e-02 
4.144580e-01 	1.794748e-02 
4.147340e-01 	1.793449e-02 
4.150110e-01 	1.792147e-02 
4.152880e-01 	1.790846e-02 
4.155640e-01 	1.789551e-02 
4.158410e-01 	1.788252e-02 
4.161170e-01 	1.786959e-02 
4.163940e-01 	1.785662e-02 
4.166710e-01 	1.784367e-02 
4.169470e-01 	1.783077e-02 
4.172240e-01 	1.781784e-02 
4.175010e-01 	1.780492e-02 
4.177770e-01 	1.779206e-02 
4.180540e-01 	1.777917e-02 
4.183310e-01 	1.776628e-02 
4.186070e-01 	1.775345e-02 
4.188840e-01 	1.774059e-02 
4.191600e-01 	1.772778e-02 
4.194370e-01 	1.771494e-02 
4.197140e-01 	1.770211e-02 
4.199900e-01 	1.768933e-02 
4.202670e-01 	1.767652e-02 
4.205440e-01 	1.766372e-02 
4.208200e-01 	1.765098e-02 
4.210970e-01 	1.763820e-02 
4.213740e-01 	1.762544e-02 
4.216500e-01 	1.761272e-02 
4.219270e-01 	1.759998e-02 
4.222030e-01 	1.758729e-02 
4.224800e-01 	1.757456e-02 
4.227570e-01 	1.756184e-02 
4.230330e-01 	1.754918e-02 
4.233100e-01 	1.753649e-02 
4.235870e-01 	1.752380e-02 
4.238630e-01 	1.751117e-02 
4.241400e-01 	1.749851e-02 
4.244170e-01 	1.748585e-02 
4.246930e-01 	1.747325e-02 
4.249700e-01 	1.746061e-02 
4.252460e-01 	1.744803e-02 
4.255230e-01 	1.743541e-02 
4.258000e-01 	1.742281e-02 
4.260760e-01 	1.741025e-02 
4.263530e-01 	1.739767e-02 
4.266300e-01 	1.738509e-02 
4.269060e-01 	1.737256e-02 
4.271830e-01 	1.736000e-02 
4.274600e-01 	1.734745e-02 
4.277360e-01 	1.733495e-02 
4.280130e-01 	1.732242e-02 
4.282890e-01 	1.730994e-02 
4.285660e-01 	1.729742e-02 
4.288430e-01 	1.728491e-02 
4.291190e-01 	1.727246e-02 
4.293960e-01 	1.725997e-02 
4.296730e-01 	1.724749e-02 
4.299490e-01 	1.723506e-02 
4.302260e-01 	1.722259e-02 
4.305030e-01 	1.721014e-02 
4.307790e-01 	1.719774e-02 
4.310560e-01 	1.718530e-02 
4.313320e-01 	1.717291e-02 
4.316090e-01 	1.716048e-02 
4.318860e-01 	1.714807e-02 
4.321620e-01 	1.713571e-02 
4.324390e-01 	1.712331e-02 
4.327160e-01 	1.711091e-02 
4.329920e-01 	1.709857e-02 
4.332690e-01 	1.708620e-02 
4.335460e-01 	1.707383e-02 
4.338220e-01 	1.706151e-02 
4.340990e-01 	1.704915e-02 
4.343750e-01 	1.703685e-02 
4.346520e-01 	1.702451e-02 
4.349290e-01 	1.701218e-02 
4.352050e-01 	1.699990e-02 
4.354820e-01 	1.698758e-02 
4.357590e-01 	1.697527e-02 
4.360350e-01 	1.696301e-02 
4.363120e-01 	1.695071e-02 
4.365890e-01 	1.693842e-02 
4.368650e-01 	1.692618e-02 
4.371420e-01 	1.691390e-02 
4.374190e-01 	1.690163e-02 
4.376950e-01 	1.688941e-02 
4.379720e-01 	1.687715e-02 
4.382480e-01 	1.686494e-02 
4.385250e-01 	1.685270e-02 
4.388020e-01 	1.684046e-02 
4.390780e-01 	1.682827e-02 
4.393550e-01 	1.681605e-02 
4.396320e-01 	1.680383e-02 
4.399080e-01 	1.679166e-02 
4.401850e-01 	1.677945e-02 
4.404620e-01 	1.676725e-02 
4.407380e-01 	1.675510e-02 
4.410150e-01 	1.674291e-02 
4.412910e-01 	1.673078e-02 
4.415680e-01 	1.671860e-02 
4.418450e-01 	1.670643e-02 
4.421210e-01 	1.669431e-02 
4.423980e-01 	1.668215e-02 
4.426750e-01 	1.667000e-02 
4.429510e-01 	1.665790e-02 
4.432280e-01 	1.664575e-02 
4.435050e-01 	1.663362e-02 
4.437810e-01 	1.662153e-02 
4.440580e-01 	1.660941e-02 
4.443340e-01 	1.659733e-02 
4.446110e-01 	1.658522e-02 
4.448880e-01 	1.657311e-02 
4.451640e-01 	1.656106e-02 
4.454410e-01 	1.654896e-02 
4.457180e-01 	1.653687e-02 
4.459940e-01 	1.652483e-02 
4.462710e-01 	1.651275e-02 
4.465480e-01 	1.650067e-02 
4.468240e-01 	1.648865e-02 
4.471010e-01 	1.647659e-02 
4.473770e-01 	1.646457e-02 
4.476540e-01 	1.645252e-02 
4.479310e-01 	1.644047e-02 
4.482070e-01 	1.642848e-02 
4.484840e-01 	1.641644e-02 
4.487610e-01 	1.640441e-02 
4.490370e-01 	1.639243e-02 
4.493140e-01 	1.638041e-02 
4.495910e-01 	1.636840e-02 
4.498670e-01 	1.635643e-02 
4.501440e-01 	1.634443e-02 
4.504200e-01 	1.633247e-02 
4.506970e-01 	1.632048e-02 
4.509740e-01 	1.630849e-02 
4.512500e-01 	1.629655e-02 
4.515270e-01 	1.628457e-02 
4.518040e-01 	1.627260e-02 
4.520800e-01 	1.626068e-02 
4.523570e-01 	1.624872e-02 
4.526340e-01 	1.623676e-02 
4.529100e-01 	1.622486e-02 
4.531870e-01 	1.621291e-02 
4.534630e-01 	1.620101e-02 
4.537400e-01 	1.618908e-02 
4.540170e-01 	1.617715e-02 
4.542930e-01 	1.616527e-02 
4.545700e-01 	1.615335e-02 
4.548470e-01 	1.614143e-02 
4.551230e-01 	1.612957e-02 
4.554000e-01 	1.611767e-02 
4.556770e-01 	1.610577e-02 
4.559530e-01 	1.609392e-02 
4.562300e-01 	1.608203e-02 
4.565060e-01 	1.607019e-02 
4.567830e-01 	1.605832e-02 
4.570600e-01 	1.604645e-02 
4.573360e-01 	1.603462e-02 
4.576130e-01 	1.602276e-02 
4.578900e-01 	1.601091e-02 
4.581660e-01 	1.599910e-02 
4.584430e-01 	1.598726e-02 
4.587200e-01 	1.597542e-02 
4.589960e-01 	1.596363e-02 
4.592730e-01 	1.595180e-02 
4.595490e-01 	1.594002e-02 
4.598260e-01 	1.592821e-02 
4.601030e-01 	1.591640e-02 
4.603790e-01 	1.590463e-02 
4.606560e-01 	1.589284e-02 
4.609330e-01 	1.588104e-02 
4.612090e-01 	1.586930e-02 
4.614860e-01 	1.585751e-02 
4.617630e-01 	1.584574e-02 
4.620390e-01 	1.583401e-02 
4.623160e-01 	1.582225e-02 
4.625920e-01 	1.581053e-02 
4.628690e-01 	1.579878e-02 
4.631460e-01 	1.578703e-02 
4.634220e-01 	1.577533e-02 
4.636990e-01 	1.576359e-02 
4.639760e-01 	1.575186e-02 
4.642520e-01 	1.574018e-02 
4.645290e-01 	1.572846e-02 
4.648060e-01 	1.571675e-02 
4.650820e-01 	1.570508e-02 
4.653590e-01 	1.569338e-02 
4.656350e-01 	1.568173e-02 
4.659120e-01 	1.567004e-02 
4.661890e-01 	1.565835e-02 
4.664650e-01 	1.564672e-02 
4.667420e-01 	1.563505e-02 
4.670190e-01 	1.562338e-02 
4.672950e-01 	1.561176e-02 
4.675720e-01 	1.560011e-02 
4.678490e-01 	1.558846e-02 
4.681250e-01 	1.557686e-02 
4.684020e-01 	1.556522e-02 
4.686780e-01 	1.555363e-02 
4.689550e-01 	1.554200e-02 
4.692320e-01 	1.553038e-02 
4.695080e-01 	1.551881e-02 
4.697850e-01 	1.550720e-02 
4.700620e-01 	1.549560e-02 
4.703380e-01 	1.548405e-02 
4.706150e-01 	1.547246e-02 
4.708920e-01 	1.546087e-02 
4.711680e-01 	1.544934e-02 
4.714450e-01 	1.543776e-02 
4.717210e-01 	1.542624e-02 
4.719980e-01 	1.541468e-02 
4.722750e-01 	1.540312e-02 
4.725510e-01 	1.539162e-02 
4.728280e-01 	1.538008e-02 
4.731050e-01 	1.536854e-02 
4.733810e-01 	1.535705e-02 
4.736580e-01 	1.534553e-02 
4.739350e-01 	1.533401e-02 
4.742110e-01 	1.532254e-02 
4.744880e-01 	1.531104e-02 
4.747650e-01 	1.529954e-02 
4.750410e-01 	1.528809e-02 
4.753180e-01 	1.527660e-02 
4.755940e-01 	1.526516e-02 
4.758710e-01 	1.525369e-02 
4.761480e-01 	1.524223e-02 
4.764240e-01 	1.523081e-02 
4.767010e-01 	1.521936e-02 
4.769780e-01 	1.520791e-02 
4.772540e-01 	1.519651e-02 
4.775310e-01 	1.518508e-02 
4.778080e-01 	1.517366e-02 
4.780840e-01 	1.516228e-02 
4.783610e-01 	1.515087e-02 
4.786370e-01 	1.513951e-02 
4.789140e-01 	1.512811e-02 
4.791910e-01 	1.511672e-02 
4.794670e-01 	1.510538e-02 
4.797440e-01 	1.509400e-02 
4.800210e-01 	1.508264e-02 
4.802970e-01 	1.507132e-02 
4.805740e-01 	1.505996e-02 
4.808510e-01 	1.504862e-02 
4.811270e-01 	1.503732e-02 
4.814040e-01 	1.502599e-02 
4.816800e-01 	1.501471e-02 
4.819570e-01 	1.500340e-02 
4.822340e-01 	1.499209e-02 
4.825100e-01 	1.498084e-02 
4.827870e-01 	1.496955e-02 
4.830640e-01 	1.495827e-02 
4.833400e-01 	1.494703e-02 
4.836170e-01 	1.493577e-02 
4.838940e-01 	1.492451e-02 
4.841700e-01 	1.491331e-02 
4.844470e-01 	1.490207e-02 
4.847230e-01 	1.489088e-02 
4.850000e-01 	1.487966e-02 
4.852770e-01 	1.486845e-02 
4.855530e-01 	1.485728e-02 
4.858300e-01 	1.484609e-02 
4.861070e-01 	1.483490e-02 
4.863830e-01 	1.482376e-02 
4.866600e-01 	1.481260e-02 
4.869370e-01 	1.480144e-02 
4.872130e-01 	1.479033e-02 
4.874900e-01 	1.477918e-02 
4.877660e-01 	1.476809e-02 
4.880430e-01 	1.475696e-02 
4.883200e-01 	1.474585e-02 
4.885960e-01 	1.473478e-02 
4.888730e-01 	1.472368e-02 
4.891500e-01 	1.471259e-02 
4.894260e-01 	1.470154e-02 
4.897030e-01 	1.469046e-02 
4.899800e-01 	1.467939e-02 
4.902560e-01 	1.466837e-02 
4.905330e-01 	1.465731e-02 
4.908090e-01 	1.464630e-02 
4.910860e-01 	1.463526e-02 
4.913630e-01 	1.462422e-02 
4.916390e-01 	1.461323e-02 
4.919160e-01 	1.460221e-02 
4.921930e-01 	1.459119e-02 
4.924690e-01 	1.458021e-02 
4.927460e-01 	1.456920e-02 
4.930230e-01 	1.455820e-02 
4.932990e-01 	1.454724e-02 
4.935760e-01 	1.453624e-02 
4.938520e-01 	1.452529e-02 
4.941290e-01 	1.451430e-02 
4.944060e-01 	1.450332e-02 
4.946820e-01 	1.449238e-02 
4.949590e-01 	1.448140e-02 
4.952360e-01 	1.447043e-02 
4.955120e-01 	1.445950e-02 
4.957890e-01 	1.444853e-02 
4.960660e-01 	1.443756e-02 
4.963420e-01 	1.442664e-02 
4.966190e-01 	1.441568e-02 
4.968950e-01 	1.440476e-02 
4.971720e-01 	1.439380e-02 
4.974490e-01 	1.438284e-02 
4.977250e-01 	1.437192e-02 
4.980020e-01 	1.436097e-02 
4.982790e-01 	1.435001e-02 
4.985550e-01 	1.433910e-02 
4.988320e-01 	1.432814e-02 
4.991090e-01 	1.431719e-02 
4.993850e-01 	1.430627e-02 
4.996620e-01 	1.429532e-02 
4.999380e-01 	1.428440e-02 
