#q 	 Ifit_avg 
1.072700e-02 	1.000000e+00 
1.095500e-02 	9.984005e-01 
1.118300e-02 	9.968001e-01 
1.141200e-02 	9.951992e-01 
1.164000e-02 	9.935975e-01 
1.186900e-02 	9.919948e-01 
1.209700e-02 	9.903908e-01 
1.232500e-02 	9.887859e-01 
1.255400e-02 	9.871785e-01 
1.278200e-02 	9.855690e-01 
1.301000e-02 	9.839572e-01 
1.323900e-02 	9.823428e-01 
1.346700e-02 	9.807255e-01 
1.369500e-02 	9.791058e-01 
1.392400e-02 	9.774819e-01 
1.415200e-02 	9.758544e-01 
1.438100e-02 	9.742230e-01 
1.460900e-02 	9.725874e-01 
1.483800e-02 	9.709473e-01 
1.506600e-02 	9.693032e-01 
1.529400e-02 	9.676534e-01 
1.552300e-02 	9.659984e-01 
1.575100e-02 	9.643378e-01 
1.597900e-02 	9.626715e-01 
1.620800e-02 	9.609999e-01 
1.643600e-02 	9.593212e-01 
1.666400e-02 	9.576360e-01 
1.689300e-02 	9.559440e-01 
1.712100e-02 	9.542448e-01 
1.735000e-02 	9.525384e-01 
1.757800e-02 	9.508250e-01 
1.780600e-02 	9.491030e-01 
1.803500e-02 	9.473729e-01 
1.826300e-02 	9.456343e-01 
1.849200e-02 	9.438871e-01 
1.872000e-02 	9.421309e-01 
1.894800e-02 	9.403663e-01 
1.917700e-02 	9.385915e-01 
1.940500e-02 	9.368070e-01 
1.963400e-02 	9.350124e-01 
1.986200e-02 	9.332076e-01 
2.009000e-02 	9.313923e-01 
2.031900e-02 	9.295670e-01 
2.054700e-02 	9.277299e-01 
2.077500e-02 	9.258814e-01 
2.100400e-02 	9.240214e-01 
2.123200e-02 	9.221495e-01 
2.146100e-02 	9.202656e-01 
2.168900e-02 	9.183701e-01 
2.191700e-02 	9.164612e-01 
2.214600e-02 	9.145394e-01 
2.237400e-02 	9.126045e-01 
2.260300e-02 	9.106563e-01 
2.283100e-02 	9.086944e-01 
2.305900e-02 	9.067197e-01 
2.328800e-02 	9.047300e-01 
2.351600e-02 	9.027260e-01 
2.374400e-02 	9.007076e-01 
2.397300e-02 	8.986745e-01 
2.420100e-02 	8.966266e-01 
2.443000e-02 	8.945646e-01 
2.465800e-02 	8.924866e-01 
2.488600e-02 	8.903933e-01 
2.511500e-02 	8.882846e-01 
2.534300e-02 	8.861604e-01 
2.557200e-02 	8.840207e-01 
2.580000e-02 	8.818664e-01 
2.602800e-02 	8.796954e-01 
2.625700e-02 	8.775089e-01 
2.648500e-02 	8.753067e-01 
2.671300e-02 	8.730889e-01 
2.694200e-02 	8.708556e-01 
2.717000e-02 	8.686078e-01 
2.739800e-02 	8.663436e-01 
2.762700e-02 	8.640642e-01 
2.785500e-02 	8.617696e-01 
2.808400e-02 	8.594601e-01 
2.831200e-02 	8.571357e-01 
2.854000e-02 	8.547978e-01 
2.876900e-02 	8.524444e-01 
2.899700e-02 	8.500767e-01 
2.922600e-02 	8.476951e-01 
2.945400e-02 	8.452997e-01 
2.968200e-02 	8.428909e-01 
2.991100e-02 	8.404699e-01 
3.013900e-02 	8.380350e-01 
3.036700e-02 	8.355874e-01 
3.059600e-02 	8.331274e-01 
3.082400e-02 	8.306553e-01 
3.105300e-02 	8.281715e-01 
3.128100e-02 	8.256772e-01 
3.150900e-02 	8.231708e-01 
3.173800e-02 	8.206535e-01 
3.196600e-02 	8.181256e-01 
3.219500e-02 	8.155875e-01 
3.242300e-02 	8.130395e-01 
3.265100e-02 	8.104829e-01 
3.288000e-02 	8.079159e-01 
3.310800e-02 	8.053399e-01 
3.333700e-02 	8.027552e-01 
3.356500e-02 	8.001620e-01 
3.379300e-02 	7.975608e-01 
3.402200e-02 	7.949529e-01 
3.425000e-02 	7.923363e-01 
3.447800e-02 	7.897125e-01 
3.470700e-02 	7.870819e-01 
3.493500e-02 	7.844446e-01 
3.516400e-02 	7.818009e-01 
3.539200e-02 	7.791524e-01 
3.562000e-02 	7.764970e-01 
3.584900e-02 	7.738362e-01 
3.607700e-02 	7.711701e-01 
3.630600e-02 	7.684991e-01 
3.653400e-02 	7.658235e-01 
3.676200e-02 	7.631448e-01 
3.699100e-02 	7.604608e-01 
3.721900e-02 	7.577729e-01 
3.744700e-02 	7.550815e-01 
3.767600e-02 	7.523868e-01 
3.790400e-02 	7.496891e-01 
3.813300e-02 	7.469898e-01 
3.836100e-02 	7.442868e-01 
3.858900e-02 	7.415815e-01 
3.881800e-02 	7.388742e-01 
3.904600e-02 	7.361650e-01 
3.927400e-02 	7.334554e-01 
3.950300e-02 	7.307434e-01 
3.973100e-02 	7.280302e-01 
3.996000e-02 	7.253161e-01 
4.018800e-02 	7.226014e-01 
4.041600e-02 	7.198862e-01 
4.064500e-02 	7.171720e-01 
4.087300e-02 	7.144565e-01 
4.110200e-02 	7.117411e-01 
4.133000e-02 	7.090261e-01 
4.155800e-02 	7.063117e-01 
4.178700e-02 	7.035979e-01 
4.201500e-02 	7.008863e-01 
4.224300e-02 	6.981746e-01 
4.247200e-02 	6.954642e-01 
4.270000e-02 	6.927552e-01 
4.292900e-02 	6.900478e-01 
4.315700e-02 	6.873422e-01 
4.338500e-02 	6.846396e-01 
4.361400e-02 	6.819380e-01 
4.384200e-02 	6.792386e-01 
4.407100e-02 	6.765416e-01 
4.429900e-02 	6.738472e-01 
4.452700e-02 	6.711555e-01 
4.475600e-02 	6.684678e-01 
4.498400e-02 	6.657819e-01 
4.521200e-02 	6.630991e-01 
4.544100e-02 	6.604194e-01 
4.566900e-02 	6.577431e-01 
4.589800e-02 	6.550703e-01 
4.612600e-02 	6.524022e-01 
4.635400e-02 	6.497367e-01 
4.658300e-02 	6.470750e-01 
4.681100e-02 	6.444173e-01 
4.704000e-02 	6.417636e-01 
4.726800e-02 	6.391141e-01 
4.749600e-02 	6.364701e-01 
4.772500e-02 	6.338292e-01 
4.795300e-02 	6.311928e-01 
4.818100e-02 	6.285610e-01 
4.841000e-02 	6.259338e-01 
4.863800e-02 	6.233113e-01 
4.886700e-02 	6.206948e-01 
4.909500e-02 	6.180821e-01 
4.932300e-02 	6.154744e-01 
4.955200e-02 	6.128718e-01 
4.978000e-02 	6.102744e-01 
5.000900e-02 	6.076823e-01 
5.023700e-02 	6.050967e-01 
5.046500e-02 	6.025154e-01 
5.069400e-02 	5.999396e-01 
5.092200e-02 	5.973694e-01 
5.115000e-02 	5.948048e-01 
5.137900e-02 	5.922460e-01 
5.160700e-02 	5.896941e-01 
5.183600e-02 	5.871469e-01 
5.206400e-02 	5.846058e-01 
5.229200e-02 	5.820706e-01 
5.252100e-02 	5.795415e-01 
5.274900e-02 	5.770186e-01 
5.297700e-02 	5.745030e-01 
5.320600e-02 	5.719926e-01 
5.343400e-02 	5.694885e-01 
5.366300e-02 	5.669909e-01 
5.389100e-02 	5.644997e-01 
5.411900e-02 	5.620151e-01 
5.434800e-02 	5.595382e-01 
5.457600e-02 	5.570668e-01 
5.480500e-02 	5.546022e-01 
5.503300e-02 	5.521444e-01 
5.526100e-02 	5.496934e-01 
5.549000e-02 	5.472493e-01 
5.571800e-02 	5.448132e-01 
5.594600e-02 	5.423830e-01 
5.617500e-02 	5.399598e-01 
5.640300e-02 	5.375438e-01 
5.663200e-02 	5.351348e-01 
5.686000e-02 	5.327331e-01 
5.708800e-02 	5.303397e-01 
5.731700e-02 	5.279526e-01 
5.754500e-02 	5.255727e-01 
5.777400e-02 	5.232003e-01 
5.800200e-02 	5.208353e-01 
5.823000e-02 	5.184778e-01 
5.845900e-02 	5.161288e-01 
5.868700e-02 	5.137864e-01 
5.891500e-02 	5.114515e-01 
5.914400e-02 	5.091243e-01 
5.937200e-02 	5.068047e-01 
5.960100e-02 	5.044928e-01 
5.982900e-02 	5.021897e-01 
6.005700e-02 	4.998934e-01 
6.028600e-02 	4.976049e-01 
6.051400e-02 	4.953242e-01 
6.074300e-02 	4.930515e-01 
6.097100e-02 	4.907867e-01 
6.119900e-02 	4.885308e-01 
6.142800e-02 	4.862819e-01 
6.165600e-02 	4.840411e-01 
6.188400e-02 	4.818082e-01 
6.211300e-02 	4.795835e-01 
6.234100e-02 	4.773669e-01 
6.257000e-02 	4.751593e-01 
6.279800e-02 	4.729589e-01 
6.302600e-02 	4.707667e-01 
6.325500e-02 	4.685827e-01 
6.348300e-02 	4.664069e-01 
6.371100e-02 	4.642403e-01 
6.394000e-02 	4.620810e-01 
6.416800e-02 	4.599301e-01 
6.439700e-02 	4.577874e-01 
6.462500e-02 	4.556530e-01 
6.485300e-02 	4.535270e-01 
6.508200e-02 	4.514104e-01 
6.531000e-02 	4.493012e-01 
6.553800e-02 	4.472004e-01 
6.576700e-02 	4.451080e-01 
6.599500e-02 	4.430241e-01 
6.622400e-02 	4.409486e-01 
6.645200e-02 	4.388824e-01 
6.668000e-02 	4.368239e-01 
6.690900e-02 	4.347738e-01 
6.713700e-02 	4.327322e-01 
6.736600e-02 	4.306991e-01 
6.759400e-02 	4.286745e-01 
6.782200e-02 	4.266594e-01 
6.805100e-02 	4.246519e-01 
6.827900e-02 	4.226529e-01 
6.850700e-02 	4.206625e-01 
6.873600e-02 	4.186807e-01 
6.896400e-02 	4.167075e-01 
6.919300e-02 	4.147437e-01 
6.942100e-02 	4.127876e-01 
6.964900e-02 	4.108402e-01 
6.987800e-02 	4.089013e-01 
7.010600e-02 	4.069710e-01 
7.033500e-02 	4.050493e-01 
7.056300e-02 	4.031370e-01 
7.079100e-02 	4.012325e-01 
7.102000e-02 	3.993365e-01 
7.124800e-02 	3.974492e-01 
7.147600e-02 	3.955704e-01 
7.170500e-02 	3.937002e-01 
7.193300e-02 	3.918394e-01 
7.216200e-02 	3.899864e-01 
7.239000e-02 	3.881420e-01 
7.261800e-02 	3.863062e-01 
7.284700e-02 	3.844790e-01 
7.307500e-02 	3.826604e-01 
7.330400e-02 	3.808511e-01 
7.353200e-02 	3.790496e-01 
7.376000e-02 	3.772567e-01 
7.398900e-02 	3.754723e-01 
7.421700e-02 	3.736964e-01 
7.444500e-02 	3.719291e-01 
7.467400e-02 	3.701710e-01 
7.490200e-02 	3.684206e-01 
7.513100e-02 	3.666788e-01 
7.535900e-02 	3.649454e-01 
7.558700e-02 	3.632205e-01 
7.581600e-02 	3.615040e-01 
7.604400e-02 	3.597967e-01 
7.627300e-02 	3.580971e-01 
7.650100e-02 	3.564059e-01 
7.672900e-02 	3.547232e-01 
7.695800e-02 	3.530488e-01 
7.718600e-02 	3.513829e-01 
7.741400e-02 	3.497260e-01 
7.764300e-02 	3.480768e-01 
7.787100e-02 	3.464360e-01 
7.810000e-02 	3.448035e-01 
7.832800e-02 	3.431793e-01 
7.855600e-02 	3.415633e-01 
7.878500e-02 	3.399564e-01 
7.901300e-02 	3.383569e-01 
7.924200e-02 	3.367657e-01 
7.947000e-02 	3.351826e-01 
7.969800e-02 	3.336077e-01 
7.992700e-02 	3.320409e-01 
8.015500e-02 	3.304830e-01 
8.038300e-02 	3.289325e-01 
8.061200e-02 	3.273900e-01 
8.084000e-02 	3.258556e-01 
8.106900e-02 	3.243292e-01 
8.129700e-02 	3.228109e-01 
8.152500e-02 	3.213012e-01 
8.175400e-02 	3.197988e-01 
8.198200e-02 	3.183044e-01 
8.221100e-02 	3.168179e-01 
8.243900e-02 	3.153393e-01 
8.266700e-02 	3.138686e-01 
8.289600e-02 	3.124064e-01 
8.312400e-02 	3.109515e-01 
8.335200e-02 	3.095043e-01 
8.358100e-02 	3.080649e-01 
8.380900e-02 	3.066332e-01 
8.403800e-02 	3.052092e-01 
8.426600e-02 	3.037935e-01 
8.449400e-02 	3.023848e-01 
8.472300e-02 	3.009838e-01 
8.495100e-02 	2.995903e-01 
8.518000e-02 	2.982044e-01 
8.540800e-02 	2.968260e-01 
8.563600e-02 	2.954556e-01 
8.586500e-02 	2.940922e-01 
8.609300e-02 	2.927361e-01 
8.632100e-02 	2.913875e-01 
8.655000e-02 	2.900462e-01 
8.677800e-02 	2.887128e-01 
8.700700e-02 	2.873861e-01 
8.723500e-02 	2.860667e-01 
8.746300e-02 	2.847546e-01 
8.769200e-02 	2.834496e-01 
8.792000e-02 	2.821519e-01 
8.814800e-02 	2.808618e-01 
8.837700e-02 	2.795783e-01 
8.860500e-02 	2.783019e-01 
8.883400e-02 	2.770325e-01 
8.906200e-02 	2.757702e-01 
8.929000e-02 	2.745149e-01 
8.951900e-02 	2.732671e-01 
8.974700e-02 	2.720257e-01 
8.997500e-02 	2.707912e-01 
9.020400e-02 	2.695636e-01 
9.043200e-02 	2.683427e-01 
9.066100e-02 	2.671287e-01 
9.088900e-02 	2.659220e-01 
9.111700e-02 	2.647214e-01 
9.134600e-02 	2.635276e-01 
9.157400e-02 	2.623404e-01 
9.180300e-02 	2.611598e-01 
9.203100e-02 	2.599859e-01 
9.225900e-02 	2.588189e-01 
9.248800e-02 	2.576580e-01 
9.271600e-02 	2.565036e-01 
9.294400e-02 	2.553556e-01 
9.317300e-02 	2.542141e-01 
9.340100e-02 	2.530790e-01 
9.363000e-02 	2.519507e-01 
9.385800e-02 	2.508283e-01 
9.408600e-02 	2.497121e-01 
9.431500e-02 	2.486023e-01 
9.454300e-02 	2.474987e-01 
9.477200e-02 	2.464013e-01 
9.500000e-02 	2.453105e-01 
9.522800e-02 	2.442255e-01 
9.545700e-02 	2.431465e-01 
9.568500e-02 	2.420736e-01 
9.591300e-02 	2.410067e-01 
9.614200e-02 	2.399459e-01 
9.637000e-02 	2.388915e-01 
9.659900e-02 	2.378426e-01 
9.682700e-02 	2.367995e-01 
9.705500e-02 	2.357624e-01 
9.728400e-02 	2.347311e-01 
9.751200e-02 	2.337056e-01 
9.774100e-02 	2.326863e-01 
9.796900e-02 	2.316724e-01 
9.819700e-02 	2.306641e-01 
9.842600e-02 	2.296615e-01 
9.865400e-02 	2.286646e-01 
9.888200e-02 	2.276733e-01 
9.911100e-02 	2.266881e-01 
9.933900e-02 	2.257080e-01 
9.956800e-02 	2.247334e-01 
9.979600e-02 	2.237644e-01 
1.000240e-01 	2.228025e-01 
1.002530e-01 	2.218419e-01 
1.004810e-01 	2.208910e-01 
1.007100e-01 	2.199412e-01 
1.009380e-01 	2.190010e-01 
1.011660e-01 	2.180662e-01 
1.013950e-01 	2.171325e-01 
1.016230e-01 	2.162082e-01 
1.018510e-01 	2.152892e-01 
1.020800e-01 	2.143713e-01 
1.023080e-01 	2.134626e-01 
1.025370e-01 	2.125552e-01 
1.027650e-01 	2.116567e-01 
1.029930e-01 	2.107634e-01 
1.032220e-01 	2.098712e-01 
1.034500e-01 	2.089880e-01 
1.036790e-01 	2.081058e-01 
1.039070e-01 	2.072325e-01 
1.041350e-01 	2.063641e-01 
1.043640e-01 	2.054968e-01 
1.045920e-01 	2.046381e-01 
1.048200e-01 	2.037843e-01 
1.050490e-01 	2.029316e-01 
1.052770e-01 	2.020874e-01 
1.055060e-01 	2.012443e-01 
1.057340e-01 	2.004095e-01 
1.059620e-01 	1.995795e-01 
1.061910e-01 	1.987505e-01 
1.064190e-01 	1.979298e-01 
1.066470e-01 	1.971138e-01 
1.068760e-01 	1.962987e-01 
1.071040e-01 	1.954918e-01 
1.073330e-01 	1.946859e-01 
1.075610e-01 	1.938881e-01 
1.077890e-01 	1.930948e-01 
1.080180e-01 	1.923025e-01 
1.082460e-01 	1.915181e-01 
1.084750e-01 	1.907347e-01 
1.087030e-01 	1.899591e-01 
1.089310e-01 	1.891879e-01 
1.091600e-01 	1.884176e-01 
1.093880e-01 	1.876551e-01 
1.096160e-01 	1.868968e-01 
1.098450e-01 	1.861395e-01 
1.100730e-01 	1.853897e-01 
1.103020e-01 	1.846408e-01 
1.105300e-01 	1.838994e-01 
1.107580e-01 	1.831621e-01 
1.109870e-01 	1.824256e-01 
1.112150e-01 	1.816965e-01 
1.114440e-01 	1.809683e-01 
1.116720e-01 	1.802473e-01 
1.119000e-01 	1.795303e-01 
1.121290e-01 	1.788142e-01 
1.123570e-01 	1.781051e-01 
1.125850e-01 	1.774000e-01 
1.128140e-01 	1.766957e-01 
1.130420e-01 	1.759983e-01 
1.132710e-01 	1.753018e-01 
1.134990e-01 	1.746122e-01 
1.137270e-01 	1.739264e-01 
1.139560e-01 	1.732415e-01 
1.141840e-01 	1.725633e-01 
1.144130e-01 	1.718859e-01 
1.146410e-01 	1.712151e-01 
1.148690e-01 	1.705482e-01 
1.150980e-01 	1.698819e-01 
1.153260e-01 	1.692223e-01 
1.155540e-01 	1.685663e-01 
1.157830e-01 	1.679111e-01 
1.160110e-01 	1.672624e-01 
1.162400e-01 	1.666144e-01 
1.164680e-01 	1.659728e-01 
1.166960e-01 	1.653347e-01 
1.169250e-01 	1.646974e-01 
1.171530e-01 	1.640663e-01 
1.173810e-01 	1.634387e-01 
1.176100e-01 	1.628118e-01 
1.178380e-01 	1.621911e-01 
1.180670e-01 	1.615711e-01 
1.182950e-01 	1.609572e-01 
1.185230e-01 	1.603466e-01 
1.187520e-01 	1.597367e-01 
1.189800e-01 	1.591328e-01 
1.192090e-01 	1.585296e-01 
1.194370e-01 	1.579322e-01 
1.196650e-01 	1.573381e-01 
1.198940e-01 	1.567447e-01 
1.201220e-01 	1.561571e-01 
1.203500e-01 	1.555726e-01 
1.205790e-01 	1.549888e-01 
1.208070e-01 	1.544107e-01 
1.210360e-01 	1.538332e-01 
1.212640e-01 	1.532614e-01 
1.214920e-01 	1.526927e-01 
1.217210e-01 	1.521246e-01 
1.219490e-01 	1.515620e-01 
1.221780e-01 	1.510001e-01 
1.224060e-01 	1.504436e-01 
1.226340e-01 	1.498902e-01 
1.228630e-01 	1.493373e-01 
1.230910e-01 	1.487899e-01 
1.233190e-01 	1.482454e-01 
1.235480e-01 	1.477014e-01 
1.237760e-01 	1.471628e-01 
1.240050e-01 	1.466248e-01 
1.242330e-01 	1.460920e-01 
1.244610e-01 	1.455620e-01 
1.246900e-01 	1.450326e-01 
1.249180e-01 	1.445084e-01 
1.251470e-01 	1.439847e-01 
1.253750e-01 	1.434661e-01 
1.256030e-01 	1.429503e-01 
1.258320e-01 	1.424350e-01 
1.260600e-01 	1.419246e-01 
1.262880e-01 	1.414171e-01 
1.265170e-01 	1.409100e-01 
1.267450e-01 	1.404078e-01 
1.269740e-01 	1.399061e-01 
1.272020e-01 	1.394093e-01 
1.274300e-01 	1.389151e-01 
1.276590e-01 	1.384213e-01 
1.278870e-01 	1.379324e-01 
1.281160e-01 	1.374439e-01 
1.283440e-01 	1.369601e-01 
1.285720e-01 	1.364789e-01 
1.288010e-01 	1.359982e-01 
1.290290e-01 	1.355221e-01 
1.292570e-01 	1.350485e-01 
1.294860e-01 	1.345754e-01 
1.297140e-01 	1.341068e-01 
1.299430e-01 	1.336387e-01 
1.301710e-01 	1.331751e-01 
1.303990e-01 	1.327140e-01 
1.306280e-01 	1.322533e-01 
1.308560e-01 	1.317970e-01 
1.310840e-01 	1.313431e-01 
1.313130e-01 	1.308897e-01 
1.315410e-01 	1.304406e-01 
1.317700e-01 	1.299920e-01 
1.319980e-01 	1.295476e-01 
1.322260e-01 	1.291056e-01 
1.324550e-01 	1.286640e-01 
1.326830e-01 	1.282267e-01 
1.329120e-01 	1.277897e-01 
1.331400e-01 	1.273569e-01 
1.333680e-01 	1.269264e-01 
1.335970e-01 	1.264963e-01 
1.338250e-01 	1.260703e-01 
1.340530e-01 	1.256466e-01 
1.342820e-01 	1.252232e-01 
1.345100e-01 	1.248038e-01 
1.347390e-01 	1.243848e-01 
1.349670e-01 	1.239698e-01 
1.351950e-01 	1.235569e-01 
1.354240e-01 	1.231444e-01 
1.356520e-01 	1.227358e-01 
1.358810e-01 	1.223276e-01 
1.361090e-01 	1.219232e-01 
1.363370e-01 	1.215209e-01 
1.365660e-01 	1.211189e-01 
1.367940e-01 	1.207207e-01 
1.370220e-01 	1.203246e-01 
1.372510e-01 	1.199288e-01 
1.374790e-01 	1.195368e-01 
1.377080e-01 	1.191450e-01 
1.379360e-01 	1.187570e-01 
1.381640e-01 	1.183709e-01 
1.383930e-01 	1.179852e-01 
1.386210e-01 	1.176032e-01 
1.388500e-01 	1.172214e-01 
1.390780e-01 	1.168432e-01 
1.393060e-01 	1.164671e-01 
1.395350e-01 	1.160912e-01 
1.397630e-01 	1.157188e-01 
1.399910e-01 	1.153484e-01 
1.402200e-01 	1.149783e-01 
1.404480e-01 	1.146117e-01 
1.406770e-01 	1.142453e-01 
1.409050e-01 	1.138825e-01 
1.411330e-01 	1.135215e-01 
1.413620e-01 	1.131608e-01 
1.415900e-01 	1.128035e-01 
1.418180e-01 	1.124480e-01 
1.420470e-01 	1.120928e-01 
1.422750e-01 	1.117410e-01 
1.425040e-01 	1.113894e-01 
1.427320e-01 	1.110412e-01 
1.429600e-01 	1.106947e-01 
1.431890e-01 	1.103485e-01 
1.434170e-01 	1.100055e-01 
1.436460e-01 	1.096627e-01 
1.438740e-01 	1.093232e-01 
1.441020e-01 	1.089854e-01 
1.443310e-01 	1.086479e-01 
1.445590e-01 	1.083135e-01 
1.447870e-01 	1.079807e-01 
1.450160e-01 	1.076482e-01 
1.452440e-01 	1.073189e-01 
1.454730e-01 	1.069897e-01 
1.457010e-01 	1.066637e-01 
1.459290e-01 	1.063393e-01 
1.461580e-01 	1.060151e-01 
1.463860e-01 	1.056939e-01 
1.466150e-01 	1.053730e-01 
1.468430e-01 	1.050550e-01 
1.470710e-01 	1.047387e-01 
1.473000e-01 	1.044226e-01 
1.475280e-01 	1.041094e-01 
1.477560e-01 	1.037978e-01 
1.479850e-01 	1.034865e-01 
1.482130e-01 	1.031780e-01 
1.484420e-01 	1.028697e-01 
1.486700e-01 	1.025643e-01 
1.488980e-01 	1.022605e-01 
1.491270e-01 	1.019568e-01 
1.493550e-01 	1.016560e-01 
1.495840e-01 	1.013554e-01 
1.498120e-01 	1.010576e-01 
1.500400e-01 	1.007613e-01 
1.502690e-01 	1.004651e-01 
1.504970e-01 	1.001718e-01 
1.507250e-01 	9.987987e-02 
1.509540e-01 	9.958814e-02 
1.511820e-01 	9.929913e-02 
1.514110e-01 	9.901030e-02 
1.516390e-01 	9.872415e-02 
1.518670e-01 	9.843942e-02 
1.520960e-01 	9.815486e-02 
1.523240e-01 	9.787294e-02 
1.525530e-01 	9.759118e-02 
1.527810e-01 	9.731203e-02 
1.530090e-01 	9.703425e-02 
1.532380e-01 	9.675662e-02 
1.534660e-01 	9.648157e-02 
1.536940e-01 	9.620785e-02 
1.539230e-01 	9.593429e-02 
1.541510e-01 	9.566324e-02 
1.543800e-01 	9.539233e-02 
1.546080e-01 	9.512392e-02 
1.548360e-01 	9.485681e-02 
1.550650e-01 	9.458983e-02 
1.552930e-01 	9.432531e-02 
1.555210e-01 	9.406208e-02 
1.557500e-01 	9.379897e-02 
1.559780e-01 	9.353829e-02 
1.562070e-01 	9.327774e-02 
1.564350e-01 	9.301959e-02 
1.566630e-01 	9.276270e-02 
1.568920e-01 	9.250592e-02 
1.571200e-01 	9.225152e-02 
1.573490e-01 	9.199723e-02 
1.575770e-01 	9.174529e-02 
1.578050e-01 	9.149457e-02 
1.580340e-01 	9.124396e-02 
1.582620e-01 	9.099567e-02 
1.584900e-01 	9.074857e-02 
1.587190e-01 	9.050159e-02 
1.589470e-01 	9.025687e-02 
1.591760e-01 	9.001228e-02 
1.594040e-01 	8.976992e-02 
1.596320e-01 	8.952874e-02 
1.598610e-01 	8.928766e-02 
1.600890e-01 	8.904880e-02 
1.603180e-01 	8.881004e-02 
1.605460e-01 	8.857347e-02 
1.607740e-01 	8.833804e-02 
1.610030e-01 	8.810270e-02 
1.612310e-01 	8.786953e-02 
1.614590e-01 	8.763747e-02 
1.616880e-01 	8.740551e-02 
1.619160e-01 	8.717567e-02 
1.621450e-01 	8.694593e-02 
1.623730e-01 	8.671829e-02 
1.626010e-01 	8.649173e-02 
1.628300e-01 	8.626527e-02 
1.630580e-01 	8.604088e-02 
1.632870e-01 	8.581659e-02 
1.635150e-01 	8.559433e-02 
1.637430e-01 	8.537314e-02 
1.639720e-01 	8.515203e-02 
1.642000e-01 	8.493294e-02 
1.644280e-01 	8.471489e-02 
1.646570e-01 	8.449693e-02 
1.648850e-01 	8.428094e-02 
1.651140e-01 	8.406504e-02 
1.653420e-01 	8.385110e-02 
1.655700e-01 	8.363818e-02 
1.657990e-01 	8.342533e-02 
1.660270e-01 	8.321441e-02 
1.662550e-01 	8.300448e-02 
1.664840e-01 	8.279463e-02 
1.667120e-01 	8.258667e-02 
1.669410e-01 	8.237879e-02 
1.671690e-01 	8.217277e-02 
1.673970e-01 	8.196772e-02 
1.676260e-01 	8.176273e-02 
1.678540e-01 	8.155958e-02 
1.680830e-01 	8.135650e-02 
1.683110e-01 	8.115524e-02 
1.685390e-01 	8.095491e-02 
1.687680e-01 	8.075464e-02 
1.689960e-01 	8.055617e-02 
1.692240e-01 	8.035862e-02 
1.694530e-01 	8.016111e-02 
1.696810e-01 	7.996538e-02 
1.699100e-01 	7.976970e-02 
1.701380e-01 	7.957576e-02 
1.703660e-01 	7.938272e-02 
1.705950e-01 	7.918972e-02 
1.708230e-01 	7.899845e-02 
1.710520e-01 	7.880721e-02 
1.712800e-01 	7.861768e-02 
1.715080e-01 	7.842902e-02 
1.717370e-01 	7.824039e-02 
1.719650e-01 	7.805344e-02 
1.721930e-01 	7.786734e-02 
1.724220e-01 	7.768127e-02 
1.726500e-01 	7.749686e-02 
1.728790e-01 	7.731247e-02 
1.731070e-01 	7.712972e-02 
1.733350e-01 	7.694780e-02 
1.735640e-01 	7.676590e-02 
1.737920e-01 	7.658562e-02 
1.740210e-01 	7.640537e-02 
1.742490e-01 	7.622672e-02 
1.744770e-01 	7.604887e-02 
1.747060e-01 	7.587106e-02 
1.749340e-01 	7.569482e-02 
1.751620e-01 	7.551937e-02 
1.753910e-01 	7.534396e-02 
1.756190e-01 	7.517010e-02 
1.758480e-01 	7.499628e-02 
1.760760e-01 	7.482399e-02 
1.763040e-01 	7.465249e-02 
1.765330e-01 	7.448101e-02 
1.767610e-01 	7.431106e-02 
1.769900e-01 	7.414114e-02 
1.772180e-01 	7.397273e-02 
1.774460e-01 	7.380508e-02 
1.776750e-01 	7.363746e-02 
1.779030e-01 	7.347133e-02 
1.781310e-01 	7.330595e-02 
1.783600e-01 	7.314059e-02 
1.785880e-01 	7.297670e-02 
1.788170e-01 	7.281284e-02 
1.790450e-01 	7.265043e-02 
1.792730e-01 	7.248874e-02 
1.795020e-01 	7.232708e-02 
1.797300e-01 	7.216685e-02 
1.799580e-01 	7.200734e-02 
1.801870e-01 	7.184785e-02 
1.804150e-01 	7.168976e-02 
1.806440e-01 	7.153169e-02 
1.808720e-01 	7.137502e-02 
1.811000e-01 	7.121904e-02 
1.813290e-01 	7.106308e-02 
1.815570e-01 	7.090849e-02 
1.817860e-01 	7.075391e-02 
1.820140e-01 	7.060068e-02 
1.822420e-01 	7.044814e-02 
1.824710e-01 	7.029560e-02 
1.826990e-01 	7.014439e-02 
1.829270e-01 	6.999385e-02 
1.831560e-01 	6.984332e-02 
1.833840e-01 	6.969409e-02 
1.836130e-01 	6.954487e-02 
1.838410e-01 	6.939694e-02 
1.840690e-01 	6.924966e-02 
1.842980e-01 	6.910238e-02 
1.845260e-01 	6.895637e-02 
1.847550e-01 	6.881036e-02 
1.849830e-01 	6.866561e-02 
1.852110e-01 	6.852148e-02 
1.854400e-01 	6.837734e-02 
1.856680e-01 	6.823445e-02 
1.858960e-01 	6.809217e-02 
1.861250e-01 	6.794987e-02 
1.863530e-01 	6.780881e-02 
1.865820e-01 	6.766773e-02 
1.868100e-01 	6.752786e-02 
1.870380e-01 	6.738859e-02 
1.872670e-01 	6.724930e-02 
1.874950e-01 	6.711121e-02 
1.877240e-01 	6.697310e-02 
1.879520e-01 	6.683619e-02 
1.881800e-01 	6.669985e-02 
1.884090e-01 	6.656351e-02 
1.886370e-01 	6.642833e-02 
1.888650e-01 	6.629373e-02 
1.890940e-01 	6.615912e-02 
1.893220e-01 	6.602566e-02 
1.895510e-01 	6.589220e-02 
1.897790e-01 	6.575988e-02 
1.900070e-01 	6.562812e-02 
1.902360e-01 	6.549635e-02 
1.904640e-01 	6.536571e-02 
1.906920e-01 	6.523563e-02 
1.909210e-01 	6.510554e-02 
1.911490e-01 	6.497657e-02 
1.913780e-01 	6.484758e-02 
1.916060e-01 	6.471970e-02 
1.918340e-01 	6.459237e-02 
1.920630e-01 	6.446502e-02 
1.922910e-01 	6.433877e-02 
1.925200e-01 	6.421250e-02 
1.927480e-01 	6.408732e-02 
1.929760e-01 	6.396267e-02 
1.932050e-01 	6.383801e-02 
1.934330e-01 	6.371441e-02 
1.936610e-01 	6.359134e-02 
1.938900e-01 	6.346826e-02 
1.941180e-01 	6.334623e-02 
1.943470e-01 	6.322419e-02 
1.945750e-01 	6.310320e-02 
1.948030e-01 	6.298271e-02 
1.950320e-01 	6.286221e-02 
1.952600e-01 	6.274274e-02 
1.954890e-01 	6.262324e-02 
1.957170e-01 	6.250478e-02 
1.959450e-01 	6.238680e-02 
1.961740e-01 	6.226881e-02 
1.964020e-01 	6.215182e-02 
1.966300e-01 	6.203532e-02 
1.968590e-01 	6.191879e-02 
1.970870e-01 	6.180326e-02 
1.973160e-01 	6.168770e-02 
1.975440e-01 	6.157313e-02 
1.977720e-01 	6.145903e-02 
1.980010e-01 	6.134491e-02 
1.982290e-01 	6.123175e-02 
1.984580e-01 	6.111857e-02 
1.986860e-01 	6.100635e-02 
1.989140e-01 	6.089459e-02 
1.991430e-01 	6.078281e-02 
1.993710e-01 	6.067197e-02 
1.995990e-01 	6.056159e-02 
1.998280e-01 	6.045118e-02 
2.000560e-01 	6.034170e-02 
2.002850e-01 	6.023220e-02 
2.005130e-01 	6.012362e-02 
2.007410e-01 	6.001549e-02 
2.009700e-01 	5.990732e-02 
2.011980e-01 	5.980008e-02 
2.014270e-01 	5.969280e-02 
2.016550e-01 	5.958642e-02 
2.018830e-01 	5.948049e-02 
2.021120e-01 	5.937452e-02 
2.023400e-01 	5.926944e-02 
2.025680e-01 	5.916479e-02 
2.027970e-01 	5.906011e-02 
2.030250e-01 	5.895631e-02 
2.032540e-01 	5.885247e-02 
2.034820e-01 	5.874951e-02 
2.037100e-01 	5.864696e-02 
2.039390e-01 	5.854438e-02 
2.041670e-01 	5.844266e-02 
2.043950e-01 	5.834135e-02 
2.046240e-01 	5.824000e-02 
2.048520e-01 	5.813950e-02 
2.050810e-01 	5.803896e-02 
2.053090e-01 	5.793927e-02 
2.055370e-01 	5.783997e-02 
2.057660e-01 	5.774064e-02 
2.059940e-01 	5.764213e-02 
2.062230e-01 	5.754359e-02 
2.064510e-01 	5.744586e-02 
2.066790e-01 	5.734853e-02 
2.069080e-01 	5.725115e-02 
2.071360e-01 	5.715459e-02 
2.073640e-01 	5.705841e-02 
2.075930e-01 	5.696219e-02 
2.078210e-01 	5.686678e-02 
2.080500e-01 	5.677132e-02 
2.082780e-01 	5.667666e-02 
2.085060e-01 	5.658238e-02 
2.087350e-01 	5.648805e-02 
2.089630e-01 	5.639451e-02 
2.091920e-01 	5.630094e-02 
2.094200e-01 	5.620814e-02 
2.096480e-01 	5.611570e-02 
2.098770e-01 	5.602323e-02 
2.101050e-01 	5.593152e-02 
2.103330e-01 	5.584017e-02 
2.105620e-01 	5.574878e-02 
2.107900e-01 	5.565815e-02 
2.110190e-01 	5.556748e-02 
2.112470e-01 	5.547755e-02 
2.114750e-01 	5.538798e-02 
2.117040e-01 	5.529836e-02 
2.119320e-01 	5.520949e-02 
2.121610e-01 	5.512057e-02 
2.123890e-01 	5.503238e-02 
2.126170e-01 	5.494454e-02 
2.128460e-01 	5.485665e-02 
2.130740e-01 	5.476949e-02 
2.133020e-01 	5.468267e-02 
2.135310e-01 	5.459580e-02 
2.137590e-01 	5.450965e-02 
2.139880e-01 	5.442346e-02 
2.142160e-01 	5.433798e-02 
2.144440e-01 	5.425282e-02 
2.146730e-01 	5.416763e-02 
2.149010e-01 	5.408314e-02 
2.151290e-01 	5.399897e-02 
2.153580e-01 	5.391476e-02 
2.155860e-01 	5.383124e-02 
2.158150e-01 	5.374768e-02 
2.160430e-01 	5.366481e-02 
2.162710e-01 	5.358226e-02 
2.165000e-01 	5.349966e-02 
2.167280e-01 	5.341774e-02 
2.169570e-01 	5.333577e-02 
2.171850e-01 	5.325448e-02 
2.174130e-01 	5.317350e-02 
2.176420e-01 	5.309247e-02 
2.178700e-01 	5.301211e-02 
2.180980e-01 	5.293205e-02 
2.183270e-01 	5.285195e-02 
2.185550e-01 	5.277251e-02 
2.187840e-01 	5.269302e-02 
2.190120e-01 	5.261417e-02 
2.192400e-01 	5.253563e-02 
2.194690e-01 	5.245704e-02 
2.196970e-01 	5.237910e-02 
2.199260e-01 	5.230110e-02 
2.201540e-01 	5.222375e-02 
2.203820e-01 	5.214668e-02 
2.206110e-01 	5.206957e-02 
2.208390e-01 	5.199308e-02 
2.210670e-01 	5.191688e-02 
2.212960e-01 	5.184063e-02 
2.215240e-01 	5.176500e-02 
2.217530e-01 	5.168933e-02 
2.219810e-01 	5.161426e-02 
2.222090e-01 	5.153948e-02 
2.224380e-01 	5.146465e-02 
2.226660e-01 	5.139042e-02 
2.228950e-01 	5.131614e-02 
2.231230e-01 	5.124246e-02 
2.233510e-01 	5.116906e-02 
2.235800e-01 	5.109560e-02 
2.238080e-01 	5.102274e-02 
2.240360e-01 	5.095014e-02 
2.242650e-01 	5.087749e-02 
2.244930e-01 	5.080543e-02 
2.247220e-01 	5.073331e-02 
2.249500e-01 	5.066177e-02 
2.251780e-01 	5.059050e-02 
2.254070e-01 	5.051916e-02 
2.256350e-01 	5.044840e-02 
2.258640e-01 	5.037759e-02 
2.260920e-01 	5.030734e-02 
2.263200e-01 	5.023735e-02 
2.265490e-01 	5.016730e-02 
2.267770e-01 	5.009781e-02 
2.270050e-01 	5.002857e-02 
2.272340e-01 	4.995927e-02 
2.274620e-01 	4.989053e-02 
2.276910e-01 	4.982173e-02 
2.279190e-01 	4.975348e-02 
2.281470e-01 	4.968547e-02 
2.283760e-01 	4.961741e-02 
2.286040e-01 	4.954989e-02 
2.288320e-01 	4.948261e-02 
2.290610e-01 	4.941528e-02 
2.292890e-01 	4.934848e-02 
2.295180e-01 	4.928162e-02 
2.297460e-01 	4.921530e-02 
2.299740e-01 	4.914921e-02 
2.302030e-01 	4.908307e-02 
2.304310e-01 	4.901745e-02 
2.306600e-01 	4.895178e-02 
2.308880e-01 	4.888663e-02 
2.311160e-01 	4.882171e-02 
2.313450e-01 	4.875673e-02 
2.315730e-01 	4.869227e-02 
2.318010e-01 	4.862804e-02 
2.320300e-01 	4.856375e-02 
2.322580e-01 	4.849998e-02 
2.324870e-01 	4.843614e-02 
2.327150e-01 	4.837282e-02 
2.329430e-01 	4.830971e-02 
2.331720e-01 	4.824656e-02 
2.334000e-01 	4.818390e-02 
2.336290e-01 	4.812118e-02 
2.338570e-01 	4.805896e-02 
2.340850e-01 	4.799696e-02 
2.343140e-01 	4.793491e-02 
2.345420e-01 	4.787334e-02 
2.347700e-01 	4.781199e-02 
2.349990e-01 	4.775059e-02 
2.352270e-01 	4.768967e-02 
2.354560e-01 	4.762869e-02 
2.356840e-01 	4.756819e-02 
2.359120e-01 	4.750791e-02 
2.361410e-01 	4.744757e-02 
2.363690e-01 	4.738770e-02 
2.365980e-01 	4.732778e-02 
2.368260e-01 	4.726833e-02 
2.370540e-01 	4.720908e-02 
2.372830e-01 	4.714978e-02 
2.375110e-01 	4.709094e-02 
2.377390e-01 	4.703231e-02 
2.379680e-01 	4.697362e-02 
2.381960e-01 	4.691539e-02 
2.384250e-01 	4.685710e-02 
2.386530e-01 	4.679927e-02 
2.388810e-01 	4.674163e-02 
2.391100e-01 	4.668394e-02 
2.393380e-01 	4.662670e-02 
2.395660e-01 	4.656966e-02 
2.397950e-01 	4.651256e-02 
2.400230e-01 	4.645590e-02 
2.402520e-01 	4.639918e-02 
2.404800e-01 	4.634291e-02 
2.407080e-01 	4.628682e-02 
2.409370e-01 	4.623068e-02 
2.411650e-01 	4.617498e-02 
2.413940e-01 	4.611921e-02 
2.416220e-01 	4.606388e-02 
2.418500e-01 	4.600873e-02 
2.420790e-01 	4.595353e-02 
2.423070e-01 	4.589875e-02 
2.425350e-01 	4.584415e-02 
2.427640e-01 	4.578949e-02 
2.429920e-01 	4.573526e-02 
2.432210e-01 	4.568096e-02 
2.434490e-01 	4.562709e-02 
2.436770e-01 	4.557339e-02 
2.439060e-01 	4.551963e-02 
2.441340e-01 	4.546628e-02 
2.443630e-01 	4.541288e-02 
2.445910e-01 	4.535988e-02 
2.448190e-01 	4.530706e-02 
2.450480e-01 	4.525417e-02 
2.452760e-01 	4.520170e-02 
2.455040e-01 	4.514939e-02 
2.457330e-01 	4.509702e-02 
2.459610e-01 	4.504506e-02 
2.461900e-01 	4.499303e-02 
2.464180e-01 	4.494140e-02 
2.466460e-01 	4.488994e-02 
2.468750e-01 	4.483843e-02 
2.471030e-01 	4.478730e-02 
2.473320e-01 	4.473612e-02 
2.475600e-01 	4.468532e-02 
2.477880e-01 	4.463469e-02 
2.480170e-01 	4.458400e-02 
2.482450e-01 	4.453370e-02 
2.484730e-01 	4.448356e-02 
2.487020e-01 	4.443336e-02 
2.489300e-01 	4.438354e-02 
2.491590e-01 	4.433367e-02 
2.493870e-01 	4.428417e-02 
2.496150e-01 	4.423483e-02 
2.498440e-01 	4.418544e-02 
2.500720e-01 	4.413642e-02 
2.503010e-01 	4.408734e-02 
2.505290e-01 	4.403863e-02 
2.507570e-01 	4.399008e-02 
2.509860e-01 	4.394148e-02 
2.512140e-01 	4.389323e-02 
2.514420e-01 	4.384515e-02 
2.516710e-01 	4.379700e-02 
2.518990e-01 	4.374922e-02 
2.521280e-01 	4.370138e-02 
2.523560e-01 	4.365390e-02 
2.525840e-01 	4.360658e-02 
2.528130e-01 	4.355919e-02 
2.530410e-01 	4.351216e-02 
2.532690e-01 	4.346528e-02 
2.534980e-01 	4.341835e-02 
2.537260e-01 	4.337176e-02 
2.539550e-01 	4.332512e-02 
2.541830e-01 	4.327882e-02 
2.544110e-01 	4.323268e-02 
2.546400e-01 	4.318647e-02 
2.548680e-01 	4.314061e-02 
2.550970e-01 	4.309469e-02 
2.553250e-01 	4.304912e-02 
2.555530e-01 	4.300368e-02 
2.557820e-01 	4.295819e-02 
2.560100e-01 	4.291304e-02 
2.562380e-01 	4.286803e-02 
2.564670e-01 	4.282296e-02 
2.566950e-01 	4.277822e-02 
2.569240e-01 	4.273343e-02 
2.571520e-01 	4.268897e-02 
2.573800e-01 	4.264465e-02 
2.576090e-01 	4.260026e-02 
2.578370e-01 	4.255621e-02 
2.580660e-01 	4.251210e-02 
2.582940e-01 	4.246831e-02 
2.585220e-01 	4.242466e-02 
2.587510e-01 	4.238095e-02 
2.589790e-01 	4.233756e-02 
2.592070e-01 	4.229430e-02 
2.594360e-01 	4.225098e-02 
2.596640e-01 	4.220799e-02 
2.598930e-01 	4.216493e-02 
2.601210e-01 	4.212219e-02 
2.603490e-01 	4.207958e-02 
2.605780e-01 	4.203691e-02 
2.608060e-01 	4.199456e-02 
2.610350e-01 	4.195214e-02 
2.612630e-01 	4.191004e-02 
2.614910e-01 	4.186806e-02 
2.617200e-01 	4.182602e-02 
2.619480e-01 	4.178429e-02 
2.621760e-01 	4.174268e-02 
2.624050e-01 	4.170101e-02 
2.626330e-01 	4.165965e-02 
2.628620e-01 	4.161822e-02 
2.630900e-01 	4.157710e-02 
2.633180e-01 	4.153610e-02 
2.635470e-01 	4.149504e-02 
2.637750e-01 	4.145427e-02 
2.640030e-01 	4.141363e-02 
2.642320e-01 	4.137293e-02 
2.644600e-01 	4.133252e-02 
2.646890e-01 	4.129205e-02 
2.649170e-01 	4.125188e-02 
2.651450e-01 	4.121183e-02 
2.653740e-01 	4.117171e-02 
2.656020e-01 	4.113189e-02 
2.658310e-01 	4.109200e-02 
2.660590e-01 	4.105241e-02 
2.662870e-01 	4.101293e-02 
2.665160e-01 	4.097339e-02 
2.667440e-01 	4.093414e-02 
2.669720e-01 	4.089499e-02 
2.672010e-01 	4.085579e-02 
2.674290e-01 	4.081688e-02 
2.676580e-01 	4.077790e-02 
2.678860e-01 	4.073920e-02 
2.681140e-01 	4.070062e-02 
2.683430e-01 	4.066197e-02 
2.685710e-01 	4.062360e-02 
2.688000e-01 	4.058517e-02 
2.690280e-01 	4.054702e-02 
2.692560e-01 	4.050898e-02 
2.694850e-01 	4.047087e-02 
2.697130e-01 	4.043304e-02 
2.699410e-01 	4.039532e-02 
2.701700e-01 	4.035753e-02 
2.703980e-01 	4.032002e-02 
2.706270e-01 	4.028244e-02 
2.708550e-01 	4.024514e-02 
2.710830e-01 	4.020793e-02 
2.713120e-01 	4.017067e-02 
2.715400e-01 	4.013367e-02 
2.717690e-01 	4.009661e-02 
2.719970e-01 	4.005982e-02 
2.722250e-01 	4.002313e-02 
2.724540e-01 	3.998637e-02 
2.726820e-01 	3.994988e-02 
2.729100e-01 	3.991348e-02 
2.731390e-01 	3.987703e-02 
2.733670e-01 	3.984083e-02 
2.735960e-01 	3.980457e-02 
2.738240e-01 	3.976857e-02 
2.740520e-01 	3.973266e-02 
2.742810e-01 	3.969670e-02 
2.745090e-01 	3.966099e-02 
2.747370e-01 	3.962537e-02 
2.749660e-01 	3.958969e-02 
2.751940e-01 	3.955426e-02 
2.754230e-01 	3.951878e-02 
2.756510e-01 	3.948354e-02 
2.758790e-01 	3.944840e-02 
2.761080e-01 	3.941319e-02 
2.763360e-01 	3.937823e-02 
2.765650e-01 	3.934321e-02 
2.767930e-01 	3.930844e-02 
2.770210e-01 	3.927375e-02 
2.772500e-01 	3.923901e-02 
2.774780e-01 	3.920451e-02 
2.777060e-01 	3.917010e-02 
2.779350e-01 	3.913563e-02 
2.781630e-01 	3.910139e-02 
2.783920e-01 	3.906710e-02 
2.786200e-01 	3.903305e-02 
2.788480e-01 	3.899908e-02 
2.790770e-01 	3.896505e-02 
2.793050e-01 	3.893126e-02 
2.795340e-01 	3.889740e-02 
2.797620e-01 	3.886378e-02 
2.799900e-01 	3.883025e-02 
2.802190e-01 	3.879665e-02 
2.804470e-01 	3.876329e-02 
2.806750e-01 	3.873001e-02 
2.809040e-01 	3.869667e-02 
2.811320e-01 	3.866355e-02 
2.813610e-01 	3.863038e-02 
2.815890e-01 	3.859743e-02 
2.818170e-01 	3.856457e-02 
2.820460e-01 	3.853164e-02 
2.822740e-01 	3.849894e-02 
2.825030e-01 	3.846618e-02 
2.827310e-01 	3.843365e-02 
2.829590e-01 	3.840119e-02 
2.831880e-01 	3.836867e-02 
2.834160e-01 	3.833637e-02 
2.836440e-01 	3.830416e-02 
2.838730e-01 	3.827188e-02 
2.841010e-01 	3.823982e-02 
2.843300e-01 	3.820770e-02 
2.845580e-01 	3.817579e-02 
2.847860e-01 	3.814397e-02 
2.850150e-01 	3.811208e-02 
2.852430e-01 	3.808041e-02 
2.854720e-01 	3.804868e-02 
2.857000e-01 	3.801716e-02 
2.859280e-01 	3.798571e-02 
2.861570e-01 	3.795421e-02 
2.863850e-01 	3.792292e-02 
2.866130e-01 	3.789170e-02 
2.868420e-01 	3.786042e-02 
2.870700e-01 	3.782935e-02 
2.872990e-01 	3.779822e-02 
2.875270e-01 	3.776730e-02 
2.877550e-01 	3.773645e-02 
2.879840e-01 	3.770554e-02 
2.882120e-01 	3.767484e-02 
2.884400e-01 	3.764421e-02 
2.886690e-01 	3.761351e-02 
2.888970e-01 	3.758302e-02 
2.891260e-01 	3.755247e-02 
2.893540e-01 	3.752213e-02 
2.895820e-01 	3.749185e-02 
2.898110e-01 	3.746151e-02 
2.900390e-01 	3.743138e-02 
2.902680e-01 	3.740118e-02 
2.904960e-01 	3.737118e-02 
2.907240e-01 	3.734125e-02 
2.909530e-01 	3.731126e-02 
2.911810e-01 	3.728147e-02 
2.914090e-01 	3.725174e-02 
2.916380e-01 	3.722195e-02 
2.918660e-01 	3.719236e-02 
2.920950e-01 	3.716271e-02 
2.923230e-01 	3.713326e-02 
2.925510e-01 	3.710387e-02 
2.927800e-01 	3.707441e-02 
2.930080e-01 	3.704515e-02 
2.932370e-01 	3.701583e-02 
2.934650e-01 	3.698671e-02 
2.936930e-01 	3.695764e-02 
2.939220e-01 	3.692852e-02 
2.941500e-01 	3.689958e-02 
2.943780e-01 	3.687071e-02 
2.946070e-01 	3.684178e-02 
2.948350e-01 	3.681303e-02 
2.950640e-01 	3.678423e-02 
2.952920e-01 	3.675561e-02 
2.955200e-01 	3.672705e-02 
2.957490e-01 	3.669843e-02 
2.959770e-01 	3.667000e-02 
2.962060e-01 	3.664151e-02 
2.964340e-01 	3.661320e-02 
2.966620e-01 	3.658495e-02 
2.968910e-01 	3.655664e-02 
2.971190e-01 	3.652851e-02 
2.973470e-01 	3.650045e-02 
2.975760e-01 	3.647232e-02 
2.978040e-01 	3.644437e-02 
2.980330e-01 	3.641636e-02 
2.982610e-01 	3.638853e-02 
2.984890e-01 	3.636076e-02 
2.987180e-01 	3.633292e-02 
2.989460e-01 	3.630527e-02 
2.991740e-01 	3.627767e-02 
2.994030e-01 	3.625001e-02 
2.996310e-01 	3.622253e-02 
2.998600e-01 	3.619499e-02 
3.000880e-01 	3.616762e-02 
3.003160e-01 	3.614031e-02 
3.005450e-01 	3.611294e-02 
3.007730e-01 	3.608574e-02 
3.010020e-01 	3.605848e-02 
3.012300e-01 	3.603139e-02 
3.014580e-01 	3.600436e-02 
3.016870e-01 	3.597726e-02 
3.019150e-01 	3.595034e-02 
3.021430e-01 	3.592347e-02 
3.023720e-01 	3.589654e-02 
3.026000e-01 	3.586978e-02 
3.028290e-01 	3.584296e-02 
3.030570e-01 	3.581630e-02 
3.032850e-01 	3.578970e-02 
3.035140e-01 	3.576304e-02 
3.037420e-01 	3.573654e-02 
3.039710e-01 	3.570998e-02 
3.041990e-01 	3.568359e-02 
3.044270e-01 	3.565725e-02 
3.046560e-01 	3.563085e-02 
3.048840e-01 	3.560461e-02 
3.051120e-01 	3.557842e-02 
3.053410e-01 	3.555217e-02 
3.055690e-01 	3.552608e-02 
3.057980e-01 	3.549993e-02 
3.060260e-01 	3.547395e-02 
3.062540e-01 	3.544801e-02 
3.064830e-01 	3.542201e-02 
3.067110e-01 	3.539618e-02 
3.069400e-01 	3.537028e-02 
3.071680e-01 	3.534454e-02 
3.073960e-01 	3.531885e-02 
3.076250e-01 	3.529309e-02 
3.078530e-01 	3.526750e-02 
3.080810e-01 	3.524195e-02 
3.083100e-01 	3.521634e-02 
3.085380e-01 	3.519089e-02 
3.087670e-01 	3.516538e-02 
3.089950e-01 	3.514002e-02 
3.092230e-01 	3.511471e-02 
3.094520e-01 	3.508934e-02 
3.096800e-01 	3.506412e-02 
3.099090e-01 	3.503884e-02 
3.101370e-01 	3.501372e-02 
3.103650e-01 	3.498864e-02 
3.105940e-01 	3.496350e-02 
3.108220e-01 	3.493851e-02 
3.110500e-01 	3.491357e-02 
3.112790e-01 	3.488856e-02 
3.115070e-01 	3.486371e-02 
3.117360e-01 	3.483879e-02 
3.119640e-01 	3.481402e-02 
3.121920e-01 	3.478930e-02 
3.124210e-01 	3.476452e-02 
3.126490e-01 	3.473988e-02 
3.128770e-01 	3.471530e-02 
3.131060e-01 	3.469064e-02 
3.133340e-01 	3.466614e-02 
3.135630e-01 	3.464157e-02 
3.137910e-01 	3.461715e-02 
3.140190e-01 	3.459278e-02 
3.142480e-01 	3.456834e-02 
3.144760e-01 	3.454405e-02 
3.147050e-01 	3.451969e-02 
3.149330e-01 	3.449549e-02 
3.151610e-01 	3.447132e-02 
3.153900e-01 	3.444709e-02 
3.156180e-01 	3.442301e-02 
3.158460e-01 	3.439897e-02 
3.160750e-01 	3.437486e-02 
3.163030e-01 	3.435090e-02 
3.165320e-01 	3.432688e-02 
3.167600e-01 	3.430300e-02 
3.169880e-01 	3.427916e-02 
3.172170e-01 	3.425525e-02 
3.174450e-01 	3.423149e-02 
3.176740e-01 	3.420767e-02 
3.179020e-01 	3.418399e-02 
3.181300e-01 	3.416034e-02 
3.183590e-01 	3.413664e-02 
3.185870e-01 	3.411307e-02 
3.188150e-01 	3.408954e-02 
3.190440e-01 	3.406595e-02 
3.192720e-01 	3.404250e-02 
3.195010e-01 	3.401899e-02 
3.197290e-01 	3.399561e-02 
3.199570e-01 	3.397228e-02 
3.201860e-01 	3.394888e-02 
3.204140e-01 	3.392561e-02 
3.206430e-01 	3.390229e-02 
3.208710e-01 	3.387910e-02 
3.210990e-01 	3.385595e-02 
3.213280e-01 	3.383273e-02 
3.215560e-01 	3.380965e-02 
3.217840e-01 	3.378661e-02 
3.220130e-01 	3.376350e-02 
3.222410e-01 	3.374053e-02 
3.224700e-01 	3.371749e-02 
3.226980e-01 	3.369459e-02 
3.229260e-01 	3.367172e-02 
3.231550e-01 	3.364879e-02 
3.233830e-01 	3.362599e-02 
3.236110e-01 	3.360323e-02 
3.238400e-01 	3.358041e-02 
3.240680e-01 	3.355771e-02 
3.242970e-01 	3.353495e-02 
3.245250e-01 	3.351233e-02 
3.247530e-01 	3.348974e-02 
3.249820e-01 	3.346708e-02 
3.252100e-01 	3.344455e-02 
3.254390e-01 	3.342196e-02 
3.256670e-01 	3.339950e-02 
3.258950e-01 	3.337708e-02 
3.261240e-01 	3.335459e-02 
3.263520e-01 	3.333223e-02 
3.265800e-01 	3.330990e-02 
3.268090e-01 	3.328750e-02 
3.270370e-01 	3.326524e-02 
3.272660e-01 	3.324291e-02 
3.274940e-01 	3.322071e-02 
3.277220e-01 	3.319854e-02 
3.279510e-01 	3.317631e-02 
3.281790e-01 	3.315420e-02 
3.284080e-01 	3.313203e-02 
3.286360e-01 	3.310999e-02 
3.288640e-01 	3.308798e-02 
3.290930e-01 	3.306590e-02 
3.293210e-01 	3.304395e-02 
3.295490e-01 	3.302203e-02 
3.297780e-01 	3.300004e-02 
3.300060e-01 	3.297818e-02 
3.302350e-01 	3.295625e-02 
3.304630e-01 	3.293445e-02 
3.306910e-01 	3.291268e-02 
3.309200e-01 	3.289085e-02 
3.311480e-01 	3.286914e-02 
3.313770e-01 	3.284736e-02 
3.316050e-01 	3.282571e-02 
3.318330e-01 	3.280408e-02 
3.320620e-01 	3.278239e-02 
3.322900e-01 	3.276083e-02 
3.325180e-01 	3.273929e-02 
3.327470e-01 	3.271769e-02 
3.329750e-01 	3.269621e-02 
3.332040e-01 	3.267466e-02 
3.334320e-01 	3.265324e-02 
3.336600e-01 	3.263185e-02 
3.338890e-01 	3.261039e-02 
3.341170e-01 	3.258905e-02 
3.343460e-01 	3.256764e-02 
3.345740e-01 	3.254636e-02 
3.348020e-01 	3.252510e-02 
3.350310e-01 	3.250378e-02 
3.352590e-01 	3.248258e-02 
3.354870e-01 	3.246140e-02 
3.357160e-01 	3.244016e-02 
3.359440e-01 	3.241904e-02 
3.361730e-01 	3.239786e-02 
3.364010e-01 	3.237679e-02 
3.366290e-01 	3.235575e-02 
3.368580e-01 	3.233465e-02 
3.370860e-01 	3.231366e-02 
3.373140e-01 	3.229270e-02 
3.375430e-01 	3.227168e-02 
3.377710e-01 	3.225077e-02 
3.380000e-01 	3.222980e-02 
3.382280e-01 	3.220894e-02 
3.384560e-01 	3.218811e-02 
3.386850e-01 	3.216722e-02 
3.389130e-01 	3.214644e-02 
3.391420e-01 	3.212559e-02 
3.393700e-01 	3.210487e-02 
3.395980e-01 	3.208417e-02 
3.398270e-01 	3.206340e-02 
3.400550e-01 	3.204275e-02 
3.402830e-01 	3.202212e-02 
3.405120e-01 	3.200143e-02 
3.407400e-01 	3.198085e-02 
3.409690e-01 	3.196021e-02 
3.411970e-01 	3.193968e-02 
3.414250e-01 	3.191918e-02 
3.416540e-01 	3.189861e-02 
3.418820e-01 	3.187815e-02 
3.421110e-01 	3.185763e-02 
3.423390e-01 	3.183723e-02 
3.425670e-01 	3.181684e-02 
3.427960e-01 	3.179640e-02 
3.430240e-01 	3.177606e-02 
3.432520e-01 	3.175575e-02 
3.434810e-01 	3.173537e-02 
3.437090e-01 	3.171511e-02 
3.439380e-01 	3.169478e-02 
3.441660e-01 	3.167456e-02 
3.443940e-01 	3.165436e-02 
3.446230e-01 	3.163410e-02 
3.448510e-01 	3.161395e-02 
3.450800e-01 	3.159374e-02 
3.453080e-01 	3.157364e-02 
3.455360e-01 	3.155355e-02 
3.457650e-01 	3.153341e-02 
3.459930e-01 	3.151337e-02 
3.462210e-01 	3.149336e-02 
3.464500e-01 	3.147328e-02 
3.466780e-01 	3.145331e-02 
3.469070e-01 	3.143328e-02 
3.471350e-01 	3.141335e-02 
3.473630e-01 	3.139345e-02 
3.475920e-01 	3.137348e-02 
3.478200e-01 	3.135362e-02 
3.480480e-01 	3.133379e-02 
3.482770e-01 	3.131389e-02 
3.485050e-01 	3.129409e-02 
3.487340e-01 	3.127423e-02 
3.489620e-01 	3.125448e-02 
3.491900e-01 	3.123475e-02 
3.494190e-01 	3.121496e-02 
3.496470e-01 	3.119527e-02 
3.498760e-01 	3.117552e-02 
3.501040e-01 	3.115588e-02 
3.503320e-01 	3.113625e-02 
3.505610e-01 	3.111657e-02 
3.507890e-01 	3.109698e-02 
3.510170e-01 	3.107742e-02 
3.512460e-01 	3.105780e-02 
3.514740e-01 	3.103828e-02 
3.517030e-01 	3.101869e-02 
3.519310e-01 	3.099922e-02 
3.521590e-01 	3.097976e-02 
3.523880e-01 	3.096024e-02 
3.526160e-01 	3.094082e-02 
3.528450e-01 	3.092134e-02 
3.530730e-01 	3.090196e-02 
3.533010e-01 	3.088260e-02 
3.535300e-01 	3.086318e-02 
3.537580e-01 	3.084386e-02 
3.539860e-01 	3.082457e-02 
3.542150e-01 	3.080520e-02 
3.544430e-01 	3.078595e-02 
3.546720e-01 	3.076662e-02 
3.549000e-01 	3.074741e-02 
3.551280e-01 	3.072821e-02 
3.553570e-01 	3.070894e-02 
3.555850e-01 	3.068978e-02 
3.558140e-01 	3.067056e-02 
3.560420e-01 	3.065144e-02 
3.562700e-01 	3.063234e-02 
3.564990e-01 	3.061317e-02 
3.567270e-01 	3.059411e-02 
3.569550e-01 	3.057506e-02 
3.571840e-01 	3.055595e-02 
3.574120e-01 	3.053695e-02 
3.576410e-01 	3.051788e-02 
3.578690e-01 	3.049891e-02 
3.580970e-01 	3.047996e-02 
3.583260e-01 	3.046095e-02 
3.585540e-01 	3.044203e-02 
3.587830e-01 	3.042306e-02 
3.590110e-01 	3.040418e-02 
3.592390e-01 	3.038533e-02 
3.594680e-01 	3.036640e-02 
3.596960e-01 	3.034758e-02 
3.599240e-01 	3.032878e-02 
3.601530e-01 	3.030992e-02 
3.603810e-01 	3.029115e-02 
3.606100e-01 	3.027232e-02 
3.608380e-01 	3.025359e-02 
3.610660e-01 	3.023488e-02 
3.612950e-01 	3.021610e-02 
3.615230e-01 	3.019743e-02 
3.617510e-01 	3.017877e-02 
3.619800e-01 	3.016005e-02 
3.622080e-01 	3.014142e-02 
3.624370e-01 	3.012273e-02 
3.626650e-01 	3.010415e-02 
3.628930e-01 	3.008558e-02 
3.631220e-01 	3.006694e-02 
3.633500e-01 	3.004840e-02 
3.635790e-01 	3.002980e-02 
3.638070e-01 	3.001130e-02 
3.640350e-01 	2.999282e-02 
3.642640e-01 	2.997427e-02 
3.644920e-01 	2.995582e-02 
3.647200e-01 	2.993738e-02 
3.649490e-01 	2.991888e-02 
3.651770e-01 	2.990048e-02 
3.654060e-01 	2.988202e-02 
3.656340e-01 	2.986365e-02 
3.658620e-01 	2.984530e-02 
3.660910e-01 	2.982688e-02 
3.663190e-01 	2.980857e-02 
3.665480e-01 	2.979018e-02 
3.667760e-01 	2.977190e-02 
3.670040e-01 	2.975363e-02 
3.672330e-01 	2.973530e-02 
3.674610e-01 	2.971706e-02 
3.676890e-01 	2.969884e-02 
3.679180e-01 	2.968056e-02 
3.681460e-01 	2.966237e-02 
3.683750e-01 	2.964411e-02 
3.686030e-01 	2.962596e-02 
3.688310e-01 	2.960782e-02 
3.690600e-01 	2.958961e-02 
3.692880e-01 	2.957150e-02 
3.695170e-01 	2.955333e-02 
3.697450e-01 	2.953525e-02 
3.699730e-01 	2.951719e-02 
3.702020e-01 	2.949906e-02 
3.704300e-01 	2.948103e-02 
3.706580e-01 	2.946301e-02 
3.708870e-01 	2.944493e-02 
3.711150e-01 	2.942694e-02 
3.713440e-01 	2.940889e-02 
3.715720e-01 	2.939094e-02 
3.718000e-01 	2.937300e-02 
3.720290e-01 	2.935499e-02 
3.722570e-01 	2.933708e-02 
3.724850e-01 	2.931918e-02 
3.727140e-01 	2.930122e-02 
3.729420e-01 	2.928335e-02 
3.731710e-01 	2.926542e-02 
3.733990e-01 	2.924758e-02 
3.736270e-01 	2.922976e-02 
3.738560e-01 	2.921187e-02 
3.740840e-01 	2.919408e-02 
3.743130e-01 	2.917622e-02 
3.745410e-01 	2.915845e-02 
3.747690e-01 	2.914070e-02 
3.749980e-01 	2.912288e-02 
3.752260e-01 	2.910516e-02 
3.754540e-01 	2.908745e-02 
3.756830e-01 	2.906967e-02 
3.759110e-01 	2.905199e-02 
3.761400e-01 	2.903424e-02 
3.763680e-01 	2.901658e-02 
3.765960e-01 	2.899894e-02 
3.768250e-01 	2.898124e-02 
3.770530e-01 	2.896362e-02 
3.772820e-01 	2.894594e-02 
3.775100e-01 	2.892835e-02 
3.777380e-01 	2.891078e-02 
3.779670e-01 	2.889314e-02 
3.781950e-01 	2.887559e-02 
3.784230e-01 	2.885805e-02 
3.786520e-01 	2.884045e-02 
3.788800e-01 	2.882294e-02 
3.791090e-01 	2.880537e-02 
3.793370e-01 	2.878788e-02 
3.795650e-01 	2.877041e-02 
3.797940e-01 	2.875288e-02 
3.800220e-01 	2.873543e-02 
3.802510e-01 	2.871792e-02 
3.804790e-01 	2.870050e-02 
3.807070e-01 	2.868309e-02 
3.809360e-01 	2.866562e-02 
3.811640e-01 	2.864823e-02 
3.813920e-01 	2.863086e-02 
3.816210e-01 	2.861343e-02 
3.818490e-01 	2.859608e-02 
3.820780e-01 	2.857867e-02 
3.823060e-01 	2.856135e-02 
3.825340e-01 	2.854404e-02 
3.827630e-01 	2.852666e-02 
3.829910e-01 	2.850938e-02 
3.832200e-01 	2.849203e-02 
3.834480e-01 	2.847476e-02 
3.836760e-01 	2.845751e-02 
3.839050e-01 	2.844020e-02 
3.841330e-01 	2.842297e-02 
3.843610e-01 	2.840576e-02 
3.845900e-01 	2.838848e-02 
3.848180e-01 	2.837128e-02 
3.850470e-01 	2.835403e-02 
3.852750e-01 	2.833686e-02 
3.855030e-01 	2.831970e-02 
3.857320e-01 	2.830248e-02 
3.859600e-01 	2.828534e-02 
3.861880e-01 	2.826822e-02 
3.864170e-01 	2.825103e-02 
3.866450e-01 	2.823393e-02 
3.868740e-01 	2.821676e-02 
3.871020e-01 	2.819969e-02 
3.873300e-01 	2.818262e-02 
3.875590e-01 	2.816549e-02 
3.877870e-01 	2.814844e-02 
3.880160e-01 	2.813133e-02 
3.882440e-01 	2.811431e-02 
3.884720e-01 	2.809729e-02 
3.887010e-01 	2.808022e-02 
3.889290e-01 	2.806322e-02 
3.891570e-01 	2.804624e-02 
3.893860e-01 	2.802920e-02 
3.896140e-01 	2.801224e-02 
3.898430e-01 	2.799522e-02 
3.900710e-01 	2.797828e-02 
3.902990e-01 	2.796135e-02 
3.905280e-01 	2.794436e-02 
3.907560e-01 	2.792745e-02 
3.909850e-01 	2.791048e-02 
3.912130e-01 	2.789359e-02 
3.914410e-01 	2.787672e-02 
3.916700e-01 	2.785978e-02 
3.918980e-01 	2.784292e-02 
3.921260e-01 	2.782607e-02 
3.923550e-01 	2.780916e-02 
3.925830e-01 	2.779234e-02 
3.928120e-01 	2.777545e-02 
3.930400e-01 	2.775864e-02 
3.932680e-01 	2.774185e-02 
3.934970e-01 	2.772499e-02 
3.937250e-01 	2.770821e-02 
3.939540e-01 	2.769137e-02 
3.941820e-01 	2.767461e-02 
3.944100e-01 	2.765786e-02 
3.946390e-01 	2.764105e-02 
3.948670e-01 	2.762432e-02 
3.950950e-01 	2.760760e-02 
3.953240e-01 	2.759082e-02 
3.955520e-01 	2.757412e-02 
3.957810e-01 	2.755736e-02 
3.960090e-01 	2.754067e-02 
3.962370e-01 	2.752400e-02 
3.964660e-01 	2.750727e-02 
3.966940e-01 	2.749061e-02 
3.969220e-01 	2.747397e-02 
3.971510e-01 	2.745726e-02 
3.973790e-01 	2.744063e-02 
3.976080e-01 	2.742394e-02 
3.978360e-01 	2.740733e-02 
3.980640e-01 	2.739074e-02 
3.982930e-01 	2.737407e-02 
3.985210e-01 	2.735749e-02 
3.987500e-01 	2.734085e-02 
3.989780e-01 	2.732428e-02 
3.992060e-01 	2.730773e-02 
3.994350e-01 	2.729111e-02 
3.996630e-01 	2.727458e-02 
3.998910e-01 	2.725805e-02 
4.001200e-01 	2.724146e-02 
4.003480e-01 	2.722495e-02 
4.005770e-01 	2.720838e-02 
4.008050e-01 	2.719189e-02 
4.010330e-01 	2.717540e-02 
4.012620e-01 	2.715886e-02 
4.014900e-01 	2.714239e-02 
4.017190e-01 	2.712586e-02 
4.019470e-01 	2.710941e-02 
4.021750e-01 	2.709298e-02 
4.024040e-01 	2.707647e-02 
4.026320e-01 	2.706005e-02 
4.028600e-01 	2.704364e-02 
4.030890e-01 	2.702716e-02 
4.033170e-01 	2.701077e-02 
4.035460e-01 	2.699431e-02 
4.037740e-01 	2.697793e-02 
4.040020e-01 	2.696156e-02 
4.042310e-01 	2.694513e-02 
4.044590e-01 	2.692878e-02 
4.046880e-01 	2.691236e-02 
4.049160e-01 	2.689602e-02 
4.051440e-01 	2.687970e-02 
4.053730e-01 	2.686331e-02 
4.056010e-01 	2.684700e-02 
4.058290e-01 	2.683070e-02 
4.060580e-01 	2.681433e-02 
4.062860e-01 	2.679805e-02 
4.065150e-01 	2.678170e-02 
4.067430e-01 	2.676543e-02 
4.069710e-01 	2.674917e-02 
4.072000e-01 	2.673285e-02 
4.074280e-01 	2.671661e-02 
4.076570e-01 	2.670030e-02 
4.078850e-01 	2.668408e-02 
4.081130e-01 	2.666786e-02 
4.083420e-01 	2.665158e-02 
4.085700e-01 	2.663538e-02 
4.087980e-01 	2.661919e-02 
4.090270e-01 	2.660293e-02 
4.092550e-01 	2.658675e-02 
4.094840e-01 	2.657051e-02 
4.097120e-01 	2.655435e-02 
4.099400e-01 	2.653820e-02 
4.101690e-01 	2.652198e-02 
4.103970e-01 	2.650585e-02 
4.106250e-01 	2.648972e-02 
4.108540e-01 	2.647353e-02 
4.110820e-01 	2.645742e-02 
4.113110e-01 	2.644124e-02 
4.115390e-01 	2.642514e-02 
4.117670e-01 	2.640906e-02 
4.119960e-01 	2.639290e-02 
4.122240e-01 	2.637683e-02 
4.124530e-01 	2.636070e-02 
4.126810e-01 	2.634464e-02 
4.129090e-01 	2.632859e-02 
4.131380e-01 	2.631248e-02 
4.133660e-01 	2.629645e-02 
4.135940e-01 	2.628042e-02 
4.138230e-01 	2.626433e-02 
4.140510e-01 	2.624832e-02 
4.142800e-01 	2.623225e-02 
4.145080e-01 	2.621626e-02 
4.147360e-01 	2.620027e-02 
4.149650e-01 	2.618422e-02 
4.151930e-01 	2.616825e-02 
4.154220e-01 	2.615222e-02 
4.156500e-01 	2.613627e-02 
4.158780e-01 	2.612032e-02 
4.161070e-01 	2.610431e-02 
4.163350e-01 	2.608838e-02 
4.165630e-01 	2.607245e-02 
4.167920e-01 	2.605647e-02 
4.170200e-01 	2.604056e-02 
4.172490e-01 	2.602459e-02 
4.174770e-01 	2.600869e-02 
4.177050e-01 	2.599281e-02 
4.179340e-01 	2.597686e-02 
4.181620e-01 	2.596099e-02 
4.183910e-01 	2.594505e-02 
4.186190e-01 	2.592920e-02 
4.188470e-01 	2.591335e-02 
4.190760e-01 	2.589744e-02 
4.193040e-01 	2.588161e-02 
4.195320e-01 	2.586578e-02 
4.197610e-01 	2.584989e-02 
4.199890e-01 	2.583408e-02 
4.202180e-01 	2.581821e-02 
4.204460e-01 	2.580241e-02 
4.206740e-01 	2.578662e-02 
4.209030e-01 	2.577077e-02 
4.211310e-01 	2.575500e-02 
4.213590e-01 	2.573923e-02 
4.215880e-01 	2.572340e-02 
4.218160e-01 	2.570765e-02 
4.220450e-01 	2.569184e-02 
4.222730e-01 	2.567610e-02 
4.225010e-01 	2.566037e-02 
4.227300e-01 	2.564458e-02 
4.229580e-01 	2.562886e-02 
4.231870e-01 	2.561308e-02 
4.234150e-01 	2.559738e-02 
4.236430e-01 	2.558168e-02 
4.238720e-01 	2.556593e-02 
4.241000e-01 	2.555024e-02 
4.243280e-01 	2.553457e-02 
4.245570e-01 	2.551883e-02 
4.247850e-01 	2.550317e-02 
4.250140e-01 	2.548745e-02 
4.252420e-01 	2.547180e-02 
4.254700e-01 	2.545616e-02 
4.256990e-01 	2.544046e-02 
4.259270e-01 	2.542484e-02 
4.261560e-01 	2.540915e-02 
4.263840e-01 	2.539353e-02 
4.266120e-01 	2.537793e-02 
4.268410e-01 	2.536226e-02 
4.270690e-01 	2.534667e-02 
4.272970e-01 	2.533108e-02 
4.275260e-01 	2.531544e-02 
4.277540e-01 	2.529986e-02 
4.279830e-01 	2.528423e-02 
4.282110e-01 	2.526867e-02 
4.284390e-01 	2.525312e-02 
4.286680e-01 	2.523751e-02 
4.288960e-01 	2.522197e-02 
4.291250e-01 	2.520637e-02 
4.293530e-01 	2.519084e-02 
4.295810e-01 	2.517532e-02 
4.298100e-01 	2.515974e-02 
4.300380e-01 	2.514424e-02 
4.302660e-01 	2.512874e-02 
4.304950e-01 	2.511318e-02 
4.307230e-01 	2.509770e-02 
4.309520e-01 	2.508215e-02 
4.311800e-01 	2.506668e-02 
4.314080e-01 	2.505122e-02 
4.316370e-01 	2.503569e-02 
4.318650e-01 	2.502024e-02 
4.320940e-01 	2.500473e-02 
4.323220e-01 	2.498929e-02 
4.325500e-01 	2.497386e-02 
4.327790e-01 	2.495837e-02 
4.330070e-01 	2.494295e-02 
4.332350e-01 	2.492754e-02 
4.334640e-01 	2.491207e-02 
4.336920e-01 	2.489668e-02 
4.339210e-01 	2.488122e-02 
4.341490e-01 	2.486584e-02 
4.343770e-01 	2.485047e-02 
4.346060e-01 	2.483503e-02 
4.348340e-01 	2.481967e-02 
4.350620e-01 	2.480432e-02 
4.352910e-01 	2.478890e-02 
4.355190e-01 	2.477356e-02 
4.357480e-01 	2.475817e-02 
4.359760e-01 	2.474284e-02 
4.362040e-01 	2.472752e-02 
4.364330e-01 	2.471215e-02 
4.366610e-01 	2.469685e-02 
4.368900e-01 	2.468148e-02 
4.371180e-01 	2.466620e-02 
4.373460e-01 	2.465092e-02 
4.375750e-01 	2.463558e-02 
4.378030e-01 	2.462031e-02 
4.380310e-01 	2.460505e-02 
4.382600e-01 	2.458974e-02 
4.384880e-01 	2.457449e-02 
4.387170e-01 	2.455919e-02 
4.389450e-01 	2.454396e-02 
4.391730e-01 	2.452875e-02 
4.394020e-01 	2.451347e-02 
4.396300e-01 	2.449826e-02 
4.398590e-01 	2.448300e-02 
4.400870e-01 	2.446781e-02 
4.403150e-01 	2.445263e-02 
4.405440e-01 	2.443739e-02 
4.407720e-01 	2.442223e-02 
4.410000e-01 	2.440707e-02 
4.412290e-01 	2.439186e-02 
4.414570e-01 	2.437672e-02 
4.416860e-01 	2.436152e-02 
4.419140e-01 	2.434639e-02 
4.421420e-01 	2.433128e-02 
4.423710e-01 	2.431610e-02 
4.425990e-01 	2.430100e-02 
4.428280e-01 	2.428584e-02 
4.430560e-01 	2.427076e-02 
4.432840e-01 	2.425569e-02 
4.435130e-01 	2.424055e-02 
4.437410e-01 	2.422550e-02 
4.439690e-01 	2.421045e-02 
4.441980e-01 	2.419534e-02 
4.444260e-01 	2.418030e-02 
4.446550e-01 	2.416521e-02 
4.448830e-01 	2.415020e-02 
4.451110e-01 	2.413519e-02 
4.453400e-01 	2.412012e-02 
4.455680e-01 	2.410513e-02 
4.457960e-01 	2.409014e-02 
4.460250e-01 	2.407510e-02 
4.462530e-01 	2.406013e-02 
4.464820e-01 	2.404510e-02 
4.467100e-01 	2.403015e-02 
4.469380e-01 	2.401520e-02 
4.471670e-01 	2.400020e-02 
4.473950e-01 	2.398527e-02 
4.476240e-01 	2.397028e-02 
4.478520e-01 	2.395536e-02 
4.480800e-01 	2.394045e-02 
4.483090e-01 	2.392548e-02 
4.485370e-01 	2.391058e-02 
4.487650e-01 	2.389569e-02 
4.489940e-01 	2.388074e-02 
4.492220e-01 	2.386586e-02 
4.494510e-01 	2.385092e-02 
4.496790e-01 	2.383605e-02 
4.499070e-01 	2.382119e-02 
4.501360e-01 	2.380627e-02 
4.503640e-01 	2.379142e-02 
4.505930e-01 	2.377651e-02 
4.508210e-01 	2.376167e-02 
4.510490e-01 	2.374684e-02 
4.512780e-01 	2.373194e-02 
4.515060e-01 	2.371712e-02 
4.517340e-01 	2.370230e-02 
4.519630e-01 	2.368741e-02 
4.521910e-01 	2.367260e-02 
4.524200e-01 	2.365773e-02 
4.526480e-01 	2.364292e-02 
4.528760e-01 	2.362812e-02 
4.531050e-01 	2.361326e-02 
4.533330e-01 	2.359847e-02 
4.535620e-01 	2.358361e-02 
4.537900e-01 	2.356883e-02 
4.540180e-01 	2.355404e-02 
4.542470e-01 	2.353920e-02 
4.544750e-01 	2.352442e-02 
4.547030e-01 	2.350964e-02 
4.549320e-01 	2.349481e-02 
4.551600e-01 	2.348004e-02 
4.553890e-01 	2.346520e-02 
4.556170e-01 	2.345044e-02 
4.558450e-01 	2.343567e-02 
4.560740e-01 	2.342084e-02 
4.563020e-01 	2.340608e-02 
4.565310e-01 	2.339126e-02 
4.567590e-01 	2.337650e-02 
4.569870e-01 	2.336174e-02 
4.572160e-01 	2.334692e-02 
4.574440e-01 	2.333216e-02 
4.576720e-01 	2.331741e-02 
4.579010e-01 	2.330259e-02 
4.581290e-01 	2.328783e-02 
4.583580e-01 	2.327301e-02 
4.585860e-01 	2.325826e-02 
4.588140e-01 	2.324351e-02 
4.590430e-01 	2.322869e-02 
4.592710e-01 	2.321393e-02 
4.594990e-01 	2.319918e-02 
4.597280e-01 	2.318436e-02 
4.599560e-01 	2.316960e-02 
4.601850e-01 	2.315478e-02 
