#q 	 Ifit_avg 
3.726000e-03 	1.000000e+00 
4.195000e-03 	9.994319e-01 
4.664000e-03 	9.988636e-01 
5.134000e-03 	9.982946e-01 
5.603000e-03 	9.977247e-01 
6.072000e-03 	9.971534e-01 
6.542000e-03 	9.965805e-01 
7.011000e-03 	9.960055e-01 
7.480000e-03 	9.954280e-01 
7.950000e-03 	9.948478e-01 
8.419000e-03 	9.942644e-01 
8.888000e-03 	9.936776e-01 
9.358000e-03 	9.930868e-01 
9.827000e-03 	9.924919e-01 
1.029600e-02 	9.918924e-01 
1.076600e-02 	9.912879e-01 
1.123500e-02 	9.906782e-01 
1.170400e-02 	9.900627e-01 
1.217400e-02 	9.894413e-01 
1.264300e-02 	9.888135e-01 
1.311200e-02 	9.881789e-01 
1.358200e-02 	9.875373e-01 
1.405100e-02 	9.868881e-01 
1.452000e-02 	9.862312e-01 
1.499000e-02 	9.855661e-01 
1.545900e-02 	9.848924e-01 
1.592800e-02 	9.842098e-01 
1.639800e-02 	9.835180e-01 
1.686700e-02 	9.828165e-01 
1.733600e-02 	9.821051e-01 
1.780600e-02 	9.813833e-01 
1.827500e-02 	9.806508e-01 
1.874400e-02 	9.799073e-01 
1.921400e-02 	9.791523e-01 
1.968300e-02 	9.783856e-01 
2.015200e-02 	9.776067e-01 
2.062200e-02 	9.768153e-01 
2.109100e-02 	9.760110e-01 
2.156000e-02 	9.751935e-01 
2.203000e-02 	9.743625e-01 
2.249900e-02 	9.735174e-01 
2.296800e-02 	9.726581e-01 
2.343800e-02 	9.717841e-01 
2.390700e-02 	9.708951e-01 
2.437600e-02 	9.699906e-01 
2.484600e-02 	9.690705e-01 
2.531500e-02 	9.681342e-01 
2.578400e-02 	9.671815e-01 
2.625400e-02 	9.662119e-01 
2.672300e-02 	9.652251e-01 
2.719200e-02 	9.642208e-01 
2.766200e-02 	9.631986e-01 
2.813100e-02 	9.621581e-01 
2.860000e-02 	9.610990e-01 
2.907000e-02 	9.600209e-01 
2.953900e-02 	9.589235e-01 
3.000800e-02 	9.578064e-01 
3.047800e-02 	9.566693e-01 
3.094700e-02 	9.555120e-01 
3.141600e-02 	9.543341e-01 
3.188600e-02 	9.531353e-01 
3.235500e-02 	9.519154e-01 
3.282400e-02 	9.506740e-01 
3.329400e-02 	9.494111e-01 
3.376300e-02 	9.481266e-01 
3.423200e-02 	9.468205e-01 
3.470200e-02 	9.454928e-01 
3.517100e-02 	9.441434e-01 
3.564000e-02 	9.427724e-01 
3.611000e-02 	9.413797e-01 
3.657900e-02 	9.399653e-01 
3.704800e-02 	9.385293e-01 
3.751800e-02 	9.370720e-01 
3.798700e-02 	9.355936e-01 
3.845600e-02 	9.340944e-01 
3.892600e-02 	9.325746e-01 
3.939500e-02 	9.310345e-01 
3.986400e-02 	9.294743e-01 
4.033400e-02 	9.278943e-01 
4.080300e-02 	9.262947e-01 
4.127200e-02 	9.246757e-01 
4.174200e-02 	9.230377e-01 
4.221100e-02 	9.213808e-01 
4.268000e-02 	9.197054e-01 
4.315000e-02 	9.180116e-01 
4.361900e-02 	9.162998e-01 
4.408800e-02 	9.145701e-01 
4.455800e-02 	9.128228e-01 
4.502700e-02 	9.110583e-01 
4.549600e-02 	9.092766e-01 
4.596600e-02 	9.074781e-01 
4.643500e-02 	9.056630e-01 
4.690400e-02 	9.038316e-01 
4.737400e-02 	9.019842e-01 
4.784300e-02 	9.001209e-01 
4.831200e-02 	8.982420e-01 
4.878200e-02 	8.963478e-01 
4.925100e-02 	8.944386e-01 
4.972000e-02 	8.925145e-01 
5.018900e-02 	8.905758e-01 
5.065900e-02 	8.886229e-01 
5.112800e-02 	8.866558e-01 
5.159700e-02 	8.846750e-01 
5.206700e-02 	8.826805e-01 
5.253600e-02 	8.806728e-01 
5.300600e-02 	8.786519e-01 
5.347500e-02 	8.766183e-01 
5.394400e-02 	8.745721e-01 
5.441300e-02 	8.725135e-01 
5.488300e-02 	8.704429e-01 
5.535200e-02 	8.683604e-01 
5.582100e-02 	8.662664e-01 
5.629100e-02 	8.641610e-01 
5.676000e-02 	8.620445e-01 
5.722900e-02 	8.599171e-01 
5.769900e-02 	8.577791e-01 
5.816800e-02 	8.556306e-01 
5.863700e-02 	8.534720e-01 
5.910700e-02 	8.513035e-01 
5.957600e-02 	8.491253e-01 
6.004500e-02 	8.469375e-01 
6.051500e-02 	8.447405e-01 
6.098400e-02 	8.425346e-01 
6.145300e-02 	8.403198e-01 
6.192300e-02 	8.380965e-01 
6.239200e-02 	8.358648e-01 
6.286100e-02 	8.336249e-01 
6.333100e-02 	8.313769e-01 
6.380000e-02 	8.291211e-01 
6.426900e-02 	8.268575e-01 
6.473900e-02 	8.245865e-01 
6.520800e-02 	8.223080e-01 
6.567700e-02 	8.200224e-01 
6.614700e-02 	8.177297e-01 
6.661600e-02 	8.154302e-01 
6.708500e-02 	8.131240e-01 
6.755500e-02 	8.108113e-01 
6.802400e-02 	8.084923e-01 
6.849300e-02 	8.061672e-01 
6.896300e-02 	8.038360e-01 
6.943200e-02 	8.014990e-01 
6.990100e-02 	7.991563e-01 
7.037100e-02 	7.968080e-01 
7.084000e-02 	7.944542e-01 
7.130900e-02 	7.920951e-01 
7.177900e-02 	7.897308e-01 
7.224800e-02 	7.873613e-01 
7.271700e-02 	7.849867e-01 
7.318700e-02 	7.826073e-01 
7.365600e-02 	7.802231e-01 
7.412500e-02 	7.778343e-01 
7.459500e-02 	7.754408e-01 
7.506400e-02 	7.730430e-01 
7.553300e-02 	7.706408e-01 
7.600300e-02 	7.682344e-01 
7.647200e-02 	7.658239e-01 
7.694100e-02 	7.634095e-01 
7.741100e-02 	7.609912e-01 
7.788000e-02 	7.585691e-01 
7.834900e-02 	7.561434e-01 
7.881900e-02 	7.537142e-01 
7.928800e-02 	7.512816e-01 
7.975700e-02 	7.488456e-01 
8.022700e-02 	7.464066e-01 
8.069600e-02 	7.439645e-01 
8.116500e-02 	7.415194e-01 
8.163500e-02 	7.390715e-01 
8.210400e-02 	7.366208e-01 
8.257300e-02 	7.341676e-01 
8.304300e-02 	7.317119e-01 
8.351200e-02 	7.292538e-01 
8.398100e-02 	7.267934e-01 
8.445100e-02 	7.243308e-01 
8.492000e-02 	7.218662e-01 
8.538900e-02 	7.193996e-01 
8.585900e-02 	7.169313e-01 
8.632800e-02 	7.144612e-01 
8.679700e-02 	7.119894e-01 
8.726700e-02 	7.095162e-01 
8.773600e-02 	7.070416e-01 
8.820500e-02 	7.045657e-01 
8.867500e-02 	7.020886e-01 
8.914400e-02 	6.996105e-01 
8.961300e-02 	6.971315e-01 
9.008300e-02 	6.946516e-01 
9.055200e-02 	6.921709e-01 
9.102100e-02 	6.896897e-01 
9.149100e-02 	6.872079e-01 
9.196000e-02 	6.847257e-01 
9.242900e-02 	6.822432e-01 
9.289900e-02 	6.797605e-01 
9.336800e-02 	6.772776e-01 
9.383700e-02 	6.747947e-01 
9.430700e-02 	6.723119e-01 
9.477600e-02 	6.698294e-01 
9.524500e-02 	6.673471e-01 
9.571500e-02 	6.648651e-01 
9.618400e-02 	6.623837e-01 
9.665300e-02 	6.599029e-01 
9.712300e-02 	6.574228e-01 
9.759200e-02 	6.549434e-01 
9.806100e-02 	6.524650e-01 
9.853100e-02 	6.499876e-01 
9.900000e-02 	6.475113e-01 
9.946900e-02 	6.450361e-01 
9.993900e-02 	6.425623e-01 
1.004080e-01 	6.400898e-01 
1.008770e-01 	6.376191e-01 
1.013470e-01 	6.351494e-01 
1.018160e-01 	6.326820e-01 
1.022850e-01 	6.302164e-01 
1.027550e-01 	6.277522e-01 
1.032240e-01 	6.252905e-01 
1.036930e-01 	6.228309e-01 
1.041630e-01 	6.203731e-01 
1.046320e-01 	6.179181e-01 
1.051010e-01 	6.154656e-01 
1.055710e-01 	6.130151e-01 
1.060400e-01 	6.105678e-01 
1.065090e-01 	6.081232e-01 
1.069790e-01 	6.056815e-01 
1.074480e-01 	6.032423e-01 
1.079170e-01 	6.008066e-01 
1.083870e-01 	5.983741e-01 
1.088560e-01 	5.959444e-01 
1.093250e-01 	5.935185e-01 
1.097950e-01 	5.910961e-01 
1.102640e-01 	5.886767e-01 
1.107330e-01 	5.862614e-01 
1.112030e-01 	5.838499e-01 
1.116720e-01 	5.814417e-01 
1.121410e-01 	5.790380e-01 
1.126110e-01 	5.766383e-01 
1.130800e-01 	5.742422e-01 
1.135490e-01 	5.718508e-01 
1.140190e-01 	5.694638e-01 
1.144880e-01 	5.670807e-01 
1.149570e-01 	5.647026e-01 
1.154270e-01 	5.623290e-01 
1.158960e-01 	5.599597e-01 
1.163650e-01 	5.575957e-01 
1.168350e-01 	5.552366e-01 
1.173040e-01 	5.528820e-01 
1.177730e-01 	5.505330e-01 
1.182430e-01 	5.481891e-01 
1.187120e-01 	5.458500e-01 
1.191810e-01 	5.435169e-01 
1.196510e-01 	5.411891e-01 
1.201200e-01 	5.388664e-01 
1.205890e-01 	5.365497e-01 
1.210590e-01 	5.342386e-01 
1.215280e-01 	5.319327e-01 
1.219970e-01 	5.296330e-01 
1.224670e-01 	5.273391e-01 
1.229360e-01 	5.250506e-01 
1.234050e-01 	5.227684e-01 
1.238750e-01 	5.204922e-01 
1.243440e-01 	5.182216e-01 
1.248130e-01 	5.159574e-01 
1.252830e-01 	5.136994e-01 
1.257520e-01 	5.114471e-01 
1.262210e-01 	5.092015e-01 
1.266910e-01 	5.069623e-01 
1.271600e-01 	5.047288e-01 
1.276290e-01 	5.025023e-01 
1.280990e-01 	5.002823e-01 
1.285680e-01 	4.980682e-01 
1.290370e-01 	4.958613e-01 
1.295070e-01 	4.936609e-01 
1.299760e-01 	4.914673e-01 
1.304450e-01 	4.892800e-01 
1.309150e-01 	4.870999e-01 
1.313840e-01 	4.849267e-01 
1.318530e-01 	4.827599e-01 
1.323230e-01 	4.806006e-01 
1.327920e-01 	4.784483e-01 
1.332610e-01 	4.763026e-01 
1.337310e-01 	4.741646e-01 
1.342000e-01 	4.720337e-01 
1.346690e-01 	4.699096e-01 
1.351390e-01 	4.677933e-01 
1.356080e-01 	4.656842e-01 
1.360770e-01 	4.635820e-01 
1.365470e-01 	4.614876e-01 
1.370160e-01 	4.594005e-01 
1.374850e-01 	4.573204e-01 
1.379550e-01 	4.552482e-01 
1.384240e-01 	4.531833e-01 
1.388930e-01 	4.511255e-01 
1.393630e-01 	4.490756e-01 
1.398320e-01 	4.470333e-01 
1.403010e-01 	4.449980e-01 
1.407710e-01 	4.429707e-01 
1.412400e-01 	4.409509e-01 
1.417090e-01 	4.389384e-01 
1.421790e-01 	4.369339e-01 
1.426480e-01 	4.349370e-01 
1.431170e-01 	4.329474e-01 
1.435870e-01 	4.309659e-01 
1.440560e-01 	4.289921e-01 
1.445250e-01 	4.270256e-01 
1.449950e-01 	4.250674e-01 
1.454640e-01 	4.231169e-01 
1.459330e-01 	4.211738e-01 
1.464030e-01 	4.192390e-01 
1.468720e-01 	4.173120e-01 
1.473410e-01 	4.153925e-01 
1.478110e-01 	4.134814e-01 
1.482800e-01 	4.115781e-01 
1.487490e-01 	4.096824e-01 
1.492190e-01 	4.077950e-01 
1.496880e-01 	4.059155e-01 
1.501570e-01 	4.040436e-01 
1.506270e-01 	4.021799e-01 
1.510960e-01 	4.003242e-01 
1.515650e-01 	3.984761e-01 
1.520350e-01 	3.966363e-01 
1.525040e-01 	3.948044e-01 
1.529730e-01 	3.929804e-01 
1.534430e-01 	3.911640e-01 
1.539120e-01 	3.893559e-01 
1.543810e-01 	3.875558e-01 
1.548510e-01 	3.857632e-01 
1.553200e-01 	3.839789e-01 
1.557890e-01 	3.822026e-01 
1.562590e-01 	3.804338e-01 
1.567280e-01 	3.786734e-01 
1.571970e-01 	3.769209e-01 
1.576670e-01 	3.751759e-01 
1.581360e-01 	3.734393e-01 
1.586050e-01 	3.717107e-01 
1.590750e-01 	3.699896e-01 
1.595440e-01 	3.682769e-01 
1.600130e-01 	3.665721e-01 
1.604830e-01 	3.648749e-01 
1.609520e-01 	3.631860e-01 
1.614210e-01 	3.615051e-01 
1.618910e-01 	3.598318e-01 
1.623600e-01 	3.581668e-01 
1.628290e-01 	3.565097e-01 
1.632990e-01 	3.548603e-01 
1.637680e-01 	3.532193e-01 
1.642370e-01 	3.515861e-01 
1.647070e-01 	3.499607e-01 
1.651760e-01 	3.483435e-01 
1.656450e-01 	3.467343e-01 
1.661150e-01 	3.451328e-01 
1.665840e-01 	3.435396e-01 
1.670530e-01 	3.419544e-01 
1.675230e-01 	3.403768e-01 
1.679920e-01 	3.388075e-01 
1.684610e-01 	3.372461e-01 
1.689310e-01 	3.356923e-01 
1.694000e-01 	3.341467e-01 
1.698690e-01 	3.326090e-01 
1.703390e-01 	3.310788e-01 
1.708080e-01 	3.295568e-01 
1.712770e-01 	3.280426e-01 
1.717470e-01 	3.265358e-01 
1.722160e-01 	3.250372e-01 
1.726850e-01 	3.235462e-01 
1.731550e-01 	3.220627e-01 
1.736240e-01 	3.205872e-01 
1.740930e-01 	3.191194e-01 
1.745630e-01 	3.176593e-01 
1.750320e-01 	3.162065e-01 
1.755010e-01 	3.147616e-01 
1.759710e-01 	3.133243e-01 
1.764400e-01 	3.118943e-01 
1.769090e-01 	3.104721e-01 
1.773790e-01 	3.090575e-01 
1.778480e-01 	3.076501e-01 
1.783170e-01 	3.062505e-01 
1.787870e-01 	3.048583e-01 
1.792560e-01 	3.034732e-01 
1.797250e-01 	3.020959e-01 
1.801950e-01 	3.007259e-01 
1.806640e-01 	2.993629e-01 
1.811330e-01 	2.980076e-01 
1.816030e-01 	2.966596e-01 
1.820720e-01 	2.953185e-01 
1.825410e-01 	2.939850e-01 
1.830110e-01 	2.926587e-01 
1.834800e-01 	2.913393e-01 
1.839490e-01 	2.900273e-01 
1.844190e-01 	2.887225e-01 
1.848880e-01 	2.874245e-01 
1.853570e-01 	2.861338e-01 
1.858270e-01 	2.848503e-01 
1.862960e-01 	2.835735e-01 
1.867650e-01 	2.823039e-01 
1.872350e-01 	2.810414e-01 
1.877040e-01 	2.797856e-01 
1.881730e-01 	2.785370e-01 
1.886430e-01 	2.772953e-01 
1.891120e-01 	2.760602e-01 
1.895810e-01 	2.748323e-01 
1.900510e-01 	2.736113e-01 
1.905200e-01 	2.723968e-01 
1.909890e-01 	2.711894e-01 
1.914590e-01 	2.699887e-01 
1.919280e-01 	2.687946e-01 
1.923970e-01 	2.676074e-01 
1.928670e-01 	2.664270e-01 
1.933360e-01 	2.652530e-01 
1.938050e-01 	2.640859e-01 
1.942750e-01 	2.629255e-01 
1.947440e-01 	2.617714e-01 
1.952130e-01 	2.606242e-01 
1.956830e-01 	2.594836e-01 
1.961520e-01 	2.583492e-01 
1.966210e-01 	2.572217e-01 
1.970910e-01 	2.561006e-01 
1.975600e-01 	2.549860e-01 
1.980290e-01 	2.538776e-01 
1.984990e-01 	2.527759e-01 
1.989680e-01 	2.516806e-01 
1.994370e-01 	2.505915e-01 
1.999070e-01 	2.495090e-01 
2.003760e-01 	2.484327e-01 
2.008450e-01 	2.473626e-01 
2.013150e-01 	2.462989e-01 
2.017840e-01 	2.452414e-01 
2.022530e-01 	2.441898e-01 
2.027230e-01 	2.431446e-01 
2.031920e-01 	2.421055e-01 
2.036610e-01 	2.410722e-01 
2.041310e-01 	2.400452e-01 
2.046000e-01 	2.390241e-01 
2.050690e-01 	2.380087e-01 
2.055390e-01 	2.369995e-01 
2.060080e-01 	2.359961e-01 
2.064770e-01 	2.349983e-01 
2.069470e-01 	2.340066e-01 
2.074160e-01 	2.330206e-01 
2.078850e-01 	2.320401e-01 
2.083550e-01 	2.310656e-01 
2.088240e-01 	2.300967e-01 
2.092930e-01 	2.291333e-01 
2.097630e-01 	2.281757e-01 
2.102320e-01 	2.272237e-01 
2.107010e-01 	2.262771e-01 
2.111710e-01 	2.253361e-01 
2.116400e-01 	2.244007e-01 
2.121090e-01 	2.234705e-01 
2.125790e-01 	2.225460e-01 
2.130480e-01 	2.216269e-01 
2.135170e-01 	2.207130e-01 
2.139870e-01 	2.198046e-01 
2.144560e-01 	2.189015e-01 
2.149250e-01 	2.180036e-01 
2.153950e-01 	2.171111e-01 
2.158640e-01 	2.162239e-01 
2.163330e-01 	2.153416e-01 
2.168030e-01 	2.144648e-01 
2.172720e-01 	2.135931e-01 
2.177410e-01 	2.127263e-01 
2.182110e-01 	2.118648e-01 
2.186800e-01 	2.110084e-01 
2.191490e-01 	2.101568e-01 
2.196190e-01 	2.093104e-01 
2.200880e-01 	2.084691e-01 
2.205570e-01 	2.076326e-01 
2.210270e-01 	2.068009e-01 
2.214960e-01 	2.059743e-01 
2.219650e-01 	2.051525e-01 
2.224350e-01 	2.043354e-01 
2.229040e-01 	2.035233e-01 
2.233730e-01 	2.027159e-01 
2.238430e-01 	2.019131e-01 
2.243120e-01 	2.011153e-01 
2.247810e-01 	2.003221e-01 
2.252510e-01 	1.995334e-01 
2.257200e-01 	1.987495e-01 
2.261890e-01 	1.979702e-01 
2.266590e-01 	1.971953e-01 
2.271280e-01 	1.964252e-01 
2.275970e-01 	1.956595e-01 
2.280670e-01 	1.948982e-01 
2.285360e-01 	1.941415e-01 
2.290050e-01 	1.933892e-01 
2.294750e-01 	1.926412e-01 
2.299440e-01 	1.918977e-01 
2.304130e-01 	1.911585e-01 
2.308830e-01 	1.904235e-01 
2.313520e-01 	1.896930e-01 
2.318210e-01 	1.889667e-01 
2.322910e-01 	1.882445e-01 
2.327600e-01 	1.875266e-01 
2.332290e-01 	1.868129e-01 
2.336990e-01 	1.861032e-01 
2.341680e-01 	1.853977e-01 
2.346370e-01 	1.846963e-01 
2.351070e-01 	1.839988e-01 
2.355760e-01 	1.833055e-01 
2.360450e-01 	1.826162e-01 
2.365150e-01 	1.819307e-01 
2.369840e-01 	1.812493e-01 
2.374530e-01 	1.805719e-01 
2.379230e-01 	1.798982e-01 
2.383920e-01 	1.792286e-01 
2.388610e-01 	1.785629e-01 
2.393310e-01 	1.779008e-01 
2.398000e-01 	1.772427e-01 
2.402690e-01 	1.765885e-01 
2.407390e-01 	1.759378e-01 
2.412080e-01 	1.752911e-01 
2.416770e-01 	1.746481e-01 
2.421470e-01 	1.740087e-01 
2.426160e-01 	1.733732e-01 
2.430850e-01 	1.727413e-01 
2.435550e-01 	1.721130e-01 
2.440240e-01 	1.714882e-01 
2.444930e-01 	1.708672e-01 
2.449630e-01 	1.702498e-01 
2.454320e-01 	1.696358e-01 
2.459010e-01 	1.690255e-01 
2.463710e-01 	1.684186e-01 
2.468400e-01 	1.678152e-01 
2.473090e-01 	1.672153e-01 
2.477790e-01 	1.666189e-01 
2.482480e-01 	1.660258e-01 
2.487170e-01 	1.654363e-01 
2.491870e-01 	1.648501e-01 
2.496560e-01 	1.642671e-01 
2.501250e-01 	1.636877e-01 
2.505940e-01 	1.631115e-01 
2.510640e-01 	1.625385e-01 
2.515330e-01 	1.619689e-01 
2.520030e-01 	1.614026e-01 
2.524720e-01 	1.608393e-01 
2.529410e-01 	1.602794e-01 
2.534100e-01 	1.597227e-01 
2.538800e-01 	1.591690e-01 
2.543490e-01 	1.586186e-01 
2.548190e-01 	1.580713e-01 
2.552880e-01 	1.575269e-01 
2.557570e-01 	1.569858e-01 
2.562270e-01 	1.564477e-01 
2.566960e-01 	1.559125e-01 
2.571650e-01 	1.553805e-01 
2.576340e-01 	1.548514e-01 
2.581040e-01 	1.543252e-01 
2.585730e-01 	1.538020e-01 
2.590430e-01 	1.532817e-01 
2.595120e-01 	1.527643e-01 
2.599810e-01 	1.522498e-01 
2.604510e-01 	1.517381e-01 
2.609200e-01 	1.512292e-01 
2.613890e-01 	1.507232e-01 
2.618580e-01 	1.502199e-01 
2.623280e-01 	1.497194e-01 
2.627970e-01 	1.492216e-01 
2.632670e-01 	1.487266e-01 
2.637360e-01 	1.482342e-01 
2.642050e-01 	1.477445e-01 
2.646750e-01 	1.472575e-01 
2.651440e-01 	1.467732e-01 
2.656130e-01 	1.462914e-01 
2.660820e-01 	1.458123e-01 
2.665520e-01 	1.453359e-01 
2.670210e-01 	1.448619e-01 
2.674910e-01 	1.443906e-01 
2.679600e-01 	1.439219e-01 
2.684290e-01 	1.434556e-01 
2.688990e-01 	1.429920e-01 
2.693680e-01 	1.425308e-01 
2.698370e-01 	1.420721e-01 
2.703070e-01 	1.416160e-01 
2.707760e-01 	1.411624e-01 
2.712450e-01 	1.407112e-01 
2.717150e-01 	1.402625e-01 
2.721840e-01 	1.398163e-01 
2.726530e-01 	1.393724e-01 
2.731220e-01 	1.389310e-01 
2.735920e-01 	1.384920e-01 
2.740610e-01 	1.380553e-01 
2.745310e-01 	1.376211e-01 
2.750000e-01 	1.371892e-01 
2.754690e-01 	1.367596e-01 
2.759390e-01 	1.363324e-01 
2.764080e-01 	1.359076e-01 
2.768770e-01 	1.354850e-01 
2.773460e-01 	1.350647e-01 
2.778160e-01 	1.346468e-01 
2.782850e-01 	1.342310e-01 
2.787550e-01 	1.338175e-01 
2.792240e-01 	1.334063e-01 
2.796930e-01 	1.329973e-01 
2.801630e-01 	1.325905e-01 
2.806320e-01 	1.321860e-01 
2.811010e-01 	1.317835e-01 
2.815710e-01 	1.313833e-01 
2.820400e-01 	1.309853e-01 
2.825090e-01 	1.305893e-01 
2.829790e-01 	1.301956e-01 
2.834480e-01 	1.298039e-01 
2.839170e-01 	1.294143e-01 
2.843870e-01 	1.290269e-01 
2.848560e-01 	1.286415e-01 
2.853250e-01 	1.282581e-01 
2.857950e-01 	1.278769e-01 
2.862640e-01 	1.274976e-01 
2.867330e-01 	1.271204e-01 
2.872020e-01 	1.267452e-01 
2.876720e-01 	1.263720e-01 
2.881410e-01 	1.260008e-01 
2.886110e-01 	1.256315e-01 
2.890800e-01 	1.252642e-01 
2.895490e-01 	1.248989e-01 
2.900190e-01 	1.245354e-01 
2.904880e-01 	1.241739e-01 
2.909570e-01 	1.238142e-01 
2.914260e-01 	1.234564e-01 
2.918960e-01 	1.231006e-01 
2.923650e-01 	1.227466e-01 
2.928350e-01 	1.223943e-01 
2.933040e-01 	1.220440e-01 
2.937730e-01 	1.216955e-01 
2.942430e-01 	1.213487e-01 
2.947120e-01 	1.210037e-01 
2.951810e-01 	1.206606e-01 
2.956500e-01 	1.203191e-01 
2.961200e-01 	1.199794e-01 
2.965890e-01 	1.196415e-01 
2.970590e-01 	1.193052e-01 
2.975280e-01 	1.189707e-01 
2.979970e-01 	1.186379e-01 
2.984670e-01 	1.183067e-01 
2.989360e-01 	1.179772e-01 
2.994050e-01 	1.176495e-01 
2.998740e-01 	1.173233e-01 
3.003440e-01 	1.169988e-01 
3.008130e-01 	1.166760e-01 
3.012830e-01 	1.163548e-01 
3.017520e-01 	1.160352e-01 
3.022210e-01 	1.157173e-01 
3.026910e-01 	1.154010e-01 
3.031600e-01 	1.150863e-01 
3.036290e-01 	1.147732e-01 
3.040990e-01 	1.144617e-01 
3.045680e-01 	1.141518e-01 
3.050370e-01 	1.138435e-01 
3.055070e-01 	1.135367e-01 
3.059760e-01 	1.132315e-01 
3.064450e-01 	1.129279e-01 
3.069140e-01 	1.126258e-01 
3.073840e-01 	1.123252e-01 
3.078530e-01 	1.120263e-01 
3.083230e-01 	1.117287e-01 
3.087920e-01 	1.114328e-01 
3.092610e-01 	1.111383e-01 
3.097310e-01 	1.108453e-01 
3.102000e-01 	1.105539e-01 
3.106690e-01 	1.102639e-01 
3.111380e-01 	1.099755e-01 
3.116080e-01 	1.096884e-01 
3.120770e-01 	1.094029e-01 
3.125460e-01 	1.091188e-01 
3.130160e-01 	1.088361e-01 
3.134850e-01 	1.085549e-01 
3.139540e-01 	1.082751e-01 
3.144240e-01 	1.079967e-01 
3.148930e-01 	1.077198e-01 
3.153620e-01 	1.074443e-01 
3.158320e-01 	1.071701e-01 
3.163010e-01 	1.068974e-01 
3.167700e-01 	1.066261e-01 
3.172400e-01 	1.063561e-01 
3.177090e-01 	1.060875e-01 
3.181780e-01 	1.058203e-01 
3.186480e-01 	1.055544e-01 
3.191170e-01 	1.052899e-01 
3.195860e-01 	1.050267e-01 
3.200560e-01 	1.047649e-01 
3.205250e-01 	1.045044e-01 
3.209940e-01 	1.042452e-01 
3.214640e-01 	1.039872e-01 
3.219330e-01 	1.037306e-01 
3.224020e-01 	1.034753e-01 
3.228720e-01 	1.032212e-01 
3.233410e-01 	1.029685e-01 
3.238100e-01 	1.027170e-01 
3.242800e-01 	1.024667e-01 
3.247490e-01 	1.022177e-01 
3.252180e-01 	1.019699e-01 
3.256880e-01 	1.017233e-01 
3.261570e-01 	1.014779e-01 
3.266260e-01 	1.012338e-01 
3.270960e-01 	1.009908e-01 
3.275650e-01 	1.007490e-01 
3.280340e-01 	1.005084e-01 
3.285040e-01 	1.002689e-01 
3.289730e-01 	1.000306e-01 
3.294420e-01 	9.979341e-02 
3.299120e-01 	9.955734e-02 
3.303810e-01 	9.932244e-02 
3.308500e-01 	9.908867e-02 
3.313200e-01 	9.885595e-02 
3.317890e-01 	9.862440e-02 
3.322580e-01 	9.839395e-02 
3.327280e-01 	9.816460e-02 
3.331970e-01 	9.793630e-02 
3.336660e-01 	9.770913e-02 
3.341360e-01 	9.748305e-02 
3.346050e-01 	9.725800e-02 
3.350740e-01 	9.703408e-02 
3.355440e-01 	9.681122e-02 
3.360130e-01 	9.658938e-02 
3.364820e-01 	9.636865e-02 
3.369520e-01 	9.614897e-02 
3.374210e-01 	9.593029e-02 
3.378900e-01 	9.571271e-02 
3.383600e-01 	9.549616e-02 
3.388290e-01 	9.528061e-02 
3.392980e-01 	9.506613e-02 
3.397680e-01 	9.485267e-02 
3.402370e-01 	9.464019e-02 
3.407060e-01 	9.442877e-02 
3.411760e-01 	9.421836e-02 
3.416450e-01 	9.400891e-02 
3.421140e-01 	9.380050e-02 
3.425840e-01 	9.359310e-02 
3.430530e-01 	9.338664e-02 
3.435220e-01 	9.318121e-02 
3.439920e-01 	9.297676e-02 
3.444610e-01 	9.277325e-02 
3.449300e-01 	9.257075e-02 
3.454000e-01 	9.236923e-02 
3.458690e-01 	9.216862e-02 
3.463380e-01 	9.196901e-02 
3.468080e-01 	9.177036e-02 
3.472770e-01 	9.157261e-02 
3.477460e-01 	9.137585e-02 
3.482160e-01 	9.118003e-02 
3.486850e-01 	9.098510e-02 
3.491540e-01 	9.079114e-02 
3.496240e-01 	9.059811e-02 
3.500930e-01 	9.040596e-02 
3.505620e-01 	9.021475e-02 
3.510320e-01 	9.002446e-02 
3.515010e-01 	8.983502e-02 
3.519700e-01 	8.964652e-02 
3.524400e-01 	8.945890e-02 
3.529090e-01 	8.927213e-02 
3.533780e-01 	8.908627e-02 
3.538480e-01 	8.890128e-02 
3.543170e-01 	8.871711e-02 
3.547860e-01 	8.853384e-02 
3.552560e-01 	8.835142e-02 
3.557250e-01 	8.816984e-02 
3.561940e-01 	8.798907e-02 
3.566640e-01 	8.780916e-02 
3.571330e-01 	8.763008e-02 
3.576020e-01 	8.745178e-02 
3.580720e-01 	8.727433e-02 
3.585410e-01 	8.709769e-02 
3.590100e-01 	8.692182e-02 
3.594800e-01 	8.674677e-02 
3.599490e-01 	8.657252e-02 
3.604180e-01 	8.639901e-02 
3.608880e-01 	8.622631e-02 
3.613570e-01 	8.605438e-02 
3.618260e-01 	8.588318e-02 
3.622960e-01 	8.571278e-02 
3.627650e-01 	8.554312e-02 
3.632340e-01 	8.537418e-02 
3.637040e-01 	8.520602e-02 
3.641730e-01 	8.503859e-02 
3.646420e-01 	8.487187e-02 
3.651120e-01 	8.470592e-02 
3.655810e-01 	8.454069e-02 
3.660500e-01 	8.437615e-02 
3.665200e-01 	8.421237e-02 
3.669890e-01 	8.404930e-02 
3.674580e-01 	8.388692e-02 
3.679280e-01 	8.372528e-02 
3.683970e-01 	8.356434e-02 
3.688660e-01 	8.340407e-02 
3.693360e-01 	8.324454e-02 
3.698050e-01 	8.308570e-02 
3.702740e-01 	8.292752e-02 
3.707440e-01 	8.277005e-02 
3.712130e-01 	8.261328e-02 
3.716820e-01 	8.245715e-02 
3.721520e-01 	8.230172e-02 
3.726210e-01 	8.214698e-02 
3.730900e-01 	8.199286e-02 
3.735600e-01 	8.183945e-02 
3.740290e-01 	8.168669e-02 
3.744980e-01 	8.153457e-02 
3.749680e-01 	8.138312e-02 
3.754370e-01 	8.123233e-02 
3.759060e-01 	8.108215e-02 
3.763760e-01 	8.093265e-02 
3.768450e-01 	8.078379e-02 
3.773140e-01 	8.063553e-02 
3.777840e-01 	8.048793e-02 
3.782530e-01 	8.034096e-02 
3.787220e-01 	8.019461e-02 
3.791920e-01 	8.004886e-02 
3.796610e-01 	7.990375e-02 
3.801300e-01 	7.975925e-02 
3.806000e-01 	7.961534e-02 
3.810690e-01 	7.947206e-02 
3.815380e-01 	7.932938e-02 
3.820080e-01 	7.918727e-02 
3.824770e-01 	7.904578e-02 
3.829460e-01 	7.890489e-02 
3.834160e-01 	7.876455e-02 
3.838850e-01 	7.862483e-02 
3.843540e-01 	7.848569e-02 
3.848240e-01 	7.834709e-02 
3.852930e-01 	7.820910e-02 
3.857620e-01 	7.807168e-02 
3.862320e-01 	7.793479e-02 
3.867010e-01 	7.779849e-02 
3.871700e-01 	7.766275e-02 
3.876400e-01 	7.752754e-02 
3.881090e-01 	7.739291e-02 
3.885780e-01 	7.725882e-02 
3.890480e-01 	7.712525e-02 
3.895170e-01 	7.699225e-02 
3.899860e-01 	7.685978e-02 
3.904560e-01 	7.672782e-02 
3.909250e-01 	7.659642e-02 
3.913940e-01 	7.646554e-02 
3.918640e-01 	7.633515e-02 
3.923330e-01 	7.620531e-02 
3.928020e-01 	7.607598e-02 
3.932720e-01 	7.594714e-02 
3.937410e-01 	7.581883e-02 
3.942100e-01 	7.569102e-02 
3.946800e-01 	7.556369e-02 
3.951490e-01 	7.543688e-02 
3.956180e-01 	7.531056e-02 
3.960880e-01 	7.518470e-02 
3.965570e-01 	7.505935e-02 
3.970260e-01 	7.493449e-02 
3.974960e-01 	7.481008e-02 
3.979650e-01 	7.468618e-02 
3.984340e-01 	7.456275e-02 
3.989040e-01 	7.443976e-02 
3.993730e-01 	7.431726e-02 
3.998420e-01 	7.419523e-02 
4.003120e-01 	7.407364e-02 
4.007810e-01 	7.395252e-02 
4.012500e-01 	7.383187e-02 
4.017200e-01 	7.371166e-02 
4.021890e-01 	7.359188e-02 
4.026580e-01 	7.347257e-02 
4.031280e-01 	7.335370e-02 
4.035970e-01 	7.323524e-02 
4.040660e-01 	7.311724e-02 
4.045360e-01 	7.299968e-02 
4.050050e-01 	7.288252e-02 
4.054740e-01 	7.276582e-02 
4.059440e-01 	7.264953e-02 
4.064130e-01 	7.253365e-02 
4.068820e-01 	7.241820e-02 
4.073520e-01 	7.230317e-02 
4.078210e-01 	7.218853e-02 
4.082900e-01 	7.207432e-02 
4.087600e-01 	7.196052e-02 
4.092290e-01 	7.184709e-02 
4.096980e-01 	7.173410e-02 
4.101680e-01 	7.162150e-02 
4.106370e-01 	7.150928e-02 
4.111060e-01 	7.139748e-02 
4.115760e-01 	7.128606e-02 
4.120450e-01 	7.117502e-02 
4.125140e-01 	7.106438e-02 
4.129840e-01 	7.095413e-02 
4.134530e-01 	7.084424e-02 
4.139220e-01 	7.073476e-02 
4.143920e-01 	7.062565e-02 
4.148610e-01 	7.051689e-02 
4.153300e-01 	7.040853e-02 
4.158000e-01 	7.030053e-02 
4.162690e-01 	7.019289e-02 
4.167380e-01 	7.008563e-02 
4.172080e-01 	6.997873e-02 
4.176770e-01 	6.987217e-02 
4.181460e-01 	6.976599e-02 
4.186160e-01 	6.966016e-02 
4.190850e-01 	6.955466e-02 
4.195540e-01 	6.944954e-02 
4.200240e-01 	6.934476e-02 
4.204930e-01 	6.924031e-02 
4.209620e-01 	6.913622e-02 
4.214320e-01 	6.903247e-02 
4.219010e-01 	6.892903e-02 
4.223700e-01 	6.882595e-02 
4.228400e-01 	6.872321e-02 
4.233090e-01 	6.862079e-02 
4.237780e-01 	6.851868e-02 
4.242480e-01 	6.841691e-02 
4.247170e-01 	6.831546e-02 
4.251860e-01 	6.821432e-02 
4.256560e-01 	6.811351e-02 
4.261250e-01 	6.801302e-02 
4.265940e-01 	6.791281e-02 
4.270640e-01 	6.781294e-02 
4.275330e-01 	6.771337e-02 
4.280020e-01 	6.761409e-02 
4.284720e-01 	6.751513e-02 
4.289410e-01 	6.741647e-02 
4.294100e-01 	6.731809e-02 
4.298800e-01 	6.722003e-02 
4.303490e-01 	6.712226e-02 
4.308180e-01 	6.702476e-02 
4.312880e-01 	6.692757e-02 
4.317570e-01 	6.683068e-02 
4.322260e-01 	6.673405e-02 
4.326960e-01 	6.663773e-02 
4.331650e-01 	6.654169e-02 
4.336340e-01 	6.644591e-02 
4.341040e-01 	6.635043e-02 
4.345730e-01 	6.625523e-02 
4.350420e-01 	6.616029e-02 
4.355120e-01 	6.606564e-02 
4.359810e-01 	6.597126e-02 
4.364500e-01 	6.587714e-02 
4.369200e-01 	6.578331e-02 
4.373890e-01 	6.568975e-02 
4.378580e-01 	6.559644e-02 
4.383280e-01 	6.550342e-02 
4.387970e-01 	6.541067e-02 
4.392660e-01 	6.531817e-02 
4.397360e-01 	6.522596e-02 
4.402050e-01 	6.513401e-02 
4.406740e-01 	6.504232e-02 
4.411440e-01 	6.495091e-02 
4.416130e-01 	6.485976e-02 
4.420820e-01 	6.476886e-02 
4.425520e-01 	6.467825e-02 
4.430210e-01 	6.458789e-02 
4.434900e-01 	6.449779e-02 
4.439600e-01 	6.440796e-02 
4.444290e-01 	6.431840e-02 
4.448980e-01 	6.422908e-02 
4.453680e-01 	6.414005e-02 
4.458370e-01 	6.405127e-02 
4.463060e-01 	6.396275e-02 
4.467760e-01 	6.387448e-02 
4.472450e-01 	6.378648e-02 
4.477140e-01 	6.369875e-02 
4.481840e-01 	6.361125e-02 
4.486530e-01 	6.352403e-02 
4.491220e-01 	6.343707e-02 
4.495920e-01 	6.335034e-02 
4.500610e-01 	6.326389e-02 
4.505300e-01 	6.317770e-02 
4.510000e-01 	6.309175e-02 
4.514690e-01 	6.300606e-02 
4.519380e-01 	6.292064e-02 
4.524080e-01 	6.283545e-02 
4.528770e-01 	6.275053e-02 
4.533460e-01 	6.266586e-02 
4.538160e-01 	6.258143e-02 
4.542850e-01 	6.249727e-02 
4.547540e-01 	6.241336e-02 
4.552240e-01 	6.232968e-02 
4.556930e-01 	6.224628e-02 
4.561620e-01 	6.216312e-02 
4.566320e-01 	6.208019e-02 
4.571010e-01 	6.199753e-02 
4.575700e-01 	6.191512e-02 
4.580400e-01 	6.183295e-02 
4.585090e-01 	6.175103e-02 
4.589780e-01 	6.166937e-02 
4.594480e-01 	6.158793e-02 
4.599170e-01 	6.150676e-02 
4.603860e-01 	6.142583e-02 
4.608560e-01 	6.134513e-02 
4.613250e-01 	6.126469e-02 
4.617940e-01 	6.118449e-02 
4.622640e-01 	6.110451e-02 
4.627330e-01 	6.102479e-02 
4.632020e-01 	6.094530e-02 
4.636720e-01 	6.086603e-02 
4.641410e-01 	6.078701e-02 
4.646100e-01 	6.070821e-02 
4.650800e-01 	6.062962e-02 
4.655490e-01 	6.055127e-02 
4.660180e-01 	6.047314e-02 
4.664880e-01 	6.039520e-02 
4.669570e-01 	6.031749e-02 
4.674260e-01 	6.023999e-02 
4.678960e-01 	6.016267e-02 
4.683650e-01 	6.008557e-02 
4.688340e-01 	6.000866e-02 
4.693040e-01 	5.993194e-02 
4.697730e-01 	5.985540e-02 
4.702420e-01 	5.977905e-02 
4.707120e-01 	5.970288e-02 
4.711810e-01 	5.962688e-02 
4.716500e-01 	5.955106e-02 
4.721200e-01 	5.947540e-02 
4.725890e-01 	5.939990e-02 
4.730580e-01 	5.932457e-02 
4.735270e-01 	5.924940e-02 
4.739970e-01 	5.917436e-02 
4.744660e-01 	5.909949e-02 
4.749360e-01 	5.902476e-02 
4.754050e-01 	5.895016e-02 
4.758740e-01 	5.887570e-02 
4.763440e-01 	5.880138e-02 
4.768130e-01 	5.872718e-02 
4.772820e-01 	5.865311e-02 
4.777520e-01 	5.857916e-02 
4.782210e-01 	5.850532e-02 
4.786900e-01 	5.843160e-02 
4.791600e-01 	5.835799e-02 
4.796290e-01 	5.828447e-02 
4.800980e-01 	5.821107e-02 
4.805680e-01 	5.813777e-02 
4.810370e-01 	5.806454e-02 
4.815060e-01 	5.799142e-02 
4.819760e-01 	5.791838e-02 
4.824450e-01 	5.784541e-02 
4.829140e-01 	5.777253e-02 
4.833830e-01 	5.769972e-02 
4.838530e-01 	5.762697e-02 
4.843220e-01 	5.755430e-02 
4.847920e-01 	5.748169e-02 
4.852610e-01 	5.740912e-02 
4.857300e-01 	5.733662e-02 
4.862000e-01 	5.726417e-02 
4.866690e-01 	5.719176e-02 
4.871380e-01 	5.711940e-02 
4.876080e-01 	5.704707e-02 
4.880770e-01 	5.697477e-02 
4.885460e-01 	5.690251e-02 
4.890160e-01 	5.683028e-02 
4.894850e-01 	5.675805e-02 
4.899540e-01 	5.668586e-02 
4.904240e-01 	5.661368e-02 
4.908930e-01 	5.654151e-02 
4.913620e-01 	5.646933e-02 
4.918310e-01 	5.639717e-02 
4.923010e-01 	5.632500e-02 
4.927700e-01 	5.625282e-02 
