#q 	 Ifit_avg 
2.600000e-03 	1.000000e+00 
2.732000e-03 	9.997151e-01 
2.863000e-03 	9.994301e-01 
2.995000e-03 	9.991451e-01 
3.126000e-03 	9.988601e-01 
3.258000e-03 	9.985749e-01 
3.389000e-03 	9.982896e-01 
3.521000e-03 	9.980041e-01 
3.652000e-03 	9.977185e-01 
3.784000e-03 	9.974327e-01 
3.915000e-03 	9.971466e-01 
4.047000e-03 	9.968602e-01 
4.178000e-03 	9.965736e-01 
4.310000e-03 	9.962867e-01 
4.442000e-03 	9.959994e-01 
4.573000e-03 	9.957117e-01 
4.705000e-03 	9.954236e-01 
4.836000e-03 	9.951351e-01 
4.968000e-03 	9.948462e-01 
5.099000e-03 	9.945567e-01 
5.231000e-03 	9.942668e-01 
5.362000e-03 	9.939763e-01 
5.494000e-03 	9.936852e-01 
5.625000e-03 	9.933936e-01 
5.757000e-03 	9.931014e-01 
5.889000e-03 	9.928085e-01 
6.020000e-03 	9.925149e-01 
6.152000e-03 	9.922206e-01 
6.283000e-03 	9.919256e-01 
6.415000e-03 	9.916299e-01 
6.546000e-03 	9.913333e-01 
6.678000e-03 	9.910360e-01 
6.809000e-03 	9.907378e-01 
6.941000e-03 	9.904388e-01 
7.072000e-03 	9.901389e-01 
7.204000e-03 	9.898380e-01 
7.335000e-03 	9.895362e-01 
7.467000e-03 	9.892335e-01 
7.599000e-03 	9.889297e-01 
7.730000e-03 	9.886249e-01 
7.862000e-03 	9.883191e-01 
7.993000e-03 	9.880122e-01 
8.125000e-03 	9.877042e-01 
8.256000e-03 	9.873950e-01 
8.388000e-03 	9.870847e-01 
8.519000e-03 	9.867732e-01 
8.651000e-03 	9.864605e-01 
8.782000e-03 	9.861465e-01 
8.914000e-03 	9.858312e-01 
9.045000e-03 	9.855147e-01 
9.177000e-03 	9.851969e-01 
9.309000e-03 	9.848776e-01 
9.440000e-03 	9.845570e-01 
9.572000e-03 	9.842350e-01 
9.703000e-03 	9.839116e-01 
9.835000e-03 	9.835867e-01 
9.966000e-03 	9.832603e-01 
1.009800e-02 	9.829324e-01 
1.022900e-02 	9.826031e-01 
1.036100e-02 	9.822719e-01 
1.049200e-02 	9.819394e-01 
1.062400e-02 	9.816053e-01 
1.075600e-02 	9.812692e-01 
1.088700e-02 	9.809318e-01 
1.101900e-02 	9.805924e-01 
1.115000e-02 	9.802515e-01 
1.128200e-02 	9.799088e-01 
1.141300e-02 	9.795641e-01 
1.154500e-02 	9.792178e-01 
1.167600e-02 	9.788695e-01 
1.180800e-02 	9.785195e-01 
1.193900e-02 	9.781677e-01 
1.207100e-02 	9.778136e-01 
1.220200e-02 	9.774579e-01 
1.233400e-02 	9.770999e-01 
1.246600e-02 	9.767402e-01 
1.259700e-02 	9.763784e-01 
1.272900e-02 	9.760143e-01 
1.286000e-02 	9.756484e-01 
1.299200e-02 	9.752802e-01 
1.312300e-02 	9.749100e-01 
1.325500e-02 	9.745377e-01 
1.338600e-02 	9.741629e-01 
1.351800e-02 	9.737862e-01 
1.364900e-02 	9.734069e-01 
1.378100e-02 	9.730257e-01 
1.391200e-02 	9.726421e-01 
1.404400e-02 	9.722559e-01 
1.417600e-02 	9.718677e-01 
1.430700e-02 	9.714767e-01 
1.443900e-02 	9.710837e-01 
1.457000e-02 	9.706882e-01 
1.470200e-02 	9.702900e-01 
1.483300e-02 	9.698895e-01 
1.496500e-02 	9.694862e-01 
1.509600e-02 	9.690807e-01 
1.522800e-02 	9.686726e-01 
1.535900e-02 	9.682616e-01 
1.549100e-02 	9.678483e-01 
1.562300e-02 	9.674320e-01 
1.575400e-02 	9.670133e-01 
1.588600e-02 	9.665920e-01 
1.601700e-02 	9.661675e-01 
1.614900e-02 	9.657406e-01 
1.628000e-02 	9.653106e-01 
1.641200e-02 	9.648781e-01 
1.654300e-02 	9.644428e-01 
1.667500e-02 	9.640043e-01 
1.680600e-02 	9.635631e-01 
1.693800e-02 	9.631187e-01 
1.706900e-02 	9.626717e-01 
1.720100e-02 	9.622217e-01 
1.733300e-02 	9.617684e-01 
1.746400e-02 	9.613124e-01 
1.759600e-02 	9.608529e-01 
1.772700e-02 	9.603907e-01 
1.785900e-02 	9.599254e-01 
1.799000e-02 	9.594566e-01 
1.812200e-02 	9.589850e-01 
1.825300e-02 	9.585101e-01 
1.838500e-02 	9.580317e-01 
1.851600e-02 	9.575504e-01 
1.864800e-02 	9.570654e-01 
1.877900e-02 	9.565775e-01 
1.891100e-02 	9.560859e-01 
1.904300e-02 	9.555913e-01 
1.917400e-02 	9.550933e-01 
1.930600e-02 	9.545915e-01 
1.943700e-02 	9.540867e-01 
1.956900e-02 	9.535780e-01 
1.970000e-02 	9.530662e-01 
1.983200e-02 	9.525509e-01 
1.996300e-02 	9.520317e-01 
2.009500e-02 	9.515093e-01 
2.022600e-02 	9.509829e-01 
2.035800e-02 	9.504533e-01 
2.048900e-02 	9.499200e-01 
2.062100e-02 	9.493827e-01 
2.075300e-02 	9.488421e-01 
2.088400e-02 	9.482974e-01 
2.101600e-02 	9.477494e-01 
2.114700e-02 	9.471977e-01 
2.127900e-02 	9.466418e-01 
2.141000e-02 	9.460826e-01 
2.154200e-02 	9.455195e-01 
2.167300e-02 	9.449523e-01 
2.180500e-02 	9.443816e-01 
2.193600e-02 	9.438067e-01 
2.206800e-02 	9.432283e-01 
2.219900e-02 	9.426461e-01 
2.233100e-02 	9.420595e-01 
2.246200e-02 	9.414695e-01 
2.259400e-02 	9.408751e-01 
2.272600e-02 	9.402772e-01 
2.285700e-02 	9.396754e-01 
2.298900e-02 	9.390692e-01 
2.312000e-02 	9.384595e-01 
2.325200e-02 	9.378454e-01 
2.338300e-02 	9.372278e-01 
2.351500e-02 	9.366058e-01 
2.364600e-02 	9.359804e-01 
2.377800e-02 	9.353510e-01 
2.391000e-02 	9.347172e-01 
2.404100e-02 	9.340799e-01 
2.417300e-02 	9.334382e-01 
2.430400e-02 	9.327930e-01 
2.443600e-02 	9.321439e-01 
2.456700e-02 	9.314903e-01 
2.469900e-02 	9.308333e-01 
2.483000e-02 	9.301718e-01 
2.496200e-02 	9.295068e-01 
2.509300e-02 	9.288379e-01 
2.522500e-02 	9.281645e-01 
2.535600e-02 	9.274877e-01 
2.548800e-02 	9.268070e-01 
2.562000e-02 	9.261218e-01 
2.575100e-02 	9.254332e-01 
2.588300e-02 	9.247402e-01 
2.601400e-02 	9.240439e-01 
2.614600e-02 	9.233437e-01 
2.627700e-02 	9.226391e-01 
2.640900e-02 	9.219312e-01 
2.654000e-02 	9.212189e-01 
2.667200e-02 	9.205034e-01 
2.680300e-02 	9.197841e-01 
2.693500e-02 	9.190605e-01 
2.706600e-02 	9.183336e-01 
2.719800e-02 	9.176024e-01 
2.733000e-02 	9.168681e-01 
2.746100e-02 	9.161300e-01 
2.759300e-02 	9.153876e-01 
2.772400e-02 	9.146422e-01 
2.785600e-02 	9.138924e-01 
2.798700e-02 	9.131396e-01 
2.811900e-02 	9.123825e-01 
2.825000e-02 	9.116224e-01 
2.838200e-02 	9.108587e-01 
2.851300e-02 	9.100907e-01 
2.864500e-02 	9.093197e-01 
2.877600e-02 	9.085452e-01 
2.890800e-02 	9.077665e-01 
2.904000e-02 	9.069849e-01 
2.917100e-02 	9.061991e-01 
2.930300e-02 	9.054105e-01 
2.943400e-02 	9.046184e-01 
2.956600e-02 	9.038222e-01 
2.969700e-02 	9.030232e-01 
2.982900e-02 	9.022202e-01 
2.996000e-02 	9.014145e-01 
3.009200e-02 	9.006053e-01 
3.022300e-02 	8.997923e-01 
3.035500e-02 	8.989765e-01 
3.048600e-02 	8.981568e-01 
3.061800e-02 	8.973344e-01 
3.075000e-02 	8.965082e-01 
3.088100e-02 	8.956794e-01 
3.101300e-02 	8.948473e-01 
3.114400e-02 	8.940115e-01 
3.127600e-02 	8.931731e-01 
3.140700e-02 	8.923316e-01 
3.153900e-02 	8.914863e-01 
3.167000e-02 	8.906385e-01 
3.180200e-02 	8.897871e-01 
3.193300e-02 	8.889332e-01 
3.206500e-02 	8.880756e-01 
3.219700e-02 	8.872157e-01 
3.232800e-02 	8.863528e-01 
3.246000e-02 	8.854863e-01 
3.259100e-02 	8.846175e-01 
3.272300e-02 	8.837457e-01 
3.285400e-02 	8.828704e-01 
3.298600e-02 	8.819929e-01 
3.311700e-02 	8.811119e-01 
3.324900e-02 	8.802287e-01 
3.338000e-02 	8.793420e-01 
3.351200e-02 	8.784532e-01 
3.364300e-02 	8.775616e-01 
3.377500e-02 	8.766666e-01 
3.390600e-02 	8.757695e-01 
3.403800e-02 	8.748698e-01 
3.417000e-02 	8.739666e-01 
3.430100e-02 	8.730615e-01 
3.443300e-02 	8.721531e-01 
3.456400e-02 	8.712428e-01 
3.469600e-02 	8.703298e-01 
3.482700e-02 	8.694136e-01 
3.495900e-02 	8.684955e-01 
3.509000e-02 	8.675742e-01 
3.522200e-02 	8.666511e-01 
3.535400e-02 	8.657248e-01 
3.548500e-02 	8.647967e-01 
3.561700e-02 	8.638662e-01 
3.574800e-02 	8.629326e-01 
3.588000e-02 	8.619972e-01 
3.601100e-02 	8.610595e-01 
3.614300e-02 	8.601187e-01 
3.627400e-02 	8.591763e-01 
3.640600e-02 	8.582309e-01 
3.653700e-02 	8.572839e-01 
3.666900e-02 	8.563338e-01 
3.680000e-02 	8.553823e-01 
3.693200e-02 	8.544285e-01 
3.706300e-02 	8.534718e-01 
3.719500e-02 	8.525136e-01 
3.732700e-02 	8.515526e-01 
3.745800e-02 	8.505901e-01 
3.759000e-02 	8.496255e-01 
3.772100e-02 	8.486580e-01 
3.785300e-02 	8.476893e-01 
3.798400e-02 	8.467184e-01 
3.811600e-02 	8.457448e-01 
3.824700e-02 	8.447699e-01 
3.837900e-02 	8.437922e-01 
3.851000e-02 	8.428134e-01 
3.864200e-02 	8.418318e-01 
3.877400e-02 	8.408490e-01 
3.890500e-02 	8.398643e-01 
3.903700e-02 	8.388770e-01 
3.916800e-02 	8.378885e-01 
3.930000e-02 	8.368982e-01 
3.943100e-02 	8.359052e-01 
3.956300e-02 	8.349112e-01 
3.969400e-02 	8.339147e-01 
3.982600e-02 	8.329171e-01 
3.995700e-02 	8.319170e-01 
4.008900e-02 	8.309159e-01 
4.022000e-02 	8.299130e-01 
4.035200e-02 	8.289077e-01 
4.048400e-02 	8.279015e-01 
4.061500e-02 	8.268936e-01 
4.074700e-02 	8.258833e-01 
4.087800e-02 	8.248721e-01 
4.101000e-02 	8.238586e-01 
4.114100e-02 	8.228442e-01 
4.127300e-02 	8.218282e-01 
4.140400e-02 	8.208100e-01 
4.153600e-02 	8.197909e-01 
4.166700e-02 	8.187696e-01 
4.179900e-02 	8.177475e-01 
4.193100e-02 	8.167232e-01 
4.206200e-02 	8.156983e-01 
4.219400e-02 	8.146718e-01 
4.232500e-02 	8.136432e-01 
4.245700e-02 	8.126140e-01 
4.258800e-02 	8.115834e-01 
4.272000e-02 	8.105506e-01 
4.285100e-02 	8.095172e-01 
4.298300e-02 	8.084818e-01 
4.311400e-02 	8.074457e-01 
4.324600e-02 	8.064076e-01 
4.337700e-02 	8.053690e-01 
4.350900e-02 	8.043291e-01 
4.364000e-02 	8.032872e-01 
4.377200e-02 	8.022447e-01 
4.390400e-02 	8.012003e-01 
4.403500e-02 	8.001554e-01 
4.416700e-02 	7.991094e-01 
4.429800e-02 	7.980613e-01 
4.443000e-02 	7.970129e-01 
4.456100e-02 	7.959633e-01 
4.469300e-02 	7.949118e-01 
4.482400e-02 	7.938599e-01 
4.495600e-02 	7.928061e-01 
4.508700e-02 	7.917520e-01 
4.521900e-02 	7.906961e-01 
4.535100e-02 	7.896398e-01 
4.548200e-02 	7.885826e-01 
4.561400e-02 	7.875234e-01 
4.574500e-02 	7.864641e-01 
4.587700e-02 	7.854037e-01 
4.600800e-02 	7.843416e-01 
4.614000e-02 	7.832793e-01 
4.627100e-02 	7.822152e-01 
4.640300e-02 	7.811510e-01 
4.653400e-02 	7.800850e-01 
4.666600e-02 	7.790189e-01 
4.679700e-02 	7.779519e-01 
4.692900e-02 	7.768832e-01 
4.706100e-02 	7.758145e-01 
4.719200e-02 	7.747449e-01 
4.732400e-02 	7.736736e-01 
4.745500e-02 	7.726023e-01 
4.758700e-02 	7.715294e-01 
4.771800e-02 	7.704566e-01 
4.785000e-02 	7.693821e-01 
4.798100e-02 	7.683076e-01 
4.811300e-02 	7.672324e-01 
4.824400e-02 	7.661557e-01 
4.837600e-02 	7.650790e-01 
4.850800e-02 	7.640007e-01 
4.863900e-02 	7.629226e-01 
4.877100e-02 	7.618437e-01 
4.890200e-02 	7.607634e-01 
4.903400e-02 	7.596832e-01 
4.916500e-02 	7.586023e-01 
4.929700e-02 	7.575199e-01 
4.942800e-02 	7.564377e-01 
4.956000e-02 	7.553540e-01 
4.969100e-02 	7.542706e-01 
4.982300e-02 	7.531856e-01 
4.995400e-02 	7.521010e-01 
5.008600e-02 	7.510157e-01 
5.021800e-02 	7.499290e-01 
5.034900e-02 	7.488426e-01 
5.048100e-02 	7.477548e-01 
5.061200e-02 	7.466673e-01 
5.074400e-02 	7.455792e-01 
5.087500e-02 	7.444898e-01 
5.100700e-02 	7.434007e-01 
5.113800e-02 	7.423103e-01 
5.127000e-02 	7.412202e-01 
5.140100e-02 	7.401296e-01 
5.153300e-02 	7.390378e-01 
5.166400e-02 	7.379463e-01 
5.179600e-02 	7.368535e-01 
5.192800e-02 	7.357612e-01 
5.205900e-02 	7.346684e-01 
5.219100e-02 	7.335744e-01 
5.232200e-02 	7.324808e-01 
5.245400e-02 	7.313868e-01 
5.258500e-02 	7.302916e-01 
5.271700e-02 	7.291969e-01 
5.284800e-02 	7.281010e-01 
5.298000e-02 	7.270056e-01 
5.311100e-02 	7.259099e-01 
5.324300e-02 	7.248130e-01 
5.337400e-02 	7.237166e-01 
5.350600e-02 	7.226191e-01 
5.363800e-02 	7.215221e-01 
5.376900e-02 	7.204249e-01 
5.390100e-02 	7.193266e-01 
5.403200e-02 	7.182288e-01 
5.416400e-02 	7.171300e-01 
5.429500e-02 	7.160318e-01 
5.442700e-02 	7.149333e-01 
5.455800e-02 	7.138338e-01 
5.469000e-02 	7.127350e-01 
5.482100e-02 	7.116351e-01 
5.495300e-02 	7.105359e-01 
5.508400e-02 	7.094365e-01 
5.521600e-02 	7.083361e-01 
5.534800e-02 	7.072365e-01 
5.547900e-02 	7.061358e-01 
5.561100e-02 	7.050358e-01 
5.574200e-02 	7.039358e-01 
5.587400e-02 	7.028347e-01 
5.600500e-02 	7.017344e-01 
5.613700e-02 	7.006332e-01 
5.626800e-02 	6.995327e-01 
5.640000e-02 	6.984322e-01 
5.653100e-02 	6.973307e-01 
5.666300e-02 	6.962301e-01 
5.679500e-02 	6.951285e-01 
5.692600e-02 	6.940277e-01 
5.705800e-02 	6.929270e-01 
5.718900e-02 	6.918253e-01 
5.732100e-02 	6.907245e-01 
5.745200e-02 	6.896228e-01 
5.758400e-02 	6.885220e-01 
5.771500e-02 	6.874211e-01 
5.784700e-02 	6.863195e-01 
5.797800e-02 	6.852187e-01 
5.811000e-02 	6.841172e-01 
5.824100e-02 	6.830165e-01 
5.837300e-02 	6.819159e-01 
5.850500e-02 	6.808145e-01 
5.863600e-02 	6.797140e-01 
5.876800e-02 	6.786127e-01 
5.889900e-02 	6.775124e-01 
5.903100e-02 	6.764122e-01 
5.916200e-02 	6.753112e-01 
5.929400e-02 	6.742112e-01 
5.942500e-02 	6.731105e-01 
5.955700e-02 	6.720108e-01 
5.968800e-02 	6.709112e-01 
5.982000e-02 	6.698110e-01 
5.995100e-02 	6.687117e-01 
6.008300e-02 	6.676117e-01 
6.021500e-02 	6.665128e-01 
6.034600e-02 	6.654141e-01 
6.047800e-02 	6.643147e-01 
6.060900e-02 	6.632164e-01 
6.074100e-02 	6.621174e-01 
6.087200e-02 	6.610195e-01 
6.100400e-02 	6.599218e-01 
6.113500e-02 	6.588236e-01 
6.126700e-02 	6.577264e-01 
6.139800e-02 	6.566286e-01 
6.153000e-02 	6.555319e-01 
6.166100e-02 	6.544356e-01 
6.179300e-02 	6.533386e-01 
6.192500e-02 	6.522428e-01 
6.205600e-02 	6.511465e-01 
6.218800e-02 	6.500513e-01 
6.231900e-02 	6.489564e-01 
6.245100e-02 	6.478610e-01 
6.258200e-02 	6.467668e-01 
6.271400e-02 	6.456721e-01 
6.284500e-02 	6.445785e-01 
6.297700e-02 	6.434854e-01 
6.310800e-02 	6.423917e-01 
6.324000e-02 	6.412993e-01 
6.337200e-02 	6.402064e-01 
6.350300e-02 	6.391147e-01 
6.363500e-02 	6.380234e-01 
6.376600e-02 	6.369317e-01 
6.389800e-02 	6.358412e-01 
6.402900e-02 	6.347503e-01 
6.416100e-02 	6.336607e-01 
6.429200e-02 	6.325715e-01 
6.442400e-02 	6.314819e-01 
6.455500e-02 	6.303936e-01 
6.468700e-02 	6.293049e-01 
6.481800e-02 	6.282174e-01 
6.495000e-02 	6.271305e-01 
6.508200e-02 	6.260432e-01 
6.521300e-02 	6.249572e-01 
6.534500e-02 	6.238709e-01 
6.547600e-02 	6.227859e-01 
6.560800e-02 	6.217014e-01 
6.573900e-02 	6.206166e-01 
6.587100e-02 	6.195332e-01 
6.600200e-02 	6.184494e-01 
6.613400e-02 	6.173670e-01 
6.626500e-02 	6.162852e-01 
6.639700e-02 	6.152031e-01 
6.652800e-02 	6.141223e-01 
6.666000e-02 	6.130413e-01 
6.679200e-02 	6.119617e-01 
6.692300e-02 	6.108827e-01 
6.705500e-02 	6.098035e-01 
6.718600e-02 	6.087256e-01 
6.731800e-02 	6.076476e-01 
6.744900e-02 	6.065710e-01 
6.758100e-02 	6.054949e-01 
6.771200e-02 	6.044187e-01 
6.784400e-02 	6.033440e-01 
6.797500e-02 	6.022691e-01 
6.810700e-02 	6.011956e-01 
6.823800e-02 	6.001228e-01 
6.837000e-02 	5.990498e-01 
6.850200e-02 	5.979784e-01 
6.863300e-02 	5.969067e-01 
6.876500e-02 	5.958366e-01 
6.889600e-02 	5.947672e-01 
6.902800e-02 	5.936976e-01 
6.915900e-02 	5.926296e-01 
6.929100e-02 	5.915615e-01 
6.942200e-02 	5.904949e-01 
6.955400e-02 	5.894290e-01 
6.968500e-02 	5.883630e-01 
6.981700e-02 	5.872986e-01 
6.994900e-02 	5.862342e-01 
7.008000e-02 	5.851713e-01 
7.021200e-02 	5.841092e-01 
7.034300e-02 	5.830470e-01 
7.047500e-02 	5.819864e-01 
7.060600e-02 	5.809258e-01 
7.073800e-02 	5.798668e-01 
7.086900e-02 	5.788086e-01 
7.100100e-02 	5.777503e-01 
7.113200e-02 	5.766937e-01 
7.126400e-02 	5.756371e-01 
7.139500e-02 	5.745822e-01 
7.152700e-02 	5.735280e-01 
7.165800e-02 	5.724739e-01 
7.179000e-02 	5.714214e-01 
7.192200e-02 	5.703690e-01 
7.205300e-02 	5.693183e-01 
7.218500e-02 	5.682684e-01 
7.231600e-02 	5.672185e-01 
7.244800e-02 	5.661704e-01 
7.257900e-02 	5.651223e-01 
7.271100e-02 	5.640759e-01 
7.284200e-02 	5.630304e-01 
7.297400e-02 	5.619850e-01 
7.310500e-02 	5.609414e-01 
7.323700e-02 	5.598978e-01 
7.336900e-02 	5.588559e-01 
7.350000e-02 	5.578150e-01 
7.363200e-02 	5.567743e-01 
7.376300e-02 	5.557352e-01 
7.389500e-02 	5.546963e-01 
7.402600e-02 	5.536592e-01 
7.415800e-02 	5.526230e-01 
7.428900e-02 	5.515870e-01 
7.442100e-02 	5.505527e-01 
7.455200e-02 	5.495186e-01 
7.468400e-02 	5.484863e-01 
7.481500e-02 	5.474550e-01 
7.494700e-02 	5.464239e-01 
7.507900e-02 	5.453946e-01 
7.521000e-02 	5.443655e-01 
7.534200e-02 	5.433381e-01 
7.547300e-02 	5.423118e-01 
7.560500e-02 	5.412857e-01 
7.573600e-02 	5.402614e-01 
7.586800e-02 	5.392374e-01 
7.599900e-02 	5.382152e-01 
7.613100e-02 	5.371940e-01 
7.626200e-02 	5.361731e-01 
7.639400e-02 	5.351540e-01 
7.652600e-02 	5.341352e-01 
7.665700e-02 	5.331182e-01 
7.678900e-02 	5.321023e-01 
7.692000e-02 	5.310867e-01 
7.705200e-02 	5.300730e-01 
7.718300e-02 	5.290595e-01 
7.731500e-02 	5.280480e-01 
7.744600e-02 	5.270375e-01 
7.757800e-02 	5.260273e-01 
7.770900e-02 	5.250190e-01 
7.784100e-02 	5.240111e-01 
7.797200e-02 	5.230050e-01 
7.810400e-02 	5.220000e-01 
7.823600e-02 	5.209954e-01 
7.836700e-02 	5.199928e-01 
7.849900e-02 	5.189904e-01 
7.863000e-02 	5.179900e-01 
7.876200e-02 	5.169908e-01 
7.889300e-02 	5.159919e-01 
7.902500e-02 	5.149949e-01 
7.915600e-02 	5.139984e-01 
7.928800e-02 	5.130038e-01 
7.941900e-02 	5.120103e-01 
7.955100e-02 	5.110173e-01 
7.968200e-02 	5.100262e-01 
7.981400e-02 	5.090356e-01 
7.994600e-02 	5.080469e-01 
8.007700e-02 	5.070594e-01 
8.020900e-02 	5.060723e-01 
8.034000e-02 	5.050872e-01 
8.047200e-02 	5.041026e-01 
8.060300e-02 	5.031200e-01 
8.073500e-02 	5.021386e-01 
8.086600e-02 	5.011577e-01 
8.099800e-02 	5.001787e-01 
8.112900e-02 	4.992003e-01 
8.126100e-02 	4.982239e-01 
8.139200e-02 	4.972487e-01 
8.152400e-02 	4.962740e-01 
8.165600e-02 	4.953014e-01 
8.178700e-02 	4.943292e-01 
8.191900e-02 	4.933591e-01 
8.205000e-02 	4.923903e-01 
8.218200e-02 	4.914220e-01 
8.231300e-02 	4.904558e-01 
8.244500e-02 	4.894901e-01 
8.257600e-02 	4.885264e-01 
8.270800e-02 	4.875640e-01 
8.283900e-02 	4.866022e-01 
8.297100e-02 	4.856425e-01 
8.310300e-02 	4.846833e-01 
8.323400e-02 	4.837261e-01 
8.336600e-02 	4.827703e-01 
8.349700e-02 	4.818150e-01 
8.362900e-02 	4.808618e-01 
8.376000e-02 	4.799092e-01 
8.389200e-02 	4.789586e-01 
8.402300e-02 	4.780094e-01 
8.415500e-02 	4.770607e-01 
8.428600e-02 	4.761141e-01 
8.441800e-02 	4.751682e-01 
8.454900e-02 	4.742242e-01 
8.468100e-02 	4.732817e-01 
8.481300e-02 	4.723397e-01 
8.494400e-02 	4.713998e-01 
8.507600e-02 	4.704605e-01 
8.520700e-02 	4.695233e-01 
8.533900e-02 	4.685875e-01 
8.547000e-02 	4.676523e-01 
8.560200e-02 	4.667191e-01 
8.573300e-02 	4.657874e-01 
8.586500e-02 	4.648562e-01 
8.599600e-02 	4.639272e-01 
8.612800e-02 	4.629988e-01 
8.625900e-02 	4.620725e-01 
8.639100e-02 	4.611469e-01 
8.652300e-02 	4.602233e-01 
8.665400e-02 	4.593011e-01 
8.678600e-02 	4.583796e-01 
8.691700e-02 	4.574602e-01 
8.704900e-02 	4.565415e-01 
8.718000e-02 	4.556249e-01 
8.731200e-02 	4.547096e-01 
8.744300e-02 	4.537951e-01 
8.757500e-02 	4.528826e-01 
8.770600e-02 	4.519716e-01 
8.783800e-02 	4.510612e-01 
8.796900e-02 	4.501530e-01 
8.810100e-02 	4.492455e-01 
8.823300e-02 	4.483401e-01 
8.836400e-02 	4.474354e-01 
8.849600e-02 	4.465328e-01 
8.862700e-02 	4.456317e-01 
8.875900e-02 	4.447313e-01 
8.889000e-02 	4.438330e-01 
8.902200e-02 	4.429361e-01 
8.915300e-02 	4.420400e-01 
8.928500e-02 	4.411459e-01 
8.941600e-02 	4.402527e-01 
8.954800e-02 	4.393616e-01 
8.967900e-02 	4.384719e-01 
8.981100e-02 	4.375829e-01 
8.994300e-02 	4.366962e-01 
9.007400e-02 	4.358101e-01 
9.020600e-02 	4.349262e-01 
9.033700e-02 	4.340438e-01 
9.046900e-02 	4.331622e-01 
9.060000e-02 	4.322826e-01 
9.073200e-02 	4.314039e-01 
9.086300e-02 	4.305273e-01 
9.099500e-02 	4.296516e-01 
9.112600e-02 	4.287779e-01 
9.125800e-02 	4.279058e-01 
9.139000e-02 	4.270344e-01 
9.152100e-02 	4.261652e-01 
9.165300e-02 	4.252975e-01 
9.178400e-02 	4.244306e-01 
9.191600e-02 	4.235659e-01 
9.204700e-02 	4.227020e-01 
9.217900e-02 	4.218402e-01 
9.231000e-02 	4.209800e-01 
9.244200e-02 	4.201205e-01 
9.257300e-02 	4.192633e-01 
9.270500e-02 	4.184069e-01 
9.283600e-02 	4.175526e-01 
9.296800e-02 	4.166999e-01 
9.310000e-02 	4.158480e-01 
9.323100e-02 	4.149983e-01 
9.336300e-02 	4.141494e-01 
9.349400e-02 	4.133027e-01 
9.362600e-02 	4.124568e-01 
9.375700e-02 	4.116131e-01 
9.388900e-02 	4.107709e-01 
9.402000e-02 	4.099295e-01 
9.415200e-02 	4.090903e-01 
9.428300e-02 	4.082527e-01 
9.441500e-02 	4.074158e-01 
9.454600e-02 	4.065812e-01 
9.467800e-02 	4.057474e-01 
9.481000e-02 	4.049157e-01 
9.494100e-02 	4.040856e-01 
9.507300e-02 	4.032563e-01 
9.520400e-02 	4.024292e-01 
9.533600e-02 	4.016029e-01 
9.546700e-02 	4.007788e-01 
9.559900e-02 	3.999562e-01 
9.573000e-02 	3.991345e-01 
9.586200e-02 	3.983149e-01 
9.599300e-02 	3.974962e-01 
9.612500e-02 	3.966796e-01 
9.625600e-02 	3.958646e-01 
9.638800e-02 	3.950504e-01 
9.652000e-02 	3.942384e-01 
9.665100e-02 	3.934272e-01 
9.678300e-02 	3.926182e-01 
9.691400e-02 	3.918101e-01 
9.704600e-02 	3.910041e-01 
9.717700e-02 	3.901996e-01 
9.730900e-02 	3.893961e-01 
9.744000e-02 	3.885946e-01 
9.757200e-02 	3.877941e-01 
9.770300e-02 	3.869956e-01 
9.783500e-02 	3.861987e-01 
9.796700e-02 	3.854027e-01 
9.809800e-02 	3.846088e-01 
9.823000e-02 	3.838164e-01 
9.836100e-02 	3.830250e-01 
9.849300e-02 	3.822356e-01 
9.862400e-02 	3.814472e-01 
9.875600e-02 	3.806609e-01 
9.888700e-02 	3.798761e-01 
9.901900e-02 	3.790922e-01 
9.915000e-02 	3.783104e-01 
9.928200e-02 	3.775296e-01 
9.941300e-02 	3.767508e-01 
9.954500e-02 	3.759736e-01 
9.967700e-02 	3.751973e-01 
9.980800e-02 	3.744231e-01 
9.994000e-02 	3.736499e-01 
1.000710e-01 	3.728793e-01 
1.002030e-01 	3.721067e-01 
1.003340e-01 	3.713415e-01 
1.004660e-01 	3.705720e-01 
1.005970e-01 	3.698099e-01 
1.007290e-01 	3.690434e-01 
1.008600e-01 	3.682842e-01 
1.009920e-01 	3.675208e-01 
1.011230e-01 	3.667647e-01 
1.012550e-01 	3.660043e-01 
1.013870e-01 	3.652455e-01 
1.015180e-01 	3.644939e-01 
1.016500e-01 	3.637382e-01 
1.017810e-01 	3.629896e-01 
1.019130e-01 	3.622369e-01 
1.020440e-01 	3.614914e-01 
1.021760e-01 	3.607417e-01 
1.023070e-01 	3.599992e-01 
1.024390e-01 	3.592526e-01 
1.025700e-01 	3.585132e-01 
1.027020e-01 	3.577696e-01 
1.028330e-01 	3.570332e-01 
1.029650e-01 	3.562926e-01 
1.030960e-01 	3.555592e-01 
1.032280e-01 	3.548217e-01 
1.033600e-01 	3.540858e-01 
1.034910e-01 	3.533569e-01 
1.036230e-01 	3.526240e-01 
1.037540e-01 	3.518981e-01 
1.038860e-01 	3.511683e-01 
1.040170e-01 	3.504454e-01 
1.041490e-01 	3.497186e-01 
1.042800e-01 	3.489987e-01 
1.044120e-01 	3.482749e-01 
1.045430e-01 	3.475581e-01 
1.046750e-01 	3.468373e-01 
1.048070e-01 	3.461181e-01 
1.049380e-01 	3.454057e-01 
1.050700e-01 	3.446895e-01 
1.052010e-01 	3.439802e-01 
1.053330e-01 	3.432670e-01 
1.054640e-01 	3.425607e-01 
1.055960e-01 	3.418505e-01 
1.057270e-01 	3.411472e-01 
1.058590e-01 	3.404400e-01 
1.059900e-01 	3.397397e-01 
1.061220e-01 	3.390355e-01 
1.062540e-01 	3.383329e-01 
1.063850e-01 	3.376370e-01 
1.065170e-01 	3.369374e-01 
1.066480e-01 	3.362446e-01 
1.067800e-01 	3.355479e-01 
1.069110e-01 	3.348581e-01 
1.070430e-01 	3.341644e-01 
1.071740e-01 	3.334776e-01 
1.073060e-01 	3.327869e-01 
1.074370e-01 	3.321030e-01 
1.075690e-01 	3.314154e-01 
1.077000e-01 	3.307344e-01 
1.078320e-01 	3.300497e-01 
1.079640e-01 	3.293666e-01 
1.080950e-01 	3.286900e-01 
1.082270e-01 	3.280098e-01 
1.083580e-01 	3.273363e-01 
1.084900e-01 	3.266590e-01 
1.086210e-01 	3.259884e-01 
1.087530e-01 	3.253141e-01 
1.088840e-01 	3.246464e-01 
1.090160e-01 	3.239750e-01 
1.091470e-01 	3.233102e-01 
1.092790e-01 	3.226419e-01 
1.094100e-01 	3.219800e-01 
1.095420e-01 	3.213145e-01 
1.096740e-01 	3.206505e-01 
1.098050e-01 	3.199930e-01 
1.099370e-01 	3.193320e-01 
1.100680e-01 	3.186774e-01 
1.102000e-01 	3.180193e-01 
1.103310e-01 	3.173676e-01 
1.104630e-01 	3.167124e-01 
1.105940e-01 	3.160636e-01 
1.107260e-01 	3.154113e-01 
1.108570e-01 	3.147653e-01 
1.109890e-01 	3.141159e-01 
1.111200e-01 	3.134729e-01 
1.112520e-01 	3.128264e-01 
1.113830e-01 	3.121863e-01 
1.115150e-01 	3.115427e-01 
1.116470e-01 	3.109005e-01 
1.117780e-01 	3.102647e-01 
1.119100e-01 	3.096254e-01 
1.120410e-01 	3.089925e-01 
1.121730e-01 	3.083561e-01 
1.123040e-01 	3.077260e-01 
1.124360e-01 	3.070925e-01 
1.125670e-01 	3.064652e-01 
1.126990e-01 	3.058346e-01 
1.128310e-01 	3.052054e-01 
1.129620e-01 	3.045824e-01 
1.130940e-01 	3.039561e-01 
1.132250e-01 	3.033359e-01 
1.133570e-01 	3.027124e-01 
1.134880e-01 	3.020951e-01 
1.136200e-01 	3.014745e-01 
1.137510e-01 	3.008600e-01 
1.138830e-01 	3.002423e-01 
1.140140e-01 	2.996306e-01 
1.141460e-01 	2.990157e-01 
1.142770e-01 	2.984068e-01 
1.144090e-01 	2.977947e-01 
1.145410e-01 	2.971841e-01 
1.146720e-01 	2.965794e-01 
1.148040e-01 	2.959716e-01 
1.149350e-01 	2.953698e-01 
1.150670e-01 	2.947648e-01 
1.151980e-01 	2.941657e-01 
1.153300e-01 	2.935635e-01 
1.154610e-01 	2.929673e-01 
1.155930e-01 	2.923679e-01 
1.157240e-01 	2.917745e-01 
1.158560e-01 	2.911779e-01 
1.159870e-01 	2.905872e-01 
1.161190e-01 	2.899934e-01 
1.162510e-01 	2.894010e-01 
1.163820e-01 	2.888144e-01 
1.165140e-01 	2.882248e-01 
1.166450e-01 	2.876410e-01 
1.167770e-01 	2.870541e-01 
1.169080e-01 	2.864730e-01 
1.170400e-01 	2.858889e-01 
1.171710e-01 	2.853105e-01 
1.173030e-01 	2.847291e-01 
1.174340e-01 	2.841535e-01 
1.175660e-01 	2.835749e-01 
1.176970e-01 	2.830019e-01 
1.178290e-01 	2.824260e-01 
1.179610e-01 	2.818514e-01 
1.180920e-01 	2.812825e-01 
1.182240e-01 	2.807107e-01 
1.183550e-01 	2.801445e-01 
1.184870e-01 	2.795753e-01 
1.186180e-01 	2.790118e-01 
1.187500e-01 	2.784453e-01 
1.188810e-01 	2.778844e-01 
1.190130e-01 	2.773206e-01 
1.191440e-01 	2.767624e-01 
1.192760e-01 	2.762012e-01 
1.194070e-01 	2.756457e-01 
1.195390e-01 	2.750872e-01 
1.196710e-01 	2.745300e-01 
1.198020e-01 	2.739784e-01 
1.199340e-01 	2.734238e-01 
1.200650e-01 	2.728748e-01 
1.201970e-01 	2.723229e-01 
1.203280e-01 	2.717765e-01 
1.204600e-01 	2.712273e-01 
1.205910e-01 	2.706834e-01 
1.207230e-01 	2.701368e-01 
1.208540e-01 	2.695955e-01 
1.209860e-01 	2.690515e-01 
1.211180e-01 	2.685087e-01 
1.212490e-01 	2.679714e-01 
1.213810e-01 	2.674312e-01 
1.215120e-01 	2.668964e-01 
1.216440e-01 	2.663588e-01 
1.217750e-01 	2.658265e-01 
1.219070e-01 	2.652915e-01 
1.220380e-01 	2.647618e-01 
1.221700e-01 	2.642293e-01 
1.223010e-01 	2.637021e-01 
1.224330e-01 	2.631722e-01 
1.225640e-01 	2.626475e-01 
1.226960e-01 	2.621201e-01 
1.228280e-01 	2.615940e-01 
1.229590e-01 	2.610731e-01 
1.230910e-01 	2.605495e-01 
1.232220e-01 	2.600311e-01 
1.233540e-01 	2.595100e-01 
1.234850e-01 	2.589941e-01 
1.236170e-01 	2.584755e-01 
1.237480e-01 	2.579621e-01 
1.238800e-01 	2.574460e-01 
1.240110e-01 	2.569351e-01 
1.241430e-01 	2.564215e-01 
1.242740e-01 	2.559130e-01 
1.244060e-01 	2.554019e-01 
1.245370e-01 	2.548959e-01 
1.246690e-01 	2.543872e-01 
1.248010e-01 	2.538798e-01 
1.249320e-01 	2.533775e-01 
1.250640e-01 	2.528725e-01 
1.251950e-01 	2.523726e-01 
1.253270e-01 	2.518701e-01 
1.254580e-01 	2.513726e-01 
1.255900e-01 	2.508726e-01 
1.257210e-01 	2.503775e-01 
1.258530e-01 	2.498798e-01 
1.259840e-01 	2.493872e-01 
1.261160e-01 	2.488920e-01 
1.262480e-01 	2.483980e-01 
1.263790e-01 	2.479089e-01 
1.265110e-01 	2.474173e-01 
1.266420e-01 	2.469306e-01 
1.267740e-01 	2.464414e-01 
1.269050e-01 	2.459571e-01 
1.270370e-01 	2.454703e-01 
1.271680e-01 	2.449883e-01 
1.273000e-01 	2.445039e-01 
1.274310e-01 	2.440243e-01 
1.275630e-01 	2.435423e-01 
1.276940e-01 	2.430650e-01 
1.278260e-01 	2.425854e-01 
1.279580e-01 	2.421068e-01 
1.280890e-01 	2.416331e-01 
1.282210e-01 	2.411570e-01 
1.283520e-01 	2.406856e-01 
1.284840e-01 	2.402118e-01 
1.286150e-01 	2.397427e-01 
1.287470e-01 	2.392713e-01 
1.288780e-01 	2.388046e-01 
1.290100e-01 	2.383354e-01 
1.291410e-01 	2.378710e-01 
1.292730e-01 	2.374042e-01 
1.294050e-01 	2.369385e-01 
1.295360e-01 	2.364776e-01 
1.296680e-01 	2.360143e-01 
1.297990e-01 	2.355556e-01 
1.299310e-01 	2.350946e-01 
1.300620e-01 	2.346382e-01 
1.301940e-01 	2.341794e-01 
1.303250e-01 	2.337253e-01 
1.304570e-01 	2.332689e-01 
1.305880e-01 	2.328171e-01 
1.307200e-01 	2.323629e-01 
1.308520e-01 	2.319099e-01 
1.309830e-01 	2.314615e-01 
1.311150e-01 	2.310107e-01 
1.312460e-01 	2.305645e-01 
1.313780e-01 	2.301161e-01 
1.315090e-01 	2.296721e-01 
1.316410e-01 	2.292259e-01 
1.317720e-01 	2.287842e-01 
1.319040e-01 	2.283402e-01 
1.320350e-01 	2.279007e-01 
1.321670e-01 	2.274590e-01 
1.322980e-01 	2.270218e-01 
1.324300e-01 	2.265823e-01 
1.325610e-01 	2.261472e-01 
1.326930e-01 	2.257100e-01 
1.328250e-01 	2.252738e-01 
1.329560e-01 	2.248421e-01 
1.330880e-01 	2.244081e-01 
1.332190e-01 	2.239786e-01 
1.333510e-01 	2.235469e-01 
1.334820e-01 	2.231195e-01 
1.336140e-01 	2.226899e-01 
1.337450e-01 	2.222647e-01 
1.338770e-01 	2.218374e-01 
1.340080e-01 	2.214143e-01 
1.341400e-01 	2.209891e-01 
1.342710e-01 	2.205682e-01 
1.344030e-01 	2.201452e-01 
1.345350e-01 	2.197232e-01 
1.346660e-01 	2.193055e-01 
1.347980e-01 	2.188857e-01 
1.349290e-01 	2.184701e-01 
1.350610e-01 	2.180525e-01 
1.351920e-01 	2.176390e-01 
1.353240e-01 	2.172234e-01 
1.354550e-01 	2.168121e-01 
1.355870e-01 	2.163986e-01 
1.357180e-01 	2.159894e-01 
1.358500e-01 	2.155780e-01 
1.359810e-01 	2.151708e-01 
1.361130e-01 	2.147616e-01 
1.362450e-01 	2.143534e-01 
1.363760e-01 	2.139493e-01 
1.365080e-01 	2.135431e-01 
1.366390e-01 	2.131411e-01 
1.367710e-01 	2.127370e-01 
1.369020e-01 	2.123371e-01 
1.370340e-01 	2.119350e-01 
1.371650e-01 	2.115371e-01 
1.372970e-01 	2.111371e-01 
1.374280e-01 	2.107412e-01 
1.375600e-01 	2.103433e-01 
1.376910e-01 	2.099494e-01 
1.378230e-01 	2.095534e-01 
1.379550e-01 	2.091585e-01 
1.380860e-01 	2.087676e-01 
1.382180e-01 	2.083747e-01 
1.383490e-01 	2.079858e-01 
1.384810e-01 	2.075949e-01 
1.386120e-01 	2.072080e-01 
1.387440e-01 	2.068191e-01 
1.388750e-01 	2.064341e-01 
1.390070e-01 	2.060471e-01 
1.391390e-01 	2.056612e-01 
1.392700e-01 	2.052791e-01 
1.394020e-01 	2.048951e-01 
1.395330e-01 	2.045150e-01 
1.396650e-01 	2.041330e-01 
1.397960e-01 	2.037548e-01 
1.399280e-01 	2.033747e-01 
1.400590e-01 	2.029984e-01 
1.401910e-01 	2.026202e-01 
1.403220e-01 	2.022458e-01 
1.404540e-01 	2.018695e-01 
1.405850e-01 	2.014970e-01 
1.407170e-01 	2.011226e-01 
1.408480e-01 	2.007520e-01 
1.409800e-01 	2.003795e-01 
1.411120e-01 	2.000080e-01 
1.412430e-01 	1.996402e-01 
1.413750e-01 	1.992705e-01 
1.415060e-01 	1.989045e-01 
1.416380e-01 	1.985367e-01 
1.417690e-01 	1.981726e-01 
1.419010e-01 	1.978066e-01 
1.420320e-01 	1.974443e-01 
1.421640e-01 	1.970802e-01 
1.422950e-01 	1.967198e-01 
1.424270e-01 	1.963575e-01 
1.425590e-01 	1.959961e-01 
1.426900e-01 	1.956384e-01 
1.428220e-01 	1.952788e-01 
1.429530e-01 	1.949229e-01 
1.430850e-01 	1.945652e-01 
1.432160e-01 	1.942110e-01 
1.433480e-01 	1.938551e-01 
1.434790e-01 	1.935027e-01 
1.436110e-01 	1.931486e-01 
1.437420e-01 	1.927980e-01 
1.438740e-01 	1.924457e-01 
1.440060e-01 	1.920943e-01 
1.441370e-01 	1.917463e-01 
1.442680e-01 	1.913993e-01 
1.444000e-01 	1.910505e-01 
1.445320e-01 	1.907026e-01 
1.446630e-01 	1.903582e-01 
1.447950e-01 	1.900121e-01 
1.449260e-01 	1.896694e-01 
1.450580e-01 	1.893251e-01 
1.451890e-01 	1.889841e-01 
1.453210e-01 	1.886415e-01 
1.454520e-01 	1.883023e-01 
1.455840e-01 	1.879614e-01 
1.457150e-01 	1.876239e-01 
1.458470e-01 	1.872848e-01 
1.459790e-01 	1.869464e-01 
1.461100e-01 	1.866115e-01 
1.462420e-01 	1.862749e-01 
1.463730e-01 	1.859418e-01 
1.465050e-01 	1.856069e-01 
1.466360e-01 	1.852754e-01 
1.467680e-01 	1.849422e-01 
1.468990e-01 	1.846124e-01 
1.470310e-01 	1.842809e-01 
1.471620e-01 	1.839527e-01 
1.472940e-01 	1.836229e-01 
1.474250e-01 	1.832965e-01 
1.475570e-01 	1.829683e-01 
1.476890e-01 	1.826411e-01 
1.478200e-01 	1.823171e-01 
1.479520e-01 	1.819915e-01 
1.480830e-01 	1.816691e-01 
1.482150e-01 	1.813452e-01 
1.483460e-01 	1.810245e-01 
1.484780e-01 	1.807022e-01 
1.486090e-01 	1.803831e-01 
1.487410e-01 	1.800625e-01 
1.488720e-01 	1.797451e-01 
1.490040e-01 	1.794260e-01 
1.491350e-01 	1.791102e-01 
1.492670e-01 	1.787928e-01 
1.493990e-01 	1.784762e-01 
1.495300e-01 	1.781629e-01 
1.496620e-01 	1.778479e-01 
1.497930e-01 	1.775361e-01 
1.499250e-01 	1.772227e-01 
1.500560e-01 	1.769126e-01 
1.501880e-01 	1.766008e-01 
1.503190e-01 	1.762922e-01 
1.504510e-01 	1.759820e-01 
1.505830e-01 	1.756726e-01 
1.507140e-01 	1.753664e-01 
1.508450e-01 	1.750609e-01 
1.509770e-01 	1.747539e-01 
1.511090e-01 	1.744477e-01 
1.512400e-01 	1.741446e-01 
1.513720e-01 	1.738399e-01 
1.515030e-01 	1.735383e-01 
1.516350e-01 	1.732352e-01 
1.517660e-01 	1.729352e-01 
1.518980e-01 	1.726336e-01 
1.520290e-01 	1.723351e-01 
1.521610e-01 	1.720351e-01 
1.522920e-01 	1.717382e-01 
1.524240e-01 	1.714397e-01 
1.525560e-01 	1.711420e-01 
1.526870e-01 	1.708473e-01 
1.528190e-01 	1.705511e-01 
1.529500e-01 	1.702579e-01 
1.530820e-01 	1.699632e-01 
1.532130e-01 	1.696715e-01 
1.533450e-01 	1.693783e-01 
1.534760e-01 	1.690881e-01 
1.536080e-01 	1.687964e-01 
1.537390e-01 	1.685077e-01 
1.538710e-01 	1.682175e-01 
1.540020e-01 	1.679303e-01 
1.541340e-01 	1.676416e-01 
1.542660e-01 	1.673536e-01 
1.543970e-01 	1.670685e-01 
1.545290e-01 	1.667820e-01 
1.546600e-01 	1.664984e-01 
1.547920e-01 	1.662134e-01 
1.549230e-01 	1.659312e-01 
1.550550e-01 	1.656477e-01 
1.551860e-01 	1.653670e-01 
1.553180e-01 	1.650848e-01 
1.554490e-01 	1.648055e-01 
1.555810e-01 	1.645248e-01 
1.557130e-01 	1.642449e-01 
1.558440e-01 	1.639677e-01 
1.559760e-01 	1.636892e-01 
1.561070e-01 	1.634134e-01 
1.562390e-01 	1.631363e-01 
1.563700e-01 	1.628619e-01 
1.565020e-01 	1.625862e-01 
1.566330e-01 	1.623133e-01 
1.567650e-01 	1.620390e-01 
1.568960e-01 	1.617674e-01 
1.570280e-01 	1.614945e-01 
1.571600e-01 	1.612222e-01 
1.572910e-01 	1.609528e-01 
1.574220e-01 	1.606840e-01 
1.575540e-01 	1.604138e-01 
1.576860e-01 	1.601443e-01 
1.578170e-01 	1.598776e-01 
1.579490e-01 	1.596095e-01 
1.580800e-01 	1.593441e-01 
1.582120e-01 	1.590773e-01 
1.583430e-01 	1.588133e-01 
1.584750e-01 	1.585479e-01 
1.586060e-01 	1.582851e-01 
1.587380e-01 	1.580211e-01 
1.588690e-01 	1.577597e-01 
1.590010e-01 	1.574970e-01 
1.591330e-01 	1.572349e-01 
1.592640e-01 	1.569755e-01 
1.593960e-01 	1.567148e-01 
1.595270e-01 	1.564566e-01 
1.596590e-01 	1.561972e-01 
1.597900e-01 	1.559404e-01 
1.599220e-01 	1.556823e-01 
1.600530e-01 	1.554267e-01 
1.601850e-01 	1.551699e-01 
1.603160e-01 	1.549156e-01 
1.604480e-01 	1.546601e-01 
1.605790e-01 	1.544071e-01 
1.607110e-01 	1.541528e-01 
1.608430e-01 	1.538992e-01 
1.609740e-01 	1.536481e-01 
1.611060e-01 	1.533957e-01 
1.612370e-01 	1.531459e-01 
1.613690e-01 	1.528948e-01 
1.615000e-01 	1.526462e-01 
1.616320e-01 	1.523963e-01 
1.617630e-01 	1.521489e-01 
1.618950e-01 	1.519003e-01 
1.620260e-01 	1.516542e-01 
1.621580e-01 	1.514068e-01 
1.622890e-01 	1.511619e-01 
1.624210e-01 	1.509158e-01 
1.625530e-01 	1.506702e-01 
1.626840e-01 	1.504272e-01 
1.628160e-01 	1.501829e-01 
1.629470e-01 	1.499410e-01 
1.630790e-01 	1.496979e-01 
1.632100e-01 	1.494573e-01 
1.633420e-01 	1.492154e-01 
1.634730e-01 	1.489760e-01 
1.636050e-01 	1.487353e-01 
1.637360e-01 	1.484971e-01 
1.638680e-01 	1.482576e-01 
1.639990e-01 	1.480206e-01 
1.641310e-01 	1.477823e-01 
1.642630e-01 	1.475446e-01 
1.643940e-01 	1.473094e-01 
1.645260e-01 	1.470729e-01 
1.646570e-01 	1.468388e-01 
1.647890e-01 	1.466035e-01 
1.649200e-01 	1.463706e-01 
1.650520e-01 	1.461365e-01 
1.651830e-01 	1.459047e-01 
1.653150e-01 	1.456718e-01 
1.654470e-01 	1.454394e-01 
1.655780e-01 	1.452094e-01 
1.657100e-01 	1.449782e-01 
1.658410e-01 	1.447493e-01 
1.659730e-01 	1.445193e-01 
1.661040e-01 	1.442916e-01 
1.662360e-01 	1.440627e-01 
1.663670e-01 	1.438361e-01 
1.664990e-01 	1.436084e-01 
1.666300e-01 	1.433829e-01 
1.667620e-01 	1.431563e-01 
1.668930e-01 	1.429320e-01 
1.670250e-01 	1.427065e-01 
1.671570e-01 	1.424816e-01 
1.672880e-01 	1.422590e-01 
1.674200e-01 	1.420352e-01 
1.675510e-01 	1.418137e-01 
1.676830e-01 	1.415910e-01 
1.678140e-01 	1.413706e-01 
1.679460e-01 	1.411491e-01 
1.680770e-01 	1.409298e-01 
1.682090e-01 	1.407093e-01 
1.683400e-01 	1.404911e-01 
1.684720e-01 	1.402718e-01 
1.686030e-01 	1.400547e-01 
1.687350e-01 	1.398364e-01 
1.688670e-01 	1.396187e-01 
1.689980e-01 	1.394032e-01 
1.691300e-01 	1.391866e-01 
1.692610e-01 	1.389722e-01 
1.693930e-01 	1.387567e-01 
1.695240e-01 	1.385433e-01 
1.696560e-01 	1.383289e-01 
1.697870e-01 	1.381166e-01 
1.699190e-01 	1.379032e-01 
1.700500e-01 	1.376920e-01 
1.701820e-01 	1.374797e-01 
1.703140e-01 	1.372679e-01 
1.704450e-01 	1.370583e-01 
1.705760e-01 	1.368491e-01 
1.707080e-01 	1.366390e-01 
1.708400e-01 	1.364293e-01 
1.709710e-01 	1.362217e-01 
1.711030e-01 	1.360131e-01 
1.712340e-01 	1.358066e-01 
1.713660e-01 	1.355990e-01 
1.714970e-01 	1.353935e-01 
1.716290e-01 	1.351869e-01 
1.717600e-01 	1.349824e-01 
1.718920e-01 	1.347769e-01 
1.720230e-01 	1.345734e-01 
1.721550e-01 	1.343689e-01 
1.722870e-01 	1.341649e-01 
1.724180e-01 	1.339630e-01 
1.725500e-01 	1.337600e-01 
1.726810e-01 	1.335591e-01 
1.728130e-01 	1.333571e-01 
1.729440e-01 	1.331571e-01 
1.730760e-01 	1.329562e-01 
1.732070e-01 	1.327572e-01 
1.733390e-01 	1.325572e-01 
1.734700e-01 	1.323592e-01 
1.736020e-01 	1.321602e-01 
1.737340e-01 	1.319617e-01 
1.738650e-01 	1.317652e-01 
1.739970e-01 	1.315677e-01 
1.741280e-01 	1.313722e-01 
1.742600e-01 	1.311756e-01 
1.743910e-01 	1.309811e-01 
1.745230e-01 	1.307855e-01 
1.746540e-01 	1.305919e-01 
1.747860e-01 	1.303973e-01 
1.749170e-01 	1.302046e-01 
1.750490e-01 	1.300109e-01 
1.751800e-01 	1.298192e-01 
1.753120e-01 	1.296265e-01 
1.754430e-01 	1.294358e-01 
1.755750e-01 	1.292440e-01 
1.757070e-01 	1.290527e-01 
1.758380e-01 	1.288634e-01 
1.759700e-01 	1.286730e-01 
1.761010e-01 	1.284846e-01 
1.762330e-01 	1.282952e-01 
1.763640e-01 	1.281076e-01 
1.764960e-01 	1.279191e-01 
1.766270e-01 	1.277325e-01 
1.767590e-01 	1.275450e-01 
1.768910e-01 	1.273579e-01 
1.770220e-01 	1.271726e-01 
1.771530e-01 	1.269878e-01 
1.772850e-01 	1.268021e-01 
1.774170e-01 	1.266168e-01 
1.775480e-01 	1.264333e-01 
1.776800e-01 	1.262490e-01 
1.778110e-01 	1.260664e-01 
1.779430e-01 	1.258829e-01 
1.780740e-01 	1.257012e-01 
1.782060e-01 	1.255186e-01 
1.783370e-01 	1.253378e-01 
1.784690e-01 	1.251561e-01 
1.786000e-01 	1.249762e-01 
1.787320e-01 	1.247953e-01 
1.788640e-01 	1.246149e-01 
1.789950e-01 	1.244363e-01 
1.791270e-01 	1.242567e-01 
1.792580e-01 	1.240790e-01 
1.793900e-01 	1.239003e-01 
1.795210e-01 	1.237234e-01 
1.796530e-01 	1.235456e-01 
1.797840e-01 	1.233695e-01 
1.799160e-01 	1.231925e-01 
1.800470e-01 	1.230173e-01 
1.801790e-01 	1.228412e-01 
1.803110e-01 	1.226655e-01 
1.804420e-01 	1.224915e-01 
1.805740e-01 	1.223166e-01 
1.807050e-01 	1.221435e-01 
1.808370e-01 	1.219694e-01 
1.809680e-01 	1.217971e-01 
1.811000e-01 	1.216239e-01 
1.812310e-01 	1.214524e-01 
1.813630e-01 	1.212800e-01 
1.814940e-01 	1.211093e-01 
1.816260e-01 	1.209377e-01 
1.817570e-01 	1.207678e-01 
1.818890e-01 	1.205970e-01 
1.820210e-01 	1.204266e-01 
1.821520e-01 	1.202579e-01 
1.822840e-01 	1.200883e-01 
1.824150e-01 	1.199204e-01 
1.825470e-01 	1.197516e-01 
1.826780e-01 	1.195845e-01 
1.828100e-01 	1.194165e-01 
1.829410e-01 	1.192501e-01 
1.830730e-01 	1.190829e-01 
1.832040e-01 	1.189173e-01 
1.833360e-01 	1.187509e-01 
1.834680e-01 	1.185848e-01 
1.835990e-01 	1.184204e-01 
1.837300e-01 	1.182564e-01 
1.838620e-01 	1.180915e-01 
1.839940e-01 	1.179269e-01 
1.841250e-01 	1.177640e-01 
1.842570e-01 	1.176003e-01 
1.843880e-01 	1.174382e-01 
1.845200e-01 	1.172752e-01 
1.846510e-01 	1.171138e-01 
1.847830e-01 	1.169516e-01 
1.849140e-01 	1.167909e-01 
1.850460e-01 	1.166295e-01 
1.851770e-01 	1.164696e-01 
1.853090e-01 	1.163089e-01 
1.854410e-01 	1.161485e-01 
1.855720e-01 	1.159897e-01 
1.857040e-01 	1.158301e-01 
1.858350e-01 	1.156721e-01 
1.859670e-01 	1.155133e-01 
1.860980e-01 	1.153560e-01 
1.862300e-01 	1.151978e-01 
1.863610e-01 	1.150413e-01 
1.864930e-01 	1.148839e-01 
1.866240e-01 	1.147281e-01 
1.867560e-01 	1.145714e-01 
1.868880e-01 	1.144151e-01 
1.870190e-01 	1.142604e-01 
1.871510e-01 	1.141048e-01 
1.872820e-01 	1.139508e-01 
1.874140e-01 	1.137960e-01 
1.875450e-01 	1.136427e-01 
1.876770e-01 	1.134886e-01 
1.878080e-01 	1.133360e-01 
1.879400e-01 	1.131826e-01 
1.880710e-01 	1.130307e-01 
1.882030e-01 	1.128780e-01 
1.883340e-01 	1.127269e-01 
1.884660e-01 	1.125749e-01 
1.885970e-01 	1.124244e-01 
1.887290e-01 	1.122732e-01 
1.888610e-01 	1.121223e-01 
1.889920e-01 	1.119728e-01 
1.891240e-01 	1.118226e-01 
1.892550e-01 	1.116739e-01 
1.893870e-01 	1.115244e-01 
1.895180e-01 	1.113764e-01 
1.896500e-01 	1.112275e-01 
1.897810e-01 	1.110802e-01 
1.899130e-01 	1.109321e-01 
1.900440e-01 	1.107854e-01 
1.901760e-01 	1.106380e-01 
1.903070e-01 	1.104920e-01 
1.904390e-01 	1.103453e-01 
1.905710e-01 	1.101988e-01 
1.907020e-01 	1.100539e-01 
1.908340e-01 	1.099081e-01 
1.909650e-01 	1.097639e-01 
1.910970e-01 	1.096188e-01 
1.912280e-01 	1.094752e-01 
1.913600e-01 	1.093308e-01 
1.914910e-01 	1.091878e-01 
1.916230e-01 	1.090441e-01 
1.917550e-01 	1.089008e-01 
1.918860e-01 	1.087588e-01 
1.920170e-01 	1.086172e-01 
1.921490e-01 	1.084748e-01 
1.922810e-01 	1.083327e-01 
1.924120e-01 	1.081921e-01 
1.925440e-01 	1.080507e-01 
1.926750e-01 	1.079107e-01 
1.928070e-01 	1.077699e-01 
1.929380e-01 	1.076306e-01 
1.930700e-01 	1.074905e-01 
1.932010e-01 	1.073518e-01 
1.933330e-01 	1.072123e-01 
1.934650e-01 	1.070732e-01 
1.935960e-01 	1.069354e-01 
1.937280e-01 	1.067969e-01 
1.938590e-01 	1.066598e-01 
1.939910e-01 	1.065220e-01 
1.941220e-01 	1.063855e-01 
1.942540e-01 	1.062483e-01 
1.943850e-01 	1.061124e-01 
1.945170e-01 	1.059758e-01 
1.946480e-01 	1.058406e-01 
1.947800e-01 	1.057046e-01 
1.949110e-01 	1.055700e-01 
1.950430e-01 	1.054347e-01 
1.951750e-01 	1.052997e-01 
1.953060e-01 	1.051660e-01 
1.954380e-01 	1.050316e-01 
1.955690e-01 	1.048985e-01 
1.957010e-01 	1.047647e-01 
1.958320e-01 	1.046323e-01 
1.959640e-01 	1.044991e-01 
1.960950e-01 	1.043672e-01 
1.962270e-01 	1.042347e-01 
1.963580e-01 	1.041034e-01 
1.964900e-01 	1.039715e-01 
1.966210e-01 	1.038408e-01 
1.967530e-01 	1.037094e-01 
1.968840e-01 	1.035794e-01 
1.970160e-01 	1.034486e-01 
1.971480e-01 	1.033182e-01 
1.972790e-01 	1.031890e-01 
1.974110e-01 	1.030591e-01 
1.975420e-01 	1.029305e-01 
1.976740e-01 	1.028013e-01 
1.978050e-01 	1.026733e-01 
1.979370e-01 	1.025446e-01 
1.980680e-01 	1.024171e-01 
1.982000e-01 	1.022890e-01 
1.983310e-01 	1.021622e-01 
1.984630e-01 	1.020347e-01 
1.985950e-01 	1.019074e-01 
1.987260e-01 	1.017814e-01 
1.988580e-01 	1.016548e-01 
1.989890e-01 	1.015294e-01 
1.991210e-01 	1.014033e-01 
1.992520e-01 	1.012784e-01 
1.993840e-01 	1.011529e-01 
1.995150e-01 	1.010286e-01 
1.996470e-01 	1.009036e-01 
1.997780e-01 	1.007799e-01 
1.999100e-01 	1.006555e-01 
2.000420e-01 	1.005314e-01 
2.001730e-01 	1.004085e-01 
2.003050e-01 	1.002849e-01 
2.004360e-01 	1.001626e-01 
2.005680e-01 	1.000396e-01 
2.006990e-01 	9.991777e-02 
2.008310e-01 	9.979531e-02 
2.009620e-01 	9.967405e-02 
2.010940e-01 	9.955214e-02 
2.012250e-01 	9.943142e-02 
2.013570e-01 	9.931005e-02 
2.014880e-01 	9.918987e-02 
2.016200e-01 	9.906904e-02 
2.017510e-01 	9.894939e-02 
2.018830e-01 	9.882910e-02 
2.020150e-01 	9.870907e-02 
2.021460e-01 	9.859022e-02 
2.022780e-01 	9.847072e-02 
2.024090e-01 	9.835239e-02 
2.025410e-01 	9.823342e-02 
2.026720e-01 	9.811560e-02 
2.028040e-01 	9.799715e-02 
2.029350e-01 	9.787986e-02 
2.030670e-01 	9.776192e-02 
2.031980e-01 	9.764514e-02 
2.033300e-01 	9.752772e-02 
2.034620e-01 	9.741055e-02 
2.035930e-01 	9.729453e-02 
2.037250e-01 	9.717787e-02 
2.038560e-01 	9.706235e-02 
2.039880e-01 	9.694620e-02 
2.041190e-01 	9.683117e-02 
2.042510e-01 	9.671552e-02 
2.043820e-01 	9.660099e-02 
2.045140e-01 	9.648583e-02 
2.046450e-01 	9.637180e-02 
2.047770e-01 	9.625713e-02 
2.049080e-01 	9.614358e-02 
2.050400e-01 	9.602940e-02 
2.051720e-01 	9.591547e-02 
2.053030e-01 	9.580264e-02 
2.054350e-01 	9.568919e-02 
2.055660e-01 	9.557684e-02 
2.056980e-01 	9.546387e-02 
2.058290e-01 	9.535199e-02 
2.059610e-01 	9.523950e-02 
2.060920e-01 	9.512810e-02 
2.062240e-01 	9.501608e-02 
2.063550e-01 	9.490515e-02 
2.064870e-01 	9.479360e-02 
2.066180e-01 	9.468314e-02 
2.067500e-01 	9.457206e-02 
2.068820e-01 	9.446122e-02 
2.070130e-01 	9.435145e-02 
2.071450e-01 	9.424107e-02 
2.072760e-01 	9.413176e-02 
2.074080e-01 	9.402184e-02 
2.075390e-01 	9.391299e-02 
2.076710e-01 	9.380353e-02 
2.078020e-01 	9.369513e-02 
2.079340e-01 	9.358614e-02 
2.080650e-01 	9.347819e-02 
2.081970e-01 	9.336964e-02 
2.083290e-01 	9.326132e-02 
2.084600e-01 	9.315405e-02 
2.085920e-01 	9.304617e-02 
2.087230e-01 	9.293934e-02 
2.088550e-01 	9.283192e-02 
2.089860e-01 	9.272553e-02 
2.091180e-01 	9.261855e-02 
2.092490e-01 	9.251260e-02 
2.093810e-01 	9.240606e-02 
2.095120e-01 	9.230054e-02 
2.096440e-01 	9.219444e-02 
2.097750e-01 	9.208936e-02 
2.099070e-01 	9.198369e-02 
2.100380e-01 	9.187904e-02 
2.101700e-01 	9.177381e-02 
2.103020e-01 	9.166879e-02 
2.104330e-01 	9.156478e-02 
2.105650e-01 	9.146019e-02 
2.106960e-01 	9.135660e-02 
2.108280e-01 	9.125244e-02 
2.109590e-01 	9.114927e-02 
2.110910e-01 	9.104553e-02 
2.112220e-01 	9.094279e-02 
2.113540e-01 	9.083947e-02 
2.114850e-01 	9.073715e-02 
2.116170e-01 	9.063425e-02 
2.117490e-01 	9.053157e-02 
2.118800e-01 	9.042987e-02 
2.120120e-01 	9.032760e-02 
2.121430e-01 	9.022631e-02 
2.122750e-01 	9.012446e-02 
2.124060e-01 	9.002359e-02 
2.125380e-01 	8.992215e-02 
2.126690e-01 	8.982168e-02 
2.128010e-01 	8.972066e-02 
2.129320e-01 	8.962060e-02 
2.130640e-01 	8.951999e-02 
2.131960e-01 	8.941958e-02 
2.133270e-01 	8.932013e-02 
2.134590e-01 	8.922013e-02 
2.135900e-01 	8.912108e-02 
2.137220e-01 	8.902148e-02 
2.138530e-01 	8.892284e-02 
2.139850e-01 	8.882365e-02 
2.141160e-01 	8.872541e-02 
2.142480e-01 	8.862661e-02 
2.143790e-01 	8.852877e-02 
2.145110e-01 	8.843038e-02 
2.146420e-01 	8.833293e-02 
2.147740e-01 	8.823493e-02 
2.149060e-01 	8.813714e-02 
2.150370e-01 	8.804028e-02 
2.151690e-01 	8.794288e-02 
2.153000e-01 	8.784641e-02 
2.154320e-01 	8.774940e-02 
2.155630e-01 	8.765332e-02 
2.156950e-01 	8.755670e-02 
2.158260e-01 	8.746101e-02 
2.159580e-01 	8.736478e-02 
2.160890e-01 	8.726948e-02 
2.162210e-01 	8.717364e-02 
2.163520e-01 	8.707871e-02 
2.164840e-01 	8.698326e-02 
2.166150e-01 	8.688872e-02 
2.167470e-01 	8.679365e-02 
2.168790e-01 	8.669877e-02 
2.170100e-01 	8.660480e-02 
2.171420e-01 	8.651030e-02 
2.172730e-01 	8.641671e-02 
2.174050e-01 	8.632260e-02 
2.175360e-01 	8.622938e-02 
2.176680e-01 	8.613564e-02 
2.177990e-01 	8.604280e-02 
2.179310e-01 	8.594944e-02 
2.180630e-01 	8.585627e-02 
2.181940e-01 	8.576398e-02 
2.183250e-01 	8.567189e-02 
2.184570e-01 	8.557927e-02 
2.185890e-01 	8.548685e-02 
2.187200e-01 	8.539530e-02 
2.188520e-01 	8.530325e-02 
2.189830e-01 	8.521207e-02 
2.191150e-01 	8.512038e-02 
2.192460e-01 	8.502957e-02 
2.193780e-01 	8.493825e-02 
2.195090e-01 	8.484781e-02 
2.196410e-01 	8.475685e-02 
2.197730e-01 	8.466608e-02 
2.199040e-01 	8.457618e-02 
2.200360e-01 	8.448577e-02 
2.201670e-01 	8.439622e-02 
2.202990e-01 	8.430617e-02 
2.204300e-01 	8.421699e-02 
2.205620e-01 	8.412730e-02 
2.206930e-01 	8.403847e-02 
2.208250e-01 	8.394914e-02 
2.209560e-01 	8.386066e-02 
2.210880e-01 	8.377169e-02 
2.212190e-01 	8.368357e-02 
2.213510e-01 	8.359495e-02 
2.214820e-01 	8.350718e-02 
2.216140e-01 	8.341891e-02 
2.217460e-01 	8.333082e-02 
2.218770e-01 	8.324357e-02 
2.220090e-01 	8.315583e-02 
2.221400e-01 	8.306892e-02 
2.222720e-01 	8.298153e-02 
2.224030e-01 	8.289497e-02 
2.225350e-01 	8.280792e-02 
2.226660e-01 	8.272170e-02 
2.227980e-01 	8.263500e-02 
2.229290e-01 	8.254912e-02 
2.230610e-01 	8.246276e-02 
2.231920e-01 	8.237722e-02 
2.233240e-01 	8.229119e-02 
2.234560e-01 	8.220534e-02 
2.235870e-01 	8.212030e-02 
2.237190e-01 	8.203478e-02 
2.238500e-01 	8.195008e-02 
2.239820e-01 	8.186490e-02 
2.241130e-01 	8.178052e-02 
2.242450e-01 	8.169567e-02 
2.243760e-01 	8.161163e-02 
2.245080e-01 	8.152711e-02 
2.246390e-01 	8.144339e-02 
2.247710e-01 	8.135920e-02 
2.249030e-01 	8.127517e-02 
2.250340e-01 	8.119194e-02 
2.251660e-01 	8.110824e-02 
2.252970e-01 	8.102533e-02 
2.254290e-01 	8.094196e-02 
2.255600e-01 	8.085937e-02 
2.256920e-01 	8.077631e-02 
2.258230e-01 	8.069404e-02 
2.259550e-01 	8.061130e-02 
2.260860e-01 	8.052935e-02 
2.262180e-01 	8.044693e-02 
2.263500e-01 	8.036467e-02 
2.264810e-01 	8.028319e-02 
2.266120e-01 	8.020186e-02 
2.267440e-01 	8.012007e-02 
2.268760e-01 	8.003844e-02 
2.270070e-01 	7.995758e-02 
2.271390e-01 	7.987625e-02 
2.272700e-01 	7.979570e-02 
2.274020e-01 	7.971469e-02 
2.275330e-01 	7.963444e-02 
2.276650e-01 	7.955373e-02 
2.277960e-01 	7.947378e-02 
2.279280e-01 	7.939338e-02 
2.280590e-01 	7.931374e-02 
2.281910e-01 	7.923364e-02 
2.283230e-01 	7.915369e-02 
2.284540e-01 	7.907449e-02 
2.285860e-01 	7.899484e-02 
2.287170e-01 	7.891594e-02 
2.288490e-01 	7.883659e-02 
2.289800e-01 	7.875799e-02 
2.291120e-01 	7.867893e-02 
2.292430e-01 	7.860062e-02 
2.293750e-01 	7.852186e-02 
2.295060e-01 	7.844384e-02 
2.296380e-01 	7.836537e-02 
2.297700e-01 	7.828704e-02 
2.299010e-01 	7.820946e-02 
2.300330e-01 	7.813142e-02 
2.301640e-01 	7.805412e-02 
2.302960e-01 	7.797637e-02 
2.304270e-01 	7.789935e-02 
2.305590e-01 	7.782189e-02 
2.306900e-01 	7.774515e-02 
2.308220e-01 	7.766797e-02 
2.309530e-01 	7.759151e-02 
2.310850e-01 	7.751461e-02 
2.312160e-01 	7.743843e-02 
2.313480e-01 	7.736181e-02 
2.314800e-01 	7.728533e-02 
2.316110e-01 	7.720957e-02 
2.317430e-01 	7.713336e-02 
2.318740e-01 	7.705787e-02 
2.320060e-01 	7.698194e-02 
2.321370e-01 	7.690672e-02 
2.322690e-01 	7.683106e-02 
2.324000e-01 	7.675610e-02 
2.325320e-01 	7.668071e-02 
2.326630e-01 	7.660603e-02 
2.327950e-01 	7.653091e-02 
2.329260e-01 	7.645649e-02 
2.330580e-01 	7.638163e-02 
2.331890e-01 	7.630748e-02 
2.333210e-01 	7.623289e-02 
2.334530e-01 	7.615843e-02 
2.335840e-01 	7.608466e-02 
2.337160e-01 	7.601046e-02 
2.338470e-01 	7.593696e-02 
2.339790e-01 	7.586302e-02 
2.341100e-01 	7.578977e-02 
2.342420e-01 	7.571609e-02 
2.343730e-01 	7.564309e-02 
2.345050e-01 	7.556967e-02 
2.346370e-01 	7.549637e-02 
2.347680e-01 	7.542375e-02 
2.349000e-01 	7.535071e-02 
2.350310e-01 	7.527834e-02 
2.351630e-01 	7.520555e-02 
2.352940e-01 	7.513343e-02 
2.354260e-01 	7.506088e-02 
2.355570e-01 	7.498901e-02 
2.356890e-01 	7.491671e-02 
2.358200e-01 	7.484509e-02 
2.359520e-01 	7.477303e-02 
2.360830e-01 	7.470165e-02 
2.362150e-01 	7.462984e-02 
2.363460e-01 	7.455869e-02 
2.364780e-01 	7.448713e-02 
2.366100e-01 	7.441568e-02 
2.367410e-01 	7.434490e-02 
2.368730e-01 	7.427369e-02 
2.370040e-01 	7.420314e-02 
2.371360e-01 	7.413218e-02 
2.372670e-01 	7.406187e-02 
2.373990e-01 	7.399114e-02 
2.375300e-01 	7.392107e-02 
2.376620e-01 	7.385057e-02 
2.377930e-01 	7.378074e-02 
2.379250e-01 	7.371048e-02 
2.380560e-01 	7.364088e-02 
2.381880e-01 	7.357086e-02 
2.383200e-01 	7.350096e-02 
2.384510e-01 	7.343170e-02 
2.385830e-01 	7.336203e-02 
2.387140e-01 	7.329301e-02 
2.388460e-01 	7.322357e-02 
2.389770e-01 	7.315478e-02 
2.391090e-01 	7.308558e-02 
2.392400e-01 	7.301701e-02 
2.393720e-01 	7.294804e-02 
2.395040e-01 	7.287918e-02 
2.396350e-01 	7.281096e-02 
2.397660e-01 	7.274285e-02 
2.398980e-01 	7.267434e-02 
2.400300e-01 	7.260594e-02 
2.401610e-01 	7.253817e-02 
2.402930e-01 	7.246999e-02 
2.404240e-01 	7.240245e-02 
2.405560e-01 	7.233450e-02 
2.406870e-01 	7.226718e-02 
2.408190e-01 	7.219946e-02 
2.409500e-01 	7.213236e-02 
2.410820e-01 	7.206486e-02 
2.412140e-01 	7.199748e-02 
2.413450e-01 	7.193071e-02 
2.414770e-01 	7.186355e-02 
2.416080e-01 	7.179701e-02 
2.417400e-01 	7.173006e-02 
2.418710e-01 	7.166374e-02 
2.420030e-01 	7.159702e-02 
2.421340e-01 	7.153091e-02 
2.422660e-01 	7.146441e-02 
2.423970e-01 	7.139853e-02 
2.425290e-01 	7.133224e-02 
2.426600e-01 	7.126657e-02 
2.427920e-01 	7.120051e-02 
2.429230e-01 	7.113506e-02 
2.430550e-01 	7.106921e-02 
2.431870e-01 	7.100348e-02 
2.433180e-01 	7.093834e-02 
2.434500e-01 	7.087282e-02 
2.435810e-01 	7.080791e-02 
2.437130e-01 	7.074260e-02 
2.438440e-01 	7.067790e-02 
2.439760e-01 	7.061281e-02 
2.441070e-01 	7.054832e-02 
2.442390e-01 	7.048344e-02 
2.443700e-01 	7.041916e-02 
2.445020e-01 	7.035450e-02 
2.446330e-01 	7.029043e-02 
2.447650e-01 	7.022598e-02 
2.448970e-01 	7.016163e-02 
2.450280e-01 	7.009788e-02 
2.451600e-01 	7.003374e-02 
2.452910e-01 	6.997019e-02 
2.454230e-01 	6.990627e-02 
2.455540e-01 	6.984293e-02 
2.456860e-01 	6.977921e-02 
2.458170e-01 	6.971608e-02 
2.459490e-01 	6.965257e-02 
2.460810e-01 	6.958917e-02 
2.462120e-01 	6.952634e-02 
2.463440e-01 	6.946314e-02 
2.464750e-01 	6.940053e-02 
2.466070e-01 	6.933753e-02 
2.467380e-01 	6.927512e-02 
2.468700e-01 	6.921233e-02 
2.470010e-01 	6.915012e-02 
2.471330e-01 	6.908753e-02 
2.472640e-01 	6.902552e-02 
2.473960e-01 	6.896314e-02 
2.475270e-01 	6.890133e-02 
2.476590e-01 	6.883915e-02 
2.477900e-01 	6.877754e-02 
2.479220e-01 	6.871557e-02 
2.480540e-01 	6.865369e-02 
2.481850e-01 	6.859238e-02 
2.483170e-01 	6.853070e-02 
2.484480e-01 	6.846959e-02 
2.485800e-01 	6.840811e-02 
2.487110e-01 	6.834720e-02 
2.488430e-01 	6.828592e-02 
2.489740e-01 	6.822520e-02 
2.491060e-01 	6.816411e-02 
2.492370e-01 	6.810359e-02 
2.493690e-01 	6.804271e-02 
2.495000e-01 	6.798238e-02 
2.496320e-01 	6.792169e-02 
2.497640e-01 	6.786109e-02 
2.498950e-01 	6.780105e-02 
2.500270e-01 	6.774065e-02 
2.501580e-01 	6.768081e-02 
2.502900e-01 	6.762060e-02 
2.504210e-01 	6.756095e-02 
2.505530e-01 	6.750093e-02 
2.506840e-01 	6.744147e-02 
2.508160e-01 	6.738165e-02 
2.509480e-01 	6.732192e-02 
2.510790e-01 	6.726274e-02 
2.512110e-01 	6.720320e-02 
2.513420e-01 	6.714421e-02 
2.514740e-01 	6.708486e-02 
2.516050e-01 	6.702605e-02 
2.517370e-01 	6.696689e-02 
2.518680e-01 	6.690826e-02 
2.520000e-01 	6.684929e-02 
2.521310e-01 	6.679085e-02 
2.522630e-01 	6.673205e-02 
2.523940e-01 	6.667380e-02 
2.525260e-01 	6.661519e-02 
2.526570e-01 	6.655711e-02 
2.527890e-01 	6.649869e-02 
2.529210e-01 	6.644035e-02 
2.530520e-01 	6.638254e-02 
2.531840e-01 	6.632439e-02 
2.533150e-01 	6.626676e-02 
2.534470e-01 	6.620879e-02 
2.535780e-01 	6.615134e-02 
2.537100e-01 	6.609354e-02 
2.538410e-01 	6.603626e-02 
2.539730e-01 	6.597864e-02 
2.541040e-01 	6.592154e-02 
2.542360e-01 	6.586410e-02 
2.543680e-01 	6.580674e-02 
2.544990e-01 	6.574990e-02 
2.546310e-01 	6.569272e-02 
2.547620e-01 	6.563605e-02 
2.548940e-01 	6.557904e-02 
2.550250e-01 	6.552255e-02 
2.551570e-01 	6.546571e-02 
2.552880e-01 	6.540938e-02 
2.554200e-01 	6.535271e-02 
2.555510e-01 	6.529655e-02 
2.556830e-01 	6.524005e-02 
2.558140e-01 	6.518406e-02 
2.559460e-01 	6.512773e-02 
2.560780e-01 	6.507148e-02 
2.562090e-01 	6.501574e-02 
2.563410e-01 	6.495966e-02 
2.564720e-01 	6.490408e-02 
2.566040e-01 	6.484816e-02 
2.567350e-01 	6.479275e-02 
2.568670e-01 	6.473700e-02 
2.569980e-01 	6.468174e-02 
2.571300e-01 	6.462615e-02 
2.572610e-01 	6.457106e-02 
2.573930e-01 	6.451563e-02 
2.575240e-01 	6.446070e-02 
2.576560e-01 	6.440543e-02 
2.577880e-01 	6.435024e-02 
2.579190e-01 	6.429555e-02 
2.580510e-01 	6.424052e-02 
2.581820e-01 	6.418598e-02 
2.583140e-01 	6.413110e-02 
2.584450e-01 	6.407672e-02 
2.585770e-01 	6.402201e-02 
2.587080e-01 	6.396778e-02 
2.588400e-01 	6.391321e-02 
2.589710e-01 	6.385914e-02 
2.591030e-01 	6.380473e-02 
2.592340e-01 	6.375081e-02 
2.593660e-01 	6.369655e-02 
2.594970e-01 	6.364278e-02 
2.596290e-01 	6.358867e-02 
2.597610e-01 	6.353464e-02 
2.598920e-01 	6.348110e-02 
2.600240e-01 	6.342722e-02 
2.601550e-01 	6.337382e-02 
2.602870e-01 	6.332008e-02 
2.604180e-01 	6.326683e-02 
2.605500e-01 	6.321325e-02 
2.606810e-01 	6.316014e-02 
2.608130e-01 	6.310670e-02 
2.609450e-01 	6.305333e-02 
2.610760e-01 	6.300044e-02 
2.612080e-01 	6.294722e-02 
2.613390e-01 	6.289447e-02 
2.614710e-01 	6.284140e-02 
2.616020e-01 	6.278879e-02 
2.617340e-01 	6.273586e-02 
2.618650e-01 	6.268339e-02 
2.619970e-01 	6.263060e-02 
2.621280e-01 	6.257828e-02 
2.622600e-01 	6.252563e-02 
2.623910e-01 	6.247344e-02 
2.625230e-01 	6.242093e-02 
2.626550e-01 	6.236849e-02 
2.627860e-01 	6.231652e-02 
2.629180e-01 	6.226422e-02 
2.630490e-01 	6.221238e-02 
2.631810e-01 	6.216022e-02 
2.633120e-01 	6.210852e-02 
2.634440e-01 	6.205650e-02 
2.635750e-01 	6.200494e-02 
2.637070e-01 	6.195306e-02 
2.638380e-01 	6.190164e-02 
2.639700e-01 	6.184989e-02 
2.641010e-01 	6.179861e-02 
2.642330e-01 	6.174700e-02 
2.643650e-01 	6.169546e-02 
2.644960e-01 	6.164438e-02 
2.646280e-01 	6.159298e-02 
2.647590e-01 	6.154203e-02 
2.648910e-01 	6.149077e-02 
2.650220e-01 	6.143996e-02 
2.651540e-01 	6.138883e-02 
2.652850e-01 	6.133815e-02 
2.654170e-01 	6.128716e-02 
2.655480e-01 	6.123662e-02 
2.656800e-01 	6.118576e-02 
2.658110e-01 	6.113535e-02 
2.659430e-01 	6.108463e-02 
2.660740e-01 	6.103436e-02 
2.662060e-01 	6.098377e-02 
2.663380e-01 	6.093325e-02 
2.664690e-01 	6.088317e-02 
2.666010e-01 	6.083278e-02 
2.667320e-01 	6.078284e-02 
2.668640e-01 	6.073259e-02 
2.669950e-01 	6.068278e-02 
2.671270e-01 	6.063266e-02 
2.672580e-01 	6.058298e-02 
2.673900e-01 	6.053299e-02 
2.675220e-01 	6.048306e-02 
2.676530e-01 	6.043358e-02 
2.677850e-01 	6.038379e-02 
2.679160e-01 	6.033444e-02 
2.680480e-01 	6.028478e-02 
2.681790e-01 	6.023556e-02 
2.683110e-01 	6.018603e-02 
2.684420e-01 	6.013693e-02 
2.685740e-01 	6.008753e-02 
2.687050e-01 	6.003857e-02 
2.688370e-01 	5.998930e-02 
2.689680e-01 	5.994047e-02 
2.691000e-01 	5.989132e-02 
2.692320e-01 	5.984225e-02 
2.693630e-01 	5.979360e-02 
2.694950e-01 	5.974466e-02 
2.696260e-01 	5.969614e-02 
2.697580e-01 	5.964732e-02 
2.698890e-01 	5.959893e-02 
2.700210e-01 	5.955024e-02 
2.701520e-01 	5.950198e-02 
2.702840e-01 	5.945341e-02 
2.704150e-01 	5.940528e-02 
2.705470e-01 	5.935684e-02 
2.706780e-01 	5.930882e-02 
2.708100e-01 	5.926051e-02 
2.709410e-01 	5.921262e-02 
2.710730e-01 	5.916444e-02 
2.712050e-01 	5.911631e-02 
2.713360e-01 	5.906861e-02 
2.714680e-01 	5.902061e-02 
2.715990e-01 	5.897303e-02 
2.717310e-01 	5.892516e-02 
2.718620e-01 	5.887770e-02 
2.719940e-01 	5.882995e-02 
2.721250e-01 	5.878262e-02 
2.722570e-01 	5.873499e-02 
2.723880e-01 	5.868778e-02 
2.725200e-01 	5.864027e-02 
2.726520e-01 	5.859282e-02 
2.727830e-01 	5.854580e-02 
2.729150e-01 	5.849847e-02 
2.730460e-01 	5.845157e-02 
2.731780e-01 	5.840436e-02 
2.733090e-01 	5.835758e-02 
2.734410e-01 	5.831049e-02 
2.735720e-01 	5.826382e-02 
2.737040e-01 	5.821686e-02 
2.738350e-01 	5.817031e-02 
2.739670e-01 	5.812347e-02 
2.740990e-01 	5.807668e-02 
2.742300e-01 	5.803031e-02 
2.743620e-01 	5.798364e-02 
2.744930e-01 	5.793739e-02 
2.746250e-01 	5.789084e-02 
2.747560e-01 	5.784470e-02 
2.748880e-01 	5.779827e-02 
2.750190e-01 	5.775225e-02 
2.751510e-01 	5.770593e-02 
2.752820e-01 	5.766002e-02 
2.754140e-01 	5.761382e-02 
2.755450e-01 	5.756803e-02 
2.756770e-01 	5.752195e-02 
2.758090e-01 	5.747592e-02 
2.759400e-01 	5.743030e-02 
2.760720e-01 	5.738438e-02 
2.762030e-01 	5.733888e-02 
2.763350e-01 	5.729308e-02 
2.764660e-01 	5.724768e-02 
2.765980e-01 	5.720199e-02 
2.767290e-01 	5.715671e-02 
2.768610e-01 	5.711113e-02 
2.769920e-01 	5.706596e-02 
2.771240e-01 	5.702050e-02 
2.772550e-01 	5.697543e-02 
2.773870e-01 	5.693008e-02 
2.775190e-01 	5.688479e-02 
2.776500e-01 	5.683989e-02 
2.777820e-01 	5.679470e-02 
2.779130e-01 	5.674991e-02 
2.780450e-01 	5.670484e-02 
2.781760e-01 	5.666016e-02 
2.783080e-01 	5.661519e-02 
2.784390e-01 	5.657062e-02 
2.785710e-01 	5.652576e-02 
2.787020e-01 	5.648129e-02 
2.788340e-01 	5.643654e-02 
2.789650e-01 	5.639218e-02 
2.790970e-01 	5.634754e-02 
2.792280e-01 	5.630329e-02 
2.793600e-01 	5.625875e-02 
2.794920e-01 	5.621426e-02 
2.796230e-01 	5.617017e-02 
2.797550e-01 	5.612579e-02 
2.798860e-01 	5.608180e-02 
2.800180e-01 	5.603753e-02 
2.801490e-01 	5.599364e-02 
2.802810e-01 	5.594947e-02 
2.804120e-01 	5.590569e-02 
2.805440e-01 	5.586162e-02 
2.806760e-01 	5.581761e-02 
2.808070e-01 	5.577398e-02 
2.809390e-01 	5.573007e-02 
2.810700e-01 	5.568654e-02 
2.812020e-01 	5.564273e-02 
2.813330e-01 	5.559931e-02 
2.814650e-01 	5.555560e-02 
2.815960e-01 	5.551228e-02 
2.817280e-01 	5.546867e-02 
2.818590e-01 	5.542545e-02 
2.819910e-01 	5.538194e-02 
2.821220e-01 	5.533882e-02 
2.822540e-01 	5.529542e-02 
2.823860e-01 	5.525206e-02 
2.825170e-01 	5.520909e-02 
2.826490e-01 	5.516584e-02 
2.827800e-01 	5.512296e-02 
2.829120e-01 	5.507981e-02 
2.830430e-01 	5.503703e-02 
2.831750e-01 	5.499397e-02 
2.833060e-01 	5.495129e-02 
2.834380e-01 	5.490834e-02 
2.835690e-01 	5.486575e-02 
2.837010e-01 	5.482289e-02 
2.838320e-01 	5.478041e-02 
2.839640e-01 	5.473764e-02 
2.840960e-01 	5.469493e-02 
2.842270e-01 	5.465259e-02 
2.843590e-01 	5.460997e-02 
2.844900e-01 	5.456773e-02 
2.846220e-01 	5.452521e-02 
2.847530e-01 	5.448305e-02 
2.848850e-01 	5.444063e-02 
2.850160e-01 	5.439857e-02 
2.851480e-01 	5.435624e-02 
2.852790e-01 	5.431428e-02 
2.854110e-01 	5.427204e-02 
2.855420e-01 	5.423017e-02 
2.856740e-01 	5.418803e-02 
2.858050e-01 	5.414626e-02 
2.859370e-01 	5.410421e-02 
2.860690e-01 	5.406221e-02 
2.862000e-01 	5.402057e-02 
2.863320e-01 	5.397866e-02 
2.864630e-01 	5.393711e-02 
2.865950e-01 	5.389530e-02 
2.867260e-01 	5.385384e-02 
2.868580e-01 	5.381212e-02 
2.869890e-01 	5.377075e-02 
2.871210e-01 	5.372912e-02 
2.872530e-01 	5.368753e-02 
2.873840e-01 	5.364630e-02 
2.875160e-01 	5.360481e-02 
2.876470e-01 	5.356367e-02 
2.877790e-01 	5.352226e-02 
2.879100e-01 	5.348121e-02 
2.880420e-01 	5.343989e-02 
2.881730e-01 	5.339893e-02 
2.883050e-01 	5.335770e-02 
2.884360e-01 	5.331683e-02 
2.885680e-01 	5.327569e-02 
2.886990e-01 	5.323490e-02 
2.888310e-01 	5.319385e-02 
2.889630e-01 	5.315284e-02 
2.890940e-01 	5.311219e-02 
2.892260e-01 	5.307127e-02 
2.893570e-01 	5.303070e-02 
2.894890e-01 	5.298987e-02 
2.896200e-01 	5.294939e-02 
2.897520e-01 	5.290864e-02 
2.898830e-01 	5.286825e-02 
2.900150e-01 	5.282759e-02 
2.901460e-01 	5.278728e-02 
2.902780e-01 	5.274671e-02 
2.904090e-01 	5.270648e-02 
2.905410e-01 	5.266600e-02 
2.906720e-01 	5.262586e-02 
2.908040e-01 	5.258546e-02 
2.909360e-01 	5.254510e-02 
2.910670e-01 	5.250509e-02 
2.911990e-01 	5.246482e-02 
2.913300e-01 	5.242489e-02 
2.914620e-01 	5.238470e-02 
2.915930e-01 	5.234486e-02 
2.917250e-01 	5.230476e-02 
2.918560e-01 	5.226500e-02 
2.919880e-01 	5.222498e-02 
2.921190e-01 	5.218530e-02 
2.922510e-01 	5.214537e-02 
2.923820e-01 	5.210577e-02 
2.925140e-01 	5.206592e-02 
2.926460e-01 	5.202611e-02 
2.927770e-01 	5.198664e-02 
2.929090e-01 	5.194691e-02 
2.930400e-01 	5.190753e-02 
2.931720e-01 	5.186788e-02 
2.933030e-01 	5.182858e-02 
2.934350e-01 	5.178901e-02 
2.935660e-01 	5.174979e-02 
2.936980e-01 	5.171031e-02 
2.938300e-01 	5.167087e-02 
2.939610e-01 	5.163177e-02 
2.940930e-01 	5.159241e-02 
2.942240e-01 	5.155339e-02 
2.943560e-01 	5.151411e-02 
2.944870e-01 	5.147517e-02 
2.946190e-01 	5.143597e-02 
2.947500e-01 	5.139711e-02 
2.948820e-01 	5.135799e-02 
2.950130e-01 	5.131921e-02 
2.951450e-01 	5.128017e-02 
2.952760e-01 	5.124147e-02 
2.954080e-01 	5.120251e-02 
2.955400e-01 	5.116359e-02 
2.956710e-01 	5.112501e-02 
2.958030e-01 	5.108617e-02 
2.959340e-01 	5.104767e-02 
2.960660e-01 	5.100891e-02 
2.961970e-01 	5.097048e-02 
2.963290e-01 	5.093180e-02 
2.964600e-01 	5.089345e-02 
2.965920e-01 	5.085485e-02 
2.967230e-01 	5.081659e-02 
2.968550e-01 	5.077806e-02 
2.969860e-01 	5.073987e-02 
2.971180e-01 	5.070143e-02 
2.972490e-01 	5.066332e-02 
2.973810e-01 	5.062495e-02 
2.975130e-01 	5.058663e-02 
2.976440e-01 	5.054863e-02 
2.977760e-01 	5.051039e-02 
2.979070e-01 	5.047247e-02 
2.980390e-01 	5.043430e-02 
2.981700e-01 	5.039646e-02 
2.983020e-01 	5.035837e-02 
2.984330e-01 	5.032061e-02 
2.985650e-01 	5.028259e-02 
2.986960e-01 	5.024491e-02 
2.988280e-01 	5.020697e-02 
2.989600e-01 	5.016908e-02 
2.990910e-01 	5.013151e-02 
2.992230e-01 	5.009369e-02 
2.993540e-01 	5.005620e-02 
2.994860e-01 	5.001846e-02 
2.996170e-01 	4.998104e-02 
2.997490e-01 	4.994338e-02 
2.998800e-01 	4.990604e-02 
3.000120e-01 	4.986846e-02 
3.001430e-01 	4.983119e-02 
3.002750e-01 	4.979369e-02 
3.004070e-01 	4.975622e-02 
3.005380e-01 	4.971907e-02 
3.006700e-01 	4.968167e-02 
3.008010e-01 	4.964460e-02 
3.009330e-01 	4.960729e-02 
3.010640e-01 	4.957029e-02 
3.011960e-01 	4.953305e-02 
3.013270e-01 	4.949613e-02 
3.014590e-01 	4.945897e-02 
3.015900e-01 	4.942213e-02 
3.017220e-01 	4.938504e-02 
3.018530e-01 	4.934828e-02 
3.019850e-01 	4.931127e-02 
3.021160e-01 	4.927458e-02 
3.022480e-01 	4.923764e-02 
3.023800e-01 	4.920075e-02 
3.025110e-01 	4.916417e-02 
3.026430e-01 	4.912736e-02 
3.027740e-01 	4.909086e-02 
3.029060e-01 	4.905411e-02 
3.030370e-01 	4.901769e-02 
3.031690e-01 	4.898103e-02 
3.033000e-01 	4.894468e-02 
3.034320e-01 	4.890809e-02 
3.035630e-01 	4.887182e-02 
3.036950e-01 	4.883530e-02 
3.038260e-01 	4.879911e-02 
3.039580e-01 	4.876267e-02 
3.040900e-01 	4.872628e-02 
3.042210e-01 	4.869019e-02 
3.043530e-01 	4.865387e-02 
3.044840e-01 	4.861786e-02 
3.046160e-01 	4.858162e-02 
3.047470e-01 	4.854569e-02 
3.048790e-01 	4.850952e-02 
3.050100e-01 	4.847366e-02 
3.051420e-01 	4.843757e-02 
3.052730e-01 	4.840179e-02 
3.054050e-01 	4.836577e-02 
3.055370e-01 	4.832980e-02 
3.056680e-01 	4.829413e-02 
3.058000e-01 	4.825823e-02 
3.059310e-01 	4.822264e-02 
3.060630e-01 	4.818681e-02 
3.061940e-01 	4.815130e-02 
3.063260e-01 	4.811555e-02 
3.064570e-01 	4.808011e-02 
3.065890e-01 	4.804444e-02 
3.067200e-01 	4.800907e-02 
3.068520e-01 	4.797348e-02 
3.069840e-01 	4.793792e-02 
3.071150e-01 	4.790267e-02 
3.072470e-01 	4.786719e-02 
3.073780e-01 	4.783202e-02 
3.075100e-01 	4.779662e-02 
3.076410e-01 	4.776152e-02 
3.077730e-01 	4.772619e-02 
3.079040e-01 	4.769117e-02 
3.080360e-01 	4.765592e-02 
3.081670e-01 	4.762097e-02 
3.082990e-01 	4.758580e-02 
3.084300e-01 	4.755093e-02 
3.085620e-01 	4.751583e-02 
3.086930e-01 	4.748104e-02 
3.088250e-01 	4.744602e-02 
3.089570e-01 	4.741104e-02 
3.090880e-01 	4.737636e-02 
3.092200e-01 	4.734145e-02 
3.093510e-01 	4.730685e-02 
3.094830e-01 	4.727202e-02 
3.096140e-01 	4.723749e-02 
3.097460e-01 	4.720274e-02 
3.098770e-01 	4.716829e-02 
3.100090e-01 	4.713362e-02 
3.101400e-01 	4.709924e-02 
3.102720e-01 	4.706465e-02 
3.104040e-01 	4.703009e-02 
3.105350e-01 	4.699583e-02 
3.106670e-01 	4.696134e-02 
3.107980e-01 	4.692716e-02 
3.109300e-01 	4.689276e-02 
3.110610e-01 	4.685865e-02 
3.111930e-01 	4.682432e-02 
3.113240e-01 	4.679029e-02 
3.114560e-01 	4.675604e-02 
3.115870e-01 	4.672209e-02 
3.117190e-01 	4.668791e-02 
3.118500e-01 	4.665404e-02 
3.119820e-01 	4.661994e-02 
3.121130e-01 	4.658614e-02 
3.122450e-01 	4.655212e-02 
3.123770e-01 	4.651814e-02 
3.125080e-01 	4.648445e-02 
3.126400e-01 	4.645055e-02 
3.127710e-01 	4.641694e-02 
3.129030e-01 	4.638311e-02 
3.130340e-01 	4.634958e-02 
3.131660e-01 	4.631583e-02 
3.132970e-01 	4.628237e-02 
3.134290e-01 	4.624870e-02 
3.135600e-01 	4.621532e-02 
3.136920e-01 	4.618173e-02 
3.138240e-01 	4.614817e-02 
3.139550e-01 	4.611491e-02 
3.140870e-01 	4.608143e-02 
3.142180e-01 	4.604824e-02 
3.143500e-01 	4.601484e-02 
3.144810e-01 	4.598173e-02 
3.146130e-01 	4.594841e-02 
3.147440e-01 	4.591538e-02 
3.148760e-01 	4.588213e-02 
3.150070e-01 	4.584917e-02 
3.151390e-01 	4.581600e-02 
3.152710e-01 	4.578287e-02 
3.154020e-01 	4.575003e-02 
3.155340e-01 	4.571697e-02 
3.156650e-01 	4.568420e-02 
3.157970e-01 	4.565123e-02 
3.159280e-01 	4.561853e-02 
3.160600e-01 	4.558563e-02 
3.161910e-01 	4.555302e-02 
3.163230e-01 	4.552019e-02 
3.164540e-01 	4.548765e-02 
3.165860e-01 	4.545490e-02 
3.167170e-01 	4.542243e-02 
3.168490e-01 	4.538976e-02 
3.169810e-01 	4.535712e-02 
3.171120e-01 	4.532477e-02 
3.172440e-01 	4.529221e-02 
3.173750e-01 	4.525993e-02 
3.175070e-01 	4.522744e-02 
3.176380e-01 	4.519524e-02 
3.177700e-01 	4.516283e-02 
3.179010e-01 	4.513070e-02 
3.180330e-01 	4.509836e-02 
3.181640e-01 	4.506631e-02 
3.182960e-01 	4.503404e-02 
3.184270e-01 	4.500206e-02 
3.185590e-01 	4.496987e-02 
3.186900e-01 	4.493797e-02 
3.188220e-01 	4.490585e-02 
3.189540e-01 	4.487377e-02 
3.190850e-01 	4.484197e-02 
3.192170e-01 	4.480997e-02 
3.193480e-01 	4.477824e-02 
3.194800e-01 	4.474631e-02 
3.196110e-01 	4.471466e-02 
3.197430e-01 	4.468280e-02 
3.198740e-01 	4.465122e-02 
3.200060e-01 	4.461943e-02 
3.201380e-01 	4.458768e-02 
3.202690e-01 	4.455620e-02 
3.204010e-01 	4.452452e-02 
3.205320e-01 	4.449312e-02 
3.206640e-01 	4.446151e-02 
3.207950e-01 	4.443017e-02 
3.209270e-01 	4.439863e-02 
3.210580e-01 	4.436737e-02 
3.211900e-01 	4.433590e-02 
3.213210e-01 	4.430470e-02 
3.214530e-01 	4.427330e-02 
3.215840e-01 	4.424217e-02 
3.217160e-01 	4.421083e-02 
3.218480e-01 	4.417953e-02 
3.219790e-01 	4.414850e-02 
3.221110e-01 	4.411727e-02 
3.222420e-01 	4.408630e-02 
3.223740e-01 	4.405513e-02 
3.225050e-01 	4.402423e-02 
3.226370e-01 	4.399313e-02 
3.227680e-01 	4.396229e-02 
3.229000e-01 	4.393125e-02 
3.230310e-01 	4.390047e-02 
3.231630e-01 	4.386949e-02 
3.232940e-01 	4.383878e-02 
3.234260e-01 	4.380786e-02 
3.235570e-01 	4.377721e-02 
3.236890e-01 	4.374635e-02 
3.238210e-01 	4.371553e-02 
3.239520e-01 	4.368497e-02 
3.240840e-01 	4.365420e-02 
3.242150e-01 	4.362369e-02 
3.243470e-01 	4.359299e-02 
3.244780e-01 	4.356254e-02 
3.246100e-01 	4.353189e-02 
3.247410e-01 	4.350150e-02 
3.248730e-01 	4.347090e-02 
3.250040e-01 	4.344056e-02 
3.251360e-01 	4.341003e-02 
3.252670e-01 	4.337974e-02 
3.253990e-01 	4.334926e-02 
3.255310e-01 	4.331880e-02 
3.256620e-01 	4.328860e-02 
3.257940e-01 	4.325819e-02 
3.259250e-01 	4.322804e-02 
3.260570e-01 	4.319769e-02 
3.261880e-01 	4.316759e-02 
3.263200e-01 	4.313729e-02 
3.264510e-01 	4.310724e-02 
3.265830e-01 	4.307699e-02 
3.267150e-01 	4.304676e-02 
3.268460e-01 	4.301678e-02 
3.269770e-01 	4.298683e-02 
3.271090e-01 	4.295668e-02 
3.272410e-01 	4.292654e-02 
3.273720e-01 	4.289666e-02 
3.275040e-01 	4.286658e-02 
3.276350e-01 	4.283674e-02 
3.277670e-01 	4.280670e-02 
3.278980e-01 	4.277691e-02 
3.280300e-01 	4.274691e-02 
3.281610e-01 	4.271716e-02 
3.282930e-01 	4.268721e-02 
3.284250e-01 	4.265728e-02 
3.285560e-01 	4.262759e-02 
3.286880e-01 	4.259770e-02 
3.288190e-01 	4.256806e-02 
3.289510e-01 	4.253821e-02 
3.290820e-01 	4.250861e-02 
3.292140e-01 	4.247880e-02 
3.293450e-01 	4.244924e-02 
3.294770e-01 	4.241947e-02 
3.296080e-01 	4.238994e-02 
3.297400e-01 	4.236021e-02 
3.298710e-01 	4.233072e-02 
3.300030e-01 	4.230103e-02 
3.301340e-01 	4.227157e-02 
3.302660e-01 	4.224191e-02 
3.303980e-01 	4.221227e-02 
3.305290e-01 	4.218287e-02 
3.306610e-01 	4.215327e-02 
3.307920e-01 	4.212390e-02 
3.309240e-01 	4.209433e-02 
3.310550e-01 	4.206499e-02 
3.311870e-01 	4.203545e-02 
3.313180e-01 	4.200615e-02 
3.314500e-01 	4.197664e-02 
3.315810e-01 	4.194737e-02 
3.317130e-01 	4.191789e-02 
3.318440e-01 	4.188865e-02 
3.319760e-01 	4.185920e-02 
3.321080e-01 	4.182976e-02 
3.322390e-01 	4.180056e-02 
3.323710e-01 	4.177116e-02 
3.325020e-01 	4.174199e-02 
3.326340e-01 	4.171260e-02 
3.327650e-01 	4.168346e-02 
3.328970e-01 	4.165410e-02 
3.330280e-01 	4.162499e-02 
3.331600e-01 	4.159566e-02 
3.332920e-01 	4.156634e-02 
3.334230e-01 	4.153725e-02 
3.335540e-01 	4.150818e-02 
3.336860e-01 	4.147890e-02 
3.338180e-01 	4.144963e-02 
3.339490e-01 	4.142059e-02 
3.340810e-01 	4.139134e-02 
3.342120e-01 	4.136232e-02 
3.343440e-01 	4.133309e-02 
3.344750e-01 	4.130409e-02 
3.346070e-01 	4.127488e-02 
3.347380e-01 	4.124590e-02 
3.348700e-01 	4.121671e-02 
3.350010e-01 	4.118775e-02 
3.351330e-01 	4.115858e-02 
3.352650e-01 	4.112941e-02 
3.353960e-01 	4.110047e-02 
3.355280e-01 	4.107132e-02 
3.356590e-01 	4.104240e-02 
3.357910e-01 	4.101327e-02 
3.359220e-01 	4.098436e-02 
3.360540e-01 	4.095524e-02 
3.361850e-01 	4.092635e-02 
3.363170e-01 	4.089724e-02 
3.364480e-01 	4.086836e-02 
3.365800e-01 	4.083926e-02 
3.367120e-01 	4.081017e-02 
3.368430e-01 	4.078131e-02 
3.369750e-01 	4.075223e-02 
3.371060e-01 	4.072337e-02 
3.372380e-01 	4.069430e-02 
3.373690e-01 	4.066546e-02 
3.375010e-01 	4.063639e-02 
3.376320e-01 	4.060756e-02 
3.377640e-01 	4.057850e-02 
3.378950e-01 	4.054967e-02 
3.380270e-01 	4.052062e-02 
3.381580e-01 	4.049180e-02 
3.382900e-01 	4.046276e-02 
3.384210e-01 	4.043394e-02 
3.385530e-01 	4.040490e-02 
3.386850e-01 	4.037586e-02 
3.388160e-01 	4.034705e-02 
3.389480e-01 	4.031802e-02 
3.390790e-01 	4.028920e-02 
3.392110e-01 	4.026017e-02 
3.393420e-01 	4.023136e-02 
3.394740e-01 	4.020233e-02 
3.396050e-01 	4.017352e-02 
3.397370e-01 	4.014449e-02 
3.398690e-01 	4.011546e-02 
3.400000e-01 	4.008665e-02 
