#q 	 Ifit_avg 
3.198000e-03 	1.000000e+00 
3.574000e-03 	9.988969e-01 
3.950000e-03 	9.977928e-01 
4.326000e-03 	9.966866e-01 
4.702000e-03 	9.955773e-01 
5.079000e-03 	9.944609e-01 
5.455000e-03 	9.933422e-01 
5.831000e-03 	9.922171e-01 
6.207000e-03 	9.910847e-01 
6.583000e-03 	9.899439e-01 
6.959000e-03 	9.887936e-01 
7.336000e-03 	9.876296e-01 
7.712000e-03 	9.864571e-01 
8.088000e-03 	9.852720e-01 
8.464000e-03 	9.840731e-01 
8.840000e-03 	9.828595e-01 
9.217000e-03 	9.816267e-01 
9.593000e-03 	9.803802e-01 
9.969000e-03 	9.791159e-01 
1.034500e-02 	9.778325e-01 
1.072100e-02 	9.765290e-01 
1.109700e-02 	9.752043e-01 
1.147400e-02 	9.738539e-01 
1.185000e-02 	9.724838e-01 
1.222600e-02 	9.710893e-01 
1.260200e-02 	9.696695e-01 
1.297800e-02 	9.682233e-01 
1.335500e-02 	9.667455e-01 
1.373100e-02 	9.652432e-01 
1.410700e-02 	9.637112e-01 
1.448300e-02 	9.621485e-01 
1.485900e-02 	9.605541e-01 
1.523600e-02 	9.589225e-01 
1.561200e-02 	9.572614e-01 
1.598800e-02 	9.555654e-01 
1.636400e-02 	9.538334e-01 
1.674000e-02 	9.520645e-01 
1.711600e-02 	9.502576e-01 
1.749300e-02 	9.484068e-01 
1.786900e-02 	9.465209e-01 
1.824500e-02 	9.445941e-01 
1.862100e-02 	9.426257e-01 
1.899700e-02 	9.406149e-01 
1.937400e-02 	9.385553e-01 
1.975000e-02 	9.364573e-01 
2.012600e-02 	9.343150e-01 
2.050200e-02 	9.321280e-01 
2.087800e-02 	9.298959e-01 
2.125400e-02 	9.276185e-01 
2.163100e-02 	9.252895e-01 
2.200700e-02 	9.229213e-01 
2.238300e-02 	9.205080e-01 
2.275900e-02 	9.180498e-01 
2.313500e-02 	9.155471e-01 
2.351200e-02 	9.129935e-01 
2.388800e-02 	9.104032e-01 
2.426400e-02 	9.077703e-01 
2.464000e-02 	9.050953e-01 
2.501600e-02 	9.023789e-01 
2.539200e-02 	8.996221e-01 
2.576900e-02 	8.968181e-01 
2.614500e-02 	8.939826e-01 
2.652100e-02 	8.911093e-01 
2.689700e-02 	8.881989e-01 
2.727300e-02 	8.852523e-01 
2.764900e-02 	8.822703e-01 
2.802600e-02 	8.792459e-01 
2.840200e-02 	8.761958e-01 
2.877800e-02 	8.731130e-01 
2.915400e-02 	8.699984e-01 
2.953000e-02 	8.668528e-01 
2.990700e-02 	8.636686e-01 
3.028300e-02 	8.604635e-01 
3.065900e-02 	8.572301e-01 
3.103500e-02 	8.539691e-01 
3.141100e-02 	8.506815e-01 
3.178700e-02 	8.473680e-01 
3.216400e-02 	8.440205e-01 
3.254000e-02 	8.406578e-01 
3.291600e-02 	8.372717e-01 
3.329200e-02 	8.338630e-01 
3.366800e-02 	8.304326e-01 
3.404400e-02 	8.269813e-01 
3.442100e-02 	8.235006e-01 
3.479700e-02 	8.200097e-01 
3.517300e-02 	8.165001e-01 
3.554900e-02 	8.129727e-01 
3.592500e-02 	8.094281e-01 
3.630200e-02 	8.058576e-01 
3.667800e-02 	8.022808e-01 
3.705400e-02 	7.986891e-01 
3.743000e-02 	7.950830e-01 
3.780600e-02 	7.914632e-01 
3.818200e-02 	7.878304e-01 
3.855900e-02 	7.841754e-01 
3.893500e-02 	7.805183e-01 
3.931100e-02 	7.768500e-01 
3.968700e-02 	7.731712e-01 
4.006300e-02 	7.694824e-01 
4.043900e-02 	7.657842e-01 
4.081600e-02 	7.620671e-01 
4.119200e-02 	7.583514e-01 
4.156800e-02 	7.546278e-01 
4.194400e-02 	7.508968e-01 
4.232000e-02 	7.471589e-01 
4.269600e-02 	7.434147e-01 
4.307300e-02 	7.396545e-01 
4.344900e-02 	7.358988e-01 
4.382500e-02 	7.321380e-01 
4.420100e-02 	7.283725e-01 
4.457700e-02 	7.246028e-01 
4.495300e-02 	7.208291e-01 
4.533000e-02 	7.170420e-01 
4.570600e-02 	7.132619e-01 
4.608200e-02 	7.094791e-01 
4.645800e-02 	7.056940e-01 
4.683400e-02 	7.019071e-01 
4.721000e-02 	6.981186e-01 
4.758700e-02 	6.943189e-01 
4.796300e-02 	6.905285e-01 
4.833900e-02 	6.867375e-01 
4.871500e-02 	6.829465e-01 
4.909100e-02 	6.791557e-01 
4.946700e-02 	6.753654e-01 
4.984300e-02 	6.715761e-01 
5.022000e-02 	6.677780e-01 
5.059600e-02 	6.639915e-01 
5.097200e-02 	6.602069e-01 
5.134800e-02 	6.564246e-01 
5.172400e-02 	6.526447e-01 
5.210000e-02 	6.488678e-01 
5.247700e-02 	6.450840e-01 
5.285300e-02 	6.413138e-01 
5.322900e-02 	6.375473e-01 
5.360500e-02 	6.337850e-01 
5.398100e-02 	6.300271e-01 
5.435700e-02 	6.262740e-01 
5.473400e-02 	6.225159e-01 
5.511000e-02 	6.187730e-01 
5.548600e-02 	6.150357e-01 
5.586200e-02 	6.113043e-01 
5.623800e-02 	6.075791e-01 
5.661400e-02 	6.038602e-01 
5.699000e-02 	6.001481e-01 
5.736700e-02 	5.964331e-01 
5.774300e-02 	5.927352e-01 
5.811900e-02 	5.890449e-01 
5.849500e-02 	5.853624e-01 
5.887100e-02 	5.816878e-01 
5.924700e-02 	5.780216e-01 
5.962300e-02 	5.743639e-01 
6.000000e-02 	5.707052e-01 
6.037600e-02 	5.670653e-01 
6.075200e-02 	5.634347e-01 
6.112800e-02 	5.598136e-01 
6.150400e-02 	5.562022e-01 
6.188000e-02 	5.526008e-01 
6.225700e-02 	5.490001e-01 
6.263300e-02 	5.454195e-01 
6.300900e-02 	5.418495e-01 
6.338500e-02 	5.382904e-01 
6.376100e-02 	5.347424e-01 
6.413700e-02 	5.312057e-01 
6.451300e-02 	5.276806e-01 
6.488900e-02 	5.241672e-01 
6.526600e-02 	5.206565e-01 
6.564200e-02 	5.171673e-01 
6.601800e-02 	5.136905e-01 
6.639400e-02 	5.102262e-01 
6.677000e-02 	5.067747e-01 
6.714600e-02 	5.033362e-01 
6.752200e-02 	4.999107e-01 
6.789900e-02 	4.964895e-01 
6.827500e-02 	4.930908e-01 
6.865100e-02 	4.897058e-01 
6.902700e-02 	4.863346e-01 
6.940300e-02 	4.829775e-01 
6.977900e-02 	4.796345e-01 
7.015500e-02 	4.763059e-01 
7.053200e-02 	4.729831e-01 
7.090800e-02 	4.696838e-01 
7.128400e-02 	4.663992e-01 
7.166000e-02 	4.631297e-01 
7.203600e-02 	4.598751e-01 
7.241200e-02 	4.566358e-01 
7.278800e-02 	4.534118e-01 
7.316400e-02 	4.502032e-01 
7.354100e-02 	4.470017e-01 
7.391700e-02 	4.438244e-01 
7.429300e-02 	4.406629e-01 
7.466900e-02 	4.375174e-01 
7.504500e-02 	4.343880e-01 
7.542100e-02 	4.312748e-01 
7.579700e-02 	4.281779e-01 
7.617300e-02 	4.250974e-01 
7.655000e-02 	4.220253e-01 
7.692600e-02 	4.189778e-01 
7.730200e-02 	4.159469e-01 
7.767800e-02 	4.129326e-01 
7.805400e-02 	4.099350e-01 
7.843000e-02 	4.069542e-01 
7.880600e-02 	4.039901e-01 
7.918200e-02 	4.010430e-01 
7.955900e-02 	3.981049e-01 
7.993500e-02 	3.951917e-01 
8.031100e-02 	3.922954e-01 
8.068700e-02 	3.894163e-01 
8.106300e-02 	3.865543e-01 
8.143900e-02 	3.837095e-01 
8.181500e-02 	3.808820e-01 
8.219100e-02 	3.780718e-01 
8.256700e-02 	3.752788e-01 
8.294400e-02 	3.724958e-01 
8.332000e-02 	3.697375e-01 
8.369600e-02 	3.669964e-01 
8.407200e-02 	3.642726e-01 
8.444800e-02 	3.615660e-01 
8.482400e-02 	3.588767e-01 
8.520000e-02 	3.562046e-01 
8.557600e-02 	3.535497e-01 
8.595200e-02 	3.509120e-01 
8.632900e-02 	3.482846e-01 
8.670500e-02 	3.456814e-01 
8.708100e-02 	3.430953e-01 
8.745700e-02 	3.405265e-01 
8.783300e-02 	3.379748e-01 
8.820900e-02 	3.354403e-01 
8.858500e-02 	3.329229e-01 
8.896100e-02 	3.304226e-01 
8.933700e-02 	3.279393e-01 
8.971300e-02 	3.254731e-01 
9.009000e-02 	3.230174e-01 
9.046600e-02 	3.205852e-01 
9.084200e-02 	3.181700e-01 
9.121800e-02 	3.157716e-01 
9.159400e-02 	3.133900e-01 
9.197000e-02 	3.110252e-01 
9.234600e-02 	3.086773e-01 
9.272200e-02 	3.063460e-01 
9.309800e-02 	3.040314e-01 
9.347400e-02 	3.017335e-01 
9.385000e-02 	2.994522e-01 
9.422700e-02 	2.971814e-01 
9.460300e-02 	2.949332e-01 
9.497900e-02 	2.927014e-01 
9.535500e-02 	2.904859e-01 
9.573100e-02 	2.882868e-01 
9.610700e-02 	2.861038e-01 
9.648300e-02 	2.839370e-01 
9.685900e-02 	2.817863e-01 
9.723500e-02 	2.796516e-01 
9.761100e-02 	2.775329e-01 
9.798700e-02 	2.754301e-01 
9.836400e-02 	2.733376e-01 
9.874000e-02 	2.712665e-01 
9.911600e-02 	2.692111e-01 
9.949200e-02 	2.671714e-01 
9.986800e-02 	2.651473e-01 
1.002440e-01 	2.631388e-01 
1.006200e-01 	2.611459e-01 
1.009960e-01 	2.591683e-01 
1.013720e-01 	2.572062e-01 
1.017480e-01 	2.552595e-01 
1.021240e-01 	2.533280e-01 
1.025000e-01 	2.514116e-01 
1.028760e-01 	2.495103e-01 
1.032520e-01 	2.476240e-01 
1.036290e-01 	2.457477e-01 
1.040050e-01 	2.438911e-01 
1.043810e-01 	2.420492e-01 
1.047570e-01 	2.402220e-01 
1.051330e-01 	2.384093e-01 
1.055090e-01 	2.366111e-01 
1.058850e-01 	2.348272e-01 
1.062610e-01 	2.330576e-01 
1.066370e-01 	2.313023e-01 
1.070130e-01 	2.295611e-01 
1.073890e-01 	2.278340e-01 
1.077650e-01 	2.261208e-01 
1.081410e-01 	2.244216e-01 
1.085170e-01 	2.227362e-01 
1.088940e-01 	2.210601e-01 
1.092700e-01 	2.194021e-01 
1.096460e-01 	2.177578e-01 
1.100220e-01 	2.161270e-01 
1.103980e-01 	2.145096e-01 
1.107740e-01 	2.129056e-01 
1.111500e-01 	2.113148e-01 
1.115260e-01 	2.097373e-01 
1.119020e-01 	2.081728e-01 
1.122780e-01 	2.066213e-01 
1.126540e-01 	2.050827e-01 
1.130300e-01 	2.035570e-01 
1.134060e-01 	2.020440e-01 
1.137820e-01 	2.005436e-01 
1.141580e-01 	1.990558e-01 
1.145340e-01 	1.975805e-01 
1.149100e-01 	1.961176e-01 
1.152860e-01 	1.946670e-01 
1.156620e-01 	1.932286e-01 
1.160380e-01 	1.918023e-01 
1.164140e-01 	1.903882e-01 
1.167910e-01 	1.889823e-01 
1.171670e-01 	1.875920e-01 
1.175420e-01 	1.862172e-01 
1.179190e-01 	1.848468e-01 
1.182950e-01 	1.834917e-01 
1.186710e-01 	1.821482e-01 
1.190470e-01 	1.808162e-01 
1.194230e-01 	1.794955e-01 
1.197990e-01 	1.781861e-01 
1.201750e-01 	1.768880e-01 
1.205510e-01 	1.756010e-01 
1.209270e-01 	1.743251e-01 
1.213030e-01 	1.730601e-01 
1.216790e-01 	1.718061e-01 
1.220550e-01 	1.705629e-01 
1.224310e-01 	1.693305e-01 
1.228070e-01 	1.681087e-01 
1.231830e-01 	1.668976e-01 
1.235590e-01 	1.656970e-01 
1.239350e-01 	1.645068e-01 
1.243110e-01 	1.633269e-01 
1.246870e-01 	1.621573e-01 
1.250630e-01 	1.609979e-01 
1.254390e-01 	1.598486e-01 
1.258150e-01 	1.587094e-01 
1.261910e-01 	1.575801e-01 
1.265670e-01 	1.564606e-01 
1.269430e-01 	1.553509e-01 
1.273190e-01 	1.542509e-01 
1.276950e-01 	1.531605e-01 
1.280710e-01 	1.520797e-01 
1.284470e-01 	1.510083e-01 
1.288230e-01 	1.499463e-01 
1.291990e-01 	1.488935e-01 
1.295750e-01 	1.478500e-01 
1.299510e-01 	1.468156e-01 
1.303270e-01 	1.457903e-01 
1.307030e-01 	1.447740e-01 
1.310790e-01 	1.437666e-01 
1.314550e-01 	1.427681e-01 
1.318310e-01 	1.417784e-01 
1.322070e-01 	1.407975e-01 
1.325830e-01 	1.398253e-01 
1.329590e-01 	1.388617e-01 
1.333350e-01 	1.379067e-01 
1.337110e-01 	1.369601e-01 
1.340870e-01 	1.360220e-01 
1.344630e-01 	1.350922e-01 
1.348390e-01 	1.341706e-01 
1.352150e-01 	1.332573e-01 
1.355910e-01 	1.323520e-01 
1.359670e-01 	1.314549e-01 
1.363430e-01 	1.305656e-01 
1.367190e-01 	1.296843e-01 
1.370950e-01 	1.288108e-01 
1.374710e-01 	1.279450e-01 
1.378470e-01 	1.270869e-01 
1.382230e-01 	1.262364e-01 
1.385990e-01 	1.253935e-01 
1.389750e-01 	1.245580e-01 
1.393510e-01 	1.237300e-01 
1.397270e-01 	1.229093e-01 
1.401030e-01 	1.220959e-01 
1.404790e-01 	1.212898e-01 
1.408550e-01 	1.204907e-01 
1.412310e-01 	1.196988e-01 
1.416070e-01 	1.189139e-01 
1.419830e-01 	1.181360e-01 
1.423590e-01 	1.173651e-01 
1.427350e-01 	1.166009e-01 
1.431110e-01 	1.158436e-01 
1.434870e-01 	1.150931e-01 
1.438630e-01 	1.143492e-01 
1.442390e-01 	1.136119e-01 
1.446140e-01 	1.128832e-01 
1.449900e-01 	1.121590e-01 
1.453660e-01 	1.114413e-01 
1.457420e-01 	1.107299e-01 
1.461180e-01 	1.100249e-01 
1.464940e-01 	1.093262e-01 
1.468700e-01 	1.086336e-01 
1.472460e-01 	1.079472e-01 
1.476220e-01 	1.072669e-01 
1.479980e-01 	1.065926e-01 
1.483740e-01 	1.059243e-01 
1.487500e-01 	1.052619e-01 
1.491260e-01 	1.046053e-01 
1.495020e-01 	1.039547e-01 
1.498780e-01 	1.033098e-01 
1.502540e-01 	1.026706e-01 
1.506300e-01 	1.020371e-01 
1.510050e-01 	1.014110e-01 
1.513820e-01 	1.007871e-01 
1.517570e-01 	1.001720e-01 
1.521330e-01 	9.956084e-02 
1.525090e-01 	9.895511e-02 
1.528850e-01 	9.835478e-02 
1.532610e-01 	9.775982e-02 
1.536370e-01 	9.717017e-02 
1.540130e-01 	9.658578e-02 
1.543890e-01 	9.600662e-02 
1.547650e-01 	9.543263e-02 
1.551410e-01 	9.486376e-02 
1.555170e-01 	9.429996e-02 
1.558930e-01 	9.374118e-02 
1.562690e-01 	9.318739e-02 
1.566440e-01 	9.263997e-02 
1.570200e-01 	9.209597e-02 
1.573960e-01 	9.155680e-02 
1.577720e-01 	9.102241e-02 
1.581480e-01 	9.049276e-02 
1.585240e-01 	8.996779e-02 
1.589000e-01 	8.944745e-02 
1.592760e-01 	8.893171e-02 
1.596520e-01 	8.842051e-02 
1.600280e-01 	8.791379e-02 
1.604040e-01 	8.741151e-02 
1.607790e-01 	8.691494e-02 
1.611550e-01 	8.642139e-02 
1.615310e-01 	8.593217e-02 
1.619070e-01 	8.544722e-02 
1.622830e-01 	8.496651e-02 
1.626590e-01 	8.449002e-02 
1.630350e-01 	8.401769e-02 
1.634110e-01 	8.354950e-02 
1.637870e-01 	8.308540e-02 
1.641630e-01 	8.262537e-02 
1.645390e-01 	8.216936e-02 
1.649140e-01 	8.171854e-02 
1.652900e-01 	8.127046e-02 
1.656660e-01 	8.082630e-02 
1.660420e-01 	8.038603e-02 
1.664180e-01 	7.994960e-02 
1.667940e-01 	7.951699e-02 
1.671700e-01 	7.908817e-02 
1.675460e-01 	7.866310e-02 
1.679210e-01 	7.824288e-02 
1.682970e-01 	7.782522e-02 
1.686730e-01 	7.741122e-02 
1.690490e-01 	7.700086e-02 
1.694250e-01 	7.659410e-02 
1.698010e-01 	7.619090e-02 
1.701770e-01 	7.579125e-02 
1.705530e-01 	7.539510e-02 
1.709280e-01 	7.500346e-02 
1.713040e-01 	7.461422e-02 
1.716800e-01 	7.422839e-02 
1.720560e-01 	7.384592e-02 
1.724320e-01 	7.346679e-02 
1.728080e-01 	7.309096e-02 
1.731840e-01 	7.271840e-02 
1.735600e-01 	7.234907e-02 
1.739350e-01 	7.198390e-02 
1.743110e-01 	7.162091e-02 
1.746870e-01 	7.126106e-02 
1.750630e-01 	7.090429e-02 
1.754390e-01 	7.055058e-02 
1.758150e-01 	7.019989e-02 
1.761910e-01 	6.985220e-02 
1.765660e-01 	6.950838e-02 
1.769420e-01 	6.916658e-02 
1.773180e-01 	6.882768e-02 
1.776940e-01 	6.849165e-02 
1.780700e-01 	6.815846e-02 
1.784450e-01 	6.782896e-02 
1.788210e-01 	6.750137e-02 
1.791970e-01 	6.717652e-02 
1.795730e-01 	6.685440e-02 
1.799490e-01 	6.653498e-02 
1.803250e-01 	6.621822e-02 
1.807010e-01 	6.590412e-02 
1.810760e-01 	6.559346e-02 
1.814520e-01 	6.528458e-02 
1.818280e-01 	6.497830e-02 
1.822040e-01 	6.467458e-02 
1.825800e-01 	6.437342e-02 
1.829560e-01 	6.407479e-02 
1.833310e-01 	6.377946e-02 
1.837070e-01 	6.348583e-02 
1.840830e-01 	6.319468e-02 
1.844590e-01 	6.290598e-02 
1.848350e-01 	6.261972e-02 
1.852100e-01 	6.233661e-02 
1.855860e-01 	6.205514e-02 
1.859620e-01 	6.177604e-02 
1.863380e-01 	6.149929e-02 
1.867140e-01 	6.122486e-02 
1.870890e-01 	6.095346e-02 
1.874650e-01 	6.068361e-02 
1.878410e-01 	6.041602e-02 
1.882170e-01 	6.015067e-02 
1.885930e-01 	5.988754e-02 
1.889680e-01 	5.962729e-02 
1.893440e-01 	5.936851e-02 
1.897200e-01 	5.911188e-02 
1.900960e-01 	5.885738e-02 
1.904720e-01 	5.860497e-02 
1.908470e-01 	5.835531e-02 
1.912230e-01 	5.810704e-02 
1.915990e-01 	5.786081e-02 
1.919750e-01 	5.761660e-02 
1.923510e-01 	5.737438e-02 
1.927260e-01 	5.713477e-02 
1.931020e-01 	5.689648e-02 
1.934780e-01 	5.666012e-02 
1.938540e-01 	5.642567e-02 
1.942290e-01 	5.619373e-02 
1.946050e-01 	5.596304e-02 
1.949810e-01 	5.573420e-02 
1.953570e-01 	5.550719e-02 
1.957330e-01 	5.528199e-02 
1.961080e-01 	5.505917e-02 
1.964840e-01 	5.483751e-02 
1.968600e-01 	5.461760e-02 
1.972360e-01 	5.439942e-02 
1.976110e-01 	5.418352e-02 
1.979870e-01 	5.396874e-02 
1.983630e-01 	5.375564e-02 
1.987390e-01 	5.354419e-02 
1.991140e-01 	5.333496e-02 
1.994900e-01 	5.312679e-02 
1.998660e-01 	5.292025e-02 
2.002420e-01 	5.271530e-02 
2.006170e-01 	5.251249e-02 
2.009930e-01 	5.231072e-02 
2.013690e-01 	5.211051e-02 
2.017450e-01 	5.191186e-02 
2.021200e-01 	5.171527e-02 
2.024960e-01 	5.151969e-02 
2.028720e-01 	5.132562e-02 
2.032480e-01 	5.113306e-02 
2.036230e-01 	5.094249e-02 
2.039990e-01 	5.075288e-02 
2.043750e-01 	5.056473e-02 
2.047510e-01 	5.037803e-02 
2.051260e-01 	5.019325e-02 
2.055020e-01 	5.000940e-02 
2.058780e-01 	4.982696e-02 
2.062530e-01 	4.964639e-02 
2.066290e-01 	4.946672e-02 
2.070050e-01 	4.928842e-02 
2.073810e-01 	4.911148e-02 
2.077560e-01 	4.893635e-02 
2.081320e-01 	4.876209e-02 
2.085080e-01 	4.858914e-02 
2.088840e-01 	4.841750e-02 
2.092590e-01 	4.824761e-02 
2.096350e-01 	4.807855e-02 
2.100110e-01 	4.791076e-02 
2.103860e-01 	4.774466e-02 
2.107620e-01 	4.757937e-02 
2.111380e-01 	4.741530e-02 
2.115130e-01 	4.725289e-02 
2.118890e-01 	4.709125e-02 
2.122650e-01 	4.693080e-02 
2.126410e-01 	4.677153e-02 
2.130160e-01 	4.661386e-02 
2.133920e-01 	4.645691e-02 
2.137680e-01 	4.630111e-02 
2.141430e-01 	4.614685e-02 
2.145190e-01 	4.599330e-02 
2.148950e-01 	4.584085e-02 
2.152700e-01 	4.568990e-02 
2.156460e-01 	4.553962e-02 
2.160220e-01 	4.539041e-02 
2.163970e-01 	4.524265e-02 
2.167730e-01 	4.509554e-02 
2.171490e-01 	4.494946e-02 
2.175240e-01 	4.480477e-02 
2.179000e-01 	4.466071e-02 
2.182760e-01 	4.451764e-02 
2.186510e-01 	4.437593e-02 
2.190270e-01 	4.423481e-02 
2.194030e-01 	4.409466e-02 
2.197780e-01 	4.395583e-02 
2.201540e-01 	4.381757e-02 
2.205300e-01 	4.368026e-02 
2.209050e-01 	4.354423e-02 
2.212810e-01 	4.340877e-02 
2.216570e-01 	4.327422e-02 
2.220320e-01 	4.314093e-02 
2.224080e-01 	4.300818e-02 
2.227840e-01 	4.287633e-02 
2.231590e-01 	4.274572e-02 
2.235350e-01 	4.261563e-02 
2.239100e-01 	4.248675e-02 
2.242860e-01 	4.235840e-02 
2.246620e-01 	4.223090e-02 
2.250370e-01 	4.210459e-02 
2.254130e-01 	4.197879e-02 
2.257890e-01 	4.185382e-02 
2.261640e-01 	4.173000e-02 
2.265400e-01 	4.160668e-02 
2.269160e-01 	4.148417e-02 
2.272910e-01 	4.136279e-02 
2.276670e-01 	4.124188e-02 
2.280420e-01 	4.112209e-02 
2.284180e-01 	4.100275e-02 
2.287940e-01 	4.088420e-02 
2.291690e-01 	4.076673e-02 
2.295450e-01 	4.064970e-02 
2.299210e-01 	4.053343e-02 
2.302960e-01 	4.041822e-02 
2.306720e-01 	4.030344e-02 
2.310470e-01 	4.018969e-02 
2.314230e-01 	4.007637e-02 
2.317990e-01 	3.996377e-02 
2.321740e-01 	3.985217e-02 
2.325500e-01 	3.974098e-02 
2.329250e-01 	3.963078e-02 
2.333010e-01 	3.952098e-02 
2.336760e-01 	3.941215e-02 
2.340520e-01 	3.930370e-02 
2.344280e-01 	3.919592e-02 
2.348030e-01 	3.908909e-02 
2.351790e-01 	3.898263e-02 
2.355550e-01 	3.887681e-02 
2.359300e-01 	3.877190e-02 
2.363060e-01 	3.866735e-02 
2.366810e-01 	3.856370e-02 
2.370570e-01 	3.846039e-02 
2.374320e-01 	3.835797e-02 
2.378080e-01 	3.825587e-02 
2.381840e-01 	3.815437e-02 
2.385590e-01 	3.805372e-02 
2.389350e-01 	3.795339e-02 
2.393100e-01 	3.785390e-02 
2.396860e-01 	3.775472e-02 
2.400610e-01 	3.765636e-02 
2.404370e-01 	3.755831e-02 
2.408120e-01 	3.746106e-02 
2.411880e-01 	3.736411e-02 
2.415640e-01 	3.726771e-02 
2.419390e-01 	3.717211e-02 
2.423150e-01 	3.707679e-02 
2.426900e-01 	3.698226e-02 
2.430660e-01 	3.688801e-02 
2.434410e-01 	3.679453e-02 
2.438170e-01 	3.670133e-02 
2.441920e-01 	3.660889e-02 
2.445680e-01 	3.651673e-02 
2.449430e-01 	3.642531e-02 
2.453190e-01 	3.633416e-02 
2.456950e-01 	3.624351e-02 
2.460700e-01 	3.615360e-02 
2.464460e-01 	3.606394e-02 
2.468210e-01 	3.597501e-02 
2.471970e-01 	3.588633e-02 
2.475720e-01 	3.579836e-02 
2.479480e-01 	3.571064e-02 
2.483230e-01 	3.562362e-02 
2.486990e-01 	3.553685e-02 
2.490740e-01 	3.545076e-02 
2.494500e-01 	3.536491e-02 
2.498250e-01 	3.527974e-02 
2.502010e-01 	3.519479e-02 
2.505760e-01 	3.511052e-02 
2.509520e-01 	3.502647e-02 
2.513270e-01 	3.494309e-02 
2.517030e-01 	3.485991e-02 
2.520780e-01 	3.477739e-02 
2.524540e-01 	3.469508e-02 
2.528290e-01 	3.461340e-02 
2.532050e-01 	3.453193e-02 
2.535800e-01 	3.445110e-02 
2.539560e-01 	3.437046e-02 
2.543310e-01 	3.429044e-02 
2.547070e-01 	3.421061e-02 
2.550820e-01 	3.413139e-02 
2.554570e-01 	3.405257e-02 
2.558330e-01 	3.397393e-02 
2.562080e-01 	3.389589e-02 
2.565840e-01 	3.381803e-02 
2.569590e-01 	3.374075e-02 
2.573350e-01 	3.366364e-02 
2.577100e-01 	3.358711e-02 
2.580860e-01 	3.351075e-02 
2.584610e-01 	3.343496e-02 
2.588370e-01 	3.335933e-02 
2.592120e-01 	3.328427e-02 
2.595880e-01 	3.320937e-02 
2.599630e-01 	3.313502e-02 
2.603380e-01 	3.306103e-02 
2.607140e-01 	3.298719e-02 
2.610890e-01 	3.291390e-02 
2.614650e-01 	3.284076e-02 
2.618400e-01 	3.276815e-02 
2.622160e-01 	3.269569e-02 
2.625910e-01 	3.262377e-02 
2.629670e-01 	3.255199e-02 
2.633420e-01 	3.248073e-02 
2.637180e-01 	3.240961e-02 
2.640930e-01 	3.233902e-02 
2.644680e-01 	3.226874e-02 
2.648440e-01 	3.219861e-02 
2.652190e-01 	3.212898e-02 
2.655950e-01 	3.205948e-02 
2.659700e-01 	3.199048e-02 
2.663450e-01 	3.192180e-02 
2.667210e-01 	3.185325e-02 
2.670960e-01 	3.178518e-02 
2.674720e-01 	3.171724e-02 
2.678470e-01 	3.164979e-02 
2.682220e-01 	3.158264e-02 
2.685980e-01 	3.151561e-02 
2.689730e-01 	3.144905e-02 
2.693490e-01 	3.138261e-02 
2.697240e-01 	3.131665e-02 
2.700990e-01 	3.125097e-02 
2.704750e-01 	3.118541e-02 
2.708500e-01 	3.112031e-02 
2.712260e-01 	3.105532e-02 
2.716010e-01 	3.099079e-02 
2.719760e-01 	3.092654e-02 
2.723520e-01 	3.086239e-02 
2.727270e-01 	3.079870e-02 
2.731020e-01 	3.073527e-02 
2.734780e-01 	3.067195e-02 
2.738530e-01 	3.060907e-02 
2.742290e-01 	3.054629e-02 
2.746040e-01 	3.048394e-02 
2.749790e-01 	3.042185e-02 
2.753550e-01 	3.035986e-02 
2.757300e-01 	3.029830e-02 
2.761050e-01 	3.023699e-02 
2.764810e-01 	3.017577e-02 
2.768560e-01 	3.011497e-02 
2.772310e-01 	3.005442e-02 
2.776070e-01 	2.999396e-02 
2.779820e-01 	2.993390e-02 
2.783580e-01 	2.987393e-02 
2.787330e-01 	2.981436e-02 
2.791080e-01 	2.975504e-02 
2.794840e-01 	2.969579e-02 
2.798590e-01 	2.963695e-02 
2.802340e-01 	2.957834e-02 
2.806100e-01 	2.951982e-02 
2.809850e-01 	2.946168e-02 
2.813600e-01 	2.940378e-02 
2.817360e-01 	2.934596e-02 
2.821110e-01 	2.928852e-02 
2.824860e-01 	2.923132e-02 
2.828620e-01 	2.917419e-02 
2.832370e-01 	2.911744e-02 
2.836120e-01 	2.906092e-02 
2.839870e-01 	2.900462e-02 
2.843630e-01 	2.894840e-02 
2.847380e-01 	2.889254e-02 
2.851130e-01 	2.883691e-02 
2.854890e-01 	2.878135e-02 
2.858640e-01 	2.872615e-02 
2.862390e-01 	2.867118e-02 
2.866140e-01 	2.861641e-02 
2.869900e-01 	2.856171e-02 
2.873650e-01 	2.850738e-02 
2.877400e-01 	2.845325e-02 
2.881160e-01 	2.839919e-02 
2.884910e-01 	2.834548e-02 
2.888660e-01 	2.829197e-02 
2.892410e-01 	2.823868e-02 
2.896170e-01 	2.818544e-02 
2.899920e-01 	2.813255e-02 
2.903670e-01 	2.807986e-02 
2.907430e-01 	2.802723e-02 
2.911180e-01 	2.797495e-02 
2.914930e-01 	2.792286e-02 
2.918680e-01 	2.787096e-02 
2.922440e-01 	2.781913e-02 
2.926190e-01 	2.776762e-02 
2.929940e-01 	2.771632e-02 
2.933690e-01 	2.766520e-02 
2.937450e-01 	2.761413e-02 
2.941200e-01 	2.756340e-02 
2.944950e-01 	2.751284e-02 
2.948700e-01 	2.746248e-02 
2.952460e-01 	2.741217e-02 
2.956210e-01 	2.736217e-02 
2.959960e-01 	2.731236e-02 
2.963710e-01 	2.726272e-02 
2.967470e-01 	2.721314e-02 
2.971220e-01 	2.716386e-02 
2.974970e-01 	2.711477e-02 
2.978720e-01 	2.706584e-02 
2.982480e-01 	2.701696e-02 
2.986230e-01 	2.696839e-02 
2.989980e-01 	2.691999e-02 
2.993730e-01 	2.687175e-02 
2.997480e-01 	2.682369e-02 
3.001230e-01 	2.677580e-02 
3.004990e-01 	2.672795e-02 
3.008740e-01 	2.668040e-02 
3.012490e-01 	2.663301e-02 
3.016240e-01 	2.658579e-02 
3.020000e-01 	2.653861e-02 
3.023750e-01 	2.649172e-02 
3.027500e-01 	2.644499e-02 
3.031250e-01 	2.639842e-02 
3.035000e-01 	2.635202e-02 
3.038760e-01 	2.630565e-02 
3.042510e-01 	2.625957e-02 
3.046260e-01 	2.621364e-02 
3.050010e-01 	2.616787e-02 
3.053760e-01 	2.612226e-02 
3.057510e-01 	2.607681e-02 
3.061270e-01 	2.603139e-02 
3.065020e-01 	2.598624e-02 
3.068770e-01 	2.594125e-02 
3.072520e-01 	2.589641e-02 
3.076270e-01 	2.585173e-02 
3.080020e-01 	2.580719e-02 
3.083780e-01 	2.576269e-02 
3.087530e-01 	2.571845e-02 
3.091280e-01 	2.567437e-02 
3.095030e-01 	2.563043e-02 
3.098780e-01 	2.558664e-02 
3.102530e-01 	2.554299e-02 
3.106280e-01 	2.549949e-02 
3.110030e-01 	2.545613e-02 
3.113790e-01 	2.541281e-02 
3.117540e-01 	2.536974e-02 
3.121290e-01 	2.532681e-02 
3.125040e-01 	2.528403e-02 
3.128790e-01 	2.524138e-02 
3.132540e-01 	2.519888e-02 
3.136290e-01 	2.515652e-02 
3.140040e-01 	2.511429e-02 
3.143800e-01 	2.507209e-02 
3.147550e-01 	2.503014e-02 
3.151300e-01 	2.498833e-02 
3.155050e-01 	2.494665e-02 
3.158800e-01 	2.490511e-02 
3.162550e-01 	2.486370e-02 
3.166300e-01 	2.482243e-02 
3.170050e-01 	2.478128e-02 
3.173800e-01 	2.474027e-02 
3.177550e-01 	2.469939e-02 
3.181310e-01 	2.465853e-02 
3.185060e-01 	2.461791e-02 
3.188810e-01 	2.457741e-02 
3.192560e-01 	2.453705e-02 
3.196310e-01 	2.449681e-02 
3.200060e-01 	2.445669e-02 
3.203810e-01 	2.441671e-02 
3.207560e-01 	2.437684e-02 
3.211310e-01 	2.433710e-02 
3.215060e-01 	2.429749e-02 
3.218810e-01 	2.425799e-02 
3.222560e-01 	2.421862e-02 
3.226310e-01 	2.417937e-02 
3.230060e-01 	2.414024e-02 
3.233810e-01 	2.410123e-02 
3.237570e-01 	2.406223e-02 
3.241320e-01 	2.402346e-02 
3.245070e-01 	2.398481e-02 
3.248820e-01 	2.394627e-02 
3.252570e-01 	2.390785e-02 
3.256320e-01 	2.386954e-02 
3.260070e-01 	2.383135e-02 
3.263820e-01 	2.379328e-02 
3.267570e-01 	2.375532e-02 
3.271320e-01 	2.371748e-02 
3.275070e-01 	2.367975e-02 
3.278820e-01 	2.364213e-02 
3.282570e-01 	2.360462e-02 
3.286320e-01 	2.356723e-02 
3.290070e-01 	2.352994e-02 
3.293820e-01 	2.349277e-02 
3.297570e-01 	2.345571e-02 
3.301320e-01 	2.341876e-02 
3.305070e-01 	2.338192e-02 
3.308820e-01 	2.334519e-02 
3.312570e-01 	2.330857e-02 
3.316320e-01 	2.327205e-02 
3.320070e-01 	2.323565e-02 
3.323820e-01 	2.319936e-02 
3.327570e-01 	2.316317e-02 
3.331320e-01 	2.312709e-02 
3.335070e-01 	2.309112e-02 
3.338820e-01 	2.305525e-02 
3.342570e-01 	2.301950e-02 
3.346320e-01 	2.298385e-02 
3.350070e-01 	2.294830e-02 
3.353820e-01 	2.291286e-02 
3.357570e-01 	2.287753e-02 
3.361320e-01 	2.284230e-02 
3.365070e-01 	2.280717e-02 
3.368820e-01 	2.277215e-02 
3.372560e-01 	2.273733e-02 
3.376310e-01 	2.270252e-02 
3.380060e-01 	2.266781e-02 
3.383810e-01 	2.263320e-02 
3.387560e-01 	2.259869e-02 
3.391310e-01 	2.256429e-02 
3.395060e-01 	2.252998e-02 
3.398810e-01 	2.249578e-02 
3.402560e-01 	2.246168e-02 
3.406310e-01 	2.242768e-02 
3.410060e-01 	2.239377e-02 
3.413810e-01 	2.235997e-02 
3.417560e-01 	2.232626e-02 
3.421300e-01 	2.229274e-02 
3.425050e-01 	2.225923e-02 
3.428800e-01 	2.222582e-02 
3.432550e-01 	2.219250e-02 
3.436300e-01 	2.215928e-02 
3.440050e-01 	2.212615e-02 
3.443800e-01 	2.209312e-02 
3.447550e-01 	2.206019e-02 
3.451300e-01 	2.202734e-02 
3.455050e-01 	2.199460e-02 
3.458790e-01 	2.196203e-02 
3.462540e-01 	2.192947e-02 
3.466290e-01 	2.189700e-02 
3.470040e-01 	2.186462e-02 
3.473790e-01 	2.183233e-02 
3.477540e-01 	2.180014e-02 
3.481290e-01 	2.176804e-02 
3.485040e-01 	2.173603e-02 
3.488790e-01 	2.170411e-02 
3.492530e-01 	2.167236e-02 
3.496280e-01 	2.164062e-02 
3.500030e-01 	2.160897e-02 
3.503780e-01 	2.157741e-02 
3.507530e-01 	2.154595e-02 
3.511280e-01 	2.151457e-02 
3.515020e-01 	2.148336e-02 
3.518770e-01 	2.145216e-02 
3.522520e-01 	2.142104e-02 
3.526270e-01 	2.139002e-02 
3.530020e-01 	2.135908e-02 
3.533770e-01 	2.132824e-02 
3.537510e-01 	2.129756e-02 
3.541260e-01 	2.126689e-02 
3.545010e-01 	2.123630e-02 
3.548760e-01 	2.120580e-02 
3.552510e-01 	2.117539e-02 
3.556260e-01 	2.114507e-02 
3.560000e-01 	2.111491e-02 
3.563750e-01 	2.108475e-02 
3.567500e-01 	2.105469e-02 
3.571250e-01 	2.102471e-02 
3.574990e-01 	2.099489e-02 
3.578740e-01 	2.096508e-02 
3.582490e-01 	2.093535e-02 
3.586240e-01 	2.090571e-02 
3.589990e-01 	2.087615e-02 
3.593740e-01 	2.084667e-02 
3.597480e-01 	2.081736e-02 
3.601230e-01 	2.078805e-02 
3.604980e-01 	2.075882e-02 
3.608730e-01 	2.072967e-02 
3.612470e-01 	2.070069e-02 
3.616220e-01 	2.067170e-02 
3.619970e-01 	2.064280e-02 
3.623720e-01 	2.061398e-02 
3.627460e-01 	2.058532e-02 
3.631210e-01 	2.055666e-02 
3.634960e-01 	2.052808e-02 
3.638710e-01 	2.049958e-02 
3.642450e-01 	2.047123e-02 
3.646200e-01 	2.044289e-02 
3.649950e-01 	2.041462e-02 
3.653700e-01 	2.038644e-02 
3.657440e-01 	2.035840e-02 
3.661190e-01 	2.033037e-02 
3.664940e-01 	2.030242e-02 
3.668690e-01 	2.027454e-02 
3.672430e-01 	2.024682e-02 
3.676180e-01 	2.021909e-02 
3.679930e-01 	2.019145e-02 
3.683670e-01 	2.016395e-02 
3.687420e-01 	2.013645e-02 
3.691170e-01 	2.010902e-02 
3.694910e-01 	2.008175e-02 
3.698660e-01 	2.005447e-02 
3.702410e-01 	2.002727e-02 
3.706160e-01 	2.000014e-02 
3.709900e-01 	1.997316e-02 
3.713650e-01 	1.994618e-02 
3.717400e-01 	1.991927e-02 
3.721140e-01 	1.989250e-02 
3.724890e-01 	1.986573e-02 
3.728640e-01 	1.983904e-02 
3.732380e-01 	1.981249e-02 
3.736130e-01 	1.978593e-02 
3.739880e-01 	1.975945e-02 
3.743620e-01 	1.973311e-02 
3.747370e-01 	1.970676e-02 
3.751120e-01 	1.968049e-02 
3.754860e-01 	1.965435e-02 
3.758610e-01 	1.962822e-02 
3.762360e-01 	1.960215e-02 
3.766100e-01 	1.957622e-02 
3.769850e-01 	1.955028e-02 
3.773600e-01 	1.952442e-02 
3.777340e-01 	1.949869e-02 
3.781090e-01 	1.947296e-02 
3.784830e-01 	1.944736e-02 
3.788580e-01 	1.942176e-02 
3.792330e-01 	1.939623e-02 
3.796070e-01 	1.937083e-02 
3.799820e-01 	1.934543e-02 
3.803560e-01 	1.932016e-02 
3.807310e-01 	1.929488e-02 
3.811060e-01 	1.926967e-02 
3.814800e-01 	1.924460e-02 
3.818550e-01 	1.921952e-02 
3.822300e-01 	1.919450e-02 
3.826040e-01 	1.916961e-02 
3.829790e-01 	1.914472e-02 
3.833530e-01 	1.911996e-02 
3.837280e-01 	1.909520e-02 
3.841030e-01 	1.907049e-02 
3.844770e-01 	1.904592e-02 
3.848520e-01 	1.902134e-02 
3.852260e-01 	1.899688e-02 
3.856010e-01 	1.897243e-02 
3.859750e-01 	1.894809e-02 
3.863500e-01 	1.892375e-02 
3.867250e-01 	1.889947e-02 
3.870990e-01 	1.887532e-02 
3.874740e-01 	1.885116e-02 
3.878480e-01 	1.882712e-02 
3.882230e-01 	1.880308e-02 
3.885970e-01 	1.877916e-02 
3.889720e-01 	1.875523e-02 
3.893460e-01 	1.873143e-02 
3.897210e-01 	1.870761e-02 
3.900950e-01 	1.868392e-02 
3.904700e-01 	1.866022e-02 
3.908440e-01 	1.863664e-02 
3.912190e-01 	1.861306e-02 
3.915940e-01 	1.858953e-02 
3.919680e-01 	1.856611e-02 
3.923420e-01 	1.854275e-02 
3.927170e-01 	1.851939e-02 
3.930920e-01 	1.849608e-02 
3.934660e-01 	1.847288e-02 
3.938410e-01 	1.844967e-02 
3.942150e-01 	1.842658e-02 
3.945900e-01 	1.840349e-02 
3.949640e-01 	1.838050e-02 
3.953380e-01 	1.835757e-02 
3.957130e-01 	1.833463e-02 
3.960880e-01 	1.831174e-02 
3.964620e-01 	1.828896e-02 
3.968360e-01 	1.826623e-02 
3.972110e-01 	1.824349e-02 
3.975850e-01 	1.822087e-02 
3.979600e-01 	1.819823e-02 
3.983340e-01 	1.817570e-02 
3.987090e-01 	1.815317e-02 
3.990830e-01 	1.813074e-02 
3.994580e-01 	1.810830e-02 
3.998320e-01 	1.808597e-02 
4.002070e-01 	1.806363e-02 
4.005810e-01 	1.804139e-02 
4.009550e-01 	1.801921e-02 
4.013300e-01 	1.799701e-02 
4.017040e-01 	1.797492e-02 
4.020790e-01 	1.795282e-02 
4.024530e-01 	1.793082e-02 
4.028280e-01 	1.790881e-02 
4.032020e-01 	1.788691e-02 
4.035760e-01 	1.786505e-02 
4.039510e-01 	1.784318e-02 
4.043250e-01 	1.782141e-02 
4.047000e-01 	1.779963e-02 
4.050740e-01 	1.777795e-02 
4.054480e-01 	1.775632e-02 
4.058230e-01 	1.773468e-02 
4.061970e-01 	1.771313e-02 
4.065720e-01 	1.769158e-02 
4.069460e-01 	1.767012e-02 
4.073200e-01 	1.764871e-02 
4.076950e-01 	1.762728e-02 
4.080690e-01 	1.760595e-02 
4.084440e-01 	1.758461e-02 
4.088180e-01 	1.756337e-02 
4.091920e-01 	1.754217e-02 
4.095670e-01 	1.752095e-02 
4.099410e-01 	1.749984e-02 
4.103150e-01 	1.747876e-02 
4.106900e-01 	1.745767e-02 
4.110640e-01 	1.743667e-02 
4.114380e-01 	1.741572e-02 
4.118130e-01 	1.739475e-02 
4.121870e-01 	1.737387e-02 
4.125610e-01 	1.735303e-02 
4.129360e-01 	1.733218e-02 
4.133100e-01 	1.731142e-02 
4.136840e-01 	1.729070e-02 
4.140590e-01 	1.726997e-02 
4.144330e-01 	1.724932e-02 
4.148070e-01 	1.722872e-02 
4.151820e-01 	1.720810e-02 
4.155560e-01 	1.718757e-02 
4.159300e-01 	1.716707e-02 
4.163050e-01 	1.714656e-02 
4.166790e-01 	1.712614e-02 
4.170530e-01 	1.710576e-02 
4.174270e-01 	1.708541e-02 
4.178020e-01 	1.706505e-02 
4.181760e-01 	1.704478e-02 
4.185500e-01 	1.702454e-02 
4.189250e-01 	1.700428e-02 
4.192990e-01 	1.698412e-02 
4.196730e-01 	1.696399e-02 
4.200480e-01 	1.694384e-02 
4.204220e-01 	1.692378e-02 
4.207960e-01 	1.690376e-02 
4.211700e-01 	1.688377e-02 
4.215440e-01 	1.686382e-02 
4.219190e-01 	1.684385e-02 
4.222930e-01 	1.682397e-02 
4.226670e-01 	1.680413e-02 
4.230410e-01 	1.678432e-02 
4.234160e-01 	1.676449e-02 
4.237900e-01 	1.674475e-02 
4.241640e-01 	1.672505e-02 
4.245380e-01 	1.670538e-02 
4.249130e-01 	1.668570e-02 
4.252870e-01 	1.666610e-02 
4.256610e-01 	1.664654e-02 
4.260350e-01 	1.662702e-02 
4.264100e-01 	1.660748e-02 
4.267840e-01 	1.658803e-02 
4.271580e-01 	1.656861e-02 
4.275320e-01 	1.654923e-02 
4.279060e-01 	1.652989e-02 
4.282800e-01 	1.651058e-02 
4.286550e-01 	1.649126e-02 
4.290290e-01 	1.647202e-02 
4.294030e-01 	1.645283e-02 
4.297770e-01 	1.643366e-02 
4.301510e-01 	1.641454e-02 
4.305260e-01 	1.639540e-02 
4.309000e-01 	1.637635e-02 
4.312740e-01 	1.635733e-02 
4.316480e-01 	1.633835e-02 
4.320220e-01 	1.631941e-02 
4.323960e-01 	1.630051e-02 
4.327710e-01 	1.628159e-02 
4.331450e-01 	1.626276e-02 
4.335190e-01 	1.624397e-02 
4.338930e-01 	1.622521e-02 
4.342670e-01 	1.620649e-02 
4.346410e-01 	1.618781e-02 
4.350150e-01 	1.616917e-02 
4.353890e-01 	1.615056e-02 
4.357640e-01 	1.613194e-02 
4.361380e-01 	1.611341e-02 
4.365120e-01 	1.609491e-02 
4.368860e-01 	1.607645e-02 
4.372600e-01 	1.605803e-02 
4.376340e-01 	1.603964e-02 
4.380080e-01 	1.602128e-02 
4.383820e-01 	1.600296e-02 
4.387570e-01 	1.598463e-02 
4.391310e-01 	1.596637e-02 
4.395050e-01 	1.594815e-02 
4.398790e-01 	1.592996e-02 
4.402530e-01 	1.591181e-02 
4.406270e-01 	1.589368e-02 
4.410010e-01 	1.587558e-02 
4.413750e-01 	1.585751e-02 
4.417490e-01 	1.583947e-02 
4.421230e-01 	1.582146e-02 
4.424970e-01 	1.580347e-02 
4.428710e-01 	1.578551e-02 
4.432450e-01 	1.576757e-02 
4.436190e-01 	1.574966e-02 
4.439930e-01 	1.573177e-02 
4.443670e-01 	1.571390e-02 
4.447420e-01 	1.569601e-02 
4.451160e-01 	1.567819e-02 
4.454900e-01 	1.566038e-02 
4.458640e-01 	1.564260e-02 
4.462380e-01 	1.562483e-02 
4.466120e-01 	1.560708e-02 
4.469860e-01 	1.558935e-02 
4.473600e-01 	1.557163e-02 
4.477340e-01 	1.555393e-02 
4.481080e-01 	1.553624e-02 
4.484820e-01 	1.551856e-02 
4.488560e-01 	1.550090e-02 
4.492300e-01 	1.548325e-02 
4.496040e-01 	1.546561e-02 
4.499780e-01 	1.544798e-02 
4.503520e-01 	1.543036e-02 
4.507260e-01 	1.541275e-02 
4.511000e-01 	1.539514e-02 
4.514740e-01 	1.537755e-02 
4.518480e-01 	1.535995e-02 
4.522220e-01 	1.534237e-02 
4.525950e-01 	1.532483e-02 
4.529690e-01 	1.530725e-02 
4.533430e-01 	1.528968e-02 
4.537170e-01 	1.527210e-02 
4.540910e-01 	1.525453e-02 
4.544650e-01 	1.523696e-02 
4.548390e-01 	1.521938e-02 
