#q 	 Ifit_avg 
3.653000e-03 	1.000000e+00 
3.952000e-03 	9.981484e-01 
4.250000e-03 	9.962952e-01 
4.549000e-03 	9.944387e-01 
4.848000e-03 	9.925773e-01 
5.146000e-03 	9.907092e-01 
5.445000e-03 	9.888328e-01 
5.744000e-03 	9.869465e-01 
6.042000e-03 	9.850485e-01 
6.341000e-03 	9.831373e-01 
6.639000e-03 	9.812112e-01 
6.938000e-03 	9.792683e-01 
7.237000e-03 	9.773072e-01 
7.535000e-03 	9.753261e-01 
7.834000e-03 	9.733234e-01 
8.133000e-03 	9.712975e-01 
8.431000e-03 	9.692466e-01 
8.730000e-03 	9.671690e-01 
9.029000e-03 	9.650631e-01 
9.327000e-03 	9.629273e-01 
9.626000e-03 	9.607598e-01 
9.924000e-03 	9.585591e-01 
1.022300e-02 	9.563237e-01 
1.052200e-02 	9.540508e-01 
1.082000e-02 	9.517403e-01 
1.111900e-02 	9.493899e-01 
1.141800e-02 	9.469971e-01 
1.171600e-02 	9.445618e-01 
1.201500e-02 	9.420815e-01 
1.231300e-02 	9.395547e-01 
1.261200e-02 	9.369787e-01 
1.291100e-02 	9.343538e-01 
1.320900e-02 	9.316776e-01 
1.350800e-02 	9.289477e-01 
1.380700e-02 	9.261645e-01 
1.410500e-02 	9.233261e-01 
1.440400e-02 	9.204312e-01 
1.470300e-02 	9.174780e-01 
1.500100e-02 	9.144676e-01 
1.530000e-02 	9.113987e-01 
1.559800e-02 	9.082696e-01 
1.589700e-02 	9.050823e-01 
1.619600e-02 	9.018358e-01 
1.649400e-02 	8.985302e-01 
1.679300e-02 	8.951648e-01 
1.709200e-02 	8.917422e-01 
1.739000e-02 	8.882621e-01 
1.768900e-02 	8.847241e-01 
1.798700e-02 	8.811313e-01 
1.828600e-02 	8.774837e-01 
1.858500e-02 	8.737826e-01 
1.888300e-02 	8.700279e-01 
1.918200e-02 	8.662234e-01 
1.948100e-02 	8.623692e-01 
1.977900e-02 	8.584671e-01 
2.007800e-02 	8.545171e-01 
2.037600e-02 	8.505234e-01 
2.067500e-02 	8.464863e-01 
2.097400e-02 	8.424062e-01 
2.127200e-02 	8.382874e-01 
2.157100e-02 	8.341302e-01 
2.187000e-02 	8.299363e-01 
2.216800e-02 	8.257059e-01 
2.246700e-02 	8.214434e-01 
2.276500e-02 	8.171491e-01 
2.306400e-02 	8.128232e-01 
2.336300e-02 	8.084700e-01 
2.366100e-02 	8.040898e-01 
2.396000e-02 	7.996841e-01 
2.425900e-02 	7.952528e-01 
2.455700e-02 	7.908006e-01 
2.485600e-02 	7.863272e-01 
2.515500e-02 	7.818327e-01 
2.545300e-02 	7.773215e-01 
2.575200e-02 	7.727935e-01 
2.605000e-02 	7.682499e-01 
2.634900e-02 	7.636906e-01 
2.664800e-02 	7.591199e-01 
2.694600e-02 	7.545375e-01 
2.724500e-02 	7.499431e-01 
2.754300e-02 	7.453409e-01 
2.784200e-02 	7.407306e-01 
2.814100e-02 	7.361132e-01 
2.843900e-02 	7.314883e-01 
2.873800e-02 	7.268601e-01 
2.903700e-02 	7.222279e-01 
2.933500e-02 	7.175913e-01 
2.963400e-02 	7.129543e-01 
2.993300e-02 	7.083164e-01 
3.023100e-02 	7.036784e-01 
3.053000e-02 	6.990397e-01 
3.082800e-02 	6.944042e-01 
3.112700e-02 	6.897712e-01 
3.142600e-02 	6.851400e-01 
3.172400e-02 	6.805145e-01 
3.202300e-02 	6.758940e-01 
3.232100e-02 	6.712791e-01 
3.262000e-02 	6.666691e-01 
3.291900e-02 	6.620676e-01 
3.321700e-02 	6.574739e-01 
3.351600e-02 	6.528871e-01 
3.381500e-02 	6.483109e-01 
3.411300e-02 	6.437443e-01 
3.441200e-02 	6.391882e-01 
3.471100e-02 	6.346414e-01 
3.500900e-02 	6.301076e-01 
3.530800e-02 	6.255858e-01 
3.560600e-02 	6.210766e-01 
3.590500e-02 	6.165789e-01 
3.620400e-02 	6.120963e-01 
3.650200e-02 	6.076278e-01 
3.680100e-02 	6.031724e-01 
3.710000e-02 	5.987336e-01 
3.739800e-02 	5.943103e-01 
3.769700e-02 	5.899030e-01 
3.799600e-02 	5.855106e-01 
3.829400e-02 	5.811365e-01 
3.859300e-02 	5.767797e-01 
3.889100e-02 	5.724390e-01 
3.919000e-02 	5.681178e-01 
3.948900e-02 	5.638151e-01 
3.978700e-02 	5.595310e-01 
4.008600e-02 	5.552647e-01 
4.038500e-02 	5.510193e-01 
4.068300e-02 	5.467938e-01 
4.098200e-02 	5.425870e-01 
4.128000e-02 	5.384021e-01 
4.157900e-02 	5.342380e-01 
4.187800e-02 	5.300949e-01 
4.217600e-02 	5.259719e-01 
4.247500e-02 	5.218718e-01 
4.277300e-02 	5.177937e-01 
4.307200e-02 	5.137365e-01 
4.337100e-02 	5.097032e-01 
4.366900e-02 	5.056925e-01 
4.396800e-02 	5.017048e-01 
4.426700e-02 	4.977389e-01 
4.456500e-02 	4.937977e-01 
4.486400e-02 	4.898800e-01 
4.516300e-02 	4.859849e-01 
4.546100e-02 	4.821150e-01 
4.576000e-02 	4.782693e-01 
4.605800e-02 	4.744480e-01 
4.635700e-02 	4.706499e-01 
4.665600e-02 	4.668777e-01 
4.695400e-02 	4.631303e-01 
4.725300e-02 	4.594066e-01 
4.755200e-02 	4.557093e-01 
4.785000e-02 	4.520371e-01 
4.814900e-02 	4.483901e-01 
4.844800e-02 	4.447673e-01 
4.874600e-02 	4.411713e-01 
4.904500e-02 	4.376007e-01 
4.934300e-02 	4.340547e-01 
4.964200e-02 	4.305356e-01 
4.994100e-02 	4.270423e-01 
5.023900e-02 	4.235750e-01 
5.053800e-02 	4.201323e-01 
5.083600e-02 	4.167167e-01 
5.113500e-02 	4.133271e-01 
5.143400e-02 	4.099634e-01 
5.173200e-02 	4.066245e-01 
5.203100e-02 	4.033127e-01 
5.233000e-02 	4.000270e-01 
5.262800e-02 	3.967662e-01 
5.292700e-02 	3.935325e-01 
5.322600e-02 	3.903248e-01 
5.352400e-02 	3.871431e-01 
5.382300e-02 	3.839862e-01 
5.412100e-02 	3.808563e-01 
5.442000e-02 	3.777523e-01 
5.471900e-02 	3.746729e-01 
5.501700e-02 	3.716204e-01 
5.531600e-02 	3.685935e-01 
5.561500e-02 	3.655922e-01 
5.591300e-02 	3.626156e-01 
5.621200e-02 	3.596655e-01 
5.651000e-02 	3.567409e-01 
5.680900e-02 	3.538407e-01 
5.710800e-02 	3.509668e-01 
5.740600e-02 	3.481180e-01 
5.770500e-02 	3.452943e-01 
5.800400e-02 	3.424945e-01 
5.830200e-02 	3.397206e-01 
5.860100e-02 	3.369714e-01 
5.890000e-02 	3.342460e-01 
5.919800e-02 	3.315460e-01 
5.949700e-02 	3.288704e-01 
5.979500e-02 	3.262192e-01 
6.009400e-02 	3.235914e-01 
6.039300e-02 	3.209886e-01 
6.069100e-02 	3.184097e-01 
6.099000e-02 	3.158539e-01 
6.128900e-02 	3.133225e-01 
6.158700e-02 	3.108147e-01 
6.188600e-02 	3.083302e-01 
6.218400e-02 	3.058681e-01 
6.248300e-02 	3.034299e-01 
6.278200e-02 	3.010145e-01 
6.308000e-02 	2.986211e-01 
6.337900e-02 	2.962512e-01 
6.367700e-02 	2.939037e-01 
6.397600e-02 	2.915786e-01 
6.427500e-02 	2.892749e-01 
6.457300e-02 	2.869940e-01 
6.487200e-02 	2.847350e-01 
6.517100e-02 	2.824970e-01 
6.546900e-02 	2.802813e-01 
6.576800e-02 	2.780868e-01 
6.606700e-02 	2.759136e-01 
6.636500e-02 	2.737606e-01 
6.666400e-02 	2.716292e-01 
6.696200e-02 	2.695184e-01 
6.726100e-02 	2.674280e-01 
6.756000e-02 	2.653573e-01 
6.785800e-02 	2.633074e-01 
6.815700e-02 	2.612774e-01 
6.845600e-02 	2.592666e-01 
6.875400e-02 	2.572760e-01 
6.905300e-02 	2.553049e-01 
6.935100e-02 	2.533530e-01 
6.965000e-02 	2.514196e-01 
6.994900e-02 	2.495059e-01 
7.024700e-02 	2.476109e-01 
7.054600e-02 	2.457340e-01 
7.084500e-02 	2.438761e-01 
7.114300e-02 	2.420364e-01 
7.144200e-02 	2.402148e-01 
7.174000e-02 	2.384105e-01 
7.203900e-02 	2.366245e-01 
7.233800e-02 	2.348560e-01 
7.263600e-02 	2.331043e-01 
7.293500e-02 	2.313703e-01 
7.323400e-02 	2.296534e-01 
7.353200e-02 	2.279533e-01 
7.383100e-02 	2.262694e-01 
7.413000e-02 	2.246026e-01 
7.442800e-02 	2.229522e-01 
7.472700e-02 	2.213175e-01 
7.502500e-02 	2.196994e-01 
7.532400e-02 	2.180973e-01 
7.562300e-02 	2.165108e-01 
7.592100e-02 	2.149394e-01 
7.622000e-02 	2.133840e-01 
7.651900e-02 	2.118438e-01 
7.681700e-02 	2.103181e-01 
7.711600e-02 	2.088080e-01 
7.741400e-02 	2.073125e-01 
7.771300e-02 	2.058317e-01 
7.801200e-02 	2.043649e-01 
7.831000e-02 	2.029129e-01 
7.860900e-02 	2.014752e-01 
7.890800e-02 	2.000510e-01 
7.920600e-02 	1.986412e-01 
7.950500e-02 	1.972452e-01 
7.980300e-02 	1.958629e-01 
8.010200e-02 	1.944936e-01 
8.040100e-02 	1.931381e-01 
8.069900e-02 	1.917958e-01 
8.099800e-02 	1.904662e-01 
8.129700e-02 	1.891499e-01 
8.159500e-02 	1.878464e-01 
8.189400e-02 	1.865556e-01 
8.219300e-02 	1.852768e-01 
8.249100e-02 	1.840107e-01 
8.279000e-02 	1.827569e-01 
8.308800e-02 	1.815152e-01 
8.338700e-02 	1.802850e-01 
8.368600e-02 	1.790671e-01 
8.398400e-02 	1.778608e-01 
8.428300e-02 	1.766658e-01 
8.458200e-02 	1.754825e-01 
8.488000e-02 	1.743106e-01 
8.517900e-02 	1.731500e-01 
8.547700e-02 	1.720000e-01 
8.577600e-02 	1.708615e-01 
8.607500e-02 	1.697338e-01 
8.637300e-02 	1.686166e-01 
8.667200e-02 	1.675104e-01 
8.697100e-02 	1.664148e-01 
8.726900e-02 	1.653296e-01 
8.756800e-02 	1.642543e-01 
8.786600e-02 	1.631896e-01 
8.816500e-02 	1.621349e-01 
8.846400e-02 	1.610898e-01 
8.876200e-02 	1.600549e-01 
8.906100e-02 	1.590296e-01 
8.936000e-02 	1.580140e-01 
8.965800e-02 	1.570075e-01 
8.995700e-02 	1.560107e-01 
9.025500e-02 	1.550233e-01 
9.055400e-02 	1.540447e-01 
9.085300e-02 	1.530755e-01 
9.115100e-02 	1.521153e-01 
9.145000e-02 	1.511641e-01 
9.174900e-02 	1.502214e-01 
9.204700e-02 	1.492877e-01 
9.234600e-02 	1.483627e-01 
9.264500e-02 	1.474459e-01 
9.294300e-02 	1.465379e-01 
9.324200e-02 	1.456382e-01 
9.354000e-02 	1.447468e-01 
9.383900e-02 	1.438633e-01 
9.413800e-02 	1.429881e-01 
9.443600e-02 	1.421209e-01 
9.473500e-02 	1.412613e-01 
9.503400e-02 	1.404098e-01 
9.533200e-02 	1.395660e-01 
9.563100e-02 	1.387297e-01 
9.592900e-02 	1.379008e-01 
9.622800e-02 	1.370795e-01 
9.652700e-02 	1.362656e-01 
9.682500e-02 	1.354588e-01 
9.712400e-02 	1.346594e-01 
9.742300e-02 	1.338672e-01 
9.772100e-02 	1.330822e-01 
9.802000e-02 	1.323038e-01 
9.831800e-02 	1.315327e-01 
9.861700e-02 	1.307684e-01 
9.891600e-02 	1.300109e-01 
9.921400e-02 	1.292599e-01 
9.951300e-02 	1.285158e-01 
9.981100e-02 	1.277782e-01 
1.001100e-01 	1.270474e-01 
1.004090e-01 	1.263218e-01 
1.007070e-01 	1.256050e-01 
1.010060e-01 	1.248920e-01 
1.013050e-01 	1.241853e-01 
1.016030e-01 	1.234870e-01 
1.019020e-01 	1.227925e-01 
1.022010e-01 	1.221039e-01 
1.024990e-01 	1.214236e-01 
1.027980e-01 	1.207468e-01 
1.030960e-01 	1.200782e-01 
1.033950e-01 	1.194130e-01 
1.036940e-01 	1.187535e-01 
1.039920e-01 	1.181019e-01 
1.042910e-01 	1.174536e-01 
1.045900e-01 	1.168110e-01 
1.048880e-01 	1.161759e-01 
1.051870e-01 	1.155442e-01 
1.054850e-01 	1.149199e-01 
1.057840e-01 	1.142988e-01 
1.060830e-01 	1.136830e-01 
1.063810e-01 	1.130745e-01 
1.066800e-01 	1.124691e-01 
1.069790e-01 	1.118688e-01 
1.072770e-01 	1.112755e-01 
1.075760e-01 	1.106853e-01 
1.078740e-01 	1.101019e-01 
1.081730e-01 	1.095215e-01 
1.084720e-01 	1.089459e-01 
1.087700e-01 	1.083769e-01 
1.090690e-01 	1.078108e-01 
1.093680e-01 	1.072493e-01 
1.096660e-01 	1.066943e-01 
1.099650e-01 	1.061420e-01 
1.102640e-01 	1.055942e-01 
1.105620e-01 	1.050527e-01 
1.108610e-01 	1.045138e-01 
1.111590e-01 	1.039810e-01 
1.114580e-01 	1.034508e-01 
1.117570e-01 	1.029250e-01 
1.120550e-01 	1.024051e-01 
1.123540e-01 	1.018878e-01 
1.126530e-01 	1.013746e-01 
1.129510e-01 	1.008673e-01 
1.132500e-01 	1.003624e-01 
1.135480e-01 	9.986329e-02 
1.138470e-01 	9.936653e-02 
1.141460e-01 	9.887378e-02 
1.144440e-01 	9.838663e-02 
1.147430e-01 	9.790177e-02 
1.150420e-01 	9.742078e-02 
1.153400e-01 	9.694522e-02 
1.156390e-01 	9.647186e-02 
1.159370e-01 	9.600381e-02 
1.162360e-01 	9.553790e-02 
1.165350e-01 	9.507565e-02 
1.168330e-01 	9.461856e-02 
1.171320e-01 	9.416354e-02 
1.174310e-01 	9.371209e-02 
1.177290e-01 	9.326567e-02 
1.180280e-01 	9.282126e-02 
1.183260e-01 	9.238180e-02 
1.186250e-01 	9.194431e-02 
1.189240e-01 	9.151024e-02 
1.192220e-01 	9.108099e-02 
1.195210e-01 	9.065364e-02 
1.198200e-01 	9.022962e-02 
1.201180e-01 	8.981030e-02 
1.204170e-01 	8.939283e-02 
1.207160e-01 	8.897859e-02 
1.210140e-01 	8.856894e-02 
1.213130e-01 	8.816108e-02 
1.216110e-01 	8.775773e-02 
1.219100e-01 	8.735614e-02 
1.222090e-01 	8.695764e-02 
1.225070e-01 	8.656352e-02 
1.228060e-01 	8.617110e-02 
1.231050e-01 	8.578168e-02 
1.234030e-01 	8.539652e-02 
1.237020e-01 	8.501300e-02 
1.240000e-01 	8.463366e-02 
1.242990e-01 	8.425593e-02 
1.245980e-01 	8.388105e-02 
1.248960e-01 	8.351024e-02 
1.251950e-01 	8.314098e-02 
1.254940e-01 	8.277448e-02 
1.257920e-01 	8.241194e-02 
1.260910e-01 	8.205090e-02 
1.263890e-01 	8.169377e-02 
1.266880e-01 	8.133812e-02 
1.269870e-01 	8.098513e-02 
1.272850e-01 	8.063594e-02 
1.275840e-01 	8.028820e-02 
1.278830e-01 	7.994305e-02 
1.281810e-01 	7.960161e-02 
1.284800e-01 	7.926158e-02 
1.287780e-01 	7.892520e-02 
1.290770e-01 	7.859019e-02 
1.293760e-01 	7.825767e-02 
1.296740e-01 	7.792871e-02 
1.299730e-01 	7.760108e-02 
1.302720e-01 	7.727587e-02 
1.305700e-01 	7.695413e-02 
1.308690e-01 	7.663369e-02 
1.311680e-01 	7.631560e-02 
1.314660e-01 	7.600090e-02 
1.317650e-01 	7.568746e-02 
1.320630e-01 	7.537734e-02 
1.323620e-01 	7.506846e-02 
1.326610e-01 	7.476184e-02 
1.329590e-01 	7.445846e-02 
1.332580e-01 	7.415628e-02 
1.335570e-01 	7.385629e-02 
1.338550e-01 	7.355947e-02 
1.341540e-01 	7.326381e-02 
1.344520e-01 	7.297126e-02 
1.347510e-01 	7.267983e-02 
1.350500e-01 	7.239051e-02 
1.353480e-01 	7.210421e-02 
1.356470e-01 	7.181900e-02 
1.359460e-01 	7.153582e-02 
1.362440e-01 	7.125558e-02 
1.365430e-01 	7.097639e-02 
1.368410e-01 	7.070010e-02 
1.371400e-01 	7.042484e-02 
1.374390e-01 	7.015152e-02 
1.377370e-01 	6.988103e-02 
1.380360e-01 	6.961154e-02 
1.383350e-01 	6.934394e-02 
1.386330e-01 	6.907910e-02 
1.389320e-01 	6.881522e-02 
1.392300e-01 	6.855405e-02 
1.395290e-01 	6.829383e-02 
1.398280e-01 	6.803542e-02 
1.401260e-01 	6.777965e-02 
1.404250e-01 	6.752480e-02 
1.407240e-01 	6.727170e-02 
1.410220e-01 	6.702119e-02 
1.413210e-01 	6.677156e-02 
1.416190e-01 	6.652448e-02 
1.419180e-01 	6.627827e-02 
1.422170e-01 	6.603375e-02 
1.425150e-01 	6.579171e-02 
1.428140e-01 	6.555052e-02 
1.431130e-01 	6.531099e-02 
1.434110e-01 	6.507389e-02 
1.437100e-01 	6.483762e-02 
1.440090e-01 	6.460297e-02 
1.443070e-01 	6.437071e-02 
1.446060e-01 	6.413925e-02 
1.449040e-01 	6.391014e-02 
1.452030e-01 	6.368183e-02 
1.455020e-01 	6.345508e-02 
1.458000e-01 	6.323061e-02 
1.460990e-01 	6.300691e-02 
1.463980e-01 	6.278471e-02 
1.466960e-01 	6.256476e-02 
1.469950e-01 	6.234554e-02 
1.472930e-01 	6.212852e-02 
1.475920e-01 	6.191221e-02 
1.478910e-01 	6.169735e-02 
1.481890e-01 	6.148463e-02 
1.484880e-01 	6.127260e-02 
1.487870e-01 	6.106196e-02 
1.490850e-01 	6.085340e-02 
1.493840e-01 	6.064551e-02 
1.496820e-01 	6.043966e-02 
1.499810e-01 	6.023446e-02 
1.502800e-01 	6.003058e-02 
1.505780e-01 	5.982869e-02 
1.508770e-01 	5.962742e-02 
1.511760e-01 	5.942744e-02 
1.514740e-01 	5.922940e-02 
1.517730e-01 	5.903195e-02 
1.520710e-01 	5.883641e-02 
1.523700e-01 	5.864146e-02 
1.526690e-01 	5.844773e-02 
1.529670e-01 	5.825587e-02 
1.532660e-01 	5.806457e-02 
1.535650e-01 	5.787448e-02 
1.538630e-01 	5.768621e-02 
1.541620e-01 	5.749851e-02 
1.544610e-01 	5.731198e-02 
1.547590e-01 	5.712724e-02 
1.550580e-01 	5.694304e-02 
1.553560e-01 	5.676061e-02 
1.556550e-01 	5.657872e-02 
1.559540e-01 	5.639796e-02 
1.562520e-01 	5.621894e-02 
1.565510e-01 	5.604043e-02 
1.568500e-01 	5.586303e-02 
1.571480e-01 	5.568732e-02 
1.574470e-01 	5.551211e-02 
1.577450e-01 	5.533856e-02 
1.580440e-01 	5.516551e-02 
1.583430e-01 	5.499351e-02 
1.586410e-01 	5.482314e-02 
1.589400e-01 	5.465325e-02 
1.592390e-01 	5.448439e-02 
1.595370e-01 	5.431711e-02 
1.598360e-01 	5.415029e-02 
1.601340e-01 	5.398502e-02 
1.604330e-01 	5.382020e-02 
1.607320e-01 	5.365636e-02 
1.610300e-01 	5.349405e-02 
1.613290e-01 	5.333216e-02 
1.616280e-01 	5.317123e-02 
1.619260e-01 	5.301179e-02 
1.622250e-01 	5.285276e-02 
1.625230e-01 	5.269520e-02 
1.628220e-01 	5.253803e-02 
1.631210e-01 	5.238180e-02 
1.634190e-01 	5.222699e-02 
1.637180e-01 	5.207258e-02 
1.640170e-01 	5.191907e-02 
1.643150e-01 	5.176696e-02 
1.646140e-01 	5.161522e-02 
1.649130e-01 	5.146437e-02 
1.652110e-01 	5.131489e-02 
1.655100e-01 	5.116578e-02 
1.658080e-01 	5.101802e-02 
1.661070e-01 	5.087061e-02 
1.664060e-01 	5.072405e-02 
1.667040e-01 	5.057880e-02 
1.670030e-01 	5.043390e-02 
1.673020e-01 	5.028982e-02 
1.676000e-01 	5.014704e-02 
1.678990e-01 	5.000458e-02 
1.681970e-01 	4.986340e-02 
1.684960e-01 	4.972254e-02 
1.687950e-01 	4.958247e-02 
1.690930e-01 	4.944365e-02 
1.693920e-01 	4.930514e-02 
1.696910e-01 	4.916740e-02 
1.699890e-01 	4.903089e-02 
1.702880e-01 	4.889468e-02 
1.705860e-01 	4.875967e-02 
1.708850e-01 	4.862496e-02 
1.711840e-01 	4.849099e-02 
1.714820e-01 	4.835820e-02 
1.717810e-01 	4.822570e-02 
1.720800e-01 	4.809391e-02 
1.723780e-01 	4.796329e-02 
1.726770e-01 	4.783293e-02 
1.729750e-01 	4.770371e-02 
1.732740e-01 	4.757476e-02 
1.735730e-01 	4.744650e-02 
1.738710e-01 	4.731935e-02 
1.741700e-01 	4.719246e-02 
1.744690e-01 	4.706625e-02 
1.747670e-01 	4.694113e-02 
1.750660e-01 	4.681626e-02 
1.753640e-01 	4.669247e-02 
1.756630e-01 	4.656893e-02 
1.759620e-01 	4.644604e-02 
1.762600e-01 	4.632422e-02 
1.765590e-01 	4.620263e-02 
1.768580e-01 	4.608168e-02 
1.771560e-01 	4.596177e-02 
1.774550e-01 	4.584210e-02 
1.777540e-01 	4.572305e-02 
1.780520e-01 	4.560503e-02 
1.783510e-01 	4.548723e-02 
1.786490e-01 	4.537044e-02 
1.789480e-01 	4.525387e-02 
1.792470e-01 	4.513791e-02 
1.795450e-01 	4.502294e-02 
1.798440e-01 	4.490818e-02 
1.801430e-01 	4.479402e-02 
1.804410e-01 	4.468083e-02 
1.807400e-01 	4.456785e-02 
1.810380e-01 	4.445583e-02 
1.813370e-01 	4.434402e-02 
1.816360e-01 	4.423278e-02 
1.819340e-01 	4.412248e-02 
1.822330e-01 	4.401239e-02 
1.825320e-01 	4.390285e-02 
1.828300e-01 	4.379424e-02 
1.831290e-01 	4.368583e-02 
1.834270e-01 	4.357832e-02 
1.837260e-01 	4.347100e-02 
1.840250e-01 	4.336423e-02 
1.843230e-01 	4.325835e-02 
1.846220e-01 	4.315266e-02 
1.849210e-01 	4.304749e-02 
1.852190e-01 	4.294321e-02 
1.855180e-01 	4.283910e-02 
1.858160e-01 	4.273586e-02 
1.861150e-01 	4.263279e-02 
1.864140e-01 	4.253023e-02 
1.867120e-01 	4.242852e-02 
1.870110e-01 	4.232698e-02 
1.873100e-01 	4.222594e-02 
1.876080e-01 	4.212575e-02 
1.879070e-01 	4.202571e-02 
1.882060e-01 	4.192617e-02 
1.885040e-01 	4.182745e-02 
1.888030e-01 	4.172890e-02 
1.891010e-01 	4.163115e-02 
1.894000e-01 	4.153357e-02 
1.896990e-01 	4.143647e-02 
1.899970e-01 	4.134017e-02 
1.902960e-01 	4.124402e-02 
1.905950e-01 	4.114836e-02 
1.908930e-01 	4.105348e-02 
1.911920e-01 	4.095875e-02 
1.914900e-01 	4.086480e-02 
1.917890e-01 	4.077101e-02 
1.920880e-01 	4.067768e-02 
1.923860e-01 	4.058511e-02 
1.926850e-01 	4.049270e-02 
1.929840e-01 	4.040074e-02 
1.932820e-01 	4.030954e-02 
1.935810e-01 	4.021848e-02 
1.938790e-01 	4.012817e-02 
1.941780e-01 	4.003800e-02 
1.944770e-01 	3.994828e-02 
1.947750e-01 	3.985929e-02 
1.950740e-01 	3.977044e-02 
1.953730e-01 	3.968203e-02 
1.956710e-01 	3.959434e-02 
1.959700e-01 	3.950679e-02 
1.962680e-01 	3.941996e-02 
1.965670e-01 	3.933326e-02 
1.968660e-01 	3.924698e-02 
1.971640e-01 	3.916141e-02 
1.974630e-01 	3.907597e-02 
1.977620e-01 	3.899094e-02 
1.980600e-01 	3.890661e-02 
1.983590e-01 	3.882241e-02 
1.986580e-01 	3.873861e-02 
1.989560e-01 	3.865550e-02 
1.992550e-01 	3.857251e-02 
1.995530e-01 	3.849019e-02 
1.998520e-01 	3.840799e-02 
2.001510e-01 	3.832619e-02 
2.004490e-01 	3.824506e-02 
2.007480e-01 	3.816404e-02 
2.010470e-01 	3.808340e-02 
2.013450e-01 	3.800342e-02 
2.016440e-01 	3.792355e-02 
2.019420e-01 	3.784433e-02 
2.022410e-01 	3.776522e-02 
2.025400e-01 	3.768648e-02 
2.028380e-01 	3.760838e-02 
2.031370e-01 	3.753038e-02 
2.034360e-01 	3.745276e-02 
2.037340e-01 	3.737576e-02 
2.040330e-01 	3.729886e-02 
2.043310e-01 	3.722259e-02 
2.046300e-01 	3.714641e-02 
2.049290e-01 	3.707060e-02 
2.052270e-01 	3.699539e-02 
2.055260e-01 	3.692029e-02 
2.058250e-01 	3.684553e-02 
2.061230e-01 	3.677138e-02 
2.064220e-01 	3.669732e-02 
2.067200e-01 	3.662386e-02 
2.070190e-01 	3.655049e-02 
2.073180e-01 	3.647746e-02 
2.076160e-01 	3.640501e-02 
2.079150e-01 	3.633266e-02 
2.082140e-01 	3.626064e-02 
2.085120e-01 	3.618919e-02 
2.088110e-01 	3.611783e-02 
2.091090e-01 	3.604704e-02 
2.094080e-01 	3.597633e-02 
2.097070e-01 	3.590595e-02 
2.100050e-01 	3.583612e-02 
2.103040e-01 	3.576637e-02 
2.106030e-01 	3.569694e-02 
2.109010e-01 	3.562806e-02 
2.112000e-01 	3.555925e-02 
2.114990e-01 	3.549076e-02 
2.117970e-01 	3.542279e-02 
2.120960e-01 	3.535491e-02 
2.123940e-01 	3.528755e-02 
2.126930e-01 	3.522027e-02 
2.129920e-01 	3.515329e-02 
2.132900e-01 	3.508682e-02 
2.135890e-01 	3.502043e-02 
2.138880e-01 	3.495432e-02 
2.141860e-01 	3.488873e-02 
2.144850e-01 	3.482321e-02 
2.147830e-01 	3.475818e-02 
2.150820e-01 	3.469323e-02 
2.153810e-01 	3.462855e-02 
2.156790e-01 	3.456437e-02 
2.159780e-01 	3.450025e-02 
2.162770e-01 	3.443641e-02 
2.165750e-01 	3.437305e-02 
2.168740e-01 	3.430975e-02 
2.171720e-01 	3.424692e-02 
2.174710e-01 	3.418416e-02 
2.177700e-01 	3.412166e-02 
2.180680e-01 	3.405962e-02 
2.183670e-01 	3.399765e-02 
2.186660e-01 	3.393593e-02 
2.189640e-01 	3.387467e-02 
2.192630e-01 	3.381346e-02 
2.195610e-01 	3.375270e-02 
2.198600e-01 	3.369200e-02 
2.201590e-01 	3.363154e-02 
2.204570e-01 	3.357153e-02 
2.207560e-01 	3.351156e-02 
2.210550e-01 	3.345184e-02 
2.213530e-01 	3.339255e-02 
2.216520e-01 	3.333331e-02 
2.219510e-01 	3.327430e-02 
2.222490e-01 	3.321572e-02 
2.225480e-01 	3.315719e-02 
2.228460e-01 	3.309907e-02 
2.231450e-01 	3.304099e-02 
2.234440e-01 	3.298314e-02 
2.237420e-01 	3.292571e-02 
2.240410e-01 	3.286831e-02 
2.243400e-01 	3.281114e-02 
2.246380e-01 	3.275437e-02 
2.249370e-01 	3.269763e-02 
2.252350e-01 	3.264131e-02 
2.255340e-01 	3.258500e-02 
2.258330e-01 	3.252892e-02 
2.261310e-01 	3.247323e-02 
2.264300e-01 	3.241756e-02 
2.267290e-01 	3.236211e-02 
2.270270e-01 	3.230705e-02 
2.273260e-01 	3.225201e-02 
2.276240e-01 	3.219737e-02 
2.279230e-01 	3.214274e-02 
2.282220e-01 	3.208831e-02 
2.285200e-01 	3.203427e-02 
2.288190e-01 	3.198025e-02 
2.291180e-01 	3.192642e-02 
2.294160e-01 	3.187298e-02 
2.297150e-01 	3.181954e-02 
2.300130e-01 	3.176648e-02 
2.303120e-01 	3.171344e-02 
2.306110e-01 	3.166059e-02 
2.309090e-01 	3.160810e-02 
2.312080e-01 	3.155563e-02 
2.315070e-01 	3.150334e-02 
2.318050e-01 	3.145142e-02 
2.321040e-01 	3.139950e-02 
2.324030e-01 	3.134777e-02 
2.327010e-01 	3.129640e-02 
2.330000e-01 	3.124503e-02 
2.332980e-01 	3.119401e-02 
2.335970e-01 	3.114300e-02 
2.338960e-01 	3.109217e-02 
2.341940e-01 	3.104168e-02 
2.344930e-01 	3.099119e-02 
2.347920e-01 	3.094088e-02 
2.350900e-01 	3.089091e-02 
2.353890e-01 	3.084094e-02 
2.356870e-01 	3.079131e-02 
2.359860e-01 	3.074168e-02 
2.362850e-01 	3.069222e-02 
2.365830e-01 	3.064309e-02 
2.368820e-01 	3.059395e-02 
2.371810e-01 	3.054499e-02 
2.374790e-01 	3.049635e-02 
2.377780e-01 	3.044771e-02 
2.380760e-01 	3.039939e-02 
2.383750e-01 	3.035107e-02 
2.386740e-01 	3.030291e-02 
2.389720e-01 	3.025507e-02 
2.392710e-01 	3.020723e-02 
2.395700e-01 	3.015954e-02 
2.398680e-01 	3.011217e-02 
2.401670e-01 	3.006479e-02 
2.404650e-01 	3.001773e-02 
2.407640e-01 	2.997066e-02 
2.410630e-01 	2.992374e-02 
2.413610e-01 	2.987713e-02 
2.416600e-01 	2.983051e-02 
2.419590e-01 	2.978405e-02 
2.422570e-01 	2.973788e-02 
2.425560e-01 	2.969171e-02 
2.428540e-01 	2.964585e-02 
2.431530e-01 	2.959997e-02 
2.434520e-01 	2.955424e-02 
2.437500e-01 	2.950881e-02 
2.440490e-01 	2.946337e-02 
2.443480e-01 	2.941807e-02 
2.446460e-01 	2.937306e-02 
2.449450e-01 	2.932805e-02 
2.452440e-01 	2.928317e-02 
2.455420e-01 	2.923859e-02 
2.458410e-01 	2.919400e-02 
2.461390e-01 	2.914969e-02 
2.464380e-01 	2.910538e-02 
2.467370e-01 	2.906120e-02 
2.470350e-01 	2.901730e-02 
2.473340e-01 	2.897340e-02 
2.476330e-01 	2.892963e-02 
2.479310e-01 	2.888614e-02 
2.482300e-01 	2.884263e-02 
2.485280e-01 	2.879941e-02 
2.488270e-01 	2.875617e-02 
2.491260e-01 	2.871307e-02 
2.494240e-01 	2.867023e-02 
2.497230e-01 	2.862739e-02 
2.500220e-01 	2.858467e-02 
2.503200e-01 	2.854223e-02 
2.506190e-01 	2.849977e-02 
2.509170e-01 	2.845757e-02 
2.512160e-01 	2.841537e-02 
2.515150e-01 	2.837329e-02 
2.518130e-01 	2.833147e-02 
2.521120e-01 	2.828964e-02 
2.524110e-01 	2.824794e-02 
2.527090e-01 	2.820649e-02 
2.530080e-01 	2.816504e-02 
2.533060e-01 	2.812384e-02 
2.536050e-01 	2.808262e-02 
2.539040e-01 	2.804153e-02 
2.542020e-01 	2.800069e-02 
2.545010e-01 	2.795984e-02 
2.548000e-01 	2.791910e-02 
2.550980e-01 	2.787862e-02 
2.553970e-01 	2.783812e-02 
2.556960e-01 	2.779774e-02 
2.559940e-01 	2.775760e-02 
2.562930e-01 	2.771745e-02 
2.565910e-01 	2.767755e-02 
2.568900e-01 	2.763763e-02 
2.571890e-01 	2.759782e-02 
2.574870e-01 	2.755826e-02 
2.577860e-01 	2.751868e-02 
2.580850e-01 	2.747921e-02 
2.583830e-01 	2.743998e-02 
2.586820e-01 	2.740073e-02 
2.589800e-01 	2.736173e-02 
2.592790e-01 	2.732270e-02 
2.595780e-01 	2.728378e-02 
2.598760e-01 	2.724509e-02 
2.601750e-01 	2.720639e-02 
2.604740e-01 	2.716779e-02 
2.607720e-01 	2.712943e-02 
2.610710e-01 	2.709105e-02 
2.613690e-01 	2.705290e-02 
2.616680e-01 	2.701473e-02 
2.619670e-01 	2.697666e-02 
2.622650e-01 	2.693882e-02 
2.625640e-01 	2.690096e-02 
2.628630e-01 	2.686320e-02 
2.631610e-01 	2.682567e-02 
2.634600e-01 	2.678811e-02 
2.637580e-01 	2.675078e-02 
2.640570e-01 	2.671343e-02 
2.643560e-01 	2.667618e-02 
2.646540e-01 	2.663915e-02 
2.649530e-01 	2.660210e-02 
2.652520e-01 	2.656514e-02 
2.655500e-01 	2.652841e-02 
2.658490e-01 	2.649165e-02 
2.661480e-01 	2.645499e-02 
2.664460e-01 	2.641855e-02 
2.667450e-01 	2.638208e-02 
2.670430e-01 	2.634583e-02 
2.673420e-01 	2.630955e-02 
2.676410e-01 	2.627337e-02 
2.679390e-01 	2.623740e-02 
2.682380e-01 	2.620140e-02 
2.685370e-01 	2.616550e-02 
2.688350e-01 	2.612981e-02 
2.691340e-01 	2.609409e-02 
2.694320e-01 	2.605859e-02 
2.697310e-01 	2.602305e-02 
2.700300e-01 	2.598761e-02 
2.703280e-01 	2.595237e-02 
2.706270e-01 	2.591711e-02 
2.709260e-01 	2.588194e-02 
2.712240e-01 	2.584697e-02 
2.715230e-01 	2.581197e-02 
2.718210e-01 	2.577718e-02 
2.721200e-01 	2.574236e-02 
2.724190e-01 	2.570762e-02 
2.727170e-01 	2.567309e-02 
2.730160e-01 	2.563853e-02 
2.733150e-01 	2.560405e-02 
2.736130e-01 	2.556978e-02 
2.739120e-01 	2.553547e-02 
2.742100e-01 	2.550136e-02 
2.745090e-01 	2.546722e-02 
2.748080e-01 	2.543316e-02 
2.751060e-01 	2.539930e-02 
2.754050e-01 	2.536541e-02 
2.757040e-01 	2.533160e-02 
2.760020e-01 	2.529798e-02 
2.763010e-01 	2.526433e-02 
2.765990e-01 	2.523087e-02 
2.768980e-01 	2.519738e-02 
2.771970e-01 	2.516397e-02 
2.774950e-01 	2.513075e-02 
2.777940e-01 	2.509749e-02 
2.780930e-01 	2.506432e-02 
2.783910e-01 	2.503133e-02 
2.786900e-01 	2.499831e-02 
2.789890e-01 	2.496537e-02 
2.792870e-01 	2.493261e-02 
2.795860e-01 	2.489982e-02 
2.798840e-01 	2.486721e-02 
2.801830e-01 	2.483457e-02 
2.804820e-01 	2.480200e-02 
2.807800e-01 	2.476962e-02 
2.810790e-01 	2.473720e-02 
2.813780e-01 	2.470486e-02 
2.816760e-01 	2.467270e-02 
2.819750e-01 	2.464051e-02 
2.822730e-01 	2.460849e-02 
2.825720e-01 	2.457644e-02 
2.828710e-01 	2.454447e-02 
2.831690e-01 	2.451267e-02 
2.834680e-01 	2.448083e-02 
2.837670e-01 	2.444907e-02 
2.840650e-01 	2.441749e-02 
2.843640e-01 	2.438587e-02 
2.846620e-01 	2.435442e-02 
2.849610e-01 	2.432294e-02 
2.852600e-01 	2.429153e-02 
2.855580e-01 	2.426029e-02 
2.858570e-01 	2.422902e-02 
2.861560e-01 	2.419781e-02 
2.864540e-01 	2.416678e-02 
2.867530e-01 	2.413571e-02 
2.870510e-01 	2.410481e-02 
2.873500e-01 	2.407388e-02 
2.876490e-01 	2.404301e-02 
2.879470e-01 	2.401231e-02 
2.882460e-01 	2.398157e-02 
2.885450e-01 	2.395090e-02 
2.888430e-01 	2.392040e-02 
2.891420e-01 	2.388986e-02 
2.894410e-01 	2.385939e-02 
2.897390e-01 	2.382908e-02 
2.900380e-01 	2.379874e-02 
2.903360e-01 	2.376856e-02 
2.906350e-01 	2.373834e-02 
2.909340e-01 	2.370818e-02 
2.912320e-01 	2.367819e-02 
2.915310e-01 	2.364816e-02 
2.918300e-01 	2.361820e-02 
2.921280e-01 	2.358839e-02 
2.924270e-01 	2.355855e-02 
2.927250e-01 	2.352887e-02 
2.930240e-01 	2.349915e-02 
2.933230e-01 	2.346949e-02 
2.936210e-01 	2.343999e-02 
2.939200e-01 	2.341045e-02 
2.942190e-01 	2.338097e-02 
2.945170e-01 	2.335165e-02 
2.948160e-01 	2.332229e-02 
2.951140e-01 	2.329309e-02 
2.954130e-01 	2.326386e-02 
2.957120e-01 	2.323468e-02 
2.960100e-01 	2.320565e-02 
2.963090e-01 	2.317659e-02 
2.966080e-01 	2.314758e-02 
2.969060e-01 	2.311874e-02 
2.972050e-01 	2.308985e-02 
2.975030e-01 	2.306111e-02 
2.978020e-01 	2.303234e-02 
2.981010e-01 	2.300362e-02 
2.983990e-01 	2.297506e-02 
2.986980e-01 	2.294646e-02 
2.989970e-01 	2.291791e-02 
2.992950e-01 	2.288952e-02 
2.995940e-01 	2.286108e-02 
2.998930e-01 	2.283270e-02 
3.001910e-01 	2.280447e-02 
3.004900e-01 	2.277620e-02 
3.007880e-01 	2.274809e-02 
3.010870e-01 	2.271993e-02 
3.013860e-01 	2.269182e-02 
3.016840e-01 	2.266386e-02 
3.019830e-01 	2.263587e-02 
3.022820e-01 	2.260793e-02 
3.025800e-01 	2.258013e-02 
3.028790e-01 	2.255229e-02 
3.031770e-01 	2.252460e-02 
3.034760e-01 	2.249688e-02 
3.037750e-01 	2.246920e-02 
3.040730e-01 	2.244167e-02 
3.043720e-01 	2.241410e-02 
3.046710e-01 	2.238658e-02 
3.049690e-01 	2.235921e-02 
3.052680e-01 	2.233179e-02 
3.055660e-01 	2.230452e-02 
3.058650e-01 	2.227721e-02 
3.061640e-01 	2.224996e-02 
3.064620e-01 	2.222284e-02 
3.067610e-01 	2.219569e-02 
3.070600e-01 	2.216858e-02 
3.073580e-01 	2.214162e-02 
3.076570e-01 	2.211462e-02 
3.079550e-01 	2.208776e-02 
3.082540e-01 	2.206086e-02 
3.085530e-01 	2.203401e-02 
3.088510e-01 	2.200730e-02 
3.091500e-01 	2.198055e-02 
3.094490e-01 	2.195385e-02 
3.097470e-01 	2.192729e-02 
3.100460e-01 	2.190069e-02 
3.103440e-01 	2.187423e-02 
3.106430e-01 	2.184772e-02 
3.109420e-01 	2.182127e-02 
3.112400e-01 	2.179495e-02 
3.115390e-01 	2.176860e-02 
3.118380e-01 	2.174229e-02 
3.121360e-01 	2.171612e-02 
3.124350e-01 	2.168991e-02 
3.127340e-01 	2.166374e-02 
3.130320e-01 	2.163771e-02 
3.133310e-01 	2.161164e-02 
3.136290e-01 	2.158571e-02 
3.139280e-01 	2.155974e-02 
3.142270e-01 	2.153381e-02 
3.145250e-01 	2.150801e-02 
3.148240e-01 	2.148218e-02 
3.151230e-01 	2.145639e-02 
3.154210e-01 	2.143074e-02 
3.157200e-01 	2.140505e-02 
3.160180e-01 	2.137948e-02 
3.163170e-01 	2.135388e-02 
3.166160e-01 	2.132833e-02 
3.169140e-01 	2.130290e-02 
3.172130e-01 	2.127744e-02 
3.175120e-01 	2.125202e-02 
3.178100e-01 	2.122673e-02 
3.181090e-01 	2.120141e-02 
3.184070e-01 	2.117621e-02 
3.187060e-01 	2.115097e-02 
3.190050e-01 	2.112578e-02 
3.193030e-01 	2.110071e-02 
3.196020e-01 	2.107561e-02 
3.199010e-01 	2.105055e-02 
3.201990e-01 	2.102562e-02 
3.204980e-01 	2.100065e-02 
3.207960e-01 	2.097580e-02 
3.210950e-01 	2.095092e-02 
3.213940e-01 	2.092608e-02 
3.216920e-01 	2.090137e-02 
3.219910e-01 	2.087661e-02 
3.222900e-01 	2.085191e-02 
3.225880e-01 	2.082732e-02 
3.228870e-01 	2.080270e-02 
3.231860e-01 	2.077812e-02 
3.234840e-01 	2.075366e-02 
3.237830e-01 	2.072917e-02 
3.240810e-01 	2.070480e-02 
3.243800e-01 	2.068039e-02 
3.246790e-01 	2.065602e-02 
3.249770e-01 	2.063178e-02 
3.252760e-01 	2.060749e-02 
3.255750e-01 	2.058325e-02 
3.258730e-01 	2.055913e-02 
3.261720e-01 	2.053497e-02 
3.264700e-01 	2.051093e-02 
3.267690e-01 	2.048685e-02 
3.270680e-01 	2.046282e-02 
3.273660e-01 	2.043890e-02 
3.276650e-01 	2.041495e-02 
3.279640e-01 	2.039103e-02 
3.282620e-01 	2.036724e-02 
3.285610e-01 	2.034340e-02 
3.288590e-01 	2.031969e-02 
3.291580e-01 	2.029593e-02 
3.294570e-01 	2.027222e-02 
3.297550e-01 	2.024863e-02 
3.300540e-01 	2.022499e-02 
3.303530e-01 	2.020140e-02 
3.306510e-01 	2.017792e-02 
3.309500e-01 	2.015440e-02 
3.312480e-01 	2.013100e-02 
3.315470e-01 	2.010757e-02 
3.318460e-01 	2.008417e-02 
3.321440e-01 	2.006089e-02 
3.324430e-01 	2.003756e-02 
3.327420e-01 	2.001428e-02 
3.330400e-01 	1.999111e-02 
3.333390e-01 	1.996791e-02 
3.336370e-01 	1.994482e-02 
3.339360e-01 	1.992169e-02 
3.342350e-01 	1.989859e-02 
3.345330e-01 	1.987562e-02 
3.348320e-01 	1.985260e-02 
3.351310e-01 	1.982962e-02 
3.354290e-01 	1.980675e-02 
3.357280e-01 	1.978385e-02 
3.360270e-01 	1.976098e-02 
3.363250e-01 	1.973822e-02 
3.366240e-01 	1.971543e-02 
3.369220e-01 	1.969274e-02 
3.372210e-01 	1.967002e-02 
3.375200e-01 	1.964733e-02 
3.378180e-01 	1.962476e-02 
3.381170e-01 	1.960215e-02 
3.384160e-01 	1.957957e-02 
3.387140e-01 	1.955710e-02 
3.390130e-01 	1.953459e-02 
3.393110e-01 	1.951220e-02 
3.396100e-01 	1.948976e-02 
3.399090e-01 	1.946736e-02 
3.402070e-01 	1.944507e-02 
3.405060e-01 	1.942274e-02 
3.408050e-01 	1.940044e-02 
3.411030e-01 	1.937825e-02 
3.414020e-01 	1.935603e-02 
3.417000e-01 	1.933391e-02 
3.419990e-01 	1.931175e-02 
3.422980e-01 	1.928963e-02 
3.425960e-01 	1.926761e-02 
3.428950e-01 	1.924555e-02 
3.431940e-01 	1.922353e-02 
3.434920e-01 	1.920161e-02 
3.437910e-01 	1.917966e-02 
3.440890e-01 	1.915781e-02 
3.443880e-01 	1.913592e-02 
3.446870e-01 	1.911407e-02 
3.449850e-01 	1.909232e-02 
3.452840e-01 	1.907053e-02 
3.455830e-01 	1.904877e-02 
3.458810e-01 	1.902712e-02 
3.461800e-01 	1.900542e-02 
3.464790e-01 	1.898376e-02 
3.467770e-01 	1.896221e-02 
3.470760e-01 	1.894061e-02 
3.473740e-01 	1.891912e-02 
3.476730e-01 	1.889758e-02 
3.479720e-01 	1.887608e-02 
3.482700e-01 	1.885468e-02 
3.485690e-01 	1.883324e-02 
3.488680e-01 	1.881183e-02 
3.491660e-01 	1.879052e-02 
3.494650e-01 	1.876918e-02 
3.497630e-01 	1.874793e-02 
3.500620e-01 	1.872664e-02 
3.503610e-01 	1.870538e-02 
3.506590e-01 	1.868423e-02 
3.509580e-01 	1.866303e-02 
3.512570e-01 	1.864186e-02 
3.515550e-01 	1.862080e-02 
3.518540e-01 	1.859969e-02 
3.521520e-01 	1.857868e-02 
3.524510e-01 	1.855763e-02 
3.527500e-01 	1.853660e-02 
3.530480e-01 	1.851568e-02 
3.533470e-01 	1.849471e-02 
3.536460e-01 	1.847378e-02 
3.539440e-01 	1.845294e-02 
3.542430e-01 	1.843206e-02 
3.545410e-01 	1.841127e-02 
3.548400e-01 	1.839045e-02 
3.551390e-01 	1.836965e-02 
3.554370e-01 	1.834895e-02 
3.557360e-01 	1.832821e-02 
3.560350e-01 	1.830749e-02 
3.563330e-01 	1.828687e-02 
3.566320e-01 	1.826621e-02 
3.569310e-01 	1.824558e-02 
3.572290e-01 	1.822504e-02 
3.575280e-01 	1.820446e-02 
3.578260e-01 	1.818397e-02 
3.581250e-01 	1.816344e-02 
3.584240e-01 	1.814294e-02 
3.587220e-01 	1.812254e-02 
3.590210e-01 	1.810209e-02 
3.593200e-01 	1.808167e-02 
3.596180e-01 	1.806134e-02 
3.599170e-01 	1.804098e-02 
3.602150e-01 	1.802070e-02 
3.605140e-01 	1.800039e-02 
3.608130e-01 	1.798010e-02 
3.611110e-01 	1.795990e-02 
3.614100e-01 	1.793967e-02 
3.617090e-01 	1.791946e-02 
3.620070e-01 	1.789934e-02 
3.623060e-01 	1.787918e-02 
3.626040e-01 	1.785912e-02 
3.629030e-01 	1.783901e-02 
3.632020e-01 	1.781894e-02 
3.635000e-01 	1.779895e-02 
3.637990e-01 	1.777892e-02 
3.640980e-01 	1.775892e-02 
3.643960e-01 	1.773902e-02 
3.646950e-01 	1.771907e-02 
3.649930e-01 	1.769922e-02 
3.652920e-01 	1.767932e-02 
3.655910e-01 	1.765946e-02 
3.658890e-01 	1.763968e-02 
3.661880e-01 	1.761987e-02 
3.664870e-01 	1.760008e-02 
3.667850e-01 	1.758039e-02 
3.670840e-01 	1.756066e-02 
3.673820e-01 	1.754102e-02 
3.676810e-01 	1.752135e-02 
3.679800e-01 	1.750170e-02 
3.682780e-01 	1.748214e-02 
3.685770e-01 	1.746255e-02 
3.688760e-01 	1.744298e-02 
3.691740e-01 	1.742351e-02 
3.694730e-01 	1.740400e-02 
3.697720e-01 	1.738452e-02 
3.700700e-01 	1.736513e-02 
3.703690e-01 	1.734570e-02 
3.706670e-01 	1.732636e-02 
3.709660e-01 	1.730699e-02 
3.712650e-01 	1.728764e-02 
3.715630e-01 	1.726839e-02 
3.718620e-01 	1.724910e-02 
3.721610e-01 	1.722983e-02 
3.724590e-01 	1.721065e-02 
3.727580e-01 	1.719144e-02 
3.730560e-01 	1.717231e-02 
3.733550e-01 	1.715314e-02 
3.736540e-01 	1.713400e-02 
3.739520e-01 	1.711494e-02 
3.742510e-01 	1.709584e-02 
3.745500e-01 	1.707677e-02 
3.748480e-01 	1.705777e-02 
3.751470e-01 	1.703874e-02 
3.754450e-01 	1.701979e-02 
3.757440e-01 	1.700079e-02 
3.760430e-01 	1.698181e-02 
3.763410e-01 	1.696291e-02 
3.766400e-01 	1.694396e-02 
3.769390e-01 	1.692503e-02 
3.772370e-01 	1.690618e-02 
3.775360e-01 	1.688728e-02 
3.778340e-01 	1.686846e-02 
3.781330e-01 	1.684958e-02 
3.784320e-01 	1.683072e-02 
3.787300e-01 	1.681193e-02 
3.790290e-01 	1.679309e-02 
3.793280e-01 	1.677425e-02 
3.796260e-01 	1.675549e-02 
3.799250e-01 	1.673668e-02 
3.802240e-01 	1.671787e-02 
3.805220e-01 	1.669913e-02 
3.808210e-01 	1.668034e-02 
3.811190e-01 	1.666161e-02 
3.814180e-01 	1.664283e-02 
3.817170e-01 	1.662404e-02 
3.820150e-01 	1.660533e-02 
3.823140e-01 	1.658655e-02 
3.826130e-01 	1.656778e-02 
3.829110e-01 	1.654906e-02 
3.835080e-01 	1.651157e-02 
