#q 	 Ifit_avg 
5.352000e-03 	1.000000e+00 
5.651000e-03 	9.980346e-01 
5.950000e-03 	9.960681e-01 
6.249000e-03 	9.940991e-01 
6.548000e-03 	9.921264e-01 
6.847000e-03 	9.901488e-01 
7.146000e-03 	9.881644e-01 
7.445000e-03 	9.861733e-01 
7.744000e-03 	9.841742e-01 
8.043000e-03 	9.821639e-01 
8.342000e-03 	9.801439e-01 
8.641000e-03 	9.781101e-01 
8.940000e-03 	9.760635e-01 
9.239000e-03 	9.740021e-01 
9.538000e-03 	9.719246e-01 
9.837000e-03 	9.698298e-01 
1.013600e-02 	9.677180e-01 
1.043500e-02 	9.655850e-01 
1.073400e-02 	9.634310e-01 
1.103300e-02 	9.612547e-01 
1.133200e-02 	9.590550e-01 
1.163100e-02 	9.568306e-01 
1.193000e-02 	9.545803e-01 
1.222900e-02 	9.523027e-01 
1.252800e-02 	9.499968e-01 
1.282700e-02 	9.476612e-01 
1.312600e-02 	9.452948e-01 
1.342500e-02 	9.428962e-01 
1.372400e-02 	9.404643e-01 
1.402300e-02 	9.379977e-01 
1.432200e-02 	9.354954e-01 
1.462100e-02 	9.329561e-01 
1.492000e-02 	9.303785e-01 
1.521900e-02 	9.277616e-01 
1.551800e-02 	9.251043e-01 
1.581700e-02 	9.224053e-01 
1.611600e-02 	9.196639e-01 
1.641500e-02 	9.168790e-01 
1.671400e-02 	9.140499e-01 
1.701300e-02 	9.111758e-01 
1.731200e-02 	9.082562e-01 
1.761100e-02 	9.052905e-01 
1.791000e-02 	9.022785e-01 
1.820900e-02 	8.992198e-01 
1.850800e-02 	8.961145e-01 
1.880700e-02 	8.929624e-01 
1.910600e-02 	8.897639e-01 
1.940500e-02 	8.865191e-01 
1.970400e-02 	8.832285e-01 
2.000300e-02 	8.798925e-01 
2.030200e-02 	8.765119e-01 
2.060100e-02 	8.730872e-01 
2.090000e-02 	8.696193e-01 
2.119900e-02 	8.661090e-01 
2.149800e-02 	8.625574e-01 
2.179700e-02 	8.589654e-01 
2.209600e-02 	8.553340e-01 
2.239500e-02 	8.516645e-01 
2.269400e-02 	8.479579e-01 
2.299300e-02 	8.442155e-01 
2.329200e-02 	8.404386e-01 
2.359100e-02 	8.366284e-01 
2.389000e-02 	8.327862e-01 
2.418900e-02 	8.289131e-01 
2.448800e-02 	8.250106e-01 
2.478700e-02 	8.210799e-01 
2.508600e-02 	8.171224e-01 
2.538500e-02 	8.131391e-01 
2.568400e-02 	8.091315e-01 
2.598300e-02 	8.051008e-01 
2.628200e-02 	8.010482e-01 
2.658100e-02 	7.969749e-01 
2.688000e-02 	7.928821e-01 
2.717900e-02 	7.887709e-01 
2.747800e-02 	7.846426e-01 
2.777700e-02 	7.804983e-01 
2.807600e-02 	7.763391e-01 
2.837500e-02 	7.721661e-01 
2.867400e-02 	7.679804e-01 
2.897300e-02 	7.637830e-01 
2.927200e-02 	7.595749e-01 
2.957100e-02 	7.553571e-01 
2.987000e-02 	7.511307e-01 
3.016900e-02 	7.468966e-01 
3.046800e-02 	7.426557e-01 
3.076700e-02 	7.384089e-01 
3.106600e-02 	7.341571e-01 
3.136500e-02 	7.299011e-01 
3.166400e-02 	7.256418e-01 
3.196300e-02 	7.213801e-01 
3.226200e-02 	7.171167e-01 
3.256100e-02 	7.128524e-01 
3.286000e-02 	7.085878e-01 
3.315900e-02 	7.043238e-01 
3.345800e-02 	7.000611e-01 
3.375700e-02 	6.958003e-01 
3.405600e-02 	6.915421e-01 
3.435500e-02 	6.872872e-01 
3.465400e-02 	6.830362e-01 
3.495300e-02 	6.787897e-01 
3.525200e-02 	6.745482e-01 
3.555100e-02 	6.703124e-01 
3.585000e-02 	6.660828e-01 
3.614900e-02 	6.618601e-01 
3.644800e-02 	6.576447e-01 
3.674700e-02 	6.534372e-01 
3.704600e-02 	6.492379e-01 
3.734500e-02 	6.450474e-01 
3.764400e-02 	6.408662e-01 
3.794300e-02 	6.366946e-01 
3.824200e-02 	6.325332e-01 
3.854100e-02 	6.283825e-01 
3.884000e-02 	6.242428e-01 
3.913900e-02 	6.201145e-01 
3.943800e-02 	6.159980e-01 
3.973700e-02 	6.118937e-01 
4.003600e-02 	6.078019e-01 
4.033500e-02 	6.037231e-01 
4.063400e-02 	5.996575e-01 
4.093300e-02 	5.956055e-01 
4.123200e-02 	5.915674e-01 
4.153100e-02 	5.875435e-01 
4.183000e-02 	5.835342e-01 
4.212900e-02 	5.795398e-01 
4.242800e-02 	5.755606e-01 
4.272700e-02 	5.715969e-01 
4.302600e-02 	5.676489e-01 
4.332500e-02 	5.637169e-01 
4.362400e-02 	5.598012e-01 
4.392300e-02 	5.559020e-01 
4.422200e-02 	5.520195e-01 
4.452100e-02 	5.481541e-01 
4.482000e-02 	5.443059e-01 
4.511900e-02 	5.404753e-01 
4.541800e-02 	5.366624e-01 
4.571700e-02 	5.328674e-01 
4.601600e-02 	5.290906e-01 
4.631500e-02 	5.253320e-01 
4.661400e-02 	5.215921e-01 
4.691300e-02 	5.178708e-01 
4.721200e-02 	5.141684e-01 
4.751100e-02 	5.104852e-01 
4.781000e-02 	5.068212e-01 
4.810900e-02 	5.031767e-01 
4.840800e-02 	4.995517e-01 
4.870700e-02 	4.959465e-01 
4.900600e-02 	4.923612e-01 
4.930500e-02 	4.887959e-01 
4.960400e-02 	4.852508e-01 
4.990300e-02 	4.817258e-01 
5.020200e-02 	4.782213e-01 
5.050100e-02 	4.747373e-01 
5.080000e-02 	4.712739e-01 
5.109900e-02 	4.678312e-01 
5.139800e-02 	4.644095e-01 
5.169700e-02 	4.610086e-01 
5.199600e-02 	4.576288e-01 
5.229500e-02 	4.542701e-01 
5.259400e-02 	4.509326e-01 
5.289300e-02 	4.476163e-01 
5.319200e-02 	4.443212e-01 
5.349100e-02 	4.410474e-01 
5.379000e-02 	4.377951e-01 
5.408900e-02 	4.345642e-01 
5.438800e-02 	4.313547e-01 
5.468700e-02 	4.281669e-01 
5.498600e-02 	4.250006e-01 
5.528500e-02 	4.218560e-01 
5.558400e-02 	4.187330e-01 
5.588300e-02 	4.156316e-01 
5.618200e-02 	4.125518e-01 
5.648100e-02 	4.094937e-01 
5.678000e-02 	4.064572e-01 
5.707900e-02 	4.034424e-01 
5.737800e-02 	4.004491e-01 
5.767700e-02 	3.974776e-01 
5.797600e-02 	3.945276e-01 
5.827500e-02 	3.915994e-01 
5.857400e-02 	3.886928e-01 
5.887300e-02 	3.858077e-01 
5.917200e-02 	3.829441e-01 
5.947100e-02 	3.801021e-01 
5.977000e-02 	3.772814e-01 
6.006900e-02 	3.744822e-01 
6.036800e-02 	3.717043e-01 
6.066700e-02 	3.689476e-01 
6.096600e-02 	3.662123e-01 
6.126500e-02 	3.634982e-01 
6.156400e-02 	3.608052e-01 
6.186300e-02 	3.581334e-01 
6.216200e-02 	3.554827e-01 
6.246100e-02 	3.528530e-01 
6.276000e-02 	3.502442e-01 
6.306000e-02 	3.476476e-01 
6.335800e-02 	3.450890e-01 
6.365800e-02 	3.425339e-01 
6.395600e-02 	3.400163e-01 
6.425500e-02 	3.375107e-01 
6.455500e-02 	3.350172e-01 
6.485300e-02 	3.325605e-01 
6.515300e-02 	3.301076e-01 
6.545100e-02 	3.276912e-01 
6.575100e-02 	3.252786e-01 
6.604900e-02 	3.229021e-01 
6.634900e-02 	3.205295e-01 
6.664700e-02 	3.181926e-01 
6.694700e-02 	3.158596e-01 
6.724500e-02 	3.135618e-01 
6.754400e-02 	3.112756e-01 
6.784400e-02 	3.090011e-01 
6.814200e-02 	3.067610e-01 
6.844200e-02 	3.045250e-01 
6.874000e-02 	3.023227e-01 
6.904000e-02 	3.001246e-01 
6.933800e-02 	2.979599e-01 
6.963800e-02 	2.957992e-01 
6.993600e-02 	2.936714e-01 
7.023600e-02 	2.915478e-01 
7.053400e-02 	2.894565e-01 
7.083300e-02 	2.873763e-01 
7.113300e-02 	2.853072e-01 
7.143100e-02 	2.832699e-01 
7.173100e-02 	2.812367e-01 
7.202900e-02 	2.792347e-01 
7.232900e-02 	2.772370e-01 
7.262700e-02 	2.752699e-01 
7.292700e-02 	2.733069e-01 
7.322500e-02 	2.713741e-01 
7.352500e-02 	2.694454e-01 
7.382400e-02 	2.675401e-01 
7.412200e-02 	2.656577e-01 
7.442200e-02 	2.637793e-01 
7.472000e-02 	2.619299e-01 
7.502000e-02 	2.600843e-01 
7.531800e-02 	2.582672e-01 
7.561800e-02 	2.564541e-01 
7.591600e-02 	2.546689e-01 
7.621600e-02 	2.528875e-01 
7.651400e-02 	2.511337e-01 
7.681400e-02 	2.493838e-01 
7.711300e-02 	2.476551e-01 
7.741100e-02 	2.459475e-01 
7.771100e-02 	2.442436e-01 
7.800900e-02 	2.425660e-01 
7.830900e-02 	2.408922e-01 
7.860700e-02 	2.392442e-01 
7.890700e-02 	2.375999e-01 
7.920500e-02 	2.359810e-01 
7.950500e-02 	2.343656e-01 
7.980300e-02 	2.327752e-01 
8.010200e-02 	2.311936e-01 
8.040200e-02 	2.296208e-01 
8.070000e-02 	2.280723e-01 
8.100000e-02 	2.265272e-01 
8.129900e-02 	2.250010e-01 
8.159800e-02 	2.234883e-01 
8.189700e-02 	2.219891e-01 
8.219600e-02 	2.205031e-01 
8.249500e-02 	2.190303e-01 
8.279400e-02 	2.175705e-01 
8.309300e-02 	2.161237e-01 
8.339200e-02 	2.146896e-01 
8.369100e-02 	2.132682e-01 
8.399000e-02 	2.118594e-01 
8.428900e-02 	2.104629e-01 
8.458800e-02 	2.090787e-01 
8.488700e-02 	2.077068e-01 
8.518600e-02 	2.063468e-01 
8.548500e-02 	2.049988e-01 
8.578400e-02 	2.036627e-01 
8.608300e-02 	2.023383e-01 
8.638200e-02 	2.010256e-01 
8.668100e-02 	1.997244e-01 
8.698000e-02 	1.984346e-01 
8.727900e-02 	1.971562e-01 
8.757800e-02 	1.958890e-01 
8.787700e-02 	1.946329e-01 
8.817600e-02 	1.933879e-01 
8.847500e-02 	1.921538e-01 
8.877400e-02 	1.909306e-01 
8.907300e-02 	1.897181e-01 
8.937200e-02 	1.885162e-01 
8.967100e-02 	1.873248e-01 
8.997000e-02 	1.861438e-01 
9.026900e-02 	1.849730e-01 
9.056800e-02 	1.838124e-01 
9.086700e-02 	1.826618e-01 
9.116600e-02 	1.815212e-01 
9.146500e-02 	1.803905e-01 
9.176400e-02 	1.792695e-01 
9.206300e-02 	1.781582e-01 
9.236200e-02 	1.770565e-01 
9.266100e-02 	1.759643e-01 
9.296000e-02 	1.748815e-01 
9.325900e-02 	1.738080e-01 
9.355800e-02 	1.727438e-01 
9.385700e-02 	1.716888e-01 
9.415600e-02 	1.706428e-01 
9.445500e-02 	1.696058e-01 
9.475400e-02 	1.685777e-01 
9.505300e-02 	1.675584e-01 
9.535200e-02 	1.665478e-01 
9.565100e-02 	1.655459e-01 
9.595000e-02 	1.645525e-01 
9.624900e-02 	1.635675e-01 
9.654800e-02 	1.625910e-01 
9.684700e-02 	1.616227e-01 
9.714600e-02 	1.606626e-01 
9.744500e-02 	1.597106e-01 
9.774400e-02 	1.587666e-01 
9.804300e-02 	1.578305e-01 
9.834200e-02 	1.569023e-01 
9.864100e-02 	1.559819e-01 
9.894000e-02 	1.550693e-01 
9.923900e-02 	1.541643e-01 
9.953800e-02 	1.532669e-01 
9.983700e-02 	1.523770e-01 
1.001400e-01 	1.514828e-01 
1.004300e-01 	1.506341e-01 
1.007300e-01 	1.497633e-01 
1.010300e-01 	1.488998e-01 
1.013300e-01 	1.480435e-01 
1.016300e-01 	1.471943e-01 
1.019300e-01 	1.463522e-01 
1.022300e-01 	1.455171e-01 
1.025300e-01 	1.446890e-01 
1.028300e-01 	1.438676e-01 
1.031300e-01 	1.430531e-01 
1.034300e-01 	1.422452e-01 
1.037200e-01 	1.414706e-01 
1.040200e-01 	1.406757e-01 
1.043200e-01 	1.398873e-01 
1.046200e-01 	1.391053e-01 
1.049200e-01 	1.383297e-01 
1.052200e-01 	1.375604e-01 
1.055200e-01 	1.367974e-01 
1.058200e-01 	1.360405e-01 
1.061200e-01 	1.352898e-01 
1.064100e-01 	1.345699e-01 
1.067100e-01 	1.338311e-01 
1.070100e-01 	1.330984e-01 
1.073100e-01 	1.323715e-01 
1.076100e-01 	1.316505e-01 
1.079100e-01 	1.309353e-01 
1.082100e-01 	1.302259e-01 
1.085100e-01 	1.295222e-01 
1.088100e-01 	1.288242e-01 
1.091100e-01 	1.281317e-01 
1.094100e-01 	1.274448e-01 
1.097000e-01 	1.267860e-01 
1.100000e-01 	1.261098e-01 
1.103000e-01 	1.254391e-01 
1.106000e-01 	1.247736e-01 
1.109000e-01 	1.241134e-01 
1.112000e-01 	1.234583e-01 
1.115000e-01 	1.228085e-01 
1.118000e-01 	1.221637e-01 
1.121000e-01 	1.215239e-01 
1.123900e-01 	1.209102e-01 
1.126900e-01 	1.202802e-01 
1.129900e-01 	1.196551e-01 
1.132900e-01 	1.190349e-01 
1.135900e-01 	1.184195e-01 
1.138900e-01 	1.178089e-01 
1.141900e-01 	1.172030e-01 
1.144900e-01 	1.166018e-01 
1.147900e-01 	1.160053e-01 
1.150900e-01 	1.154135e-01 
1.153900e-01 	1.148262e-01 
1.156800e-01 	1.142628e-01 
1.159800e-01 	1.136844e-01 
1.162800e-01 	1.131104e-01 
1.165800e-01 	1.125409e-01 
1.168800e-01 	1.119758e-01 
1.171800e-01 	1.114150e-01 
1.174800e-01 	1.108585e-01 
1.177800e-01 	1.103062e-01 
1.180800e-01 	1.097581e-01 
1.183700e-01 	1.092322e-01 
1.186700e-01 	1.086922e-01 
1.189700e-01 	1.081563e-01 
1.192700e-01 	1.076244e-01 
1.195700e-01 	1.070965e-01 
1.198700e-01 	1.065725e-01 
1.201700e-01 	1.060525e-01 
1.204700e-01 	1.055363e-01 
1.207700e-01 	1.050240e-01 
1.210700e-01 	1.045154e-01 
1.213700e-01 	1.040107e-01 
1.216600e-01 	1.035263e-01 
1.219600e-01 	1.030288e-01 
1.222600e-01 	1.025350e-01 
1.225600e-01 	1.020448e-01 
1.228600e-01 	1.015583e-01 
1.231600e-01 	1.010753e-01 
1.234600e-01 	1.005959e-01 
1.237600e-01 	1.001200e-01 
1.240600e-01 	9.964757e-02 
1.243500e-01 	9.919420e-02 
1.246500e-01 	9.872857e-02 
1.249500e-01 	9.826632e-02 
1.252500e-01 	9.780744e-02 
1.255500e-01 	9.735188e-02 
1.258500e-01 	9.689962e-02 
1.261500e-01 	9.645062e-02 
1.264500e-01 	9.600486e-02 
1.267500e-01 	9.556229e-02 
1.270500e-01 	9.512288e-02 
1.273500e-01 	9.468662e-02 
1.276400e-01 	9.426784e-02 
1.279400e-01 	9.383765e-02 
1.282400e-01 	9.341052e-02 
1.285400e-01 	9.298643e-02 
1.288400e-01 	9.256534e-02 
1.291400e-01 	9.214724e-02 
1.294400e-01 	9.173209e-02 
1.297400e-01 	9.131988e-02 
1.300400e-01 	9.091058e-02 
1.303400e-01 	9.050416e-02 
1.306300e-01 	9.011401e-02 
1.309300e-01 	8.971319e-02 
1.312300e-01 	8.931518e-02 
1.315300e-01 	8.891996e-02 
1.318300e-01 	8.852750e-02 
1.321300e-01 	8.813778e-02 
1.324300e-01 	8.775077e-02 
1.327300e-01 	8.736644e-02 
1.330300e-01 	8.698478e-02 
1.333200e-01 	8.661836e-02 
1.336200e-01 	8.624187e-02 
1.339200e-01 	8.586798e-02 
1.342200e-01 	8.549666e-02 
1.345200e-01 	8.512790e-02 
1.348200e-01 	8.476167e-02 
1.351200e-01 	8.439794e-02 
1.354200e-01 	8.403670e-02 
1.357200e-01 	8.367792e-02 
1.360200e-01 	8.332158e-02 
1.363100e-01 	8.297942e-02 
1.366100e-01 	8.262781e-02 
1.369100e-01 	8.227857e-02 
1.372100e-01 	8.193169e-02 
1.375100e-01 	8.158713e-02 
1.378100e-01 	8.124487e-02 
1.381100e-01 	8.090489e-02 
1.384100e-01 	8.056716e-02 
1.387100e-01 	8.023167e-02 
1.390100e-01 	7.989839e-02 
1.393100e-01 	7.956733e-02 
1.396000e-01 	7.924937e-02 
1.399000e-01 	7.892258e-02 
1.402000e-01 	7.859795e-02 
1.405000e-01 	7.827544e-02 
1.408000e-01 	7.795505e-02 
1.411000e-01 	7.763676e-02 
1.414000e-01 	7.732055e-02 
1.417000e-01 	7.700641e-02 
1.420000e-01 	7.669432e-02 
1.423000e-01 	7.638426e-02 
1.425900e-01 	7.608646e-02 
1.428900e-01 	7.578036e-02 
1.431900e-01 	7.547624e-02 
1.434900e-01 	7.517410e-02 
1.437900e-01 	7.487392e-02 
1.440900e-01 	7.457568e-02 
1.443900e-01 	7.427938e-02 
1.446900e-01 	7.398498e-02 
1.449900e-01 	7.369249e-02 
1.452800e-01 	7.341154e-02 
1.455800e-01 	7.312275e-02 
1.458800e-01 	7.283583e-02 
1.461800e-01 	7.255075e-02 
1.464800e-01 	7.226751e-02 
1.467800e-01 	7.198609e-02 
1.470800e-01 	7.170648e-02 
1.473800e-01 	7.142866e-02 
1.476800e-01 	7.115261e-02 
1.479800e-01 	7.087832e-02 
1.482700e-01 	7.061483e-02 
1.485700e-01 	7.034395e-02 
1.488700e-01 	7.007478e-02 
1.491700e-01 	6.980729e-02 
1.494700e-01 	6.954148e-02 
1.497700e-01 	6.927733e-02 
1.500700e-01 	6.901482e-02 
1.503700e-01 	6.875393e-02 
1.506700e-01 	6.849465e-02 
1.509700e-01 	6.823696e-02 
1.512700e-01 	6.798084e-02 
1.515600e-01 	6.773476e-02 
1.518600e-01 	6.748171e-02 
1.521600e-01 	6.723020e-02 
1.524600e-01 	6.698022e-02 
1.527600e-01 	6.673176e-02 
1.530600e-01 	6.648479e-02 
1.533600e-01 	6.623931e-02 
1.536600e-01 	6.599531e-02 
1.539600e-01 	6.575278e-02 
1.542600e-01 	6.551170e-02 
1.545500e-01 	6.528004e-02 
1.548500e-01 	6.504180e-02 
1.551500e-01 	6.480498e-02 
1.554500e-01 	6.456958e-02 
1.557500e-01 	6.433560e-02 
1.560500e-01 	6.410302e-02 
1.563500e-01 	6.387184e-02 
1.566500e-01 	6.364204e-02 
1.569500e-01 	6.341363e-02 
1.572400e-01 	6.319413e-02 
1.575400e-01 	6.296841e-02 
1.578400e-01 	6.274404e-02 
1.581400e-01 	6.252101e-02 
1.584400e-01 	6.229933e-02 
1.587400e-01 	6.207897e-02 
1.590400e-01 	6.185993e-02 
1.593400e-01 	6.164219e-02 
1.596400e-01 	6.142575e-02 
1.599400e-01 	6.121059e-02 
1.602300e-01 	6.100382e-02 
1.605300e-01 	6.079115e-02 
1.608300e-01 	6.057975e-02 
1.611300e-01 	6.036958e-02 
1.614300e-01 	6.016065e-02 
1.617300e-01 	5.995294e-02 
1.620300e-01 	5.974645e-02 
1.623300e-01 	5.954115e-02 
1.626300e-01 	5.933705e-02 
1.629300e-01 	5.913413e-02 
1.632300e-01 	5.893237e-02 
1.635200e-01 	5.873845e-02 
1.638200e-01 	5.853898e-02 
1.641200e-01 	5.834065e-02 
1.644200e-01 	5.814345e-02 
1.647200e-01 	5.794739e-02 
1.650200e-01 	5.775244e-02 
1.653200e-01 	5.755861e-02 
1.656200e-01 	5.736588e-02 
1.659200e-01 	5.717425e-02 
1.662200e-01 	5.698370e-02 
1.665100e-01 	5.680054e-02 
1.668100e-01 	5.661211e-02 
1.671100e-01 	5.642474e-02 
1.674100e-01 	5.623843e-02 
1.677100e-01 	5.605317e-02 
1.680100e-01 	5.586895e-02 
1.683100e-01 	5.568575e-02 
1.686100e-01 	5.550358e-02 
1.689100e-01 	5.532242e-02 
1.692000e-01 	5.514826e-02 
1.695000e-01 	5.496907e-02 
1.698000e-01 	5.479088e-02 
1.701000e-01 	5.461367e-02 
1.704000e-01 	5.443745e-02 
1.707000e-01 	5.426219e-02 
1.710000e-01 	5.408791e-02 
1.713000e-01 	5.391459e-02 
1.716000e-01 	5.374222e-02 
1.719000e-01 	5.357081e-02 
1.721900e-01 	5.340601e-02 
1.724900e-01 	5.323644e-02 
1.727900e-01 	5.306781e-02 
1.730900e-01 	5.290010e-02 
1.733900e-01 	5.273331e-02 
1.736900e-01 	5.256744e-02 
1.739900e-01 	5.240246e-02 
1.742900e-01 	5.223839e-02 
1.745900e-01 	5.207521e-02 
1.748900e-01 	5.191291e-02 
1.751900e-01 	5.175149e-02 
1.754800e-01 	5.159628e-02 
1.757800e-01 	5.143656e-02 
1.760800e-01 	5.127771e-02 
1.763800e-01 	5.111972e-02 
1.766800e-01 	5.096257e-02 
1.769800e-01 	5.080627e-02 
1.772800e-01 	5.065081e-02 
1.775800e-01 	5.049619e-02 
1.778800e-01 	5.034240e-02 
1.781800e-01 	5.018943e-02 
1.784700e-01 	5.004234e-02 
1.787700e-01 	4.989098e-02 
1.790700e-01 	4.974042e-02 
1.793700e-01 	4.959067e-02 
1.796700e-01 	4.944172e-02 
1.799700e-01 	4.929356e-02 
1.802700e-01 	4.914618e-02 
1.805700e-01 	4.899959e-02 
1.808700e-01 	4.885378e-02 
1.811600e-01 	4.871355e-02 
1.814600e-01 	4.856925e-02 
1.817600e-01 	4.842571e-02 
1.820600e-01 	4.828292e-02 
1.823600e-01 	4.814088e-02 
1.826600e-01 	4.799959e-02 
1.829600e-01 	4.785903e-02 
1.832600e-01 	4.771922e-02 
1.835600e-01 	4.758013e-02 
1.838600e-01 	4.744176e-02 
1.841600e-01 	4.730412e-02 
1.844500e-01 	4.717174e-02 
1.847500e-01 	4.703549e-02 
1.850500e-01 	4.689995e-02 
1.853500e-01 	4.676511e-02 
1.856500e-01 	4.663096e-02 
1.859500e-01 	4.649749e-02 
1.862500e-01 	4.636471e-02 
1.865500e-01 	4.623261e-02 
1.868500e-01 	4.610118e-02 
1.871500e-01 	4.597041e-02 
1.874400e-01 	4.584464e-02 
1.877400e-01 	4.571518e-02 
1.880400e-01 	4.558637e-02 
1.883400e-01 	4.545821e-02 
1.886400e-01 	4.533070e-02 
1.889400e-01 	4.520382e-02 
1.892400e-01 	4.507759e-02 
1.895400e-01 	4.495198e-02 
1.898400e-01 	4.482701e-02 
1.901300e-01 	4.470680e-02 
1.904300e-01 	4.458305e-02 
1.907300e-01 	4.445992e-02 
1.910300e-01 	4.433741e-02 
1.913300e-01 	4.421551e-02 
1.916300e-01 	4.409421e-02 
1.919300e-01 	4.397352e-02 
1.922300e-01 	4.385343e-02 
1.925300e-01 	4.373394e-02 
1.928300e-01 	4.361504e-02 
1.931200e-01 	4.350067e-02 
1.934200e-01 	4.338292e-02 
1.937200e-01 	4.326576e-02 
1.940200e-01 	4.314918e-02 
1.943200e-01 	4.303317e-02 
1.946200e-01 	4.291774e-02 
1.949200e-01 	4.280287e-02 
1.952200e-01 	4.268857e-02 
1.955200e-01 	4.257482e-02 
1.958200e-01 	4.246164e-02 
1.961200e-01 	4.234901e-02 
1.964100e-01 	4.224065e-02 
1.967100e-01 	4.212910e-02 
1.970100e-01 	4.201809e-02 
1.973100e-01 	4.190762e-02 
1.976100e-01 	4.179768e-02 
1.979100e-01 	4.168828e-02 
1.982100e-01 	4.157940e-02 
1.985100e-01 	4.147105e-02 
1.988100e-01 	4.136322e-02 
1.991100e-01 	4.125591e-02 
1.994000e-01 	4.115266e-02 
1.997000e-01 	4.104635e-02 
2.000000e-01 	4.094056e-02 
2.003000e-01 	4.083526e-02 
2.006000e-01 	4.073046e-02 
2.009000e-01 	4.062616e-02 
2.012000e-01 	4.052236e-02 
2.015000e-01 	4.041904e-02 
2.018000e-01 	4.031620e-02 
2.020900e-01 	4.021725e-02 
2.023900e-01 	4.011536e-02 
2.026900e-01 	4.001394e-02 
2.029900e-01 	3.991300e-02 
2.032900e-01 	3.981252e-02 
2.035900e-01 	3.971251e-02 
2.038900e-01 	3.961295e-02 
2.041900e-01 	3.951385e-02 
2.044900e-01 	3.941521e-02 
2.047900e-01 	3.931702e-02 
2.050800e-01 	3.922253e-02 
2.053800e-01 	3.912522e-02 
2.056800e-01 	3.902836e-02 
2.059800e-01 	3.893193e-02 
2.062800e-01 	3.883595e-02 
2.065800e-01 	3.874040e-02 
2.068800e-01 	3.864528e-02 
2.071800e-01 	3.855059e-02 
2.074800e-01 	3.845633e-02 
2.077800e-01 	3.836250e-02 
2.080800e-01 	3.826909e-02 
2.083700e-01 	3.817919e-02 
2.086700e-01 	3.808661e-02 
2.089700e-01 	3.799443e-02 
2.092700e-01 	3.790267e-02 
2.095700e-01 	3.781132e-02 
2.098700e-01 	3.772038e-02 
2.101700e-01 	3.762984e-02 
2.104700e-01 	3.753971e-02 
2.107700e-01 	3.744997e-02 
2.110700e-01 	3.736063e-02 
2.113600e-01 	3.727464e-02 
2.116600e-01 	3.718607e-02 
2.119600e-01 	3.709789e-02 
2.122600e-01 	3.701010e-02 
2.125600e-01 	3.692269e-02 
2.128600e-01 	3.683566e-02 
2.131600e-01 	3.674901e-02 
2.134600e-01 	3.666273e-02 
2.137600e-01 	3.657683e-02 
2.140500e-01 	3.649415e-02 
2.143500e-01 	3.640897e-02 
2.146500e-01 	3.632416e-02 
2.149500e-01 	3.623971e-02 
2.152500e-01 	3.615563e-02 
2.155500e-01 	3.607190e-02 
2.158500e-01 	3.598852e-02 
2.161500e-01 	3.590550e-02 
2.164500e-01 	3.582283e-02 
2.167500e-01 	3.574051e-02 
2.170400e-01 	3.566127e-02 
2.173400e-01 	3.557963e-02 
2.176400e-01 	3.549833e-02 
2.179400e-01 	3.541737e-02 
2.182400e-01 	3.533674e-02 
2.185400e-01 	3.525646e-02 
2.188400e-01 	3.517650e-02 
2.191400e-01 	3.509688e-02 
2.194400e-01 	3.501758e-02 
2.197400e-01 	3.493861e-02 
2.200400e-01 	3.485996e-02 
2.203300e-01 	3.478424e-02 
2.206300e-01 	3.470623e-02 
2.209300e-01 	3.462853e-02 
2.212300e-01 	3.455114e-02 
2.215300e-01 	3.447407e-02 
2.218300e-01 	3.439731e-02 
2.221300e-01 	3.432086e-02 
2.224300e-01 	3.424471e-02 
2.227300e-01 	3.416888e-02 
2.230300e-01 	3.409334e-02 
2.233200e-01 	3.402062e-02 
2.236200e-01 	3.394568e-02 
2.239200e-01 	3.387104e-02 
2.242200e-01 	3.379669e-02 
2.245200e-01 	3.372265e-02 
2.248200e-01 	3.364889e-02 
2.251200e-01 	3.357543e-02 
2.254200e-01 	3.350226e-02 
2.257200e-01 	3.342938e-02 
2.260100e-01 	3.335919e-02 
2.263100e-01 	3.328687e-02 
2.266100e-01 	3.321483e-02 
2.269100e-01 	3.314308e-02 
2.272100e-01 	3.307160e-02 
2.275100e-01 	3.300040e-02 
2.278100e-01 	3.292947e-02 
2.281100e-01 	3.285882e-02 
2.284100e-01 	3.278845e-02 
2.287100e-01 	3.271834e-02 
2.290000e-01 	3.265082e-02 
2.293000e-01 	3.258124e-02 
2.296000e-01 	3.251193e-02 
2.299000e-01 	3.244288e-02 
2.302000e-01 	3.237409e-02 
2.305000e-01 	3.230556e-02 
2.308000e-01 	3.223729e-02 
2.311000e-01 	3.216929e-02 
2.314000e-01 	3.210153e-02 
2.317000e-01 	3.203404e-02 
2.320000e-01 	3.196679e-02 
2.322900e-01 	3.190203e-02 
2.325900e-01 	3.183528e-02 
2.328900e-01 	3.176878e-02 
2.331900e-01 	3.170253e-02 
2.334900e-01 	3.163653e-02 
2.337900e-01 	3.157077e-02 
2.340900e-01 	3.150526e-02 
2.343900e-01 	3.143998e-02 
2.346900e-01 	3.137495e-02 
2.349800e-01 	3.131232e-02 
2.352800e-01 	3.124775e-02 
2.355800e-01 	3.118343e-02 
2.358800e-01 	3.111934e-02 
2.361800e-01 	3.105548e-02 
2.364800e-01 	3.099185e-02 
2.367800e-01 	3.092846e-02 
2.370800e-01 	3.086529e-02 
2.373800e-01 	3.080235e-02 
2.376800e-01 	3.073964e-02 
2.379700e-01 	3.067923e-02 
2.382700e-01 	3.061696e-02 
2.385700e-01 	3.055491e-02 
2.388700e-01 	3.049308e-02 
2.391700e-01 	3.043147e-02 
2.394700e-01 	3.037008e-02 
2.397700e-01 	3.030891e-02 
2.400700e-01 	3.024796e-02 
2.403700e-01 	3.018722e-02 
2.406700e-01 	3.012669e-02 
2.409700e-01 	3.006638e-02 
2.412600e-01 	3.000828e-02 
2.415600e-01 	2.994838e-02 
2.418600e-01 	2.988870e-02 
2.421600e-01 	2.982922e-02 
2.424600e-01 	2.976995e-02 
2.427600e-01 	2.971088e-02 
2.430600e-01 	2.965202e-02 
2.433600e-01 	2.959336e-02 
2.436600e-01 	2.953491e-02 
2.439600e-01 	2.947666e-02 
2.442500e-01 	2.942054e-02 
2.445500e-01 	2.936268e-02 
2.448500e-01 	2.930501e-02 
2.451500e-01 	2.924755e-02 
2.454500e-01 	2.919028e-02 
2.457500e-01 	2.913320e-02 
2.460500e-01 	2.907632e-02 
2.463500e-01 	2.901963e-02 
2.466500e-01 	2.896313e-02 
2.469400e-01 	2.890870e-02 
2.472400e-01 	2.885258e-02 
2.475400e-01 	2.879664e-02 
2.478400e-01 	2.874089e-02 
2.481400e-01 	2.868533e-02 
2.484400e-01 	2.862996e-02 
2.487400e-01 	2.857477e-02 
2.490400e-01 	2.851977e-02 
2.493400e-01 	2.846494e-02 
2.496400e-01 	2.841030e-02 
2.499300e-01 	2.835766e-02 
2.502300e-01 	2.830337e-02 
2.505300e-01 	2.824927e-02 
2.508300e-01 	2.819534e-02 
2.511300e-01 	2.814160e-02 
2.514300e-01 	2.808802e-02 
2.517300e-01 	2.803463e-02 
2.520300e-01 	2.798141e-02 
2.523300e-01 	2.792836e-02 
2.526300e-01 	2.787549e-02 
2.529300e-01 	2.782279e-02 
2.532200e-01 	2.777201e-02 
2.535200e-01 	2.771964e-02 
2.538200e-01 	2.766745e-02 
2.541200e-01 	2.761542e-02 
2.544200e-01 	2.756356e-02 
2.547200e-01 	2.751187e-02 
2.550200e-01 	2.746035e-02 
2.553200e-01 	2.740899e-02 
2.556200e-01 	2.735779e-02 
2.559200e-01 	2.730676e-02 
2.562200e-01 	2.725589e-02 
2.565100e-01 	2.720688e-02 
2.568100e-01 	2.715632e-02 
2.571100e-01 	2.710593e-02 
2.574100e-01 	2.705570e-02 
2.577100e-01 	2.700563e-02 
2.580100e-01 	2.695571e-02 
2.583100e-01 	2.690595e-02 
2.586100e-01 	2.685634e-02 
2.589100e-01 	2.680689e-02 
2.592100e-01 	2.675760e-02 
2.595000e-01 	2.671009e-02 
2.598000e-01 	2.666109e-02 
2.601000e-01 	2.661225e-02 
2.604000e-01 	2.656355e-02 
2.607000e-01 	2.651501e-02 
2.610000e-01 	2.646661e-02 
2.613000e-01 	2.641836e-02 
2.616000e-01 	2.637026e-02 
2.619000e-01 	2.632231e-02 
2.622000e-01 	2.627450e-02 
2.624900e-01 	2.622843e-02 
2.627900e-01 	2.618090e-02 
2.630900e-01 	2.613352e-02 
2.633900e-01 	2.608629e-02 
2.636900e-01 	2.603920e-02 
2.639900e-01 	2.599225e-02 
2.642900e-01 	2.594544e-02 
2.645900e-01 	2.589877e-02 
2.648900e-01 	2.585224e-02 
2.651900e-01 	2.580585e-02 
2.654800e-01 	2.576114e-02 
2.657800e-01 	2.571502e-02 
2.660800e-01 	2.566904e-02 
2.663800e-01 	2.562319e-02 
2.666800e-01 	2.557749e-02 
2.669800e-01 	2.553191e-02 
2.672800e-01 	2.548648e-02 
2.675800e-01 	2.544118e-02 
2.678800e-01 	2.539601e-02 
2.681700e-01 	2.535247e-02 
2.684700e-01 	2.530757e-02 
2.687700e-01 	2.526279e-02 
2.690700e-01 	2.521815e-02 
2.693700e-01 	2.517364e-02 
2.696700e-01 	2.512926e-02 
2.699700e-01 	2.508501e-02 
2.702700e-01 	2.504089e-02 
2.705700e-01 	2.499690e-02 
2.708700e-01 	2.495303e-02 
2.711600e-01 	2.491075e-02 
2.714600e-01 	2.486714e-02 
2.717600e-01 	2.482366e-02 
2.720600e-01 	2.478030e-02 
2.723600e-01 	2.473706e-02 
2.726600e-01 	2.469395e-02 
2.729600e-01 	2.465097e-02 
2.732600e-01 	2.460811e-02 
2.735600e-01 	2.456537e-02 
2.738600e-01 	2.452275e-02 
2.741500e-01 	2.448167e-02 
2.744500e-01 	2.443929e-02 
2.747500e-01 	2.439704e-02 
2.750500e-01 	2.435490e-02 
2.753500e-01 	2.431289e-02 
2.756500e-01 	2.427099e-02 
2.759500e-01 	2.422921e-02 
2.762500e-01 	2.418755e-02 
2.765500e-01 	2.414600e-02 
2.768500e-01 	2.410458e-02 
2.771400e-01 	2.406464e-02 
2.774400e-01 	2.402344e-02 
2.777400e-01 	2.398235e-02 
2.780400e-01 	2.394138e-02 
2.783400e-01 	2.390052e-02 
2.786400e-01 	2.385978e-02 
2.789400e-01 	2.381915e-02 
2.792400e-01 	2.377863e-02 
2.795400e-01 	2.373822e-02 
2.798400e-01 	2.369792e-02 
2.801400e-01 	2.365773e-02 
2.804300e-01 	2.361899e-02 
2.807300e-01 	2.357902e-02 
2.810300e-01 	2.353916e-02 
2.813300e-01 	2.349940e-02 
2.816300e-01 	2.345976e-02 
2.819300e-01 	2.342022e-02 
2.822300e-01 	2.338079e-02 
2.825300e-01 	2.334146e-02 
2.828300e-01 	2.330225e-02 
2.831300e-01 	2.326314e-02 
2.834200e-01 	2.322543e-02 
2.837200e-01 	2.318652e-02 
2.840200e-01 	2.314773e-02 
2.843200e-01 	2.310903e-02 
2.846200e-01 	2.307044e-02 
2.849200e-01 	2.303196e-02 
2.852200e-01 	2.299357e-02 
2.855200e-01 	2.295530e-02 
2.858200e-01 	2.291712e-02 
2.861200e-01 	2.287904e-02 
2.864100e-01 	2.284234e-02 
2.867100e-01 	2.280446e-02 
2.870100e-01 	2.276669e-02 
2.873100e-01 	2.272902e-02 
2.876100e-01 	2.269145e-02 
2.879100e-01 	2.265398e-02 
2.882100e-01 	2.261661e-02 
2.885100e-01 	2.257933e-02 
2.888100e-01 	2.254216e-02 
2.891100e-01 	2.250509e-02 
2.894000e-01 	2.246934e-02 
2.897000e-01 	2.243246e-02 
2.900000e-01 	2.239568e-02 
2.903000e-01 	2.235899e-02 
2.906000e-01 	2.232240e-02 
2.909000e-01 	2.228591e-02 
2.912000e-01 	2.224951e-02 
2.915000e-01 	2.221320e-02 
2.918000e-01 	2.217700e-02 
2.920900e-01 	2.214208e-02 
2.923900e-01 	2.210606e-02 
2.926900e-01 	2.207013e-02 
2.929900e-01 	2.203429e-02 
2.932900e-01 	2.199855e-02 
2.935900e-01 	2.196290e-02 
2.938900e-01 	2.192734e-02 
2.941900e-01 	2.189187e-02 
2.944900e-01 	2.185650e-02 
2.947900e-01 	2.182121e-02 
2.950800e-01 	2.178719e-02 
2.953800e-01 	2.175208e-02 
2.956800e-01 	2.171706e-02 
2.959800e-01 	2.168213e-02 
2.962800e-01 	2.164729e-02 
2.965800e-01 	2.161254e-02 
2.968800e-01 	2.157788e-02 
2.971800e-01 	2.154330e-02 
2.974800e-01 	2.150881e-02 
2.977800e-01 	2.147441e-02 
2.980700e-01 	2.144124e-02 
2.983700e-01 	2.140702e-02 
2.986700e-01 	2.137287e-02 
2.989700e-01 	2.133882e-02 
2.992700e-01 	2.130485e-02 
2.995700e-01 	2.127097e-02 
2.998700e-01 	2.123717e-02 
3.001700e-01 	2.120345e-02 
3.004700e-01 	2.116983e-02 
3.007700e-01 	2.113628e-02 
3.010700e-01 	2.110282e-02 
3.013600e-01 	2.107056e-02 
3.016600e-01 	2.103726e-02 
3.019600e-01 	2.100405e-02 
3.022600e-01 	2.097092e-02 
3.025600e-01 	2.093787e-02 
3.028600e-01 	2.090490e-02 
3.031600e-01 	2.087202e-02 
3.034600e-01 	2.083921e-02 
3.037600e-01 	2.080649e-02 
3.040600e-01 	2.077385e-02 
3.043500e-01 	2.074237e-02 
3.046500e-01 	2.070989e-02 
3.049500e-01 	2.067748e-02 
3.052500e-01 	2.064516e-02 
3.055500e-01 	2.061291e-02 
3.058500e-01 	2.058075e-02 
3.061500e-01 	2.054866e-02 
3.064500e-01 	2.051665e-02 
3.067500e-01 	2.048472e-02 
3.070500e-01 	2.045287e-02 
3.073400e-01 	2.042215e-02 
3.076400e-01 	2.039045e-02 
3.079400e-01 	2.035883e-02 
3.082400e-01 	2.032728e-02 
3.085400e-01 	2.029581e-02 
3.088400e-01 	2.026442e-02 
3.091400e-01 	2.023310e-02 
3.094400e-01 	2.020186e-02 
3.097400e-01 	2.017069e-02 
3.100400e-01 	2.013960e-02 
3.103300e-01 	2.010961e-02 
3.106300e-01 	2.007867e-02 
3.109300e-01 	2.004780e-02 
3.112300e-01 	2.001700e-02 
3.115300e-01 	1.998627e-02 
3.118300e-01 	1.995562e-02 
3.121300e-01 	1.992505e-02 
3.124300e-01 	1.989454e-02 
3.127300e-01 	1.986411e-02 
3.130200e-01 	1.983476e-02 
3.133200e-01 	1.980447e-02 
3.136200e-01 	1.977425e-02 
3.139200e-01 	1.974410e-02 
3.142200e-01 	1.971403e-02 
3.145200e-01 	1.968402e-02 
3.148200e-01 	1.965409e-02 
3.151200e-01 	1.962422e-02 
3.154200e-01 	1.959443e-02 
3.157200e-01 	1.956470e-02 
3.160100e-01 	1.953603e-02 
3.163100e-01 	1.950645e-02 
3.166100e-01 	1.947693e-02 
3.169100e-01 	1.944748e-02 
3.172100e-01 	1.941809e-02 
3.175100e-01 	1.938878e-02 
3.178100e-01 	1.935953e-02 
3.181100e-01 	1.933035e-02 
3.184100e-01 	1.930124e-02 
3.187100e-01 	1.927220e-02 
3.190000e-01 	1.924419e-02 
3.193000e-01 	1.921528e-02 
3.196000e-01 	1.918643e-02 
3.199000e-01 	1.915765e-02 
3.202000e-01 	1.912894e-02 
3.205000e-01 	1.910029e-02 
3.208000e-01 	1.907171e-02 
3.211000e-01 	1.904319e-02 
3.214000e-01 	1.901474e-02 
3.217000e-01 	1.898635e-02 
3.219900e-01 	1.895897e-02 
3.222900e-01 	1.893071e-02 
3.225900e-01 	1.890251e-02 
3.228900e-01 	1.887438e-02 
3.231900e-01 	1.884631e-02 
3.234900e-01 	1.881830e-02 
3.237900e-01 	1.879036e-02 
3.240900e-01 	1.876248e-02 
3.243900e-01 	1.873466e-02 
3.246900e-01 	1.870690e-02 
3.249900e-01 	1.867921e-02 
3.252800e-01 	1.865249e-02 
3.255800e-01 	1.862492e-02 
3.258800e-01 	1.859741e-02 
3.261800e-01 	1.856996e-02 
3.264800e-01 	1.854257e-02 
3.267800e-01 	1.851524e-02 
3.270800e-01 	1.848797e-02 
3.273800e-01 	1.846076e-02 
3.276800e-01 	1.843361e-02 
3.279800e-01 	1.840652e-02 
3.282700e-01 	1.838039e-02 
3.285700e-01 	1.835342e-02 
3.288700e-01 	1.832650e-02 
3.291700e-01 	1.829965e-02 
3.294700e-01 	1.827285e-02 
3.297700e-01 	1.824612e-02 
3.300700e-01 	1.821944e-02 
3.303700e-01 	1.819282e-02 
3.306700e-01 	1.816626e-02 
3.309700e-01 	1.813975e-02 
3.312600e-01 	1.811418e-02 
3.315600e-01 	1.808779e-02 
3.318600e-01 	1.806146e-02 
3.321600e-01 	1.803518e-02 
3.324600e-01 	1.800896e-02 
3.327600e-01 	1.798279e-02 
3.330600e-01 	1.795668e-02 
3.333600e-01 	1.793063e-02 
3.336600e-01 	1.790464e-02 
3.339600e-01 	1.787869e-02 
3.342500e-01 	1.785367e-02 
3.345500e-01 	1.782784e-02 
3.348500e-01 	1.780206e-02 
3.351500e-01 	1.777634e-02 
3.354500e-01 	1.775068e-02 
3.357500e-01 	1.772506e-02 
3.360500e-01 	1.769951e-02 
3.363500e-01 	1.767400e-02 
3.366500e-01 	1.764855e-02 
3.369400e-01 	1.762400e-02 
3.372400e-01 	1.759866e-02 
3.375400e-01 	1.757337e-02 
3.378400e-01 	1.754813e-02 
3.381400e-01 	1.752295e-02 
3.384400e-01 	1.749781e-02 
3.387400e-01 	1.747273e-02 
3.390400e-01 	1.744771e-02 
3.393400e-01 	1.742273e-02 
3.396400e-01 	1.739781e-02 
3.399300e-01 	1.737377e-02 
3.402300e-01 	1.734895e-02 
3.405300e-01 	1.732418e-02 
3.408300e-01 	1.729946e-02 
3.411300e-01 	1.727479e-02 
3.414300e-01 	1.725018e-02 
3.417300e-01 	1.722561e-02 
3.420300e-01 	1.720110e-02 
3.423300e-01 	1.717663e-02 
3.426300e-01 	1.715222e-02 
3.429200e-01 	1.712867e-02 
3.432200e-01 	1.710435e-02 
3.435200e-01 	1.708009e-02 
3.438200e-01 	1.705587e-02 
3.441200e-01 	1.703171e-02 
3.444200e-01 	1.700759e-02 
3.447200e-01 	1.698352e-02 
3.450200e-01 	1.695950e-02 
3.453200e-01 	1.693553e-02 
3.456200e-01 	1.691161e-02 
3.459100e-01 	1.688853e-02 
3.462100e-01 	1.686470e-02 
3.465100e-01 	1.684092e-02 
3.468100e-01 	1.681719e-02 
3.471100e-01 	1.679350e-02 
3.474100e-01 	1.676987e-02 
3.477100e-01 	1.674627e-02 
3.480100e-01 	1.672273e-02 
3.483100e-01 	1.669923e-02 
3.486100e-01 	1.667578e-02 
3.489100e-01 	1.665237e-02 
3.492000e-01 	1.662979e-02 
3.495000e-01 	1.660648e-02 
3.498000e-01 	1.658320e-02 
3.501000e-01 	1.655998e-02 
3.504000e-01 	1.653680e-02 
3.507000e-01 	1.651366e-02 
3.510000e-01 	1.649057e-02 
3.513000e-01 	1.646753e-02 
3.516000e-01 	1.644453e-02 
3.519000e-01 	1.642157e-02 
3.521900e-01 	1.639942e-02 
3.524900e-01 	1.637655e-02 
3.527900e-01 	1.635372e-02 
3.530900e-01 	1.633094e-02 
3.533900e-01 	1.630820e-02 
3.536900e-01 	1.628550e-02 
3.539900e-01 	1.626284e-02 
3.542900e-01 	1.624023e-02 
3.545900e-01 	1.621766e-02 
3.548900e-01 	1.619514e-02 
3.551800e-01 	1.617340e-02 
3.554800e-01 	1.615096e-02 
3.557800e-01 	1.612856e-02 
3.560800e-01 	1.610620e-02 
3.563800e-01 	1.608388e-02 
3.566800e-01 	1.606160e-02 
3.569800e-01 	1.603937e-02 
3.572800e-01 	1.601717e-02 
3.575800e-01 	1.599502e-02 
3.578700e-01 	1.597365e-02 
3.581700e-01 	1.595157e-02 
3.584700e-01 	1.592954e-02 
3.587700e-01 	1.590755e-02 
3.590700e-01 	1.588560e-02 
3.593700e-01 	1.586369e-02 
3.596700e-01 	1.584182e-02 
3.599700e-01 	1.581999e-02 
3.602700e-01 	1.579820e-02 
3.605700e-01 	1.577645e-02 
3.608600e-01 	1.575546e-02 
3.611600e-01 	1.573379e-02 
3.614600e-01 	1.571216e-02 
3.617600e-01 	1.569057e-02 
3.620600e-01 	1.566902e-02 
3.623600e-01 	1.564751e-02 
3.626600e-01 	1.562604e-02 
3.629600e-01 	1.560461e-02 
3.632600e-01 	1.558322e-02 
3.635600e-01 	1.556187e-02 
3.638500e-01 	1.554127e-02 
3.641500e-01 	1.552000e-02 
3.644500e-01 	1.549876e-02 
3.647500e-01 	1.547758e-02 
3.650500e-01 	1.545643e-02 
3.653500e-01 	1.543532e-02 
3.656500e-01 	1.541425e-02 
3.659500e-01 	1.539322e-02 
3.662500e-01 	1.537224e-02 
3.665500e-01 	1.535129e-02 
3.668400e-01 	1.533108e-02 
3.671400e-01 	1.531022e-02 
3.674400e-01 	1.528939e-02 
3.677400e-01 	1.526861e-02 
3.680400e-01 	1.524787e-02 
3.683400e-01 	1.522717e-02 
3.686400e-01 	1.520652e-02 
3.689400e-01 	1.518590e-02 
3.692400e-01 	1.516533e-02 
3.695400e-01 	1.514480e-02 
3.698400e-01 	1.512431e-02 
3.701300e-01 	1.510454e-02 
3.704300e-01 	1.508413e-02 
3.707300e-01 	1.506377e-02 
3.710300e-01 	1.504344e-02 
3.713300e-01 	1.502316e-02 
3.716300e-01 	1.500292e-02 
3.719300e-01 	1.498272e-02 
3.722300e-01 	1.496257e-02 
3.725300e-01 	1.494245e-02 
3.728300e-01 	1.492237e-02 
3.731200e-01 	1.490301e-02 
3.734200e-01 	1.488301e-02 
3.737200e-01 	1.486305e-02 
3.740200e-01 	1.484314e-02 
3.743200e-01 	1.482326e-02 
3.746200e-01 	1.480341e-02 
3.749200e-01 	1.478361e-02 
3.752200e-01 	1.476384e-02 
3.755200e-01 	1.474411e-02 
3.758200e-01 	1.472441e-02 
3.761100e-01 	1.470540e-02 
3.764100e-01 	1.468577e-02 
3.767100e-01 	1.466617e-02 
3.770100e-01 	1.464660e-02 
3.773100e-01 	1.462706e-02 
3.776100e-01 	1.460755e-02 
3.779100e-01 	1.458806e-02 
3.782100e-01 	1.456861e-02 
3.785100e-01 	1.454918e-02 
3.788100e-01 	1.452978e-02 
3.791000e-01 	1.451104e-02 
3.794000e-01 	1.449169e-02 
3.797000e-01 	1.447235e-02 
3.800000e-01 	1.445304e-02 
3.803000e-01 	1.443375e-02 
3.806000e-01 	1.441447e-02 
3.809000e-01 	1.439522e-02 
3.812000e-01 	1.437598e-02 
3.815000e-01 	1.435676e-02 
3.817900e-01 	1.433819e-02 
3.820900e-01 	1.431900e-02 
3.823900e-01 	1.429982e-02 
3.826900e-01 	1.428066e-02 
3.829900e-01 	1.426151e-02 
3.832900e-01 	1.424236e-02 
3.835900e-01 	1.422323e-02 
3.838900e-01 	1.420410e-02 
3.841900e-01 	1.418499e-02 
3.844900e-01 	1.416587e-02 
3.847800e-01 	1.414741e-02 
3.850800e-01 	1.412830e-02 
3.853800e-01 	1.410921e-02 
3.856800e-01 	1.409011e-02 
3.859800e-01 	1.407102e-02 
3.865800e-01 	1.403284e-02 
