#q 	 Ifit_avg 
5.352000e-03 	1.000000e+00 
5.651000e-03 	9.977547e-01 
5.950000e-03 	9.955080e-01 
6.249000e-03 	9.932583e-01 
6.548000e-03 	9.910041e-01 
6.847000e-03 	9.887441e-01 
7.146000e-03 	9.864759e-01 
7.445000e-03 	9.841995e-01 
7.744000e-03 	9.819135e-01 
8.043000e-03 	9.796142e-01 
8.342000e-03 	9.773030e-01 
8.641000e-03 	9.749754e-01 
8.940000e-03 	9.726322e-01 
9.239000e-03 	9.702712e-01 
9.538000e-03 	9.678909e-01 
9.837000e-03 	9.654898e-01 
1.013600e-02 	9.630681e-01 
1.043500e-02 	9.606209e-01 
1.073400e-02 	9.581485e-01 
1.103300e-02 	9.556493e-01 
1.133200e-02 	9.531219e-01 
1.163100e-02 	9.505648e-01 
1.193000e-02 	9.479764e-01 
1.222900e-02 	9.453554e-01 
1.252800e-02 	9.427001e-01 
1.282700e-02 	9.400092e-01 
1.312600e-02 	9.372810e-01 
1.342500e-02 	9.345143e-01 
1.372400e-02 	9.317074e-01 
1.402300e-02 	9.288588e-01 
1.432200e-02 	9.259673e-01 
1.462100e-02 	9.230312e-01 
1.492000e-02 	9.200493e-01 
1.521900e-02 	9.170203e-01 
1.551800e-02 	9.139429e-01 
1.581700e-02 	9.108161e-01 
1.611600e-02 	9.076389e-01 
1.641500e-02 	9.044103e-01 
1.671400e-02 	9.011298e-01 
1.701300e-02 	8.977967e-01 
1.731200e-02 	8.944107e-01 
1.761100e-02 	8.909717e-01 
1.791000e-02 	8.874795e-01 
1.820900e-02 	8.839343e-01 
1.850800e-02 	8.803365e-01 
1.880700e-02 	8.766864e-01 
1.910600e-02 	8.729848e-01 
1.940500e-02 	8.692323e-01 
1.970400e-02 	8.654298e-01 
2.000300e-02 	8.615783e-01 
2.030200e-02 	8.576790e-01 
2.060100e-02 	8.537330e-01 
2.090000e-02 	8.497415e-01 
2.119900e-02 	8.457061e-01 
2.149800e-02 	8.416282e-01 
2.179700e-02 	8.375092e-01 
2.209600e-02 	8.333506e-01 
2.239500e-02 	8.291540e-01 
2.269400e-02 	8.249211e-01 
2.299300e-02 	8.206533e-01 
2.329200e-02 	8.163524e-01 
2.359100e-02 	8.120199e-01 
2.389000e-02 	8.076574e-01 
2.418900e-02 	8.032665e-01 
2.448800e-02 	7.988489e-01 
2.478700e-02 	7.944059e-01 
2.508600e-02 	7.899394e-01 
2.538500e-02 	7.854506e-01 
2.568400e-02 	7.809413e-01 
2.598300e-02 	7.764127e-01 
2.628200e-02 	7.718665e-01 
2.658100e-02 	7.673040e-01 
2.688000e-02 	7.627265e-01 
2.717900e-02 	7.581356e-01 
2.747800e-02 	7.535325e-01 
2.777700e-02 	7.489186e-01 
2.807600e-02 	7.442951e-01 
2.837500e-02 	7.396632e-01 
2.867400e-02 	7.350242e-01 
2.897300e-02 	7.303793e-01 
2.927200e-02 	7.257295e-01 
2.957100e-02 	7.210760e-01 
2.987000e-02 	7.164198e-01 
3.016900e-02 	7.117622e-01 
3.046800e-02 	7.071039e-01 
3.076700e-02 	7.024461e-01 
3.106600e-02 	6.977896e-01 
3.136500e-02 	6.931354e-01 
3.166400e-02 	6.884844e-01 
3.196300e-02 	6.838375e-01 
3.226200e-02 	6.791956e-01 
3.256100e-02 	6.745593e-01 
3.286000e-02 	6.699294e-01 
3.315900e-02 	6.653069e-01 
3.345800e-02 	6.606923e-01 
3.375700e-02 	6.560865e-01 
3.405600e-02 	6.514902e-01 
3.435500e-02 	6.469039e-01 
3.465400e-02 	6.423284e-01 
3.495300e-02 	6.377642e-01 
3.525200e-02 	6.332119e-01 
3.555100e-02 	6.286722e-01 
3.585000e-02 	6.241456e-01 
3.614900e-02 	6.196326e-01 
3.644800e-02 	6.151339e-01 
3.674700e-02 	6.106500e-01 
3.704600e-02 	6.061811e-01 
3.734500e-02 	6.017280e-01 
3.764400e-02 	5.972909e-01 
3.794300e-02 	5.928704e-01 
3.824200e-02 	5.884670e-01 
3.854100e-02 	5.840810e-01 
3.884000e-02 	5.797129e-01 
3.913900e-02 	5.753630e-01 
3.943800e-02 	5.710318e-01 
3.973700e-02 	5.667196e-01 
4.003600e-02 	5.624268e-01 
4.033500e-02 	5.581537e-01 
4.063400e-02 	5.539007e-01 
4.093300e-02 	5.496680e-01 
4.123200e-02 	5.454560e-01 
4.153100e-02 	5.412651e-01 
4.183000e-02 	5.370954e-01 
4.212900e-02 	5.329473e-01 
4.242800e-02 	5.288211e-01 
4.272700e-02 	5.247171e-01 
4.302600e-02 	5.206355e-01 
4.332500e-02 	5.165765e-01 
4.362400e-02 	5.125404e-01 
4.392300e-02 	5.085274e-01 
4.422200e-02 	5.045377e-01 
4.452100e-02 	5.005716e-01 
4.482000e-02 	4.966292e-01 
4.511900e-02 	4.927109e-01 
4.541800e-02 	4.888167e-01 
4.571700e-02 	4.849468e-01 
4.601600e-02 	4.811014e-01 
4.631500e-02 	4.772806e-01 
4.661400e-02 	4.734846e-01 
4.691300e-02 	4.697136e-01 
4.721200e-02 	4.659676e-01 
4.751100e-02 	4.622469e-01 
4.781000e-02 	4.585515e-01 
4.810900e-02 	4.548816e-01 
4.840800e-02 	4.512372e-01 
4.870700e-02 	4.476186e-01 
4.900600e-02 	4.440256e-01 
4.930500e-02 	4.404586e-01 
4.960400e-02 	4.369174e-01 
4.990300e-02 	4.334021e-01 
5.020200e-02 	4.299129e-01 
5.050100e-02 	4.264497e-01 
5.080000e-02 	4.230126e-01 
5.109900e-02 	4.196016e-01 
5.139800e-02 	4.162169e-01 
5.169700e-02 	4.128584e-01 
5.199600e-02 	4.095262e-01 
5.229500e-02 	4.062202e-01 
5.259400e-02 	4.029404e-01 
5.289300e-02 	3.996868e-01 
5.319200e-02 	3.964594e-01 
5.349100e-02 	3.932581e-01 
5.379000e-02 	3.900830e-01 
5.408900e-02 	3.869340e-01 
5.438800e-02 	3.838111e-01 
5.468700e-02 	3.807143e-01 
5.498600e-02 	3.776435e-01 
5.528500e-02 	3.745988e-01 
5.558400e-02 	3.715799e-01 
5.588300e-02 	3.685868e-01 
5.618200e-02 	3.656195e-01 
5.648100e-02 	3.626779e-01 
5.678000e-02 	3.597619e-01 
5.707900e-02 	3.568713e-01 
5.737800e-02 	3.540062e-01 
5.767700e-02 	3.511665e-01 
5.797600e-02 	3.483521e-01 
5.827500e-02 	3.455629e-01 
5.857400e-02 	3.427988e-01 
5.887300e-02 	3.400597e-01 
5.917200e-02 	3.373454e-01 
5.947100e-02 	3.346558e-01 
5.977000e-02 	3.319908e-01 
6.006900e-02 	3.293503e-01 
6.036800e-02 	3.267341e-01 
6.066700e-02 	3.241422e-01 
6.096600e-02 	3.215743e-01 
6.126500e-02 	3.190305e-01 
6.156400e-02 	3.165105e-01 
6.186300e-02 	3.140143e-01 
6.216200e-02 	3.115418e-01 
6.246100e-02 	3.090927e-01 
6.276000e-02 	3.066670e-01 
6.306000e-02 	3.042564e-01 
6.335800e-02 	3.018848e-01 
6.365800e-02 	2.995201e-01 
6.395600e-02 	2.971937e-01 
6.425500e-02 	2.948820e-01 
6.455500e-02 	2.925850e-01 
6.485300e-02 	2.903254e-01 
6.515300e-02 	2.880726e-01 
6.545100e-02 	2.858567e-01 
6.575100e-02 	2.836478e-01 
6.604900e-02 	2.814750e-01 
6.634900e-02 	2.793091e-01 
6.664700e-02 	2.771788e-01 
6.694700e-02 	2.750554e-01 
6.724500e-02 	2.729669e-01 
6.754400e-02 	2.708920e-01 
6.784400e-02 	2.688308e-01 
6.814200e-02 	2.668036e-01 
6.844200e-02 	2.647829e-01 
6.874000e-02 	2.627956e-01 
6.904000e-02 	2.608148e-01 
6.933800e-02 	2.588668e-01 
6.963800e-02 	2.569251e-01 
6.993600e-02 	2.550155e-01 
7.023600e-02 	2.531123e-01 
7.053400e-02 	2.512405e-01 
7.083300e-02 	2.493811e-01 
7.113300e-02 	2.475342e-01 
7.143100e-02 	2.457178e-01 
7.173100e-02 	2.439075e-01 
7.202900e-02 	2.421273e-01 
7.232900e-02 	2.403531e-01 
7.262700e-02 	2.386083e-01 
7.292700e-02 	2.368694e-01 
7.322500e-02 	2.351594e-01 
7.352500e-02 	2.334550e-01 
7.382400e-02 	2.317734e-01 
7.412200e-02 	2.301140e-01 
7.442200e-02 	2.284602e-01 
7.472000e-02 	2.268337e-01 
7.502000e-02 	2.252127e-01 
7.531800e-02 	2.236185e-01 
7.561800e-02 	2.220296e-01 
7.591600e-02 	2.204670e-01 
7.621600e-02 	2.189096e-01 
7.651400e-02 	2.173781e-01 
7.681400e-02 	2.158516e-01 
7.711300e-02 	2.143454e-01 
7.741100e-02 	2.128591e-01 
7.771100e-02 	2.113777e-01 
7.800900e-02 	2.099208e-01 
7.830900e-02 	2.084687e-01 
7.860700e-02 	2.070405e-01 
7.890700e-02 	2.056170e-01 
7.920500e-02 	2.042169e-01 
7.950500e-02 	2.028213e-01 
7.980300e-02 	2.014486e-01 
8.010200e-02 	2.000849e-01 
8.040200e-02 	1.987301e-01 
8.070000e-02 	1.973976e-01 
8.100000e-02 	1.960694e-01 
8.129900e-02 	1.947586e-01 
8.159800e-02 	1.934607e-01 
8.189700e-02 	1.921755e-01 
8.219600e-02 	1.909029e-01 
8.249500e-02 	1.896427e-01 
8.279400e-02 	1.883948e-01 
8.309300e-02 	1.871591e-01 
8.339200e-02 	1.859354e-01 
8.369100e-02 	1.847236e-01 
8.399000e-02 	1.835236e-01 
8.428900e-02 	1.823351e-01 
8.458800e-02 	1.811581e-01 
8.488700e-02 	1.799924e-01 
8.518600e-02 	1.788379e-01 
8.548500e-02 	1.776944e-01 
8.578400e-02 	1.765620e-01 
8.608300e-02 	1.754403e-01 
8.638200e-02 	1.743294e-01 
8.668100e-02 	1.732291e-01 
8.698000e-02 	1.721392e-01 
8.727900e-02 	1.710597e-01 
8.757800e-02 	1.699905e-01 
8.787700e-02 	1.689315e-01 
8.817600e-02 	1.678825e-01 
8.847500e-02 	1.668434e-01 
8.877400e-02 	1.658142e-01 
8.907300e-02 	1.647947e-01 
8.937200e-02 	1.637848e-01 
8.967100e-02 	1.627843e-01 
8.997000e-02 	1.617932e-01 
9.026900e-02 	1.608113e-01 
9.056800e-02 	1.598385e-01 
9.086700e-02 	1.588747e-01 
9.116600e-02 	1.579198e-01 
9.146500e-02 	1.569737e-01 
9.176400e-02 	1.560363e-01 
9.206300e-02 	1.551075e-01 
9.236200e-02 	1.541872e-01 
9.266100e-02 	1.532753e-01 
9.296000e-02 	1.523718e-01 
9.325900e-02 	1.514766e-01 
9.355800e-02 	1.505895e-01 
9.385700e-02 	1.497105e-01 
9.415600e-02 	1.488394e-01 
9.445500e-02 	1.479763e-01 
9.475400e-02 	1.471210e-01 
9.505300e-02 	1.462734e-01 
9.535200e-02 	1.454334e-01 
9.565100e-02 	1.446009e-01 
9.595000e-02 	1.437759e-01 
9.624900e-02 	1.429583e-01 
9.654800e-02 	1.421479e-01 
9.684700e-02 	1.413447e-01 
9.714600e-02 	1.405485e-01 
9.744500e-02 	1.397594e-01 
9.774400e-02 	1.389771e-01 
9.804300e-02 	1.382017e-01 
9.834200e-02 	1.374331e-01 
9.864100e-02 	1.366712e-01 
9.894000e-02 	1.359159e-01 
9.923900e-02 	1.351672e-01 
9.953800e-02 	1.344250e-01 
9.983700e-02 	1.336892e-01 
1.001400e-01 	1.329501e-01 
1.004300e-01 	1.322487e-01 
1.007300e-01 	1.315293e-01 
1.010300e-01 	1.308162e-01 
1.013300e-01 	1.301091e-01 
1.016300e-01 	1.294081e-01 
1.019300e-01 	1.287132e-01 
1.022300e-01 	1.280241e-01 
1.025300e-01 	1.273409e-01 
1.028300e-01 	1.266635e-01 
1.031300e-01 	1.259917e-01 
1.034300e-01 	1.253257e-01 
1.037200e-01 	1.246871e-01 
1.040200e-01 	1.240320e-01 
1.043200e-01 	1.233822e-01 
1.046200e-01 	1.227379e-01 
1.049200e-01 	1.220989e-01 
1.052200e-01 	1.214651e-01 
1.055200e-01 	1.208366e-01 
1.058200e-01 	1.202132e-01 
1.061200e-01 	1.195950e-01 
1.064100e-01 	1.190022e-01 
1.067100e-01 	1.183939e-01 
1.070100e-01 	1.177905e-01 
1.073100e-01 	1.171921e-01 
1.076100e-01 	1.165985e-01 
1.079100e-01 	1.160098e-01 
1.082100e-01 	1.154258e-01 
1.085100e-01 	1.148465e-01 
1.088100e-01 	1.142719e-01 
1.091100e-01 	1.137020e-01 
1.094100e-01 	1.131366e-01 
1.097000e-01 	1.125943e-01 
1.100000e-01 	1.120377e-01 
1.103000e-01 	1.114856e-01 
1.106000e-01 	1.109378e-01 
1.109000e-01 	1.103943e-01 
1.112000e-01 	1.098550e-01 
1.115000e-01 	1.093200e-01 
1.118000e-01 	1.087891e-01 
1.121000e-01 	1.082623e-01 
1.123900e-01 	1.077569e-01 
1.126900e-01 	1.072380e-01 
1.129900e-01 	1.067232e-01 
1.132900e-01 	1.062122e-01 
1.135900e-01 	1.057052e-01 
1.138900e-01 	1.052021e-01 
1.141900e-01 	1.047028e-01 
1.144900e-01 	1.042073e-01 
1.147900e-01 	1.037156e-01 
1.150900e-01 	1.032277e-01 
1.153900e-01 	1.027435e-01 
1.156800e-01 	1.022789e-01 
1.159800e-01 	1.018018e-01 
1.162800e-01 	1.013284e-01 
1.165800e-01 	1.008585e-01 
1.168800e-01 	1.003922e-01 
1.171800e-01 	9.992931e-02 
1.174800e-01 	9.946990e-02 
1.177800e-01 	9.901389e-02 
1.180800e-01 	9.856124e-02 
1.183700e-01 	9.812683e-02 
1.186700e-01 	9.768068e-02 
1.189700e-01 	9.723777e-02 
1.192700e-01 	9.679808e-02 
1.195700e-01 	9.636158e-02 
1.198700e-01 	9.592825e-02 
1.201700e-01 	9.549805e-02 
1.204700e-01 	9.507094e-02 
1.207700e-01 	9.464692e-02 
1.210700e-01 	9.422593e-02 
1.213700e-01 	9.380796e-02 
1.216600e-01 	9.340676e-02 
1.219600e-01 	9.299463e-02 
1.222600e-01 	9.258542e-02 
1.225600e-01 	9.217913e-02 
1.228600e-01 	9.177571e-02 
1.231600e-01 	9.137515e-02 
1.234600e-01 	9.097741e-02 
1.237600e-01 	9.058248e-02 
1.240600e-01 	9.019032e-02 
1.243500e-01 	8.981385e-02 
1.246500e-01 	8.942706e-02 
1.249500e-01 	8.904297e-02 
1.252500e-01 	8.866154e-02 
1.255500e-01 	8.828274e-02 
1.258500e-01 	8.790655e-02 
1.261500e-01 	8.753294e-02 
1.264500e-01 	8.716189e-02 
1.267500e-01 	8.679337e-02 
1.270500e-01 	8.642735e-02 
1.273500e-01 	8.606381e-02 
1.276400e-01 	8.571473e-02 
1.279400e-01 	8.535599e-02 
1.282400e-01 	8.499968e-02 
1.285400e-01 	8.464577e-02 
1.288400e-01 	8.429423e-02 
1.291400e-01 	8.394506e-02 
1.294400e-01 	8.359823e-02 
1.297400e-01 	8.325371e-02 
1.300400e-01 	8.291150e-02 
1.303400e-01 	8.257157e-02 
1.306300e-01 	8.224513e-02 
1.309300e-01 	8.190962e-02 
1.312300e-01 	8.157635e-02 
1.315300e-01 	8.124528e-02 
1.318300e-01 	8.091639e-02 
1.321300e-01 	8.058966e-02 
1.324300e-01 	8.026508e-02 
1.327300e-01 	7.994263e-02 
1.330300e-01 	7.962228e-02 
1.333200e-01 	7.931460e-02 
1.336200e-01 	7.899835e-02 
1.339200e-01 	7.868415e-02 
1.342200e-01 	7.837198e-02 
1.345200e-01 	7.806184e-02 
1.348200e-01 	7.775370e-02 
1.351200e-01 	7.744754e-02 
1.354200e-01 	7.714334e-02 
1.357200e-01 	7.684110e-02 
1.360200e-01 	7.654078e-02 
1.363100e-01 	7.625229e-02 
1.366100e-01 	7.595572e-02 
1.369100e-01 	7.566103e-02 
1.372100e-01 	7.536820e-02 
1.375100e-01 	7.507721e-02 
1.378100e-01 	7.478805e-02 
1.381100e-01 	7.450070e-02 
1.384100e-01 	7.421513e-02 
1.387100e-01 	7.393134e-02 
1.390100e-01 	7.364932e-02 
1.393100e-01 	7.336904e-02 
1.396000e-01 	7.309975e-02 
1.399000e-01 	7.282287e-02 
1.402000e-01 	7.254770e-02 
1.405000e-01 	7.227422e-02 
1.408000e-01 	7.200241e-02 
1.411000e-01 	7.173227e-02 
1.414000e-01 	7.146378e-02 
1.417000e-01 	7.119693e-02 
1.420000e-01 	7.093170e-02 
1.423000e-01 	7.066809e-02 
1.425900e-01 	7.041479e-02 
1.428900e-01 	7.015431e-02 
1.431900e-01 	6.989541e-02 
1.434900e-01 	6.963808e-02 
1.437900e-01 	6.938229e-02 
1.440900e-01 	6.912805e-02 
1.443900e-01 	6.887534e-02 
1.446900e-01 	6.862415e-02 
1.449900e-01 	6.837448e-02 
1.452800e-01 	6.813455e-02 
1.455800e-01 	6.788783e-02 
1.458800e-01 	6.764259e-02 
1.461800e-01 	6.739882e-02 
1.464800e-01 	6.715653e-02 
1.467800e-01 	6.691569e-02 
1.470800e-01 	6.667630e-02 
1.473800e-01 	6.643835e-02 
1.476800e-01 	6.620183e-02 
1.479800e-01 	6.596671e-02 
1.482700e-01 	6.574076e-02 
1.485700e-01 	6.550839e-02 
1.488700e-01 	6.527740e-02 
1.491700e-01 	6.504776e-02 
1.494700e-01 	6.481948e-02 
1.497700e-01 	6.459254e-02 
1.500700e-01 	6.436692e-02 
1.503700e-01 	6.414261e-02 
1.506700e-01 	6.391961e-02 
1.509700e-01 	6.369790e-02 
1.512700e-01 	6.347746e-02 
1.515600e-01 	6.326557e-02 
1.518600e-01 	6.304761e-02 
1.521600e-01 	6.283090e-02 
1.524600e-01 	6.261542e-02 
1.527600e-01 	6.240116e-02 
1.530600e-01 	6.218812e-02 
1.533600e-01 	6.197627e-02 
1.536600e-01 	6.176562e-02 
1.539600e-01 	6.155616e-02 
1.542600e-01 	6.134787e-02 
1.545500e-01 	6.114764e-02 
1.548500e-01 	6.094164e-02 
1.551500e-01 	6.073681e-02 
1.554500e-01 	6.053312e-02 
1.557500e-01 	6.033057e-02 
1.560500e-01 	6.012917e-02 
1.563500e-01 	5.992889e-02 
1.566500e-01 	5.972975e-02 
1.569500e-01 	5.953172e-02 
1.572400e-01 	5.934135e-02 
1.575400e-01 	5.914551e-02 
1.578400e-01 	5.895077e-02 
1.581400e-01 	5.875713e-02 
1.584400e-01 	5.856457e-02 
1.587400e-01 	5.837309e-02 
1.590400e-01 	5.818269e-02 
1.593400e-01 	5.799335e-02 
1.596400e-01 	5.780506e-02 
1.599400e-01 	5.761782e-02 
1.602300e-01 	5.743781e-02 
1.605300e-01 	5.725260e-02 
1.608300e-01 	5.706842e-02 
1.611300e-01 	5.688525e-02 
1.614300e-01 	5.670309e-02 
1.617300e-01 	5.652192e-02 
1.620300e-01 	5.634175e-02 
1.623300e-01 	5.616255e-02 
1.626300e-01 	5.598433e-02 
1.629300e-01 	5.580708e-02 
1.632300e-01 	5.563078e-02 
1.635200e-01 	5.546127e-02 
1.638200e-01 	5.528684e-02 
1.641200e-01 	5.511335e-02 
1.644200e-01 	5.494079e-02 
1.647200e-01 	5.476916e-02 
1.650200e-01 	5.459845e-02 
1.653200e-01 	5.442866e-02 
1.656200e-01 	5.425977e-02 
1.659200e-01 	5.409179e-02 
1.662200e-01 	5.392470e-02 
1.665100e-01 	5.376403e-02 
1.668100e-01 	5.359869e-02 
1.671100e-01 	5.343423e-02 
1.674100e-01 	5.327064e-02 
1.677100e-01 	5.310792e-02 
1.680100e-01 	5.294606e-02 
1.683100e-01 	5.278505e-02 
1.686100e-01 	5.262489e-02 
1.689100e-01 	5.246558e-02 
1.692000e-01 	5.231236e-02 
1.695000e-01 	5.215468e-02 
1.698000e-01 	5.199783e-02 
1.701000e-01 	5.184179e-02 
1.704000e-01 	5.168656e-02 
1.707000e-01 	5.153214e-02 
1.710000e-01 	5.137852e-02 
1.713000e-01 	5.122570e-02 
1.716000e-01 	5.107367e-02 
1.719000e-01 	5.092243e-02 
1.721900e-01 	5.077697e-02 
1.724900e-01 	5.062726e-02 
1.727900e-01 	5.047832e-02 
1.730900e-01 	5.033015e-02 
1.733900e-01 	5.018274e-02 
1.736900e-01 	5.003608e-02 
1.739900e-01 	4.989018e-02 
1.742900e-01 	4.974501e-02 
1.745900e-01 	4.960059e-02 
1.748900e-01 	4.945689e-02 
1.751900e-01 	4.931393e-02 
1.754800e-01 	4.917642e-02 
1.757800e-01 	4.903487e-02 
1.760800e-01 	4.889403e-02 
1.763800e-01 	4.875391e-02 
1.766800e-01 	4.861449e-02 
1.769800e-01 	4.847577e-02 
1.772800e-01 	4.833775e-02 
1.775800e-01 	4.820042e-02 
1.778800e-01 	4.806379e-02 
1.781800e-01 	4.792784e-02 
1.784700e-01 	4.779707e-02 
1.787700e-01 	4.766245e-02 
1.790700e-01 	4.752851e-02 
1.793700e-01 	4.739524e-02 
1.796700e-01 	4.726263e-02 
1.799700e-01 	4.713068e-02 
1.802700e-01 	4.699939e-02 
1.805700e-01 	4.686874e-02 
1.808700e-01 	4.673875e-02 
1.811600e-01 	4.661370e-02 
1.814600e-01 	4.648496e-02 
1.817600e-01 	4.635686e-02 
1.820600e-01 	4.622940e-02 
1.823600e-01 	4.610255e-02 
1.826600e-01 	4.597633e-02 
1.829600e-01 	4.585073e-02 
1.832600e-01 	4.572575e-02 
1.835600e-01 	4.560137e-02 
1.838600e-01 	4.547760e-02 
1.841600e-01 	4.535443e-02 
1.844500e-01 	4.523594e-02 
1.847500e-01 	4.511395e-02 
1.850500e-01 	4.499254e-02 
1.853500e-01 	4.487172e-02 
1.856500e-01 	4.475148e-02 
1.859500e-01 	4.463182e-02 
1.862500e-01 	4.451274e-02 
1.865500e-01 	4.439422e-02 
1.868500e-01 	4.427627e-02 
1.871500e-01 	4.415888e-02 
1.874400e-01 	4.404593e-02 
1.877400e-01 	4.392964e-02 
1.880400e-01 	4.381389e-02 
1.883400e-01 	4.369869e-02 
1.886400e-01 	4.358403e-02 
1.889400e-01 	4.346991e-02 
1.892400e-01 	4.335632e-02 
1.895400e-01 	4.324327e-02 
1.898400e-01 	4.313074e-02 
1.901300e-01 	4.302247e-02 
1.904300e-01 	4.291097e-02 
1.907300e-01 	4.280000e-02 
1.910300e-01 	4.268954e-02 
1.913300e-01 	4.257959e-02 
1.916300e-01 	4.247016e-02 
1.919300e-01 	4.236124e-02 
1.922300e-01 	4.225281e-02 
1.925300e-01 	4.214490e-02 
1.928300e-01 	4.203748e-02 
1.931200e-01 	4.193411e-02 
1.934200e-01 	4.182767e-02 
1.937200e-01 	4.172171e-02 
1.940200e-01 	4.161624e-02 
1.943200e-01 	4.151126e-02 
1.946200e-01 	4.140676e-02 
1.949200e-01 	4.130273e-02 
1.952200e-01 	4.119919e-02 
1.955200e-01 	4.109611e-02 
1.958200e-01 	4.099351e-02 
1.961200e-01 	4.089137e-02 
1.964100e-01 	4.079308e-02 
1.967100e-01 	4.069185e-02 
1.970100e-01 	4.059109e-02 
1.973100e-01 	4.049077e-02 
1.976100e-01 	4.039091e-02 
1.979100e-01 	4.029150e-02 
1.982100e-01 	4.019253e-02 
1.985100e-01 	4.009401e-02 
1.988100e-01 	3.999593e-02 
1.991100e-01 	3.989829e-02 
1.994000e-01 	3.980431e-02 
1.997000e-01 	3.970752e-02 
2.000000e-01 	3.961116e-02 
2.003000e-01 	3.951522e-02 
2.006000e-01 	3.941971e-02 
2.009000e-01 	3.932462e-02 
2.012000e-01 	3.922994e-02 
2.015000e-01 	3.913568e-02 
2.018000e-01 	3.904183e-02 
2.020900e-01 	3.895150e-02 
2.023900e-01 	3.885845e-02 
2.026900e-01 	3.876580e-02 
2.029900e-01 	3.867355e-02 
2.032900e-01 	3.858170e-02 
2.035900e-01 	3.849025e-02 
2.038900e-01 	3.839918e-02 
2.041900e-01 	3.830851e-02 
2.044900e-01 	3.821823e-02 
2.047900e-01 	3.812833e-02 
2.050800e-01 	3.804179e-02 
2.053800e-01 	3.795265e-02 
2.056800e-01 	3.786389e-02 
2.059800e-01 	3.777550e-02 
2.062800e-01 	3.768749e-02 
2.065800e-01 	3.759985e-02 
2.068800e-01 	3.751258e-02 
2.071800e-01 	3.742568e-02 
2.074800e-01 	3.733915e-02 
2.077800e-01 	3.725298e-02 
2.080800e-01 	3.716718e-02 
2.083700e-01 	3.708458e-02 
2.086700e-01 	3.699948e-02 
2.089700e-01 	3.691474e-02 
2.092700e-01 	3.683035e-02 
2.095700e-01 	3.674632e-02 
2.098700e-01 	3.666263e-02 
2.101700e-01 	3.657929e-02 
2.104700e-01 	3.649630e-02 
2.107700e-01 	3.641365e-02 
2.110700e-01 	3.633134e-02 
2.113600e-01 	3.625210e-02 
2.116600e-01 	3.617046e-02 
2.119600e-01 	3.608915e-02 
2.122600e-01 	3.600817e-02 
2.125600e-01 	3.592753e-02 
2.128600e-01 	3.584721e-02 
2.131600e-01 	3.576722e-02 
2.134600e-01 	3.568756e-02 
2.137600e-01 	3.560822e-02 
2.140500e-01 	3.553183e-02 
2.143500e-01 	3.545311e-02 
2.146500e-01 	3.537472e-02 
2.149500e-01 	3.529664e-02 
2.152500e-01 	3.521887e-02 
2.155500e-01 	3.514141e-02 
2.158500e-01 	3.506426e-02 
2.161500e-01 	3.498742e-02 
2.164500e-01 	3.491089e-02 
2.167500e-01 	3.483466e-02 
2.170400e-01 	3.476126e-02 
2.173400e-01 	3.468562e-02 
2.176400e-01 	3.461029e-02 
2.179400e-01 	3.453525e-02 
2.182400e-01 	3.446050e-02 
2.185400e-01 	3.438606e-02 
2.188400e-01 	3.431190e-02 
2.191400e-01 	3.423803e-02 
2.194400e-01 	3.416446e-02 
2.197400e-01 	3.409117e-02 
2.200400e-01 	3.401817e-02 
2.203300e-01 	3.394787e-02 
2.206300e-01 	3.387542e-02 
2.209300e-01 	3.380326e-02 
2.212300e-01 	3.373138e-02 
2.215300e-01 	3.365977e-02 
2.218300e-01 	3.358844e-02 
2.221300e-01 	3.351739e-02 
2.224300e-01 	3.344661e-02 
2.227300e-01 	3.337610e-02 
2.230300e-01 	3.330587e-02 
2.233200e-01 	3.323823e-02 
2.236200e-01 	3.316853e-02 
2.239200e-01 	3.309909e-02 
2.242200e-01 	3.302992e-02 
2.245200e-01 	3.296101e-02 
2.248200e-01 	3.289237e-02 
2.251200e-01 	3.282399e-02 
2.254200e-01 	3.275587e-02 
2.257200e-01 	3.268800e-02 
2.260100e-01 	3.262265e-02 
2.263100e-01 	3.255529e-02 
2.266100e-01 	3.248819e-02 
2.269100e-01 	3.242135e-02 
2.272100e-01 	3.235475e-02 
2.275100e-01 	3.228841e-02 
2.278100e-01 	3.222232e-02 
2.281100e-01 	3.215647e-02 
2.284100e-01 	3.209087e-02 
2.287100e-01 	3.202552e-02 
2.290000e-01 	3.196258e-02 
2.293000e-01 	3.189770e-02 
2.296000e-01 	3.183307e-02 
2.299000e-01 	3.176867e-02 
2.302000e-01 	3.170452e-02 
2.305000e-01 	3.164061e-02 
2.308000e-01 	3.157693e-02 
2.311000e-01 	3.151348e-02 
2.314000e-01 	3.145027e-02 
2.317000e-01 	3.138730e-02 
2.320000e-01 	3.132456e-02 
2.322900e-01 	3.126412e-02 
2.325900e-01 	3.120183e-02 
2.328900e-01 	3.113977e-02 
2.331900e-01 	3.107794e-02 
2.334900e-01 	3.101633e-02 
2.337900e-01 	3.095494e-02 
2.340900e-01 	3.089378e-02 
2.343900e-01 	3.083285e-02 
2.346900e-01 	3.077213e-02 
2.349800e-01 	3.071365e-02 
2.352800e-01 	3.065336e-02 
2.355800e-01 	3.059330e-02 
2.358800e-01 	3.053345e-02 
2.361800e-01 	3.047382e-02 
2.364800e-01 	3.041440e-02 
2.367800e-01 	3.035519e-02 
2.370800e-01 	3.029620e-02 
2.373800e-01 	3.023741e-02 
2.376800e-01 	3.017884e-02 
2.379700e-01 	3.012242e-02 
2.382700e-01 	3.006425e-02 
2.385700e-01 	3.000630e-02 
2.388700e-01 	2.994854e-02 
2.391700e-01 	2.989100e-02 
2.394700e-01 	2.983365e-02 
2.397700e-01 	2.977651e-02 
2.400700e-01 	2.971957e-02 
2.403700e-01 	2.966283e-02 
2.406700e-01 	2.960629e-02 
2.409700e-01 	2.954994e-02 
2.412600e-01 	2.949566e-02 
2.415600e-01 	2.943970e-02 
2.418600e-01 	2.938394e-02 
2.421600e-01 	2.932837e-02 
2.424600e-01 	2.927299e-02 
2.427600e-01 	2.921780e-02 
2.430600e-01 	2.916280e-02 
2.433600e-01 	2.910799e-02 
2.436600e-01 	2.905336e-02 
2.439600e-01 	2.899892e-02 
2.442500e-01 	2.894647e-02 
2.445500e-01 	2.889240e-02 
2.448500e-01 	2.883850e-02 
2.451500e-01 	2.878479e-02 
2.454500e-01 	2.873126e-02 
2.457500e-01 	2.867790e-02 
2.460500e-01 	2.862473e-02 
2.463500e-01 	2.857173e-02 
2.466500e-01 	2.851890e-02 
2.469400e-01 	2.846800e-02 
2.472400e-01 	2.841552e-02 
2.475400e-01 	2.836321e-02 
2.478400e-01 	2.831108e-02 
2.481400e-01 	2.825911e-02 
2.484400e-01 	2.820731e-02 
2.487400e-01 	2.815568e-02 
2.490400e-01 	2.810422e-02 
2.493400e-01 	2.805293e-02 
2.496400e-01 	2.800180e-02 
2.499300e-01 	2.795253e-02 
2.502300e-01 	2.790172e-02 
2.505300e-01 	2.785108e-02 
2.508300e-01 	2.780059e-02 
2.511300e-01 	2.775027e-02 
2.514300e-01 	2.770011e-02 
2.517300e-01 	2.765011e-02 
2.520300e-01 	2.760026e-02 
2.523300e-01 	2.755057e-02 
2.526300e-01 	2.750104e-02 
2.529300e-01 	2.745166e-02 
2.532200e-01 	2.740408e-02 
2.535200e-01 	2.735500e-02 
2.538200e-01 	2.730607e-02 
2.541200e-01 	2.725730e-02 
2.544200e-01 	2.720868e-02 
2.547200e-01 	2.716020e-02 
2.550200e-01 	2.711188e-02 
2.553200e-01 	2.706370e-02 
2.556200e-01 	2.701567e-02 
2.559200e-01 	2.696778e-02 
2.562200e-01 	2.692004e-02 
2.565100e-01 	2.687403e-02 
2.568100e-01 	2.682657e-02 
2.571100e-01 	2.677926e-02 
2.574100e-01 	2.673208e-02 
2.577100e-01 	2.668505e-02 
2.580100e-01 	2.663815e-02 
2.583100e-01 	2.659139e-02 
2.586100e-01 	2.654477e-02 
2.589100e-01 	2.649829e-02 
2.592100e-01 	2.645194e-02 
2.595000e-01 	2.640727e-02 
2.598000e-01 	2.636119e-02 
2.601000e-01 	2.631524e-02 
2.604000e-01 	2.626942e-02 
2.607000e-01 	2.622374e-02 
2.610000e-01 	2.617818e-02 
2.613000e-01 	2.613276e-02 
2.616000e-01 	2.608747e-02 
2.619000e-01 	2.604230e-02 
2.622000e-01 	2.599726e-02 
2.624900e-01 	2.595385e-02 
2.627900e-01 	2.590906e-02 
2.630900e-01 	2.586440e-02 
2.633900e-01 	2.581986e-02 
2.636900e-01 	2.577544e-02 
2.639900e-01 	2.573115e-02 
2.642900e-01 	2.568698e-02 
2.645900e-01 	2.564294e-02 
2.648900e-01 	2.559901e-02 
2.651900e-01 	2.555521e-02 
2.654800e-01 	2.551298e-02 
2.657800e-01 	2.546941e-02 
2.660800e-01 	2.542596e-02 
2.663800e-01 	2.538263e-02 
2.666800e-01 	2.533942e-02 
2.669800e-01 	2.529632e-02 
2.672800e-01 	2.525334e-02 
2.675800e-01 	2.521048e-02 
2.678800e-01 	2.516773e-02 
2.681700e-01 	2.512652e-02 
2.684700e-01 	2.508400e-02 
2.687700e-01 	2.504160e-02 
2.690700e-01 	2.499930e-02 
2.693700e-01 	2.495712e-02 
2.696700e-01 	2.491506e-02 
2.699700e-01 	2.487311e-02 
2.702700e-01 	2.483126e-02 
2.705700e-01 	2.478953e-02 
2.708700e-01 	2.474792e-02 
2.711600e-01 	2.470779e-02 
2.714600e-01 	2.466639e-02 
2.717600e-01 	2.462510e-02 
2.720600e-01 	2.458391e-02 
2.723600e-01 	2.454284e-02 
2.726600e-01 	2.450187e-02 
2.729600e-01 	2.446102e-02 
2.732600e-01 	2.442027e-02 
2.735600e-01 	2.437962e-02 
2.738600e-01 	2.433909e-02 
2.741500e-01 	2.430000e-02 
2.744500e-01 	2.425967e-02 
2.747500e-01 	2.421945e-02 
2.750500e-01 	2.417933e-02 
2.753500e-01 	2.413931e-02 
2.756500e-01 	2.409940e-02 
2.759500e-01 	2.405959e-02 
2.762500e-01 	2.401988e-02 
2.765500e-01 	2.398027e-02 
2.768500e-01 	2.394077e-02 
2.771400e-01 	2.390267e-02 
2.774400e-01 	2.386337e-02 
2.777400e-01 	2.382416e-02 
2.780400e-01 	2.378505e-02 
2.783400e-01 	2.374604e-02 
2.786400e-01 	2.370713e-02 
2.789400e-01 	2.366832e-02 
2.792400e-01 	2.362961e-02 
2.795400e-01 	2.359099e-02 
2.798400e-01 	2.355247e-02 
2.801400e-01 	2.351405e-02 
2.804300e-01 	2.347700e-02 
2.807300e-01 	2.343876e-02 
2.810300e-01 	2.340063e-02 
2.813300e-01 	2.336258e-02 
2.816300e-01 	2.332463e-02 
2.819300e-01 	2.328678e-02 
2.822300e-01 	2.324902e-02 
2.825300e-01 	2.321135e-02 
2.828300e-01 	2.317378e-02 
2.831300e-01 	2.313630e-02 
2.834200e-01 	2.310015e-02 
2.837200e-01 	2.306286e-02 
2.840200e-01 	2.302565e-02 
2.843200e-01 	2.298853e-02 
2.846200e-01 	2.295151e-02 
2.849200e-01 	2.291458e-02 
2.852200e-01 	2.287773e-02 
2.855200e-01 	2.284098e-02 
2.858200e-01 	2.280432e-02 
2.861200e-01 	2.276774e-02 
2.864100e-01 	2.273247e-02 
2.867100e-01 	2.269607e-02 
2.870100e-01 	2.265976e-02 
2.873100e-01 	2.262354e-02 
2.876100e-01 	2.258740e-02 
2.879100e-01 	2.255135e-02 
2.882100e-01 	2.251539e-02 
2.885100e-01 	2.247952e-02 
2.888100e-01 	2.244373e-02 
2.891100e-01 	2.240802e-02 
2.894000e-01 	2.237359e-02 
2.897000e-01 	2.233805e-02 
2.900000e-01 	2.230260e-02 
2.903000e-01 	2.226723e-02 
2.906000e-01 	2.223195e-02 
2.909000e-01 	2.219675e-02 
2.912000e-01 	2.216163e-02 
2.915000e-01 	2.212659e-02 
2.918000e-01 	2.209164e-02 
2.920900e-01 	2.205793e-02 
2.923900e-01 	2.202314e-02 
2.926900e-01 	2.198842e-02 
2.929900e-01 	2.195379e-02 
2.932900e-01 	2.191924e-02 
2.935900e-01 	2.188477e-02 
2.938900e-01 	2.185038e-02 
2.941900e-01 	2.181607e-02 
2.944900e-01 	2.178183e-02 
2.947900e-01 	2.174768e-02 
2.950800e-01 	2.171474e-02 
2.953800e-01 	2.168073e-02 
2.956800e-01 	2.164681e-02 
2.959800e-01 	2.161296e-02 
2.962800e-01 	2.157919e-02 
2.965800e-01 	2.154550e-02 
2.968800e-01 	2.151188e-02 
2.971800e-01 	2.147834e-02 
2.974800e-01 	2.144487e-02 
2.977800e-01 	2.141148e-02 
2.980700e-01 	2.137927e-02 
2.983700e-01 	2.134603e-02 
2.986700e-01 	2.131286e-02 
2.989700e-01 	2.127976e-02 
2.992700e-01 	2.124674e-02 
2.995700e-01 	2.121379e-02 
2.998700e-01 	2.118091e-02 
3.001700e-01 	2.114811e-02 
3.004700e-01 	2.111538e-02 
3.007700e-01 	2.108272e-02 
3.010700e-01 	2.105013e-02 
3.013600e-01 	2.101870e-02 
3.016600e-01 	2.098625e-02 
3.019600e-01 	2.095387e-02 
3.022600e-01 	2.092157e-02 
3.025600e-01 	2.088933e-02 
3.028600e-01 	2.085717e-02 
3.031600e-01 	2.082507e-02 
3.034600e-01 	2.079304e-02 
3.037600e-01 	2.076108e-02 
3.040600e-01 	2.072919e-02 
3.043500e-01 	2.069843e-02 
3.046500e-01 	2.066667e-02 
3.049500e-01 	2.063498e-02 
3.052500e-01 	2.060336e-02 
3.055500e-01 	2.057181e-02 
3.058500e-01 	2.054032e-02 
3.061500e-01 	2.050890e-02 
3.064500e-01 	2.047754e-02 
3.067500e-01 	2.044625e-02 
3.070500e-01 	2.041503e-02 
3.073400e-01 	2.038491e-02 
3.076400e-01 	2.035382e-02 
3.079400e-01 	2.032279e-02 
3.082400e-01 	2.029183e-02 
3.085400e-01 	2.026094e-02 
3.088400e-01 	2.023010e-02 
3.091400e-01 	2.019934e-02 
3.094400e-01 	2.016863e-02 
3.097400e-01 	2.013800e-02 
3.100400e-01 	2.010742e-02 
3.103300e-01 	2.007793e-02 
3.106300e-01 	2.004748e-02 
3.109300e-01 	2.001709e-02 
3.112300e-01 	1.998677e-02 
3.115300e-01 	1.995651e-02 
3.118300e-01 	1.992632e-02 
3.121300e-01 	1.989619e-02 
3.124300e-01 	1.986612e-02 
3.127300e-01 	1.983611e-02 
3.130200e-01 	1.980716e-02 
3.133200e-01 	1.977727e-02 
3.136200e-01 	1.974745e-02 
3.139200e-01 	1.971769e-02 
3.142200e-01 	1.968799e-02 
3.145200e-01 	1.965835e-02 
3.148200e-01 	1.962878e-02 
3.151200e-01 	1.959926e-02 
3.154200e-01 	1.956981e-02 
3.157200e-01 	1.954041e-02 
3.160100e-01 	1.951205e-02 
3.163100e-01 	1.948278e-02 
3.166100e-01 	1.945357e-02 
3.169100e-01 	1.942441e-02 
3.172100e-01 	1.939532e-02 
3.175100e-01 	1.936628e-02 
3.178100e-01 	1.933731e-02 
3.181100e-01 	1.930839e-02 
3.184100e-01 	1.927954e-02 
3.187100e-01 	1.925074e-02 
3.190000e-01 	1.922296e-02 
3.193000e-01 	1.919428e-02 
3.196000e-01 	1.916566e-02 
3.199000e-01 	1.913710e-02 
3.202000e-01 	1.910860e-02 
3.205000e-01 	1.908015e-02 
3.208000e-01 	1.905177e-02 
3.211000e-01 	1.902344e-02 
3.214000e-01 	1.899517e-02 
3.217000e-01 	1.896695e-02 
3.219900e-01 	1.893974e-02 
3.222900e-01 	1.891164e-02 
3.225900e-01 	1.888360e-02 
3.228900e-01 	1.885561e-02 
3.231900e-01 	1.882769e-02 
3.234900e-01 	1.879982e-02 
3.237900e-01 	1.877201e-02 
3.240900e-01 	1.874425e-02 
3.243900e-01 	1.871656e-02 
3.246900e-01 	1.868892e-02 
3.249900e-01 	1.866133e-02 
3.252800e-01 	1.863472e-02 
3.255800e-01 	1.860725e-02 
3.258800e-01 	1.857983e-02 
3.261800e-01 	1.855247e-02 
3.264800e-01 	1.852517e-02 
3.267800e-01 	1.849792e-02 
3.270800e-01 	1.847073e-02 
3.273800e-01 	1.844360e-02 
3.276800e-01 	1.841652e-02 
3.279800e-01 	1.838950e-02 
3.282700e-01 	1.836343e-02 
3.285700e-01 	1.833651e-02 
3.288700e-01 	1.830965e-02 
3.291700e-01 	1.828285e-02 
3.294700e-01 	1.825610e-02 
3.297700e-01 	1.822940e-02 
3.300700e-01 	1.820276e-02 
3.303700e-01 	1.817618e-02 
3.306700e-01 	1.814965e-02 
3.309700e-01 	1.812317e-02 
3.312600e-01 	1.809763e-02 
3.315600e-01 	1.807126e-02 
3.318600e-01 	1.804494e-02 
3.321600e-01 	1.801868e-02 
3.324600e-01 	1.799247e-02 
3.327600e-01 	1.796632e-02 
3.330600e-01 	1.794021e-02 
3.333600e-01 	1.791416e-02 
3.336600e-01 	1.788817e-02 
3.339600e-01 	1.786222e-02 
3.342500e-01 	1.783720e-02 
3.345500e-01 	1.781136e-02 
3.348500e-01 	1.778557e-02 
3.351500e-01 	1.775983e-02 
3.354500e-01 	1.773415e-02 
3.357500e-01 	1.770852e-02 
3.360500e-01 	1.768294e-02 
3.363500e-01 	1.765741e-02 
3.366500e-01 	1.763193e-02 
3.369400e-01 	1.760735e-02 
3.372400e-01 	1.758198e-02 
3.375400e-01 	1.755665e-02 
3.378400e-01 	1.753138e-02 
3.381400e-01 	1.750615e-02 
3.384400e-01 	1.748098e-02 
3.387400e-01 	1.745585e-02 
3.390400e-01 	1.743078e-02 
3.393400e-01 	1.740575e-02 
3.396400e-01 	1.738077e-02 
3.399300e-01 	1.735668e-02 
3.402300e-01 	1.733180e-02 
3.405300e-01 	1.730697e-02 
3.408300e-01 	1.728219e-02 
3.411300e-01 	1.725746e-02 
3.414300e-01 	1.723278e-02 
3.417300e-01 	1.720814e-02 
3.420300e-01 	1.718356e-02 
3.423300e-01 	1.715902e-02 
3.426300e-01 	1.713453e-02 
3.429200e-01 	1.711090e-02 
3.432200e-01 	1.708650e-02 
3.435200e-01 	1.706215e-02 
3.438200e-01 	1.703785e-02 
3.441200e-01 	1.701359e-02 
3.444200e-01 	1.698938e-02 
3.447200e-01 	1.696522e-02 
3.450200e-01 	1.694110e-02 
3.453200e-01 	1.691703e-02 
3.456200e-01 	1.689301e-02 
3.459100e-01 	1.686983e-02 
3.462100e-01 	1.684589e-02 
3.465100e-01 	1.682200e-02 
3.468100e-01 	1.679816e-02 
3.471100e-01 	1.677436e-02 
3.474100e-01 	1.675060e-02 
3.477100e-01 	1.672689e-02 
3.480100e-01 	1.670322e-02 
3.483100e-01 	1.667960e-02 
3.486100e-01 	1.665602e-02 
3.489100e-01 	1.663248e-02 
3.492000e-01 	1.660977e-02 
3.495000e-01 	1.658632e-02 
3.498000e-01 	1.656292e-02 
3.501000e-01 	1.653955e-02 
3.504000e-01 	1.651623e-02 
3.507000e-01 	1.649295e-02 
3.510000e-01 	1.646971e-02 
3.513000e-01 	1.644651e-02 
3.516000e-01 	1.642336e-02 
3.519000e-01 	1.640024e-02 
3.521900e-01 	1.637794e-02 
3.524900e-01 	1.635491e-02 
3.527900e-01 	1.633192e-02 
3.530900e-01 	1.630897e-02 
3.533900e-01 	1.628606e-02 
3.536900e-01 	1.626319e-02 
3.539900e-01 	1.624036e-02 
3.542900e-01 	1.621757e-02 
3.545900e-01 	1.619482e-02 
3.548900e-01 	1.617211e-02 
3.551800e-01 	1.615020e-02 
3.554800e-01 	1.612756e-02 
3.557800e-01 	1.610497e-02 
3.560800e-01 	1.608242e-02 
3.563800e-01 	1.605990e-02 
3.566800e-01 	1.603742e-02 
3.569800e-01 	1.601499e-02 
3.572800e-01 	1.599259e-02 
3.575800e-01 	1.597023e-02 
3.578700e-01 	1.594865e-02 
3.581700e-01 	1.592636e-02 
3.584700e-01 	1.590411e-02 
3.587700e-01 	1.588190e-02 
3.590700e-01 	1.585973e-02 
3.593700e-01 	1.583760e-02 
3.596700e-01 	1.581550e-02 
3.599700e-01 	1.579344e-02 
3.602700e-01 	1.577142e-02 
3.605700e-01 	1.574944e-02 
3.608600e-01 	1.572823e-02 
3.611600e-01 	1.570632e-02 
3.614600e-01 	1.568445e-02 
3.617600e-01 	1.566262e-02 
3.620600e-01 	1.564082e-02 
3.623600e-01 	1.561907e-02 
3.626600e-01 	1.559735e-02 
3.629600e-01 	1.557567e-02 
3.632600e-01 	1.555402e-02 
3.635600e-01 	1.553242e-02 
3.638500e-01 	1.551157e-02 
3.641500e-01 	1.549004e-02 
3.644500e-01 	1.546855e-02 
3.647500e-01 	1.544710e-02 
3.650500e-01 	1.542569e-02 
3.653500e-01 	1.540432e-02 
3.656500e-01 	1.538298e-02 
3.659500e-01 	1.536169e-02 
3.662500e-01 	1.534043e-02 
3.665500e-01 	1.531922e-02 
3.668400e-01 	1.529874e-02 
3.671400e-01 	1.527761e-02 
3.674400e-01 	1.525651e-02 
3.677400e-01 	1.523546e-02 
3.680400e-01 	1.521444e-02 
3.683400e-01 	1.519347e-02 
3.686400e-01 	1.517254e-02 
3.689400e-01 	1.515165e-02 
3.692400e-01 	1.513080e-02 
3.695400e-01 	1.510999e-02 
3.698400e-01 	1.508923e-02 
3.701300e-01 	1.506920e-02 
3.704300e-01 	1.504852e-02 
3.707300e-01 	1.502788e-02 
3.710300e-01 	1.500729e-02 
3.713300e-01 	1.498674e-02 
3.716300e-01 	1.496623e-02 
3.719300e-01 	1.494577e-02 
3.722300e-01 	1.492535e-02 
3.725300e-01 	1.490497e-02 
3.728300e-01 	1.488464e-02 
3.731200e-01 	1.486503e-02 
3.734200e-01 	1.484478e-02 
3.737200e-01 	1.482458e-02 
3.740200e-01 	1.480442e-02 
3.743200e-01 	1.478431e-02 
3.746200e-01 	1.476423e-02 
3.749200e-01 	1.474420e-02 
3.752200e-01 	1.472421e-02 
3.755200e-01 	1.470425e-02 
3.758200e-01 	1.468434e-02 
3.761100e-01 	1.466513e-02 
3.764100e-01 	1.464529e-02 
3.767100e-01 	1.462549e-02 
3.770100e-01 	1.460573e-02 
3.773100e-01 	1.458600e-02 
3.776100e-01 	1.456631e-02 
3.779100e-01 	1.454665e-02 
3.782100e-01 	1.452702e-02 
3.785100e-01 	1.450742e-02 
3.788100e-01 	1.448785e-02 
3.791000e-01 	1.446896e-02 
3.794000e-01 	1.444945e-02 
3.797000e-01 	1.442996e-02 
3.800000e-01 	1.441050e-02 
3.803000e-01 	1.439106e-02 
3.806000e-01 	1.437164e-02 
3.809000e-01 	1.435225e-02 
3.812000e-01 	1.433288e-02 
3.815000e-01 	1.431352e-02 
3.817900e-01 	1.429483e-02 
3.820900e-01 	1.427551e-02 
3.823900e-01 	1.425621e-02 
3.826900e-01 	1.423692e-02 
3.829900e-01 	1.421764e-02 
3.832900e-01 	1.419838e-02 
3.835900e-01 	1.417913e-02 
3.838900e-01 	1.415989e-02 
3.841900e-01 	1.414065e-02 
3.844900e-01 	1.412143e-02 
3.847800e-01 	1.410285e-02 
3.850800e-01 	1.408364e-02 
3.853800e-01 	1.406443e-02 
3.856800e-01 	1.404523e-02 
3.859800e-01 	1.402602e-02 
3.865800e-01 	1.398762e-02 
