#q 	 Ifit_avg 
7.391000e-03 	1.000000e+00 
7.657000e-03 	9.988097e-01 
7.922000e-03 	9.976191e-01 
8.188000e-03 	9.964279e-01 
8.453000e-03 	9.952357e-01 
8.719000e-03 	9.940421e-01 
8.984000e-03 	9.928468e-01 
9.250000e-03 	9.916496e-01 
9.515000e-03 	9.904499e-01 
9.781000e-03 	9.892475e-01 
1.004600e-02 	9.880422e-01 
1.031200e-02 	9.868331e-01 
1.057800e-02 	9.856208e-01 
1.084300e-02 	9.844044e-01 
1.110900e-02 	9.831831e-01 
1.137400e-02 	9.819575e-01 
1.164000e-02 	9.807263e-01 
1.190500e-02 	9.794902e-01 
1.217100e-02 	9.782478e-01 
1.243600e-02 	9.769997e-01 
1.270200e-02 	9.757447e-01 
1.296800e-02 	9.744833e-01 
1.323300e-02 	9.732143e-01 
1.349900e-02 	9.719382e-01 
1.376400e-02 	9.706544e-01 
1.403000e-02 	9.693618e-01 
1.429500e-02 	9.680612e-01 
1.456100e-02 	9.667512e-01 
1.482600e-02 	9.654325e-01 
1.509200e-02 	9.641037e-01 
1.535700e-02 	9.627655e-01 
1.562300e-02 	9.614166e-01 
1.588800e-02 	9.600576e-01 
1.615400e-02 	9.586871e-01 
1.642000e-02 	9.573059e-01 
1.668500e-02 	9.559126e-01 
1.695100e-02 	9.545078e-01 
1.721600e-02 	9.530907e-01 
1.748200e-02 	9.516604e-01 
1.774700e-02 	9.502177e-01 
1.801300e-02 	9.487611e-01 
1.827800e-02 	9.472913e-01 
1.854400e-02 	9.458070e-01 
1.881000e-02 	9.443089e-01 
1.907500e-02 	9.427955e-01 
1.934100e-02 	9.412677e-01 
1.960600e-02 	9.397238e-01 
1.987200e-02 	9.381649e-01 
2.013700e-02 	9.365898e-01 
2.040300e-02 	9.349978e-01 
2.066800e-02 	9.333896e-01 
2.093400e-02 	9.317637e-01 
2.119900e-02 	9.301211e-01 
2.146500e-02 	9.284601e-01 
2.173000e-02 	9.267818e-01 
2.199600e-02 	9.250845e-01 
2.226200e-02 	9.233693e-01 
2.252700e-02 	9.216346e-01 
2.279300e-02 	9.198815e-01 
2.305800e-02 	9.181091e-01 
2.332400e-02 	9.163165e-01 
2.358900e-02 	9.145049e-01 
2.385500e-02 	9.126728e-01 
2.412000e-02 	9.108214e-01 
2.438600e-02 	9.089493e-01 
2.465200e-02 	9.070577e-01 
2.491700e-02 	9.051452e-01 
2.518300e-02 	9.032133e-01 
2.544800e-02 	9.012605e-01 
2.571400e-02 	8.992883e-01 
2.597900e-02 	8.972960e-01 
2.624500e-02 	8.952831e-01 
2.651000e-02 	8.932511e-01 
2.677600e-02 	8.911987e-01 
2.704100e-02 	8.891275e-01 
2.730700e-02 	8.870362e-01 
2.757200e-02 	8.849265e-01 
2.783800e-02 	8.827972e-01 
2.810400e-02 	8.806501e-01 
2.836900e-02 	8.784838e-01 
2.863500e-02 	8.763002e-01 
2.890000e-02 	8.740988e-01 
2.916600e-02 	8.718789e-01 
2.943100e-02 	8.696427e-01 
2.969700e-02 	8.673887e-01 
2.996200e-02 	8.651190e-01 
3.022800e-02 	8.628320e-01 
3.049400e-02 	8.605300e-01 
3.075900e-02 	8.582115e-01 
3.102500e-02 	8.558785e-01 
3.129000e-02 	8.535295e-01 
3.155600e-02 	8.511668e-01 
3.182100e-02 	8.487898e-01 
3.208700e-02 	8.463979e-01 
3.235200e-02 	8.439932e-01 
3.261800e-02 	8.415742e-01 
3.288300e-02 	8.391432e-01 
3.314900e-02 	8.366986e-01 
3.341500e-02 	8.342425e-01 
3.368000e-02 	8.317735e-01 
3.394600e-02 	8.292938e-01 
3.421100e-02 	8.268018e-01 
3.447700e-02 	8.242998e-01 
3.474200e-02 	8.217860e-01 
3.500800e-02 	8.192629e-01 
3.527300e-02 	8.167297e-01 
3.553900e-02 	8.141859e-01 
3.580400e-02 	8.116336e-01 
3.607000e-02 	8.090712e-01 
3.633500e-02 	8.065011e-01 
3.660100e-02 	8.039215e-01 
3.686700e-02 	8.013347e-01 
3.713200e-02 	7.987391e-01 
3.739800e-02 	7.961369e-01 
3.766300e-02 	7.935265e-01 
3.792900e-02 	7.909101e-01 
3.819400e-02 	7.882871e-01 
3.846000e-02 	7.856566e-01 
3.872500e-02 	7.830211e-01 
3.899100e-02 	7.803788e-01 
3.925600e-02 	7.777319e-01 
3.952200e-02 	7.750788e-01 
3.978800e-02 	7.724217e-01 
4.005300e-02 	7.697588e-01 
4.031900e-02 	7.670924e-01 
4.058400e-02 	7.644208e-01 
4.085000e-02 	7.617462e-01 
4.111500e-02 	7.590679e-01 
4.138100e-02 	7.563851e-01 
4.164600e-02 	7.537000e-01 
4.191200e-02 	7.510109e-01 
4.217800e-02 	7.483199e-01 
4.244300e-02 	7.456254e-01 
4.270900e-02 	7.429294e-01 
4.297400e-02 	7.402303e-01 
4.324000e-02 	7.375302e-01 
4.350500e-02 	7.348273e-01 
4.377100e-02 	7.321238e-01 
4.403600e-02 	7.294190e-01 
4.430200e-02 	7.267121e-01 
4.456700e-02 	7.240051e-01 
4.483300e-02 	7.212964e-01 
4.509900e-02 	7.185879e-01 
4.536400e-02 	7.158780e-01 
4.563000e-02 	7.131688e-01 
4.589500e-02 	7.104585e-01 
4.616100e-02 	7.077492e-01 
4.642600e-02 	7.050391e-01 
4.669200e-02 	7.023303e-01 
4.695700e-02 	6.996221e-01 
4.722300e-02 	6.969136e-01 
4.748800e-02 	6.942070e-01 
4.775400e-02 	6.915002e-01 
4.801900e-02 	6.887956e-01 
4.828500e-02 	6.860913e-01 
4.855100e-02 	6.833893e-01 
4.881600e-02 	6.806878e-01 
4.908200e-02 	6.779890e-01 
4.934700e-02 	6.752909e-01 
4.961300e-02 	6.725958e-01 
4.987800e-02 	6.699027e-01 
5.014400e-02 	6.672108e-01 
5.040900e-02 	6.645222e-01 
5.067500e-02 	6.618351e-01 
5.094000e-02 	6.591515e-01 
5.120600e-02 	6.564695e-01 
5.147200e-02 	6.537914e-01 
5.173700e-02 	6.511151e-01 
5.200300e-02 	6.484429e-01 
5.226800e-02 	6.457728e-01 
5.253400e-02 	6.431070e-01 
5.279900e-02 	6.404435e-01 
5.306500e-02 	6.377844e-01 
5.333000e-02 	6.351290e-01 
5.359600e-02 	6.324762e-01 
5.386100e-02 	6.298282e-01 
5.412700e-02 	6.271831e-01 
5.439300e-02 	6.245430e-01 
5.465800e-02 	6.219060e-01 
5.492400e-02 	6.192742e-01 
5.518900e-02 	6.166458e-01 
5.545500e-02 	6.140227e-01 
5.572000e-02 	6.114032e-01 
5.598600e-02 	6.087893e-01 
5.625100e-02 	6.061800e-01 
5.651700e-02 	6.035745e-01 
5.678300e-02 	6.009749e-01 
5.704800e-02 	5.983793e-01 
5.731400e-02 	5.957897e-01 
5.757900e-02 	5.932043e-01 
5.784500e-02 	5.906251e-01 
5.811000e-02 	5.880502e-01 
5.837600e-02 	5.854818e-01 
5.864100e-02 	5.829179e-01 
5.890700e-02 	5.803605e-01 
5.917200e-02 	5.778088e-01 
5.943800e-02 	5.752618e-01 
5.970300e-02 	5.727216e-01 
5.996900e-02 	5.701864e-01 
6.023500e-02 	5.676581e-01 
6.050000e-02 	5.651349e-01 
6.076600e-02 	5.626187e-01 
6.103100e-02 	5.601079e-01 
6.129700e-02 	5.576042e-01 
6.156200e-02 	5.551059e-01 
6.182800e-02 	5.526150e-01 
6.209300e-02 	5.501306e-01 
6.235900e-02 	5.476518e-01 
6.262500e-02 	5.451806e-01 
6.289000e-02 	5.427152e-01 
6.315600e-02 	5.402574e-01 
6.342100e-02 	5.378056e-01 
6.368700e-02 	5.353616e-01 
6.395200e-02 	5.329236e-01 
6.421800e-02 	5.304935e-01 
6.448300e-02 	5.280697e-01 
6.474900e-02 	5.256538e-01 
6.501400e-02 	5.232452e-01 
6.528000e-02 	5.208428e-01 
6.554600e-02 	5.184488e-01 
6.581100e-02 	5.160611e-01 
6.607700e-02 	5.136818e-01 
6.634200e-02 	5.113091e-01 
6.660800e-02 	5.089449e-01 
6.687300e-02 	5.065873e-01 
6.713900e-02 	5.042383e-01 
6.740400e-02 	5.018961e-01 
6.767000e-02 	4.995626e-01 
6.793600e-02 	4.972359e-01 
6.820100e-02 	4.949180e-01 
6.846600e-02 	4.926080e-01 
6.873200e-02 	4.903050e-01 
6.899800e-02 	4.880109e-01 
6.926300e-02 	4.857239e-01 
6.952900e-02 	4.834458e-01 
6.979400e-02 	4.811750e-01 
7.006000e-02 	4.789133e-01 
7.032500e-02 	4.766588e-01 
7.059100e-02 	4.744135e-01 
7.085700e-02 	4.721756e-01 
7.112200e-02 	4.699468e-01 
7.138800e-02 	4.677265e-01 
7.165300e-02 	4.655137e-01 
7.191900e-02 	4.633101e-01 
7.218400e-02 	4.611142e-01 
7.245000e-02 	4.589276e-01 
7.271500e-02 	4.567488e-01 
7.298100e-02 	4.545792e-01 
7.324600e-02 	4.524174e-01 
7.351200e-02 	4.502651e-01 
7.377700e-02 	4.481206e-01 
7.404300e-02 	4.459855e-01 
7.430800e-02 	4.438591e-01 
7.457400e-02 	4.417406e-01 
7.484000e-02 	4.396317e-01 
7.510500e-02 	4.375308e-01 
7.537100e-02 	4.354395e-01 
7.563600e-02 	4.333562e-01 
7.590200e-02 	4.312825e-01 
7.616700e-02 	4.292170e-01 
7.643300e-02 	4.271610e-01 
7.669900e-02 	4.251132e-01 
7.696400e-02 	4.230750e-01 
7.723000e-02 	4.210458e-01 
7.749500e-02 	4.190246e-01 
7.776100e-02 	4.170132e-01 
7.802600e-02 	4.150099e-01 
7.829200e-02 	4.130163e-01 
7.855700e-02 	4.110309e-01 
7.882300e-02 	4.090553e-01 
7.908800e-02 	4.070879e-01 
7.935400e-02 	4.051302e-01 
7.962000e-02 	4.031807e-01 
7.988500e-02 	4.012410e-01 
8.015100e-02 	3.993103e-01 
8.041600e-02 	3.973880e-01 
8.068200e-02 	3.954754e-01 
8.094700e-02 	3.935711e-01 
8.121300e-02 	3.916766e-01 
8.147800e-02 	3.897903e-01 
8.174400e-02 	3.879138e-01 
8.200900e-02 	3.860456e-01 
8.227500e-02 	3.841871e-01 
8.254100e-02 	3.823368e-01 
8.280600e-02 	3.804963e-01 
8.307200e-02 	3.786647e-01 
8.333700e-02 	3.768413e-01 
8.360300e-02 	3.750277e-01 
8.386800e-02 	3.732222e-01 
8.413400e-02 	3.714264e-01 
8.439900e-02 	3.696389e-01 
8.466500e-02 	3.678610e-01 
8.493000e-02 	3.660913e-01 
8.519600e-02 	3.643312e-01 
8.546200e-02 	3.625793e-01 
8.572700e-02 	3.608370e-01 
8.599300e-02 	3.591030e-01 
8.625800e-02 	3.573784e-01 
8.652400e-02 	3.556628e-01 
8.678900e-02 	3.539553e-01 
8.705500e-02 	3.522574e-01 
8.732000e-02 	3.505676e-01 
8.758600e-02 	3.488872e-01 
8.785100e-02 	3.472149e-01 
8.811700e-02 	3.455520e-01 
8.838300e-02 	3.438972e-01 
8.864800e-02 	3.422516e-01 
8.891400e-02 	3.406142e-01 
8.917900e-02 	3.389859e-01 
8.944500e-02 	3.373663e-01 
8.971000e-02 	3.357547e-01 
8.997600e-02 	3.341522e-01 
9.024100e-02 	3.325577e-01 
9.050700e-02 	3.309723e-01 
9.077200e-02 	3.293948e-01 
9.103800e-02 	3.278264e-01 
9.130400e-02 	3.262658e-01 
9.156900e-02 	3.247143e-01 
9.183500e-02 	3.231705e-01 
9.210000e-02 	3.216358e-01 
9.236600e-02 	3.201093e-01 
9.263100e-02 	3.185907e-01 
9.289700e-02 	3.170809e-01 
9.316200e-02 	3.155789e-01 
9.342800e-02 	3.140856e-01 
9.369300e-02 	3.126001e-01 
9.395900e-02 	3.111233e-01 
9.422500e-02 	3.096541e-01 
9.449000e-02 	3.081935e-01 
9.475600e-02 	3.067406e-01 
9.502100e-02 	3.052962e-01 
9.528700e-02 	3.038599e-01 
9.555200e-02 	3.024310e-01 
9.581800e-02 	3.010107e-01 
9.608300e-02 	2.995977e-01 
9.634900e-02 	2.981932e-01 
9.661400e-02 	2.967960e-01 
9.688000e-02 	2.954072e-01 
9.714500e-02 	2.940257e-01 
9.741100e-02 	2.926525e-01 
9.767700e-02 	2.912865e-01 
9.794200e-02 	2.899287e-01 
9.820800e-02 	2.885787e-01 
9.847300e-02 	2.872358e-01 
9.873900e-02 	2.859010e-01 
9.900400e-02 	2.845733e-01 
9.927000e-02 	2.832537e-01 
9.953500e-02 	2.819412e-01 
9.980100e-02 	2.806366e-01 
1.000660e-01 	2.793415e-01 
1.003320e-01 	2.780494e-01 
1.005980e-01 	2.767647e-01 
1.008630e-01 	2.754922e-01 
1.011290e-01 	2.742222e-01 
1.013940e-01 	2.729643e-01 
1.016600e-01 	2.717089e-01 
1.019250e-01 	2.704654e-01 
1.021910e-01 	2.692244e-01 
1.024560e-01 	2.679952e-01 
1.027220e-01 	2.667685e-01 
1.029870e-01 	2.655535e-01 
1.032530e-01 	2.643410e-01 
1.035190e-01 	2.631354e-01 
1.037840e-01 	2.619414e-01 
1.040500e-01 	2.607498e-01 
1.043150e-01 	2.595696e-01 
1.045810e-01 	2.583919e-01 
1.048460e-01 	2.572254e-01 
1.051120e-01 	2.560613e-01 
1.053770e-01 	2.549084e-01 
1.056430e-01 	2.537580e-01 
1.059080e-01 	2.526185e-01 
1.061740e-01 	2.514815e-01 
1.064400e-01 	2.503512e-01 
1.067050e-01 	2.492317e-01 
1.069710e-01 	2.481146e-01 
1.072360e-01 	2.470082e-01 
1.075020e-01 	2.459041e-01 
1.077670e-01 	2.448107e-01 
1.080330e-01 	2.437196e-01 
1.082980e-01 	2.426390e-01 
1.085640e-01 	2.415607e-01 
1.088290e-01 	2.404927e-01 
1.090950e-01 	2.394270e-01 
1.093610e-01 	2.383675e-01 
1.096260e-01 	2.373183e-01 
1.098920e-01 	2.362712e-01 
1.101570e-01 	2.352342e-01 
1.104230e-01 	2.341995e-01 
1.106880e-01 	2.331747e-01 
1.109540e-01 	2.321520e-01 
1.112190e-01 	2.311392e-01 
1.114850e-01 	2.301286e-01 
1.117500e-01 	2.291277e-01 
1.120160e-01 	2.281289e-01 
1.122820e-01 	2.271360e-01 
1.125470e-01 	2.261528e-01 
1.128130e-01 	2.251716e-01 
1.130780e-01 	2.241999e-01 
1.133440e-01 	2.232302e-01 
1.136090e-01 	2.222700e-01 
1.138750e-01 	2.213118e-01 
1.141400e-01 	2.203629e-01 
1.144060e-01 	2.194160e-01 
1.146710e-01 	2.184783e-01 
1.149370e-01 	2.175426e-01 
1.152030e-01 	2.166125e-01 
1.154680e-01 	2.156914e-01 
1.157340e-01 	2.147722e-01 
1.159990e-01 	2.138620e-01 
1.162650e-01 	2.129537e-01 
1.165300e-01 	2.120541e-01 
1.167960e-01 	2.111565e-01 
1.170610e-01 	2.102675e-01 
1.173270e-01 	2.093805e-01 
1.175920e-01 	2.085020e-01 
1.178580e-01 	2.076253e-01 
1.181240e-01 	2.067538e-01 
1.183890e-01 	2.058907e-01 
1.189200e-01 	2.041765e-01 
1.191860e-01 	2.033253e-01 
1.194510e-01 	2.024823e-01 
1.197170e-01 	2.016412e-01 
1.199820e-01 	2.008081e-01 
1.202480e-01 	1.999768e-01 
1.205130e-01 	1.991534e-01 
1.207790e-01 	1.983319e-01 
1.210450e-01 	1.975152e-01 
1.213100e-01 	1.967063e-01 
1.215760e-01 	1.958992e-01 
1.218410e-01 	1.950998e-01 
1.221070e-01 	1.943022e-01 
1.223720e-01 	1.935122e-01 
1.226380e-01 	1.927239e-01 
1.229030e-01 	1.919432e-01 
1.231690e-01 	1.911642e-01 
1.234340e-01 	1.903926e-01 
1.237000e-01 	1.896227e-01 
1.239660e-01 	1.888573e-01 
1.242310e-01 	1.880993e-01 
1.244970e-01 	1.873429e-01 
1.247620e-01 	1.865938e-01 
1.250280e-01 	1.858462e-01 
1.252930e-01 	1.851058e-01 
1.255590e-01 	1.843669e-01 
1.258240e-01 	1.836352e-01 
1.260900e-01 	1.829050e-01 
1.263550e-01 	1.821817e-01 
1.266210e-01 	1.814600e-01 
1.268870e-01 	1.807424e-01 
1.271520e-01 	1.800318e-01 
1.274180e-01 	1.793225e-01 
1.276830e-01 	1.786201e-01 
1.279490e-01 	1.779192e-01 
1.282140e-01 	1.772249e-01 
1.284800e-01 	1.765321e-01 
1.287450e-01 	1.758459e-01 
1.290110e-01 	1.751611e-01 
1.292760e-01 	1.744828e-01 
1.295420e-01 	1.738060e-01 
1.298080e-01 	1.731331e-01 
1.300730e-01 	1.724666e-01 
1.303390e-01 	1.718015e-01 
1.306040e-01 	1.711427e-01 
1.308700e-01 	1.704853e-01 
1.311350e-01 	1.698341e-01 
1.314010e-01 	1.691843e-01 
1.316660e-01 	1.685406e-01 
1.319320e-01 	1.678983e-01 
1.321970e-01 	1.672621e-01 
1.324630e-01 	1.666271e-01 
1.327290e-01 	1.659959e-01 
1.329940e-01 	1.653706e-01 
1.332600e-01 	1.647466e-01 
1.335250e-01 	1.641285e-01 
1.337910e-01 	1.635116e-01 
1.340560e-01 	1.629006e-01 
1.343220e-01 	1.622907e-01 
1.345870e-01 	1.616867e-01 
1.348530e-01 	1.610838e-01 
1.351180e-01 	1.604866e-01 
1.353840e-01 	1.598906e-01 
1.356500e-01 	1.592980e-01 
1.359150e-01 	1.587110e-01 
1.361810e-01 	1.581251e-01 
1.364460e-01 	1.575447e-01 
1.367120e-01 	1.569655e-01 
1.369770e-01 	1.563918e-01 
1.372430e-01 	1.558191e-01 
1.375080e-01 	1.552519e-01 
1.377740e-01 	1.546858e-01 
1.380390e-01 	1.541250e-01 
1.383050e-01 	1.535653e-01 
1.385710e-01 	1.530088e-01 
1.388360e-01 	1.524575e-01 
1.391020e-01 	1.519073e-01 
1.393670e-01 	1.513622e-01 
1.396330e-01 	1.508182e-01 
1.398980e-01 	1.502793e-01 
1.401640e-01 	1.497415e-01 
1.404290e-01 	1.492087e-01 
1.406950e-01 	1.486769e-01 
1.409600e-01 	1.481501e-01 
1.412260e-01 	1.476243e-01 
1.414920e-01 	1.471015e-01 
1.417570e-01 	1.465835e-01 
1.420230e-01 	1.460666e-01 
1.422880e-01 	1.455544e-01 
1.425540e-01 	1.450432e-01 
1.428190e-01 	1.445368e-01 
1.430850e-01 	1.440313e-01 
1.433500e-01 	1.435306e-01 
1.436160e-01 	1.430307e-01 
1.438810e-01 	1.425355e-01 
1.441470e-01 	1.420412e-01 
1.444130e-01 	1.415496e-01 
1.446780e-01 	1.410626e-01 
1.449440e-01 	1.405764e-01 
1.452090e-01 	1.400948e-01 
1.454750e-01 	1.396140e-01 
1.457400e-01 	1.391377e-01 
1.460060e-01 	1.386622e-01 
1.462710e-01 	1.381911e-01 
1.465370e-01 	1.377209e-01 
1.468020e-01 	1.372550e-01 
1.470680e-01 	1.367900e-01 
1.473340e-01 	1.363275e-01 
1.475990e-01 	1.358693e-01 
1.478650e-01 	1.354119e-01 
1.481300e-01 	1.349588e-01 
1.483960e-01 	1.345064e-01 
1.486610e-01 	1.340583e-01 
1.489270e-01 	1.336109e-01 
1.491920e-01 	1.331677e-01 
1.494580e-01 	1.327253e-01 
1.497230e-01 	1.322869e-01 
1.499890e-01 	1.318494e-01 
1.502550e-01 	1.314142e-01 
1.505200e-01 	1.309831e-01 
1.507860e-01 	1.305527e-01 
1.510510e-01 	1.301263e-01 
1.513170e-01 	1.297006e-01 
1.515820e-01 	1.292789e-01 
1.518480e-01 	1.288579e-01 
1.521130e-01 	1.284407e-01 
1.523790e-01 	1.280243e-01 
1.526440e-01 	1.276117e-01 
1.529100e-01 	1.271997e-01 
1.531760e-01 	1.267901e-01 
1.534410e-01 	1.263841e-01 
1.537070e-01 	1.259788e-01 
1.539720e-01 	1.255773e-01 
1.542380e-01 	1.251763e-01 
1.545030e-01 	1.247791e-01 
1.547690e-01 	1.243825e-01 
1.550340e-01 	1.239895e-01 
1.553000e-01 	1.235972e-01 
1.555650e-01 	1.232084e-01 
1.558310e-01 	1.228203e-01 
1.560970e-01 	1.224343e-01 
1.563620e-01 	1.220518e-01 
1.566280e-01 	1.216699e-01 
1.568930e-01 	1.212915e-01 
1.571590e-01 	1.209137e-01 
1.574240e-01 	1.205393e-01 
1.576900e-01 	1.201656e-01 
1.579550e-01 	1.197952e-01 
1.582210e-01 	1.194255e-01 
1.584860e-01 	1.190591e-01 
1.587520e-01 	1.186933e-01 
1.590180e-01 	1.183294e-01 
1.592830e-01 	1.179689e-01 
1.595490e-01 	1.176089e-01 
1.598140e-01 	1.172523e-01 
1.600800e-01 	1.168961e-01 
1.603450e-01 	1.165432e-01 
1.606110e-01 	1.161909e-01 
1.608760e-01 	1.158418e-01 
1.611420e-01 	1.154932e-01 
1.614070e-01 	1.151477e-01 
1.616730e-01 	1.148028e-01 
1.619390e-01 	1.144597e-01 
1.622040e-01 	1.141197e-01 
1.624700e-01 	1.137803e-01 
1.627350e-01 	1.134439e-01 
1.630010e-01 	1.131080e-01 
1.632660e-01 	1.127751e-01 
1.635320e-01 	1.124427e-01 
1.637970e-01 	1.121133e-01 
1.640630e-01 	1.117844e-01 
1.643280e-01 	1.114584e-01 
1.645940e-01 	1.111329e-01 
1.648600e-01 	1.108091e-01 
1.651250e-01 	1.104882e-01 
1.653910e-01 	1.101678e-01 
1.656560e-01 	1.098502e-01 
1.659220e-01 	1.095331e-01 
1.661870e-01 	1.092188e-01 
1.664530e-01 	1.089049e-01 
1.667180e-01 	1.085939e-01 
1.669840e-01 	1.082833e-01 
1.672500e-01 	1.079743e-01 
1.675150e-01 	1.076681e-01 
1.677810e-01 	1.073623e-01 
1.680460e-01 	1.070593e-01 
1.683120e-01 	1.067567e-01 
1.685770e-01 	1.064567e-01 
1.688430e-01 	1.061572e-01 
1.691080e-01 	1.058604e-01 
1.693740e-01 	1.055640e-01 
1.696390e-01 	1.052703e-01 
1.699050e-01 	1.049769e-01 
1.701710e-01 	1.046851e-01 
1.704360e-01 	1.043959e-01 
1.707020e-01 	1.041070e-01 
1.709670e-01 	1.038208e-01 
1.712330e-01 	1.035349e-01 
1.714980e-01 	1.032516e-01 
1.717640e-01 	1.029687e-01 
1.720290e-01 	1.026883e-01 
1.722950e-01 	1.024082e-01 
1.725600e-01 	1.021307e-01 
1.728260e-01 	1.018535e-01 
1.730920e-01 	1.015778e-01 
1.733570e-01 	1.013045e-01 
1.736230e-01 	1.010316e-01 
1.738880e-01 	1.007611e-01 
1.741540e-01 	1.004909e-01 
1.744190e-01 	1.002232e-01 
1.746850e-01 	9.995578e-02 
1.749500e-01 	9.969076e-02 
1.752160e-01 	9.942609e-02 
1.754810e-01 	9.916376e-02 
1.757470e-01 	9.890178e-02 
1.760130e-01 	9.864114e-02 
1.762780e-01 	9.838279e-02 
1.765440e-01 	9.812478e-02 
1.768090e-01 	9.786905e-02 
1.770750e-01 	9.761365e-02 
1.773400e-01 	9.736049e-02 
1.776060e-01 	9.710767e-02 
1.778710e-01 	9.685707e-02 
1.781370e-01 	9.660678e-02 
1.784020e-01 	9.635869e-02 
1.786680e-01 	9.611090e-02 
1.789340e-01 	9.586436e-02 
1.791990e-01 	9.561997e-02 
1.794650e-01 	9.537588e-02 
1.797300e-01 	9.513391e-02 
1.799960e-01 	9.489224e-02 
1.802610e-01 	9.465268e-02 
1.805270e-01 	9.441340e-02 
1.807920e-01 	9.417621e-02 
1.810580e-01 	9.393930e-02 
1.813230e-01 	9.370444e-02 
1.815890e-01 	9.346987e-02 
1.818550e-01 	9.323645e-02 
1.821200e-01 	9.300505e-02 
1.823860e-01 	9.277392e-02 
1.826510e-01 	9.254479e-02 
1.829170e-01 	9.231592e-02 
1.831820e-01 	9.208902e-02 
1.834480e-01 	9.186239e-02 
1.837130e-01 	9.163770e-02 
1.839790e-01 	9.141327e-02 
1.842440e-01 	9.119077e-02 
1.845100e-01 	9.096852e-02 
1.847760e-01 	9.074734e-02 
1.850410e-01 	9.052806e-02 
1.853070e-01 	9.030902e-02 
1.855720e-01 	9.009187e-02 
1.858380e-01 	8.987494e-02 
1.861030e-01 	8.965988e-02 
1.863690e-01 	8.944506e-02 
1.866340e-01 	8.923208e-02 
1.869000e-01 	8.901932e-02 
1.871650e-01 	8.880840e-02 
1.874310e-01 	8.859771e-02 
1.876970e-01 	8.838803e-02 
1.879620e-01 	8.818016e-02 
1.882280e-01 	8.797252e-02 
1.884930e-01 	8.776666e-02 
1.887590e-01 	8.756103e-02 
1.890240e-01 	8.735716e-02 
1.892900e-01 	8.715351e-02 
1.895550e-01 	8.695162e-02 
1.898210e-01 	8.674995e-02 
1.900860e-01 	8.655001e-02 
1.903520e-01 	8.635029e-02 
1.906180e-01 	8.615154e-02 
1.908830e-01 	8.595449e-02 
1.911490e-01 	8.575765e-02 
1.914140e-01 	8.556250e-02 
1.916800e-01 	8.536756e-02 
1.919450e-01 	8.517428e-02 
1.922110e-01 	8.498120e-02 
1.924760e-01 	8.478977e-02 
1.927420e-01 	8.459853e-02 
1.930070e-01 	8.440893e-02 
1.932730e-01 	8.421951e-02 
1.935390e-01 	8.403100e-02 
1.938040e-01 	8.384408e-02 
1.940700e-01 	8.365735e-02 
1.943350e-01 	8.347219e-02 
1.946010e-01 	8.328722e-02 
1.948660e-01 	8.310380e-02 
1.951320e-01 	8.292056e-02 
1.953970e-01 	8.273886e-02 
1.956630e-01 	8.255732e-02 
1.959280e-01 	8.237731e-02 
1.961940e-01 	8.219746e-02 
1.964600e-01 	8.201844e-02 
1.967250e-01 	8.184093e-02 
1.969910e-01 	8.166356e-02 
1.972560e-01 	8.148767e-02 
1.975220e-01 	8.131193e-02 
1.977870e-01 	8.113765e-02 
1.980530e-01 	8.096352e-02 
1.983180e-01 	8.079083e-02 
1.985840e-01 	8.061827e-02 
1.988490e-01 	8.044715e-02 
1.991150e-01 	8.027615e-02 
1.993810e-01 	8.010594e-02 
1.996460e-01 	7.993712e-02 
1.999120e-01 	7.976844e-02 
2.001770e-01 	7.960114e-02 
2.004430e-01 	7.943397e-02 
2.007080e-01 	7.926818e-02 
2.009740e-01 	7.910250e-02 
2.012390e-01 	7.893819e-02 
2.015050e-01 	7.877401e-02 
2.017700e-01 	7.861117e-02 
2.020360e-01 	7.844845e-02 
2.023020e-01 	7.828647e-02 
2.025670e-01 	7.812582e-02 
2.028330e-01 	7.796529e-02 
2.030980e-01 	7.780607e-02 
2.033640e-01 	7.764698e-02 
2.036290e-01 	7.748919e-02 
2.038950e-01 	7.733152e-02 
2.041600e-01 	7.717515e-02 
2.044260e-01 	7.701889e-02 
2.046910e-01 	7.686391e-02 
2.049570e-01 	7.670905e-02 
2.052230e-01 	7.655488e-02 
2.054880e-01 	7.640198e-02 
2.057540e-01 	7.624918e-02 
2.060190e-01 	7.609764e-02 
2.062850e-01 	7.594620e-02 
2.065500e-01 	7.579601e-02 
2.068160e-01 	7.564592e-02 
2.070810e-01 	7.549706e-02 
2.073470e-01 	7.534830e-02 
2.076120e-01 	7.520076e-02 
2.078780e-01 	7.505331e-02 
2.081440e-01 	7.490653e-02 
2.084090e-01 	7.476093e-02 
2.086750e-01 	7.461544e-02 
2.089400e-01 	7.447113e-02 
2.092060e-01 	7.432691e-02 
2.094710e-01 	7.418386e-02 
2.097370e-01 	7.404090e-02 
2.100020e-01 	7.389910e-02 
2.102680e-01 	7.375738e-02 
2.105330e-01 	7.361681e-02 
2.107990e-01 	7.347632e-02 
2.110650e-01 	7.333644e-02 
2.113300e-01 	7.319768e-02 
2.115960e-01 	7.305900e-02 
2.118610e-01 	7.292143e-02 
2.121270e-01 	7.278394e-02 
2.123920e-01 	7.264754e-02 
2.126580e-01 	7.251122e-02 
2.129230e-01 	7.237599e-02 
2.131890e-01 	7.224083e-02 
2.134540e-01 	7.210674e-02 
2.137200e-01 	7.197272e-02 
2.139860e-01 	7.183927e-02 
2.142510e-01 	7.170689e-02 
2.145170e-01 	7.157456e-02 
2.147820e-01 	7.144329e-02 
2.150480e-01 	7.131207e-02 
2.153130e-01 	7.118190e-02 
2.155790e-01 	7.105179e-02 
2.158440e-01 	7.092270e-02 
2.161100e-01 	7.079367e-02 
2.163750e-01 	7.066566e-02 
2.166410e-01 	7.053771e-02 
2.169070e-01 	7.041028e-02 
2.171720e-01 	7.028386e-02 
2.174380e-01 	7.015749e-02 
2.177030e-01 	7.003211e-02 
2.179690e-01 	6.990678e-02 
2.182340e-01 	6.978243e-02 
2.185000e-01 	6.965812e-02 
2.187650e-01 	6.953478e-02 
2.190310e-01 	6.941148e-02 
2.192960e-01 	6.928915e-02 
2.195620e-01 	6.916685e-02 
2.198280e-01 	6.904505e-02 
2.200930e-01 	6.892420e-02 
2.203590e-01 	6.880338e-02 
2.206240e-01 	6.868351e-02 
2.208900e-01 	6.856366e-02 
2.211550e-01 	6.844475e-02 
2.214210e-01 	6.832586e-02 
2.216860e-01 	6.820790e-02 
2.219520e-01 	6.808996e-02 
2.222170e-01 	6.797294e-02 
2.224830e-01 	6.785595e-02 
2.227490e-01 	6.773942e-02 
2.230140e-01 	6.762380e-02 
2.232800e-01 	6.750820e-02 
2.235450e-01 	6.739350e-02 
2.238110e-01 	6.727882e-02 
2.240760e-01 	6.716503e-02 
2.243420e-01 	6.705126e-02 
2.246070e-01 	6.693838e-02 
2.248730e-01 	6.682551e-02 
2.251380e-01 	6.671352e-02 
2.254040e-01 	6.660154e-02 
2.256700e-01 	6.649001e-02 
2.259350e-01 	6.637934e-02 
2.262010e-01 	6.626868e-02 
2.264660e-01 	6.615887e-02 
2.267320e-01 	6.604908e-02 
2.269970e-01 	6.594012e-02 
2.272630e-01 	6.583118e-02 
2.275280e-01 	6.572308e-02 
2.277940e-01 	6.561498e-02 
2.280590e-01 	6.550771e-02 
2.283250e-01 	6.540045e-02 
2.285910e-01 	6.529361e-02 
2.288560e-01 	6.518758e-02 
2.291220e-01 	6.508156e-02 
2.293870e-01 	6.497635e-02 
2.296530e-01 	6.487114e-02 
2.299180e-01 	6.476674e-02 
2.301840e-01 	6.466234e-02 
2.304490e-01 	6.455874e-02 
2.307150e-01 	6.445515e-02 
2.309800e-01 	6.435234e-02 
2.312460e-01 	6.424954e-02 
2.315120e-01 	6.414713e-02 
2.317770e-01 	6.404550e-02 
2.320430e-01 	6.394387e-02 
2.323080e-01 	6.384301e-02 
2.325740e-01 	6.374216e-02 
2.328390e-01 	6.364206e-02 
2.331050e-01 	6.354197e-02 
2.333700e-01 	6.344263e-02 
2.336360e-01 	6.334329e-02 
2.339010e-01 	6.324470e-02 
2.341670e-01 	6.314612e-02 
2.344330e-01 	6.304790e-02 
2.346980e-01 	6.295042e-02 
2.349640e-01 	6.285294e-02 
2.352290e-01 	6.275618e-02 
2.354950e-01 	6.265943e-02 
2.357600e-01 	6.256340e-02 
2.360260e-01 	6.246736e-02 
2.362910e-01 	6.237204e-02 
2.365570e-01 	6.227672e-02 
2.368220e-01 	6.218211e-02 
2.370880e-01 	6.208749e-02 
2.373540e-01 	6.199322e-02 
2.376190e-01 	6.189965e-02 
2.378850e-01 	6.180607e-02 
2.381500e-01 	6.171318e-02 
2.384160e-01 	6.162029e-02 
2.386810e-01 	6.152808e-02 
2.389470e-01 	6.143586e-02 
2.392120e-01 	6.134432e-02 
2.394780e-01 	6.125276e-02 
2.397430e-01 	6.116188e-02 
2.400090e-01 	6.107099e-02 
2.402750e-01 	6.098042e-02 
2.405400e-01 	6.089052e-02 
2.408060e-01 	6.080060e-02 
2.410710e-01 	6.071134e-02 
2.413370e-01 	6.062206e-02 
2.416020e-01 	6.053343e-02 
2.418680e-01 	6.044478e-02 
2.421330e-01 	6.035677e-02 
2.423990e-01 	6.026875e-02 
2.426640e-01 	6.018136e-02 
2.429300e-01 	6.009395e-02 
2.431960e-01 	6.000685e-02 
2.434610e-01 	5.992038e-02 
2.437270e-01 	5.983388e-02 
2.439920e-01 	5.974801e-02 
2.442580e-01 	5.966212e-02 
2.445230e-01 	5.957684e-02 
2.447890e-01 	5.949154e-02 
2.450540e-01 	5.940685e-02 
2.453200e-01 	5.932214e-02 
2.455850e-01 	5.923804e-02 
2.458510e-01 	5.915391e-02 
2.461170e-01 	5.907007e-02 
2.463820e-01 	5.898684e-02 
2.466480e-01 	5.890358e-02 
2.469130e-01 	5.882092e-02 
2.471790e-01 	5.873823e-02 
2.474440e-01 	5.865613e-02 
2.477100e-01 	5.857401e-02 
2.479750e-01 	5.849247e-02 
2.482410e-01 	5.841091e-02 
2.485060e-01 	5.832994e-02 
2.487720e-01 	5.824894e-02 
2.490380e-01 	5.816821e-02 
2.493030e-01 	5.808806e-02 
2.495690e-01 	5.800789e-02 
2.498340e-01 	5.792828e-02 
2.501000e-01 	5.784865e-02 
2.503650e-01 	5.776959e-02 
2.506310e-01 	5.769050e-02 
2.508960e-01 	5.761198e-02 
2.511620e-01 	5.753342e-02 
2.514270e-01 	5.745543e-02 
2.516930e-01 	5.737740e-02 
2.519590e-01 	5.729964e-02 
2.522240e-01 	5.722244e-02 
2.524900e-01 	5.714520e-02 
2.527550e-01 	5.706852e-02 
2.530210e-01 	5.699180e-02 
2.532860e-01 	5.691563e-02 
2.535520e-01 	5.683942e-02 
2.538170e-01 	5.676376e-02 
2.540830e-01 	5.668806e-02 
2.543480e-01 	5.661291e-02 
2.546140e-01 	5.653772e-02 
2.548800e-01 	5.646278e-02 
2.551450e-01 	5.638837e-02 
2.554110e-01 	5.631392e-02 
2.556760e-01 	5.624001e-02 
2.559420e-01 	5.616606e-02 
2.562070e-01 	5.609263e-02 
2.564730e-01 	5.601917e-02 
2.567380e-01 	5.594622e-02 
2.570040e-01 	5.587324e-02 
2.572690e-01 	5.580077e-02 
2.575350e-01 	5.572827e-02 
2.578010e-01 	5.565600e-02 
2.580660e-01 	5.558424e-02 
2.583320e-01 	5.551245e-02 
2.585970e-01 	5.544116e-02 
2.588630e-01 	5.536983e-02 
2.591280e-01 	5.529900e-02 
2.593940e-01 	5.522813e-02 
2.596590e-01 	5.515775e-02 
2.599250e-01 	5.508734e-02 
2.601900e-01 	5.501742e-02 
2.604560e-01 	5.494746e-02 
2.607220e-01 	5.487772e-02 
2.609870e-01 	5.480847e-02 
2.612530e-01 	5.473917e-02 
2.615180e-01 	5.467036e-02 
2.617840e-01 	5.460150e-02 
2.620490e-01 	5.453312e-02 
2.623150e-01 	5.446470e-02 
2.625800e-01 	5.439676e-02 
2.628460e-01 	5.432877e-02 
2.631110e-01 	5.426124e-02 
2.633770e-01 	5.419368e-02 
2.636430e-01 	5.412632e-02 
2.639080e-01 	5.405943e-02 
2.641740e-01 	5.399250e-02 
2.644390e-01 	5.392602e-02 
2.647050e-01 	5.385950e-02 
2.649700e-01 	5.379344e-02 
2.652360e-01 	5.372733e-02 
2.655010e-01 	5.366168e-02 
2.657670e-01 	5.359598e-02 
2.660320e-01 	5.353073e-02 
2.662980e-01 	5.346544e-02 
2.665640e-01 	5.340035e-02 
2.668290e-01 	5.333570e-02 
2.670950e-01 	5.327101e-02 
2.673600e-01 	5.320676e-02 
2.676260e-01 	5.314247e-02 
2.678910e-01 	5.307861e-02 
2.681570e-01 	5.301472e-02 
2.684220e-01 	5.295125e-02 
2.686880e-01 	5.288775e-02 
2.689530e-01 	5.282467e-02 
2.692190e-01 	5.276155e-02 
2.694850e-01 	5.269863e-02 
2.697500e-01 	5.263613e-02 
2.700160e-01 	5.257359e-02 
2.702810e-01 	5.251147e-02 
2.705470e-01 	5.244931e-02 
2.708120e-01 	5.238757e-02 
2.710780e-01 	5.232579e-02 
2.713430e-01 	5.226442e-02 
2.716090e-01 	5.220302e-02 
2.718740e-01 	5.214202e-02 
2.721400e-01 	5.208098e-02 
2.724060e-01 	5.202013e-02 
2.726710e-01 	5.195969e-02 
2.729370e-01 	5.189920e-02 
2.732020e-01 	5.183913e-02 
2.734680e-01 	5.177900e-02 
2.737330e-01 	5.171928e-02 
2.739990e-01 	5.165952e-02 
2.742640e-01 	5.160016e-02 
2.745300e-01 	5.154076e-02 
2.747950e-01 	5.148175e-02 
2.750610e-01 	5.142270e-02 
2.753270e-01 	5.136383e-02 
2.755920e-01 	5.130535e-02 
2.758580e-01 	5.124682e-02 
2.761230e-01 	5.118869e-02 
2.763890e-01 	5.113052e-02 
2.766540e-01 	5.107273e-02 
2.769200e-01 	5.101489e-02 
2.771850e-01 	5.095745e-02 
2.774510e-01 	5.089995e-02 
2.777160e-01 	5.084284e-02 
2.779820e-01 	5.078569e-02 
2.782480e-01 	5.072870e-02 
2.785130e-01 	5.067209e-02 
2.787790e-01 	5.061543e-02 
2.790440e-01 	5.055915e-02 
2.793100e-01 	5.050283e-02 
2.795750e-01 	5.044688e-02 
2.798410e-01 	5.039088e-02 
2.801060e-01 	5.033525e-02 
2.803720e-01 	5.027958e-02 
2.806370e-01 	5.022428e-02 
2.809030e-01 	5.016893e-02 
2.811690e-01 	5.011374e-02 
2.814340e-01 	5.005891e-02 
2.817000e-01 	5.000404e-02 
2.819650e-01 	4.994953e-02 
2.822310e-01 	4.989497e-02 
2.824960e-01 	4.984077e-02 
2.827620e-01 	4.978652e-02 
2.830270e-01 	4.973263e-02 
2.832930e-01 	4.967869e-02 
2.835580e-01 	4.962510e-02 
2.838240e-01 	4.957146e-02 
2.840900e-01 	4.951798e-02 
2.843550e-01 	4.946485e-02 
2.846210e-01 	4.941166e-02 
2.848860e-01 	4.935883e-02 
2.851520e-01 	4.930595e-02 
2.854170e-01 	4.925341e-02 
2.856830e-01 	4.920082e-02 
2.859480e-01 	4.914858e-02 
2.862140e-01 	4.909629e-02 
2.864790e-01 	4.904434e-02 
2.867450e-01 	4.899235e-02 
2.870110e-01 	4.894049e-02 
2.872760e-01 	4.888898e-02 
2.875420e-01 	4.883742e-02 
2.878070e-01 	4.878619e-02 
2.880730e-01 	4.873492e-02 
2.883380e-01 	4.868398e-02 
2.886040e-01 	4.863299e-02 
2.888690e-01 	4.858233e-02 
2.891350e-01 	4.853163e-02 
2.894000e-01 	4.848125e-02 
2.896660e-01 	4.843082e-02 
2.899320e-01 	4.838054e-02 
2.901970e-01 	4.833058e-02 
2.904630e-01 	4.828057e-02 
2.907280e-01 	4.823089e-02 
2.909940e-01 	4.818115e-02 
2.912590e-01 	4.813174e-02 
2.915250e-01 	4.808228e-02 
2.917900e-01 	4.803314e-02 
2.920560e-01 	4.798395e-02 
2.923210e-01 	4.793507e-02 
2.925870e-01 	4.788615e-02 
2.928530e-01 	4.783736e-02 
2.931180e-01 	4.778888e-02 
2.933840e-01 	4.774036e-02 
2.936490e-01 	4.769214e-02 
2.939150e-01 	4.764388e-02 
2.941800e-01 	4.759592e-02 
2.944460e-01 	4.754792e-02 
2.947110e-01 	4.750022e-02 
2.949770e-01 	4.745247e-02 
2.952420e-01 	4.740503e-02 
2.955080e-01 	4.735754e-02 
2.957740e-01 	4.731017e-02 
2.960390e-01 	4.726311e-02 
2.963050e-01 	4.721599e-02 
2.965700e-01 	4.716918e-02 
2.968360e-01 	4.712231e-02 
2.971010e-01 	4.707575e-02 
2.973670e-01 	4.702913e-02 
2.976320e-01 	4.698281e-02 
2.978980e-01 	4.693644e-02 
2.981630e-01 	4.689036e-02 
2.984290e-01 	4.684423e-02 
2.986950e-01 	4.679823e-02 
2.989600e-01 	4.675251e-02 
2.992260e-01 	4.670675e-02 
2.994910e-01 	4.666127e-02 
2.997570e-01 	4.661575e-02 
3.000220e-01 	4.657051e-02 
3.002880e-01 	4.652522e-02 
3.005530e-01 	4.648022e-02 
3.008190e-01 	4.643516e-02 
3.010840e-01 	4.639039e-02 
3.013500e-01 	4.634557e-02 
3.016160e-01 	4.630086e-02 
3.018810e-01 	4.625643e-02 
3.021470e-01 	4.621195e-02 
3.024120e-01 	4.616775e-02 
3.026780e-01 	4.612349e-02 
3.029430e-01 	4.607951e-02 
3.032090e-01 	4.603548e-02 
3.034740e-01 	4.599172e-02 
3.037400e-01 	4.594791e-02 
3.040050e-01 	4.590437e-02 
3.042710e-01 	4.586077e-02 
3.045370e-01 	4.581729e-02 
3.048020e-01 	4.577407e-02 
3.050680e-01 	4.573080e-02 
3.053330e-01 	4.568780e-02 
3.055990e-01 	4.564475e-02 
3.058640e-01 	4.560196e-02 
3.061300e-01 	4.555911e-02 
3.063950e-01 	4.551654e-02 
3.066610e-01 	4.547390e-02 
3.069260e-01 	4.543153e-02 
3.071920e-01 	4.538911e-02 
3.074580e-01 	4.534678e-02 
3.077230e-01 	4.530472e-02 
3.079890e-01 	4.526260e-02 
3.082540e-01 	4.522075e-02 
3.085200e-01 	4.517883e-02 
3.087850e-01 	4.513718e-02 
3.090510e-01 	4.509546e-02 
3.093160e-01 	4.505401e-02 
3.095820e-01 	4.501249e-02 
3.098470e-01 	4.497124e-02 
3.101130e-01 	4.492992e-02 
3.103790e-01 	4.488870e-02 
3.106440e-01 	4.484774e-02 
3.109100e-01 	4.480672e-02 
3.111750e-01 	4.476595e-02 
3.114410e-01 	4.472512e-02 
3.117060e-01 	4.468454e-02 
3.119720e-01 	4.464391e-02 
3.122370e-01 	4.460352e-02 
3.125030e-01 	4.456307e-02 
3.127680e-01 	4.452287e-02 
3.130340e-01 	4.448261e-02 
3.133000e-01 	4.444244e-02 
3.135650e-01 	4.440252e-02 
3.138310e-01 	4.436254e-02 
3.140960e-01 	4.432280e-02 
3.143620e-01 	4.428300e-02 
3.146270e-01 	4.424344e-02 
3.148930e-01 	4.420382e-02 
3.151580e-01 	4.416444e-02 
3.154240e-01 	4.412500e-02 
3.156890e-01 	4.408579e-02 
3.159550e-01 	4.404653e-02 
3.162210e-01 	4.400736e-02 
3.164860e-01 	4.396842e-02 
3.167520e-01 	4.392942e-02 
3.170170e-01 	4.389065e-02 
3.172830e-01 	4.385182e-02 
3.175480e-01 	4.381323e-02 
3.178140e-01 	4.377457e-02 
3.180790e-01 	4.373615e-02 
3.183450e-01 	4.369766e-02 
3.186100e-01 	4.365940e-02 
3.188760e-01 	4.362108e-02 
3.191420e-01 	4.358285e-02 
3.194070e-01 	4.354484e-02 
3.196730e-01 	4.350677e-02 
3.199380e-01 	4.346892e-02 
3.202040e-01 	4.343101e-02 
3.204690e-01 	4.339333e-02 
3.207350e-01 	4.335558e-02 
3.210000e-01 	4.331806e-02 
3.212660e-01 	4.328047e-02 
3.215310e-01 	4.324310e-02 
3.217970e-01 	4.320568e-02 
3.220630e-01 	4.316833e-02 
3.223280e-01 	4.313119e-02 
3.225940e-01 	4.309400e-02 
3.228590e-01 	4.305702e-02 
3.231250e-01 	4.301998e-02 
3.233900e-01 	4.298316e-02 
3.236560e-01 	4.294627e-02 
3.239210e-01 	4.290960e-02 
3.241870e-01 	4.287286e-02 
3.244520e-01 	4.283634e-02 
3.247180e-01 	4.279975e-02 
3.249840e-01 	4.276323e-02 
3.252490e-01 	4.272693e-02 
3.255150e-01 	4.269056e-02 
3.257800e-01 	4.265440e-02 
3.260460e-01 	4.261818e-02 
3.263110e-01 	4.258216e-02 
3.265770e-01 	4.254608e-02 
3.268420e-01 	4.251020e-02 
3.271080e-01 	4.247426e-02 
3.273730e-01 	4.243852e-02 
3.276390e-01 	4.240272e-02 
3.279050e-01 	4.236699e-02 
3.281700e-01 	4.233146e-02 
3.284360e-01 	4.229586e-02 
3.287010e-01 	4.226046e-02 
3.289670e-01 	4.222499e-02 
3.292320e-01 	4.218973e-02 
3.294980e-01 	4.215440e-02 
3.297630e-01 	4.211926e-02 
3.300290e-01 	4.208406e-02 
3.302940e-01 	4.204906e-02 
3.305600e-01 	4.201398e-02 
3.308260e-01 	4.197897e-02 
3.310910e-01 	4.194416e-02 
3.313570e-01 	4.190928e-02 
3.316220e-01 	4.187459e-02 
3.318880e-01 	4.183983e-02 
3.321530e-01 	4.180527e-02 
3.324190e-01 	4.177064e-02 
3.326840e-01 	4.173620e-02 
3.329500e-01 	4.170169e-02 
3.332150e-01 	4.166737e-02 
3.334810e-01 	4.163298e-02 
3.337470e-01 	4.159865e-02 
3.340120e-01 	4.156451e-02 
3.342780e-01 	4.153030e-02 
3.345430e-01 	4.149627e-02 
3.348090e-01 	4.146218e-02 
3.350740e-01 	4.142827e-02 
3.353400e-01 	4.139429e-02 
3.356050e-01 	4.136050e-02 
3.358710e-01 	4.132664e-02 
3.361360e-01 	4.129296e-02 
3.364020e-01 	4.125920e-02 
3.366680e-01 	4.122551e-02 
3.369330e-01 	4.119200e-02 
3.371990e-01 	4.115841e-02 
3.374640e-01 	4.112501e-02 
3.377300e-01 	4.109154e-02 
3.379950e-01 	4.105824e-02 
3.382610e-01 	4.102488e-02 
3.385260e-01 	4.099169e-02 
3.387920e-01 	4.095843e-02 
3.390570e-01 	4.092536e-02 
3.393230e-01 	4.089221e-02 
3.395890e-01 	4.085911e-02 
3.398540e-01 	4.082619e-02 
3.401200e-01 	4.079319e-02 
3.403850e-01 	4.076038e-02 
3.406510e-01 	4.072749e-02 
3.409160e-01 	4.069478e-02 
3.411820e-01 	4.066199e-02 
3.414470e-01 	4.062938e-02 
3.417130e-01 	4.059669e-02 
3.419790e-01 	4.056406e-02 
3.422440e-01 	4.053160e-02 
3.425100e-01 	4.049907e-02 
3.427750e-01 	4.046671e-02 
3.430410e-01 	4.043427e-02 
3.433060e-01 	4.040201e-02 
3.435720e-01 	4.036967e-02 
3.438370e-01 	4.033751e-02 
3.441030e-01 	4.030527e-02 
3.443680e-01 	4.027320e-02 
3.446340e-01 	4.024106e-02 
3.449000e-01 	4.020896e-02 
3.451650e-01 	4.017703e-02 
3.454310e-01 	4.014503e-02 
3.456960e-01 	4.011320e-02 
3.459620e-01 	4.008129e-02 
3.462270e-01 	4.004954e-02 
3.464930e-01 	4.001773e-02 
3.467580e-01 	3.998608e-02 
3.470240e-01 	3.995435e-02 
3.472890e-01 	3.992279e-02 
3.475550e-01 	3.989115e-02 
3.478210e-01 	3.985956e-02 
3.480860e-01 	3.982813e-02 
3.483520e-01 	3.979662e-02 
3.486170e-01 	3.976528e-02 
3.488830e-01 	3.973386e-02 
3.491480e-01 	3.970260e-02 
3.494140e-01 	3.967127e-02 
3.496790e-01 	3.964009e-02 
3.499450e-01 	3.960884e-02 
3.502100e-01 	3.957775e-02 
3.504760e-01 	3.954658e-02 
3.507420e-01 	3.951546e-02 
3.510070e-01 	3.948449e-02 
3.512730e-01 	3.945344e-02 
3.515380e-01 	3.942255e-02 
3.518040e-01 	3.939159e-02 
3.520690e-01 	3.936078e-02 
3.523350e-01 	3.932989e-02 
3.526000e-01 	3.929916e-02 
3.528660e-01 	3.926835e-02 
3.531310e-01 	3.923769e-02 
3.533970e-01 	3.920696e-02 
3.536630e-01 	3.917627e-02 
3.539280e-01 	3.914572e-02 
3.541940e-01 	3.911511e-02 
3.544590e-01 	3.908464e-02 
3.547250e-01 	3.905409e-02 
3.549900e-01 	3.902370e-02 
3.552560e-01 	3.899323e-02 
3.555210e-01 	3.896291e-02 
3.557870e-01 	3.893251e-02 
3.560520e-01 	3.890226e-02 
3.563180e-01 	3.887193e-02 
3.565840e-01 	3.884164e-02 
3.568490e-01 	3.881150e-02 
3.571150e-01 	3.878128e-02 
3.573800e-01 	3.875121e-02 
3.576460e-01 	3.872106e-02 
3.579110e-01 	3.869106e-02 
3.581770e-01 	3.866098e-02 
3.584420e-01 	3.863104e-02 
3.587080e-01 	3.860103e-02 
3.589730e-01 	3.857117e-02 
3.592390e-01 	3.854123e-02 
3.595050e-01 	3.851132e-02 
3.597700e-01 	3.848156e-02 
3.600360e-01 	3.845172e-02 
3.603010e-01 	3.842202e-02 
3.605670e-01 	3.839225e-02 
3.608320e-01 	3.836262e-02 
3.610980e-01 	3.833292e-02 
3.613630e-01 	3.830335e-02 
3.616290e-01 	3.827371e-02 
3.618940e-01 	3.824422e-02 
3.621600e-01 	3.821464e-02 
3.624260e-01 	3.818510e-02 
3.626910e-01 	3.815570e-02 
3.629570e-01 	3.812623e-02 
3.632220e-01 	3.809689e-02 
3.634880e-01 	3.806748e-02 
3.637530e-01 	3.803821e-02 
3.640190e-01 	3.800886e-02 
3.642840e-01 	3.797965e-02 
3.645500e-01 	3.795037e-02 
3.648150e-01 	3.792123e-02 
3.650810e-01 	3.789200e-02 
3.653470e-01 	3.786281e-02 
3.656120e-01 	3.783376e-02 
3.658780e-01 	3.780463e-02 
3.661430e-01 	3.777565e-02 
3.664090e-01 	3.774658e-02 
3.666740e-01 	3.771765e-02 
3.669400e-01 	3.768865e-02 
3.672050e-01 	3.765978e-02 
3.674710e-01 	3.763084e-02 
3.677360e-01 	3.760204e-02 
3.680020e-01 	3.757315e-02 
3.682680e-01 	3.754430e-02 
3.685330e-01 	3.751559e-02 
3.687990e-01 	3.748679e-02 
3.690640e-01 	3.745814e-02 
3.693300e-01 	3.742941e-02 
3.695950e-01 	3.740081e-02 
3.698610e-01 	3.737214e-02 
3.701260e-01 	3.734360e-02 
3.703920e-01 	3.731499e-02 
3.706570e-01 	3.728651e-02 
3.709230e-01 	3.725795e-02 
3.711890e-01 	3.722943e-02 
3.714540e-01 	3.720104e-02 
3.717200e-01 	3.717257e-02 
3.719850e-01 	3.714424e-02 
3.722510e-01 	3.711582e-02 
3.725160e-01 	3.708755e-02 
3.727820e-01 	3.705919e-02 
3.730470e-01 	3.703097e-02 
3.733130e-01 	3.700268e-02 
3.735780e-01 	3.697451e-02 
3.738440e-01 	3.694627e-02 
3.741100e-01 	3.691806e-02 
3.743750e-01 	3.688998e-02 
3.746410e-01 	3.686182e-02 
3.749060e-01 	3.683380e-02 
3.751720e-01 	3.680569e-02 
3.754370e-01 	3.677773e-02 
3.757030e-01 	3.674968e-02 
3.759680e-01 	3.672176e-02 
3.762340e-01 	3.669377e-02 
3.764990e-01 	3.666591e-02 
3.767650e-01 	3.663797e-02 
3.770310e-01 	3.661006e-02 
3.772960e-01 	3.658228e-02 
3.775620e-01 	3.655443e-02 
3.778270e-01 	3.652670e-02 
3.780930e-01 	3.649890e-02 
3.783580e-01 	3.647123e-02 
3.786240e-01 	3.644348e-02 
3.788890e-01 	3.641586e-02 
3.791550e-01 	3.638816e-02 
3.794200e-01 	3.636060e-02 
3.796860e-01 	3.633295e-02 
3.799520e-01 	3.630534e-02 
3.802170e-01 	3.627785e-02 
3.804830e-01 	3.625028e-02 
3.807480e-01 	3.622285e-02 
3.810140e-01 	3.619533e-02 
3.812790e-01 	3.616795e-02 
3.815450e-01 	3.614049e-02 
3.818100e-01 	3.611315e-02 
3.820760e-01 	3.608574e-02 
3.823410e-01 	3.605846e-02 
3.826070e-01 	3.603110e-02 
3.828730e-01 	3.600377e-02 
3.831380e-01 	3.597657e-02 
3.834040e-01 	3.594928e-02 
3.836690e-01 	3.592213e-02 
3.839350e-01 	3.589490e-02 
3.842000e-01 	3.586780e-02 
3.844660e-01 	3.584062e-02 
3.847310e-01 	3.581357e-02 
3.849970e-01 	3.578644e-02 
3.852620e-01 	3.575944e-02 
3.855280e-01 	3.573236e-02 
3.857940e-01 	3.570531e-02 
3.860590e-01 	3.567839e-02 
3.863250e-01 	3.565139e-02 
3.865900e-01 	3.562452e-02 
3.868560e-01 	3.559757e-02 
3.871210e-01 	3.557075e-02 
3.873870e-01 	3.554385e-02 
3.876520e-01 	3.551709e-02 
3.879180e-01 	3.549024e-02 
3.881830e-01 	3.546352e-02 
3.884490e-01 	3.543673e-02 
3.887150e-01 	3.540996e-02 
3.889800e-01 	3.538332e-02 
3.892460e-01 	3.535661e-02 
3.895110e-01 	3.533002e-02 
3.897770e-01 	3.530336e-02 
3.900420e-01 	3.527682e-02 
3.903080e-01 	3.525021e-02 
3.905730e-01 	3.522372e-02 
3.908390e-01 	3.519717e-02 
3.911040e-01 	3.517073e-02 
3.913700e-01 	3.514422e-02 
3.916360e-01 	3.511774e-02 
3.919010e-01 	3.509139e-02 
3.921670e-01 	3.506496e-02 
3.924320e-01 	3.503865e-02 
3.926980e-01 	3.501227e-02 
3.929630e-01 	3.498602e-02 
3.932290e-01 	3.495969e-02 
3.934940e-01 	3.493349e-02 
3.937600e-01 	3.490721e-02 
3.940250e-01 	3.488106e-02 
3.942910e-01 	3.485484e-02 
3.945570e-01 	3.482864e-02 
3.948220e-01 	3.480256e-02 
3.950880e-01 	3.477641e-02 
3.953530e-01 	3.475039e-02 
3.956190e-01 	3.472429e-02 
3.958840e-01 	3.469831e-02 
3.961500e-01 	3.467227e-02 
3.964150e-01 	3.464634e-02 
3.966810e-01 	3.462035e-02 
3.969460e-01 	3.459447e-02 
3.972120e-01 	3.456852e-02 
3.974780e-01 	3.454260e-02 
3.977430e-01 	3.451680e-02 
3.980090e-01 	3.449093e-02 
3.982740e-01 	3.446518e-02 
3.985400e-01 	3.443936e-02 
3.988050e-01 	3.441366e-02 
3.990710e-01 	3.438789e-02 
3.993360e-01 	3.436224e-02 
3.996020e-01 	3.433652e-02 
3.998670e-01 	3.431092e-02 
4.001330e-01 	3.428525e-02 
4.003990e-01 	3.425960e-02 
4.006640e-01 	3.423407e-02 
4.009300e-01 	3.420847e-02 
4.011950e-01 	3.418300e-02 
4.014610e-01 	3.415745e-02 
4.017260e-01 	3.413202e-02 
4.019920e-01 	3.410652e-02 
4.022570e-01 	3.408114e-02 
4.025230e-01 	3.405569e-02 
4.027880e-01 	3.403036e-02 
4.030540e-01 	3.400496e-02 
4.033200e-01 	3.397958e-02 
4.035850e-01 	3.395432e-02 
4.038510e-01 	3.392899e-02 
4.041160e-01 	3.390378e-02 
4.043820e-01 	3.387850e-02 
4.046470e-01 	3.385334e-02 
4.049130e-01 	3.382811e-02 
4.051780e-01 	3.380300e-02 
4.054440e-01 	3.377782e-02 
4.057090e-01 	3.375276e-02 
4.059750e-01 	3.372762e-02 
4.062410e-01 	3.370251e-02 
4.065060e-01 	3.367752e-02 
4.067720e-01 	3.365246e-02 
4.070370e-01 	3.362752e-02 
4.073030e-01 	3.360250e-02 
4.075680e-01 	3.357761e-02 
4.078340e-01 	3.355265e-02 
4.080990e-01 	3.352780e-02 
4.083650e-01 	3.350288e-02 
4.086300e-01 	3.347808e-02 
4.088960e-01 	3.345322e-02 
4.091620e-01 	3.342837e-02 
4.094270e-01 	3.340364e-02 
4.096930e-01 	3.337885e-02 
4.099580e-01 	3.335417e-02 
4.102240e-01 	3.332942e-02 
4.104890e-01 	3.330479e-02 
4.107550e-01 	3.328009e-02 
4.110200e-01 	3.325550e-02 
4.112860e-01 	3.323085e-02 
4.115510e-01 	3.320631e-02 
4.118170e-01 	3.318171e-02 
4.120830e-01 	3.315712e-02 
4.123480e-01 	3.313266e-02 
4.126140e-01 	3.310812e-02 
4.128790e-01 	3.308370e-02 
4.131450e-01 	3.305921e-02 
4.134100e-01 	3.303484e-02 
4.136760e-01 	3.301040e-02 
4.139410e-01 	3.298607e-02 
4.142070e-01 	3.296168e-02 
4.144720e-01 	3.293740e-02 
4.147380e-01 	3.291305e-02 
4.150040e-01 	3.288873e-02 
4.152690e-01 	3.286452e-02 
4.155350e-01 	3.284024e-02 
4.158000e-01 	3.281607e-02 
4.160660e-01 	3.279184e-02 
4.163310e-01 	3.276772e-02 
4.165970e-01 	3.274354e-02 
4.168620e-01 	3.271946e-02 
4.171280e-01 	3.269532e-02 
4.173930e-01 	3.267129e-02 
4.176590e-01 	3.264720e-02 
4.179250e-01 	3.262313e-02 
4.181900e-01 	3.259917e-02 
4.184560e-01 	3.257514e-02 
4.187210e-01 	3.255122e-02 
4.189870e-01 	3.252724e-02 
4.192520e-01 	3.250337e-02 
4.195180e-01 	3.247943e-02 
4.197830e-01 	3.245560e-02 
4.200490e-01 	3.243171e-02 
4.203140e-01 	3.240792e-02 
4.205800e-01 	3.238407e-02 
4.208460e-01 	3.236024e-02 
4.211110e-01 	3.233653e-02 
4.213770e-01 	3.231274e-02 
4.216420e-01 	3.228907e-02 
4.219080e-01 	3.226532e-02 
4.221730e-01 	3.224169e-02 
4.224390e-01 	3.221799e-02 
4.227040e-01 	3.219441e-02 
4.229700e-01 	3.217075e-02 
4.232350e-01 	3.214720e-02 
4.235010e-01 	3.212359e-02 
4.237670e-01 	3.210000e-02 
4.240320e-01 	3.207652e-02 
4.242980e-01 	3.205297e-02 
4.245630e-01 	3.202952e-02 
4.248290e-01 	3.200602e-02 
4.250940e-01 	3.198262e-02 
4.253600e-01 	3.195915e-02 
4.256250e-01 	3.193579e-02 
4.258910e-01 	3.191237e-02 
4.261560e-01 	3.188905e-02 
4.264220e-01 	3.186567e-02 
4.266880e-01 	3.184230e-02 
4.269530e-01 	3.181905e-02 
4.272190e-01 	3.179572e-02 
4.274840e-01 	3.177251e-02 
4.277500e-01 	3.174922e-02 
4.280150e-01 	3.172605e-02 
4.282810e-01 	3.170281e-02 
4.285460e-01 	3.167967e-02 
4.288120e-01 	3.165647e-02 
4.290770e-01 	3.163337e-02 
4.293430e-01 	3.161021e-02 
4.296090e-01 	3.158706e-02 
4.298740e-01 	3.156402e-02 
4.301400e-01 	3.154092e-02 
4.304050e-01 	3.151792e-02 
4.306710e-01 	3.149485e-02 
4.309360e-01 	3.147189e-02 
4.312020e-01 	3.144886e-02 
4.314670e-01 	3.142594e-02 
4.317330e-01 	3.140295e-02 
4.319980e-01 	3.138007e-02 
4.322640e-01 	3.135712e-02 
4.325300e-01 	3.133418e-02 
4.327950e-01 	3.131136e-02 
4.330610e-01 	3.128846e-02 
4.333260e-01 	3.126567e-02 
4.335920e-01 	3.124281e-02 
4.338570e-01 	3.122006e-02 
4.341230e-01 	3.119724e-02 
4.343880e-01 	3.117452e-02 
4.346540e-01 	3.115174e-02 
4.349190e-01 	3.112906e-02 
4.351850e-01 	3.110631e-02 
4.354510e-01 	3.108358e-02 
4.357160e-01 	3.106096e-02 
4.359820e-01 	3.103826e-02 
4.362470e-01 	3.101567e-02 
4.365130e-01 	3.099302e-02 
4.367780e-01 	3.097046e-02 
4.370440e-01 	3.094784e-02 
4.373090e-01 	3.092532e-02 
4.375750e-01 	3.090274e-02 
4.378400e-01 	3.088025e-02 
4.381060e-01 	3.085770e-02 
4.383720e-01 	3.083517e-02 
4.386370e-01 	3.081274e-02 
4.389030e-01 	3.079024e-02 
4.391680e-01 	3.076785e-02 
4.394340e-01 	3.074538e-02 
4.396990e-01 	3.072302e-02 
4.399650e-01 	3.070059e-02 
4.402300e-01 	3.067826e-02 
4.404960e-01 	3.065587e-02 
4.407610e-01 	3.063357e-02 
4.410270e-01 	3.061121e-02 
4.412930e-01 	3.058887e-02 
4.415580e-01 	3.056662e-02 
4.418240e-01 	3.054431e-02 
4.420890e-01 	3.052210e-02 
4.423550e-01 	3.049983e-02 
4.426200e-01 	3.047765e-02 
4.428860e-01 	3.045540e-02 
4.431510e-01 	3.043326e-02 
4.434170e-01 	3.041105e-02 
4.436820e-01 	3.038893e-02 
4.439480e-01 	3.036675e-02 
4.442140e-01 	3.034459e-02 
4.444790e-01 	3.032253e-02 
4.447450e-01 	3.030040e-02 
4.450100e-01 	3.027836e-02 
4.452760e-01 	3.025626e-02 
4.455410e-01 	3.023426e-02 
4.458070e-01 	3.021219e-02 
4.460720e-01 	3.019023e-02 
4.463380e-01 	3.016819e-02 
4.466030e-01 	3.014625e-02 
4.468690e-01 	3.012424e-02 
4.471350e-01 	3.010225e-02 
4.474000e-01 	3.008036e-02 
4.476660e-01 	3.005840e-02 
4.479310e-01 	3.003654e-02 
4.481970e-01 	3.001461e-02 
4.484620e-01 	2.999278e-02 
4.487280e-01 	2.997088e-02 
4.489930e-01 	2.994908e-02 
4.492590e-01 	2.992721e-02 
4.495240e-01 	2.990544e-02 
4.497900e-01 	2.988360e-02 
4.500560e-01 	2.986178e-02 
4.503210e-01 	2.984005e-02 
4.505870e-01 	2.981825e-02 
4.508520e-01 	2.979656e-02 
4.511180e-01 	2.977479e-02 
4.513830e-01 	2.975312e-02 
4.516490e-01 	2.973139e-02 
4.519140e-01 	2.970975e-02 
4.521800e-01 	2.968804e-02 
4.524450e-01 	2.966643e-02 
4.527110e-01 	2.964475e-02 
4.529770e-01 	2.962309e-02 
4.532420e-01 	2.960152e-02 
4.535080e-01 	2.957989e-02 
4.537730e-01 	2.955835e-02 
4.540390e-01 	2.953674e-02 
4.543040e-01 	2.951523e-02 
4.545700e-01 	2.949365e-02 
4.548350e-01 	2.947217e-02 
4.551010e-01 	2.945062e-02 
4.553660e-01 	2.942917e-02 
4.556320e-01 	2.940764e-02 
4.558980e-01 	2.938614e-02 
4.561630e-01 	2.936472e-02 
4.564290e-01 	2.934324e-02 
4.566940e-01 	2.932185e-02 
4.569600e-01 	2.930040e-02 
4.572250e-01 	2.927904e-02 
4.574910e-01 	2.925762e-02 
4.577560e-01 	2.923628e-02 
4.580220e-01 	2.921489e-02 
4.582870e-01 	2.919358e-02 
4.585530e-01 	2.917221e-02 
4.588190e-01 	2.915085e-02 
4.590840e-01 	2.912958e-02 
4.593500e-01 	2.910825e-02 
4.596150e-01 	2.908701e-02 
4.598810e-01 	2.906571e-02 
4.601460e-01 	2.904450e-02 
4.604120e-01 	2.902322e-02 
4.606770e-01 	2.900203e-02 
4.609430e-01 	2.898078e-02 
4.612080e-01 	2.895962e-02 
4.614740e-01 	2.893840e-02 
4.617400e-01 	2.891718e-02 
4.620050e-01 	2.889606e-02 
4.622710e-01 	2.887488e-02 
4.625360e-01 	2.885378e-02 
4.628020e-01 	2.883262e-02 
4.630670e-01 	2.881156e-02 
4.633330e-01 	2.879042e-02 
4.635980e-01 	2.876938e-02 
4.638640e-01 	2.874827e-02 
4.641290e-01 	2.872726e-02 
4.643950e-01 	2.870618e-02 
4.646610e-01 	2.868511e-02 
4.649260e-01 	2.866414e-02 
4.651920e-01 	2.864309e-02 
4.654570e-01 	2.862215e-02 
4.657230e-01 	2.860113e-02 
4.659880e-01 	2.858021e-02 
4.662540e-01 	2.855922e-02 
4.665190e-01 	2.853832e-02 
4.667850e-01 	2.851736e-02 
4.670500e-01 	2.849649e-02 
4.673160e-01 	2.847556e-02 
4.675820e-01 	2.845464e-02 
4.678470e-01 	2.843381e-02 
4.681130e-01 	2.841292e-02 
4.683780e-01 	2.839212e-02 
4.686440e-01 	2.837125e-02 
4.689090e-01 	2.835048e-02 
4.691750e-01 	2.832964e-02 
4.694400e-01 	2.830889e-02 
4.697060e-01 	2.828808e-02 
4.699710e-01 	2.826736e-02 
4.702370e-01 	2.824658e-02 
4.705030e-01 	2.822581e-02 
4.707680e-01 	2.820514e-02 
4.710340e-01 	2.818440e-02 
4.712990e-01 	2.816375e-02 
4.715650e-01 	2.814304e-02 
4.718300e-01 	2.812242e-02 
4.720960e-01 	2.810174e-02 
4.723610e-01 	2.808115e-02 
4.726270e-01 	2.806050e-02 
4.728920e-01 	2.803994e-02 
4.731580e-01 	2.801932e-02 
4.734240e-01 	2.799872e-02 
4.736890e-01 	2.797820e-02 
4.739550e-01 	2.795763e-02 
4.742200e-01 	2.793715e-02 
4.744860e-01 	2.791660e-02 
4.747510e-01 	2.789615e-02 
4.750170e-01 	2.787564e-02 
4.752820e-01 	2.785522e-02 
4.755480e-01 	2.783473e-02 
4.758130e-01 	2.781434e-02 
4.760790e-01 	2.779389e-02 
4.763450e-01 	2.777346e-02 
4.766100e-01 	2.775312e-02 
4.768760e-01 	2.773272e-02 
4.771410e-01 	2.771241e-02 
4.774070e-01 	2.769204e-02 
4.776720e-01 	2.767177e-02 
4.779380e-01 	2.765143e-02 
4.782030e-01 	2.763119e-02 
4.784690e-01 	2.761089e-02 
4.787340e-01 	2.759068e-02 
4.790000e-01 	2.757041e-02 
4.792660e-01 	2.755016e-02 
4.795310e-01 	2.753000e-02 
4.797970e-01 	2.750978e-02 
4.800620e-01 	2.748966e-02 
4.803280e-01 	2.746947e-02 
4.805930e-01 	2.744938e-02 
4.808590e-01 	2.742923e-02 
4.811240e-01 	2.740918e-02 
4.813900e-01 	2.738906e-02 
4.816550e-01 	2.736904e-02 
4.819210e-01 	2.734896e-02 
4.821870e-01 	2.732890e-02 
4.824520e-01 	2.730893e-02 
4.827180e-01 	2.728890e-02 
4.829830e-01 	2.726896e-02 
4.832490e-01 	2.724896e-02 
4.835140e-01 	2.722906e-02 
4.837800e-01 	2.720910e-02 
4.840450e-01 	2.718923e-02 
4.843110e-01 	2.716929e-02 
4.845760e-01 	2.714946e-02 
4.848420e-01 	2.712956e-02 
4.851080e-01 	2.710967e-02 
4.853730e-01 	2.708988e-02 
4.856390e-01 	2.707003e-02 
4.859040e-01 	2.705026e-02 
4.861700e-01 	2.703044e-02 
4.864350e-01 	2.701071e-02 
4.867010e-01 	2.699091e-02 
4.869660e-01 	2.697120e-02 
4.872320e-01 	2.695144e-02 
4.874970e-01 	2.693175e-02 
4.877630e-01 	2.691201e-02 
4.880290e-01 	2.689228e-02 
4.882940e-01 	2.687264e-02 
4.885600e-01 	2.685293e-02 
4.888250e-01 	2.683331e-02 
4.890910e-01 	2.681363e-02 
4.893560e-01 	2.679403e-02 
4.896220e-01 	2.677437e-02 
4.898870e-01 	2.675479e-02 
4.901530e-01 	2.673515e-02 
4.904180e-01 	2.671560e-02 
4.906840e-01 	2.669597e-02 
4.909500e-01 	2.667636e-02 
4.912150e-01 	2.665683e-02 
4.914810e-01 	2.663724e-02 
4.917460e-01 	2.661772e-02 
4.920120e-01 	2.659815e-02 
4.922770e-01 	2.657865e-02 
4.925430e-01 	2.655909e-02 
4.928080e-01 	2.653960e-02 
4.930740e-01 	2.652005e-02 
4.933390e-01 	2.650058e-02 
4.936050e-01 	2.648105e-02 
4.938710e-01 	2.646151e-02 
4.941360e-01 	2.644206e-02 
4.944020e-01 	2.642254e-02 
4.946670e-01 	2.640310e-02 
4.949330e-01 	2.638359e-02 
4.951980e-01 	2.636415e-02 
4.954640e-01 	2.634465e-02 
4.957290e-01 	2.632523e-02 
4.959950e-01 	2.630573e-02 
4.962600e-01 	2.628631e-02 
4.965260e-01 	2.626682e-02 
4.967920e-01 	2.624733e-02 
4.970570e-01 	2.622792e-02 
4.973230e-01 	2.620844e-02 
4.975880e-01 	2.618903e-02 
4.978540e-01 	2.616955e-02 
4.981190e-01 	2.615015e-02 
4.983850e-01 	2.613067e-02 
4.986500e-01 	2.611126e-02 
4.989160e-01 	2.609178e-02 
4.991810e-01 	2.607238e-02 
4.994470e-01 	2.605290e-02 
4.997130e-01 	2.603342e-02 
4.999780e-01 	2.601401e-02 
