#q 	 Ifit_avg 
3.726000e-03 	1.000000e+00 
4.195000e-03 	9.993921e-01 
4.664000e-03 	9.987839e-01 
5.134000e-03 	9.981751e-01 
5.603000e-03 	9.975652e-01 
6.072000e-03 	9.969538e-01 
6.542000e-03 	9.963405e-01 
7.011000e-03 	9.957250e-01 
7.480000e-03 	9.951069e-01 
7.950000e-03 	9.944857e-01 
8.419000e-03 	9.938611e-01 
8.888000e-03 	9.932326e-01 
9.358000e-03 	9.926000e-01 
9.827000e-03 	9.919627e-01 
1.029600e-02 	9.913205e-01 
1.076600e-02 	9.906728e-01 
1.123500e-02 	9.900194e-01 
1.170400e-02 	9.893598e-01 
1.217400e-02 	9.886937e-01 
1.264300e-02 	9.880206e-01 
1.311200e-02 	9.873401e-01 
1.358200e-02 	9.866519e-01 
1.405100e-02 	9.859555e-01 
1.452000e-02 	9.852507e-01 
1.499000e-02 	9.845369e-01 
1.545900e-02 	9.838138e-01 
1.592800e-02 	9.830810e-01 
1.639800e-02 	9.823381e-01 
1.686700e-02 	9.815847e-01 
1.733600e-02 	9.808204e-01 
1.780600e-02 	9.800449e-01 
1.827500e-02 	9.792577e-01 
1.874400e-02 	9.784584e-01 
1.921400e-02 	9.776467e-01 
1.968300e-02 	9.768221e-01 
2.015200e-02 	9.759843e-01 
2.062200e-02 	9.751329e-01 
2.109100e-02 	9.742675e-01 
2.156000e-02 	9.733876e-01 
2.203000e-02 	9.724930e-01 
2.249900e-02 	9.715831e-01 
2.296800e-02 	9.706577e-01 
2.343800e-02 	9.697162e-01 
2.390700e-02 	9.687584e-01 
2.437600e-02 	9.677838e-01 
2.484600e-02 	9.667921e-01 
2.531500e-02 	9.657828e-01 
2.578400e-02 	9.647556e-01 
2.625400e-02 	9.637100e-01 
2.672300e-02 	9.626457e-01 
2.719200e-02 	9.615623e-01 
2.766200e-02 	9.604594e-01 
2.813100e-02 	9.593365e-01 
2.860000e-02 	9.581934e-01 
2.907000e-02 	9.570296e-01 
2.953900e-02 	9.558448e-01 
3.000800e-02 	9.546386e-01 
3.047800e-02 	9.534106e-01 
3.094700e-02 	9.521607e-01 
3.141600e-02 	9.508885e-01 
3.188600e-02 	9.495937e-01 
3.235500e-02 	9.482760e-01 
3.282400e-02 	9.469352e-01 
3.329400e-02 	9.455711e-01 
3.376300e-02 	9.441839e-01 
3.423200e-02 	9.427735e-01 
3.470200e-02 	9.413400e-01 
3.517100e-02 	9.398834e-01 
3.564000e-02 	9.384038e-01 
3.611000e-02 	9.369013e-01 
3.657900e-02 	9.353757e-01 
3.704800e-02 	9.338274e-01 
3.751800e-02 	9.322565e-01 
3.798700e-02 	9.306635e-01 
3.845600e-02 	9.290485e-01 
3.892600e-02 	9.274118e-01 
3.939500e-02 	9.257538e-01 
3.986400e-02 	9.240747e-01 
4.033400e-02 	9.223747e-01 
4.080300e-02 	9.206542e-01 
4.127200e-02 	9.189134e-01 
4.174200e-02 	9.171527e-01 
4.221100e-02 	9.153723e-01 
4.268000e-02 	9.135724e-01 
4.315000e-02 	9.117535e-01 
4.361900e-02 	9.099157e-01 
4.408800e-02 	9.080593e-01 
4.455800e-02 	9.061846e-01 
4.502700e-02 	9.042920e-01 
4.549600e-02 	9.023816e-01 
4.596600e-02 	9.004537e-01 
4.643500e-02 	8.985087e-01 
4.690400e-02 	8.965469e-01 
4.737400e-02 	8.945684e-01 
4.784300e-02 	8.925736e-01 
4.831200e-02 	8.905628e-01 
4.878200e-02 	8.885363e-01 
4.925100e-02 	8.864942e-01 
4.972000e-02 	8.844370e-01 
5.018900e-02 	8.823649e-01 
5.065900e-02 	8.802781e-01 
5.112800e-02 	8.781770e-01 
5.159700e-02 	8.760618e-01 
5.206700e-02 	8.739329e-01 
5.253600e-02 	8.717904e-01 
5.300600e-02 	8.696347e-01 
5.347500e-02 	8.674661e-01 
5.394400e-02 	8.652848e-01 
5.441300e-02 	8.630911e-01 
5.488300e-02 	8.608852e-01 
5.535200e-02 	8.586676e-01 
5.582100e-02 	8.564384e-01 
5.629100e-02 	8.541978e-01 
5.676000e-02 	8.519462e-01 
5.722900e-02 	8.496838e-01 
5.769900e-02 	8.474109e-01 
5.816800e-02 	8.451277e-01 
5.863700e-02 	8.428345e-01 
5.910700e-02 	8.405315e-01 
5.957600e-02 	8.382190e-01 
6.004500e-02 	8.358971e-01 
6.051500e-02 	8.335664e-01 
6.098400e-02 	8.312268e-01 
6.145300e-02 	8.288788e-01 
6.192300e-02 	8.265225e-01 
6.239200e-02 	8.241581e-01 
6.286100e-02 	8.217858e-01 
6.333100e-02 	8.194058e-01 
6.380000e-02 	8.170182e-01 
6.426900e-02 	8.146232e-01 
6.473900e-02 	8.122211e-01 
6.520800e-02 	8.098120e-01 
6.567700e-02 	8.073959e-01 
6.614700e-02 	8.049733e-01 
6.661600e-02 	8.025442e-01 
6.708500e-02 	8.001088e-01 
6.755500e-02 	7.976673e-01 
6.802400e-02 	7.952199e-01 
6.849300e-02 	7.927667e-01 
6.896300e-02 	7.903079e-01 
6.943200e-02 	7.878438e-01 
6.990100e-02 	7.853744e-01 
7.037100e-02 	7.828998e-01 
7.084000e-02 	7.804203e-01 
7.130900e-02 	7.779358e-01 
7.177900e-02 	7.754467e-01 
7.224800e-02 	7.729529e-01 
7.271700e-02 	7.704546e-01 
7.318700e-02 	7.679519e-01 
7.365600e-02 	7.654451e-01 
7.412500e-02 	7.629341e-01 
7.459500e-02 	7.604191e-01 
7.506400e-02 	7.579004e-01 
7.553300e-02 	7.553779e-01 
7.600300e-02 	7.528518e-01 
7.647200e-02 	7.503223e-01 
7.694100e-02 	7.477894e-01 
7.741100e-02 	7.452534e-01 
7.788000e-02 	7.427142e-01 
7.834900e-02 	7.401722e-01 
7.881900e-02 	7.376273e-01 
7.928800e-02 	7.350798e-01 
7.975700e-02 	7.325297e-01 
8.022700e-02 	7.299772e-01 
8.069600e-02 	7.274223e-01 
8.116500e-02 	7.248654e-01 
8.163500e-02 	7.223063e-01 
8.210400e-02 	7.197453e-01 
8.257300e-02 	7.171826e-01 
8.304300e-02 	7.146181e-01 
8.351200e-02 	7.120522e-01 
8.398100e-02 	7.094848e-01 
8.445100e-02 	7.069161e-01 
8.492000e-02 	7.043461e-01 
8.538900e-02 	7.017751e-01 
8.585900e-02 	6.992032e-01 
8.632800e-02 	6.966305e-01 
8.679700e-02 	6.940570e-01 
8.726700e-02 	6.914830e-01 
8.773600e-02 	6.889085e-01 
8.820500e-02 	6.863337e-01 
8.867500e-02 	6.837587e-01 
8.914400e-02 	6.811836e-01 
8.961300e-02 	6.786085e-01 
9.008300e-02 	6.760336e-01 
9.055200e-02 	6.734589e-01 
9.102100e-02 	6.708846e-01 
9.149100e-02 	6.683108e-01 
9.196000e-02 	6.657376e-01 
9.242900e-02 	6.631652e-01 
9.289900e-02 	6.605936e-01 
9.336800e-02 	6.580229e-01 
9.383700e-02 	6.554532e-01 
9.430700e-02 	6.528847e-01 
9.477600e-02 	6.503175e-01 
9.524500e-02 	6.477517e-01 
9.571500e-02 	6.451873e-01 
9.618400e-02 	6.426245e-01 
9.665300e-02 	6.400635e-01 
9.712300e-02 	6.375043e-01 
9.759200e-02 	6.349470e-01 
9.806100e-02 	6.323917e-01 
9.853100e-02 	6.298386e-01 
9.900000e-02 	6.272878e-01 
9.946900e-02 	6.247393e-01 
9.993900e-02 	6.221933e-01 
1.004080e-01 	6.196498e-01 
1.008770e-01 	6.171092e-01 
1.013470e-01 	6.145709e-01 
1.018160e-01 	6.120361e-01 
1.022850e-01 	6.095043e-01 
1.027550e-01 	6.069750e-01 
1.032240e-01 	6.044496e-01 
1.036930e-01 	6.019275e-01 
1.041630e-01 	5.994083e-01 
1.046320e-01 	5.968933e-01 
1.051010e-01 	5.943820e-01 
1.055710e-01 	5.918739e-01 
1.060400e-01 	5.893703e-01 
1.065090e-01 	5.868707e-01 
1.069790e-01 	5.843753e-01 
1.074480e-01 	5.818836e-01 
1.079170e-01 	5.793967e-01 
1.083870e-01 	5.769143e-01 
1.088560e-01 	5.744360e-01 
1.093250e-01 	5.719627e-01 
1.097950e-01 	5.694943e-01 
1.102640e-01 	5.670301e-01 
1.107330e-01 	5.645714e-01 
1.112030e-01 	5.621177e-01 
1.116720e-01 	5.596686e-01 
1.121410e-01 	5.572253e-01 
1.126110e-01 	5.547873e-01 
1.130800e-01 	5.523542e-01 
1.135490e-01 	5.499272e-01 
1.140190e-01 	5.475057e-01 
1.144880e-01 	5.450895e-01 
1.149570e-01 	5.426796e-01 
1.154270e-01 	5.402756e-01 
1.158960e-01 	5.378771e-01 
1.163650e-01 	5.354852e-01 
1.168350e-01 	5.330995e-01 
1.173040e-01 	5.307196e-01 
1.177730e-01 	5.283467e-01 
1.182430e-01 	5.259802e-01 
1.187120e-01 	5.236198e-01 
1.191810e-01 	5.212667e-01 
1.196510e-01 	5.189202e-01 
1.201200e-01 	5.165801e-01 
1.205890e-01 	5.142473e-01 
1.210590e-01 	5.119215e-01 
1.215280e-01 	5.096021e-01 
1.219970e-01 	5.072902e-01 
1.224670e-01 	5.049853e-01 
1.229360e-01 	5.026871e-01 
1.234050e-01 	5.003965e-01 
1.238750e-01 	4.981131e-01 
1.243440e-01 	4.958365e-01 
1.248130e-01 	4.935676e-01 
1.252830e-01 	4.913061e-01 
1.257520e-01 	4.890516e-01 
1.262210e-01 	4.868049e-01 
1.266910e-01 	4.845658e-01 
1.271600e-01 	4.823337e-01 
1.276290e-01 	4.801097e-01 
1.280990e-01 	4.778934e-01 
1.285680e-01 	4.756842e-01 
1.290370e-01 	4.734833e-01 
1.295070e-01 	4.712902e-01 
1.299760e-01 	4.691050e-01 
1.304450e-01 	4.669272e-01 
1.309150e-01 	4.647578e-01 
1.313840e-01 	4.625963e-01 
1.318530e-01 	4.604425e-01 
1.323230e-01 	4.582972e-01 
1.327920e-01 	4.561601e-01 
1.332610e-01 	4.540307e-01 
1.337310e-01 	4.519100e-01 
1.342000e-01 	4.497976e-01 
1.346690e-01 	4.476930e-01 
1.351390e-01 	4.455973e-01 
1.356080e-01 	4.435099e-01 
1.360770e-01 	4.414304e-01 
1.365470e-01 	4.393597e-01 
1.370160e-01 	4.372975e-01 
1.374850e-01 	4.352432e-01 
1.379550e-01 	4.331978e-01 
1.384240e-01 	4.311609e-01 
1.388930e-01 	4.291320e-01 
1.393630e-01 	4.271120e-01 
1.398320e-01 	4.251005e-01 
1.403010e-01 	4.230971e-01 
1.407710e-01 	4.211027e-01 
1.412400e-01 	4.191169e-01 
1.417090e-01 	4.171392e-01 
1.421790e-01 	4.151705e-01 
1.426480e-01 	4.132104e-01 
1.431170e-01 	4.112585e-01 
1.435870e-01 	4.093157e-01 
1.440560e-01 	4.073815e-01 
1.445250e-01 	4.054556e-01 
1.449950e-01 	4.035388e-01 
1.454640e-01 	4.016307e-01 
1.459330e-01 	3.997310e-01 
1.464030e-01 	3.978404e-01 
1.468720e-01 	3.959585e-01 
1.473410e-01 	3.940850e-01 
1.478110e-01 	3.922208e-01 
1.482800e-01 	3.903653e-01 
1.487490e-01 	3.885182e-01 
1.492190e-01 	3.866803e-01 
1.496880e-01 	3.848511e-01 
1.501570e-01 	3.830304e-01 
1.506270e-01 	3.812187e-01 
1.510960e-01 	3.794158e-01 
1.515650e-01 	3.776213e-01 
1.520350e-01 	3.758358e-01 
1.525040e-01 	3.740591e-01 
1.529730e-01 	3.722911e-01 
1.534430e-01 	3.705313e-01 
1.539120e-01 	3.687807e-01 
1.543810e-01 	3.670387e-01 
1.548510e-01 	3.653049e-01 
1.553200e-01 	3.635803e-01 
1.557890e-01 	3.618642e-01 
1.562590e-01 	3.601564e-01 
1.567280e-01 	3.584576e-01 
1.571970e-01 	3.567674e-01 
1.576670e-01 	3.550854e-01 
1.581360e-01 	3.534124e-01 
1.586050e-01 	3.517480e-01 
1.590750e-01 	3.500918e-01 
1.595440e-01 	3.484445e-01 
1.600130e-01 	3.468057e-01 
1.604830e-01 	3.451752e-01 
1.609520e-01 	3.435535e-01 
1.614210e-01 	3.419404e-01 
1.618910e-01 	3.403354e-01 
1.623600e-01 	3.387393e-01 
1.628290e-01 	3.371517e-01 
1.632990e-01 	3.355723e-01 
1.637680e-01 	3.340017e-01 
1.642370e-01 	3.324395e-01 
1.647070e-01 	3.308855e-01 
1.651760e-01 	3.293403e-01 
1.656450e-01 	3.278036e-01 
1.661150e-01 	3.262749e-01 
1.665840e-01 	3.247551e-01 
1.670530e-01 	3.232436e-01 
1.675230e-01 	3.217402e-01 
1.679920e-01 	3.202456e-01 
1.684610e-01 	3.187592e-01 
1.689310e-01 	3.172809e-01 
1.694000e-01 	3.158112e-01 
1.698690e-01 	3.143498e-01 
1.703390e-01 	3.128962e-01 
1.708080e-01 	3.114512e-01 
1.712770e-01 	3.100143e-01 
1.717470e-01 	3.085853e-01 
1.722160e-01 	3.071647e-01 
1.726850e-01 	3.057522e-01 
1.731550e-01 	3.043475e-01 
1.736240e-01 	3.029511e-01 
1.740930e-01 	3.015627e-01 
1.745630e-01 	3.001822e-01 
1.750320e-01 	2.988094e-01 
1.755010e-01 	2.974448e-01 
1.759710e-01 	2.960881e-01 
1.764400e-01 	2.947389e-01 
1.769090e-01 	2.933979e-01 
1.773790e-01 	2.920647e-01 
1.778480e-01 	2.907389e-01 
1.783170e-01 	2.894211e-01 
1.787870e-01 	2.881110e-01 
1.792560e-01 	2.868083e-01 
1.797250e-01 	2.855134e-01 
1.801950e-01 	2.842261e-01 
1.806640e-01 	2.829461e-01 
1.811330e-01 	2.816739e-01 
1.816030e-01 	2.804091e-01 
1.820720e-01 	2.791515e-01 
1.825410e-01 	2.779016e-01 
1.830110e-01 	2.766590e-01 
1.834800e-01 	2.754235e-01 
1.839490e-01 	2.741955e-01 
1.844190e-01 	2.729748e-01 
1.848880e-01 	2.717610e-01 
1.853570e-01 	2.705547e-01 
1.858270e-01 	2.693556e-01 
1.862960e-01 	2.681633e-01 
1.867650e-01 	2.669784e-01 
1.872350e-01 	2.658005e-01 
1.877040e-01 	2.646294e-01 
1.881730e-01 	2.634656e-01 
1.886430e-01 	2.623088e-01 
1.891120e-01 	2.611587e-01 
1.895810e-01 	2.600157e-01 
1.900510e-01 	2.588796e-01 
1.905200e-01 	2.577501e-01 
1.909890e-01 	2.566277e-01 
1.914590e-01 	2.555120e-01 
1.919280e-01 	2.544029e-01 
1.923970e-01 	2.533007e-01 
1.928670e-01 	2.522053e-01 
1.933360e-01 	2.511163e-01 
1.938050e-01 	2.500341e-01 
1.942750e-01 	2.489586e-01 
1.947440e-01 	2.478894e-01 
1.952130e-01 	2.468270e-01 
1.956830e-01 	2.457710e-01 
1.961520e-01 	2.447214e-01 
1.966210e-01 	2.436784e-01 
1.970910e-01 	2.426419e-01 
1.975600e-01 	2.416117e-01 
1.980290e-01 	2.405877e-01 
1.984990e-01 	2.395702e-01 
1.989680e-01 	2.385590e-01 
1.994370e-01 	2.375539e-01 
1.999070e-01 	2.365552e-01 
2.003760e-01 	2.355628e-01 
2.008450e-01 	2.345762e-01 
2.013150e-01 	2.335960e-01 
2.017840e-01 	2.326218e-01 
2.022530e-01 	2.316535e-01 
2.027230e-01 	2.306913e-01 
2.031920e-01 	2.297350e-01 
2.036610e-01 	2.287844e-01 
2.041310e-01 	2.278399e-01 
2.046000e-01 	2.269011e-01 
2.050690e-01 	2.259679e-01 
2.055390e-01 	2.250406e-01 
2.060080e-01 	2.241190e-01 
2.064770e-01 	2.232028e-01 
2.069470e-01 	2.222924e-01 
2.074160e-01 	2.213875e-01 
2.078850e-01 	2.204880e-01 
2.083550e-01 	2.195942e-01 
2.088240e-01 	2.187059e-01 
2.092930e-01 	2.178228e-01 
2.097630e-01 	2.169452e-01 
2.102320e-01 	2.160731e-01 
2.107010e-01 	2.152060e-01 
2.111710e-01 	2.143445e-01 
2.116400e-01 	2.134882e-01 
2.121090e-01 	2.126369e-01 
2.125790e-01 	2.117910e-01 
2.130480e-01 	2.109504e-01 
2.135170e-01 	2.101146e-01 
2.139870e-01 	2.092842e-01 
2.144560e-01 	2.084588e-01 
2.149250e-01 	2.076383e-01 
2.153950e-01 	2.068229e-01 
2.158640e-01 	2.060126e-01 
2.163330e-01 	2.052070e-01 
2.168030e-01 	2.044065e-01 
2.172720e-01 	2.036109e-01 
2.177410e-01 	2.028200e-01 
2.182110e-01 	2.020341e-01 
2.186800e-01 	2.012530e-01 
2.191490e-01 	2.004764e-01 
2.196190e-01 	1.997048e-01 
2.200880e-01 	1.989378e-01 
2.205570e-01 	1.981755e-01 
2.210270e-01 	1.974177e-01 
2.214960e-01 	1.966646e-01 
2.219650e-01 	1.959162e-01 
2.224350e-01 	1.951721e-01 
2.229040e-01 	1.944326e-01 
2.233730e-01 	1.936976e-01 
2.238430e-01 	1.929670e-01 
2.243120e-01 	1.922409e-01 
2.247810e-01 	1.915191e-01 
2.252510e-01 	1.908016e-01 
2.257200e-01 	1.900885e-01 
2.261890e-01 	1.893797e-01 
2.266590e-01 	1.886751e-01 
2.271280e-01 	1.879748e-01 
2.275970e-01 	1.872786e-01 
2.280670e-01 	1.865865e-01 
2.285360e-01 	1.858987e-01 
2.290050e-01 	1.852150e-01 
2.294750e-01 	1.845352e-01 
2.299440e-01 	1.838595e-01 
2.304130e-01 	1.831879e-01 
2.308830e-01 	1.825201e-01 
2.313520e-01 	1.818564e-01 
2.318210e-01 	1.811966e-01 
2.322910e-01 	1.805405e-01 
2.327600e-01 	1.798884e-01 
2.332290e-01 	1.792401e-01 
2.336990e-01 	1.785954e-01 
2.341680e-01 	1.779546e-01 
2.346370e-01 	1.773175e-01 
2.351070e-01 	1.766840e-01 
2.355760e-01 	1.760543e-01 
2.360450e-01 	1.754282e-01 
2.365150e-01 	1.748057e-01 
2.369840e-01 	1.741868e-01 
2.374530e-01 	1.735715e-01 
2.379230e-01 	1.729597e-01 
2.383920e-01 	1.723516e-01 
2.388610e-01 	1.717469e-01 
2.393310e-01 	1.711456e-01 
2.398000e-01 	1.705480e-01 
2.402690e-01 	1.699537e-01 
2.407390e-01 	1.693628e-01 
2.412080e-01 	1.687754e-01 
2.416770e-01 	1.681914e-01 
2.421470e-01 	1.676107e-01 
2.426160e-01 	1.670334e-01 
2.430850e-01 	1.664594e-01 
2.435550e-01 	1.658888e-01 
2.440240e-01 	1.653212e-01 
2.444930e-01 	1.647571e-01 
2.449630e-01 	1.641962e-01 
2.454320e-01 	1.636384e-01 
2.459010e-01 	1.630839e-01 
2.463710e-01 	1.625326e-01 
2.468400e-01 	1.619843e-01 
2.473090e-01 	1.614393e-01 
2.477790e-01 	1.608974e-01 
2.482480e-01 	1.603584e-01 
2.487170e-01 	1.598226e-01 
2.491870e-01 	1.592899e-01 
2.496560e-01 	1.587601e-01 
2.501250e-01 	1.582333e-01 
2.505940e-01 	1.577096e-01 
2.510640e-01 	1.571887e-01 
2.515330e-01 	1.566708e-01 
2.520030e-01 	1.561558e-01 
2.524720e-01 	1.556437e-01 
2.529410e-01 	1.551345e-01 
2.534100e-01 	1.546281e-01 
2.538800e-01 	1.541245e-01 
2.543490e-01 	1.536238e-01 
2.548190e-01 	1.531258e-01 
2.552880e-01 	1.526305e-01 
2.557570e-01 	1.521381e-01 
2.562270e-01 	1.516484e-01 
2.566960e-01 	1.511612e-01 
2.571650e-01 	1.506769e-01 
2.576340e-01 	1.501951e-01 
2.581040e-01 	1.497160e-01 
2.585730e-01 	1.492395e-01 
2.590430e-01 	1.487656e-01 
2.595120e-01 	1.482941e-01 
2.599810e-01 	1.478254e-01 
2.604510e-01 	1.473591e-01 
2.609200e-01 	1.468952e-01 
2.613890e-01 	1.464339e-01 
2.618580e-01 	1.459751e-01 
2.623280e-01 	1.455186e-01 
2.627970e-01 	1.450646e-01 
2.632670e-01 	1.446130e-01 
2.637360e-01 	1.441636e-01 
2.642050e-01 	1.437167e-01 
2.646750e-01 	1.432722e-01 
2.651440e-01 	1.428300e-01 
2.656130e-01 	1.423900e-01 
2.660820e-01 	1.419524e-01 
2.665520e-01 	1.415170e-01 
2.670210e-01 	1.410839e-01 
2.674910e-01 	1.406531e-01 
2.679600e-01 	1.402246e-01 
2.684290e-01 	1.397982e-01 
2.688990e-01 	1.393742e-01 
2.693680e-01 	1.389524e-01 
2.698370e-01 	1.385327e-01 
2.703070e-01 	1.381152e-01 
2.707760e-01 	1.377000e-01 
2.712450e-01 	1.372868e-01 
2.717150e-01 	1.368759e-01 
2.721840e-01 	1.364671e-01 
2.726530e-01 	1.360604e-01 
2.731220e-01 	1.356559e-01 
2.735920e-01 	1.352535e-01 
2.740610e-01 	1.348531e-01 
2.745310e-01 	1.344549e-01 
2.750000e-01 	1.340588e-01 
2.754690e-01 	1.336646e-01 
2.759390e-01 	1.332726e-01 
2.764080e-01 	1.328826e-01 
2.768770e-01 	1.324946e-01 
2.773460e-01 	1.321087e-01 
2.778160e-01 	1.317247e-01 
2.782850e-01 	1.313427e-01 
2.787550e-01 	1.309628e-01 
2.792240e-01 	1.305848e-01 
2.796930e-01 	1.302087e-01 
2.801630e-01 	1.298346e-01 
2.806320e-01 	1.294625e-01 
2.811010e-01 	1.290922e-01 
2.815710e-01 	1.287238e-01 
2.820400e-01 	1.283574e-01 
2.825090e-01 	1.279928e-01 
2.829790e-01 	1.276302e-01 
2.834480e-01 	1.272694e-01 
2.839170e-01 	1.269103e-01 
2.843870e-01 	1.265532e-01 
2.848560e-01 	1.261979e-01 
2.853250e-01 	1.258444e-01 
2.857950e-01 	1.254927e-01 
2.862640e-01 	1.251429e-01 
2.867330e-01 	1.247947e-01 
2.872020e-01 	1.244484e-01 
2.876720e-01 	1.241038e-01 
2.881410e-01 	1.237610e-01 
2.886110e-01 	1.234198e-01 
2.890800e-01 	1.230804e-01 
2.895490e-01 	1.227427e-01 
2.900190e-01 	1.224066e-01 
2.904880e-01 	1.220723e-01 
2.909570e-01 	1.217397e-01 
2.914260e-01 	1.214086e-01 
2.918960e-01 	1.210793e-01 
2.923650e-01 	1.207515e-01 
2.928350e-01 	1.204253e-01 
2.933040e-01 	1.201008e-01 
2.937730e-01 	1.197779e-01 
2.942430e-01 	1.194565e-01 
2.947120e-01 	1.191367e-01 
2.951810e-01 	1.188185e-01 
2.956500e-01 	1.185018e-01 
2.961200e-01 	1.181866e-01 
2.965890e-01 	1.178730e-01 
2.970590e-01 	1.175608e-01 
2.975280e-01 	1.172502e-01 
2.979970e-01 	1.169411e-01 
2.984670e-01 	1.166334e-01 
2.989360e-01 	1.163272e-01 
2.994050e-01 	1.160225e-01 
2.998740e-01 	1.157192e-01 
3.003440e-01 	1.154174e-01 
3.008130e-01 	1.151170e-01 
3.012830e-01 	1.148180e-01 
3.017520e-01 	1.145206e-01 
3.022210e-01 	1.142245e-01 
3.026910e-01 	1.139299e-01 
3.031600e-01 	1.136367e-01 
3.036290e-01 	1.133449e-01 
3.040990e-01 	1.130544e-01 
3.045680e-01 	1.127655e-01 
3.050370e-01 	1.124779e-01 
3.055070e-01 	1.121916e-01 
3.059760e-01 	1.119068e-01 
3.064450e-01 	1.116233e-01 
3.069140e-01 	1.113412e-01 
3.073840e-01 	1.110605e-01 
3.078530e-01 	1.107811e-01 
3.083230e-01 	1.105030e-01 
3.087920e-01 	1.102264e-01 
3.092610e-01 	1.099510e-01 
3.097310e-01 	1.096770e-01 
3.102000e-01 	1.094043e-01 
3.106690e-01 	1.091329e-01 
3.111380e-01 	1.088628e-01 
3.116080e-01 	1.085940e-01 
3.120770e-01 	1.083266e-01 
3.125460e-01 	1.080604e-01 
3.130160e-01 	1.077955e-01 
3.134850e-01 	1.075319e-01 
3.139540e-01 	1.072696e-01 
3.144240e-01 	1.070085e-01 
3.148930e-01 	1.067487e-01 
3.153620e-01 	1.064901e-01 
3.158320e-01 	1.062328e-01 
3.163010e-01 	1.059767e-01 
3.167700e-01 	1.057219e-01 
3.172400e-01 	1.054683e-01 
3.177090e-01 	1.052159e-01 
3.181780e-01 	1.049648e-01 
3.186480e-01 	1.047148e-01 
3.191170e-01 	1.044661e-01 
3.195860e-01 	1.042185e-01 
3.200560e-01 	1.039722e-01 
3.205250e-01 	1.037270e-01 
3.209940e-01 	1.034830e-01 
3.214640e-01 	1.032402e-01 
3.219330e-01 	1.029985e-01 
3.224020e-01 	1.027581e-01 
3.228720e-01 	1.025187e-01 
3.233410e-01 	1.022805e-01 
3.238100e-01 	1.020434e-01 
3.242800e-01 	1.018074e-01 
3.247490e-01 	1.015725e-01 
3.252180e-01 	1.013388e-01 
3.256880e-01 	1.011061e-01 
3.261570e-01 	1.008745e-01 
3.266260e-01 	1.006441e-01 
3.270960e-01 	1.004146e-01 
3.275650e-01 	1.001862e-01 
3.280340e-01 	9.995892e-02 
3.285040e-01 	9.973261e-02 
3.289730e-01 	9.950738e-02 
3.294420e-01 	9.928318e-02 
3.299120e-01 	9.905995e-02 
3.303810e-01 	9.883777e-02 
3.308500e-01 	9.861661e-02 
3.313200e-01 	9.839639e-02 
3.317890e-01 	9.817723e-02 
3.322580e-01 	9.795905e-02 
3.327280e-01 	9.774187e-02 
3.331970e-01 	9.752562e-02 
3.336660e-01 	9.731040e-02 
3.341360e-01 	9.709616e-02 
3.346050e-01 	9.688284e-02 
3.350740e-01 	9.667054e-02 
3.355440e-01 	9.645921e-02 
3.360130e-01 	9.624878e-02 
3.364820e-01 	9.603936e-02 
3.369520e-01 	9.583089e-02 
3.374210e-01 	9.562332e-02 
3.378900e-01 	9.541674e-02 
3.383600e-01 	9.521109e-02 
3.388290e-01 	9.500634e-02 
3.392980e-01 	9.480256e-02 
3.397680e-01 	9.459971e-02 
3.402370e-01 	9.439773e-02 
3.407060e-01 	9.419672e-02 
3.411760e-01 	9.399662e-02 
3.416450e-01 	9.379740e-02 
3.421140e-01 	9.359912e-02 
3.425840e-01 	9.340174e-02 
3.430530e-01 	9.320523e-02 
3.435220e-01 	9.300965e-02 
3.439920e-01 	9.281496e-02 
3.444610e-01 	9.262112e-02 
3.449300e-01 	9.242820e-02 
3.454000e-01 	9.223617e-02 
3.458690e-01 	9.204497e-02 
3.463380e-01 	9.185469e-02 
3.468080e-01 	9.166527e-02 
3.472770e-01 	9.147668e-02 
3.477460e-01 	9.128899e-02 
3.482160e-01 	9.110216e-02 
3.486850e-01 	9.091614e-02 
3.491540e-01 	9.073101e-02 
3.496240e-01 	9.054673e-02 
3.500930e-01 	9.036324e-02 
3.505620e-01 	9.018063e-02 
3.510320e-01 	8.999885e-02 
3.515010e-01 	8.981786e-02 
3.519700e-01 	8.963772e-02 
3.524400e-01 	8.945839e-02 
3.529090e-01 	8.927984e-02 
3.533780e-01 	8.910212e-02 
3.538480e-01 	8.892520e-02 
3.543170e-01 	8.874903e-02 
3.547860e-01 	8.857369e-02 
3.552560e-01 	8.839912e-02 
3.557250e-01 	8.822533e-02 
3.561940e-01 	8.805228e-02 
3.566640e-01 	8.788002e-02 
3.571330e-01 	8.770852e-02 
3.576020e-01 	8.753774e-02 
3.580720e-01 	8.736774e-02 
3.585410e-01 	8.719848e-02 
3.590100e-01 	8.702993e-02 
3.594800e-01 	8.686214e-02 
3.599490e-01 	8.669507e-02 
3.604180e-01 	8.652869e-02 
3.608880e-01 	8.636307e-02 
3.613570e-01 	8.619814e-02 
3.618260e-01 	8.603389e-02 
3.622960e-01 	8.587038e-02 
3.627650e-01 	8.570755e-02 
3.632340e-01 	8.554538e-02 
3.637040e-01 	8.538393e-02 
3.641730e-01 	8.522316e-02 
3.646420e-01 	8.506303e-02 
3.651120e-01 	8.490361e-02 
3.655810e-01 	8.474487e-02 
3.660500e-01 	8.458676e-02 
3.665200e-01 	8.442934e-02 
3.669890e-01 	8.427259e-02 
3.674580e-01 	8.411646e-02 
3.679280e-01 	8.396102e-02 
3.683970e-01 	8.380623e-02 
3.688660e-01 	8.365206e-02 
3.693360e-01 	8.349856e-02 
3.698050e-01 	8.334571e-02 
3.702740e-01 	8.319345e-02 
3.707440e-01 	8.304187e-02 
3.712130e-01 	8.289092e-02 
3.716820e-01 	8.274056e-02 
3.721520e-01 	8.259085e-02 
3.726210e-01 	8.244177e-02 
3.730900e-01 	8.229327e-02 
3.735600e-01 	8.214542e-02 
3.740290e-01 	8.199818e-02 
3.744980e-01 	8.185151e-02 
3.749680e-01 	8.170548e-02 
3.754370e-01 	8.156005e-02 
3.759060e-01 	8.141519e-02 
3.763760e-01 	8.127094e-02 
3.768450e-01 	8.112729e-02 
3.773140e-01 	8.098420e-02 
3.777840e-01 	8.084172e-02 
3.782530e-01 	8.069981e-02 
3.787220e-01 	8.055849e-02 
3.791920e-01 	8.041771e-02 
3.796610e-01 	8.027753e-02 
3.801300e-01 	8.013791e-02 
3.806000e-01 	7.999883e-02 
3.810690e-01 	7.986034e-02 
3.815380e-01 	7.972240e-02 
3.820080e-01 	7.958499e-02 
3.824770e-01 	7.944816e-02 
3.829460e-01 	7.931188e-02 
3.834160e-01 	7.917611e-02 
3.838850e-01 	7.904091e-02 
3.843540e-01 	7.890625e-02 
3.848240e-01 	7.877209e-02 
3.852930e-01 	7.863849e-02 
3.857620e-01 	7.850542e-02 
3.862320e-01 	7.837285e-02 
3.867010e-01 	7.824082e-02 
3.871700e-01 	7.810931e-02 
3.876400e-01 	7.797829e-02 
3.881090e-01 	7.784781e-02 
3.885780e-01 	7.771784e-02 
3.890480e-01 	7.758834e-02 
3.895170e-01 	7.745937e-02 
3.899860e-01 	7.733090e-02 
3.904560e-01 	7.720290e-02 
3.909250e-01 	7.707542e-02 
3.913940e-01 	7.694842e-02 
3.918640e-01 	7.682189e-02 
3.923330e-01 	7.669586e-02 
3.928020e-01 	7.657031e-02 
3.932720e-01 	7.644520e-02 
3.937410e-01 	7.632060e-02 
3.942100e-01 	7.619646e-02 
3.946800e-01 	7.607277e-02 
3.951490e-01 	7.594956e-02 
3.956180e-01 	7.582681e-02 
3.960880e-01 	7.570449e-02 
3.965570e-01 	7.558264e-02 
3.970260e-01 	7.546125e-02 
3.974960e-01 	7.534028e-02 
3.979650e-01 	7.521978e-02 
3.984340e-01 	7.509971e-02 
3.989040e-01 	7.498006e-02 
3.993730e-01 	7.486087e-02 
3.998420e-01 	7.474211e-02 
4.003120e-01 	7.462376e-02 
4.007810e-01 	7.450585e-02 
4.012500e-01 	7.438837e-02 
4.017200e-01 	7.427130e-02 
4.021890e-01 	7.415463e-02 
4.026580e-01 	7.403839e-02 
4.031280e-01 	7.392257e-02 
4.035970e-01 	7.380713e-02 
4.040660e-01 	7.369211e-02 
4.045360e-01 	7.357750e-02 
4.050050e-01 	7.346326e-02 
4.054740e-01 	7.334944e-02 
4.059440e-01 	7.323601e-02 
4.064130e-01 	7.312295e-02 
4.068820e-01 	7.301030e-02 
4.073520e-01 	7.289803e-02 
4.078210e-01 	7.278612e-02 
4.082900e-01 	7.267461e-02 
4.087600e-01 	7.256348e-02 
4.092290e-01 	7.245270e-02 
4.096980e-01 	7.234231e-02 
4.101680e-01 	7.223230e-02 
4.106370e-01 	7.212263e-02 
4.111060e-01 	7.201335e-02 
4.115760e-01 	7.190443e-02 
4.120450e-01 	7.179585e-02 
4.125140e-01 	7.168766e-02 
4.129840e-01 	7.157982e-02 
4.134530e-01 	7.147231e-02 
4.139220e-01 	7.136517e-02 
4.143920e-01 	7.125839e-02 
4.148610e-01 	7.115193e-02 
4.153300e-01 	7.104584e-02 
4.158000e-01 	7.094010e-02 
4.162690e-01 	7.083467e-02 
4.167380e-01 	7.072960e-02 
4.172080e-01 	7.062487e-02 
4.176770e-01 	7.052046e-02 
4.181460e-01 	7.041639e-02 
4.186160e-01 	7.031266e-02 
4.190850e-01 	7.020923e-02 
4.195540e-01 	7.010614e-02 
4.200240e-01 	7.000338e-02 
4.204930e-01 	6.990092e-02 
4.209620e-01 	6.979880e-02 
4.214320e-01 	6.969699e-02 
4.219010e-01 	6.959548e-02 
4.223700e-01 	6.949429e-02 
4.228400e-01 	6.939342e-02 
4.233090e-01 	6.929285e-02 
4.237780e-01 	6.919256e-02 
4.242480e-01 	6.909260e-02 
4.247170e-01 	6.899294e-02 
4.251860e-01 	6.889355e-02 
4.256560e-01 	6.879448e-02 
4.261250e-01 	6.869570e-02 
4.265940e-01 	6.859718e-02 
4.270640e-01 	6.849898e-02 
4.275330e-01 	6.840106e-02 
4.280020e-01 	6.830341e-02 
4.284720e-01 	6.820605e-02 
4.289410e-01 	6.810898e-02 
4.294100e-01 	6.801216e-02 
4.298800e-01 	6.791564e-02 
4.303490e-01 	6.781939e-02 
4.308180e-01 	6.772339e-02 
4.312880e-01 	6.762768e-02 
4.317570e-01 	6.753224e-02 
4.322260e-01 	6.743704e-02 
4.326960e-01 	6.734213e-02 
4.331650e-01 	6.724747e-02 
4.336340e-01 	6.715306e-02 
4.341040e-01 	6.705892e-02 
4.345730e-01 	6.696504e-02 
4.350420e-01 	6.687139e-02 
4.355120e-01 	6.677801e-02 
4.359810e-01 	6.668488e-02 
4.364500e-01 	6.659198e-02 
4.369200e-01 	6.649935e-02 
4.373890e-01 	6.640697e-02 
4.378580e-01 	6.631482e-02 
4.383280e-01 	6.622293e-02 
4.387970e-01 	6.613129e-02 
4.392660e-01 	6.603987e-02 
4.397360e-01 	6.594872e-02 
4.402050e-01 	6.585781e-02 
4.406740e-01 	6.576713e-02 
4.411440e-01 	6.567671e-02 
4.416130e-01 	6.558653e-02 
4.420820e-01 	6.549658e-02 
4.425520e-01 	6.540688e-02 
4.430210e-01 	6.531743e-02 
4.434900e-01 	6.522820e-02 
4.439600e-01 	6.513923e-02 
4.444290e-01 	6.505049e-02 
4.448980e-01 	6.496198e-02 
4.453680e-01 	6.487373e-02 
4.458370e-01 	6.478571e-02 
4.463060e-01 	6.469793e-02 
4.467760e-01 	6.461037e-02 
4.472450e-01 	6.452307e-02 
4.477140e-01 	6.443600e-02 
4.481840e-01 	6.434916e-02 
4.486530e-01 	6.426256e-02 
4.491220e-01 	6.417620e-02 
4.495920e-01 	6.409006e-02 
4.500610e-01 	6.400417e-02 
4.505300e-01 	6.391851e-02 
4.510000e-01 	6.383307e-02 
4.514690e-01 	6.374788e-02 
4.519380e-01 	6.366293e-02 
4.524080e-01 	6.357818e-02 
4.528770e-01 	6.349369e-02 
4.533460e-01 	6.340943e-02 
4.538160e-01 	6.332538e-02 
4.542850e-01 	6.324158e-02 
4.547540e-01 	6.315801e-02 
4.552240e-01 	6.307466e-02 
4.556930e-01 	6.299155e-02 
4.561620e-01 	6.290867e-02 
4.566320e-01 	6.282600e-02 
4.571010e-01 	6.274357e-02 
4.575700e-01 	6.266137e-02 
4.580400e-01 	6.257939e-02 
4.585090e-01 	6.249764e-02 
4.589780e-01 	6.241613e-02 
4.594480e-01 	6.233482e-02 
4.599170e-01 	6.225375e-02 
4.603860e-01 	6.217291e-02 
4.608560e-01 	6.209228e-02 
4.613250e-01 	6.201189e-02 
4.617940e-01 	6.193171e-02 
4.622640e-01 	6.185175e-02 
4.627330e-01 	6.177201e-02 
4.632020e-01 	6.169250e-02 
4.636720e-01 	6.161318e-02 
4.641410e-01 	6.153409e-02 
4.646100e-01 	6.145522e-02 
4.650800e-01 	6.137654e-02 
4.655490e-01 	6.129808e-02 
4.660180e-01 	6.121983e-02 
4.664880e-01 	6.114175e-02 
4.669570e-01 	6.106390e-02 
4.674260e-01 	6.098623e-02 
4.678960e-01 	6.090874e-02 
4.683650e-01 	6.083145e-02 
4.688340e-01 	6.075434e-02 
4.693040e-01 	6.067741e-02 
4.697730e-01 	6.060064e-02 
4.702420e-01 	6.052406e-02 
4.707120e-01 	6.044764e-02 
4.711810e-01 	6.037138e-02 
4.716500e-01 	6.029529e-02 
4.721200e-01 	6.021935e-02 
4.725890e-01 	6.014356e-02 
4.730580e-01 	6.006793e-02 
4.735270e-01 	5.999244e-02 
4.739970e-01 	5.991709e-02 
4.744660e-01 	5.984188e-02 
4.749360e-01 	5.976681e-02 
4.754050e-01 	5.969186e-02 
4.758740e-01 	5.961705e-02 
4.763440e-01 	5.954237e-02 
4.768130e-01 	5.946778e-02 
4.772820e-01 	5.939334e-02 
4.777520e-01 	5.931900e-02 
4.782210e-01 	5.924475e-02 
4.786900e-01 	5.917063e-02 
4.791600e-01 	5.909661e-02 
4.796290e-01 	5.902267e-02 
4.800980e-01 	5.894884e-02 
4.805680e-01 	5.887511e-02 
4.810370e-01 	5.880144e-02 
4.815060e-01 	5.872787e-02 
4.819760e-01 	5.865438e-02 
4.824450e-01 	5.858095e-02 
4.829140e-01 	5.850761e-02 
4.833830e-01 	5.843434e-02 
4.838530e-01 	5.836112e-02 
4.843220e-01 	5.828797e-02 
4.847920e-01 	5.821488e-02 
4.852610e-01 	5.814183e-02 
4.857300e-01 	5.806884e-02 
4.862000e-01 	5.799590e-02 
4.866690e-01 	5.792298e-02 
4.871380e-01 	5.785012e-02 
4.876080e-01 	5.777730e-02 
4.880770e-01 	5.770449e-02 
4.885460e-01 	5.763172e-02 
4.890160e-01 	5.755898e-02 
4.894850e-01 	5.748624e-02 
4.899540e-01 	5.741353e-02 
4.904240e-01 	5.734083e-02 
4.908930e-01 	5.726815e-02 
4.913620e-01 	5.719545e-02 
4.918310e-01 	5.712277e-02 
4.923010e-01 	5.705009e-02 
4.927700e-01 	5.697738e-02 
