#q 	 Ifit_avg 
1.006700e-02 	1.000000e+00 
1.053900e-02 	9.921583e-01 
1.101100e-02 	9.843110e-01 
1.148300e-02 	9.764519e-01 
1.195500e-02 	9.685750e-01 
1.242700e-02 	9.606748e-01 
1.289900e-02 	9.527451e-01 
1.337100e-02 	9.447799e-01 
1.384200e-02 	9.367736e-01 
1.431400e-02 	9.287202e-01 
1.478600e-02 	9.206136e-01 
1.525800e-02 	9.124481e-01 
1.573000e-02 	9.042178e-01 
1.620200e-02 	8.959166e-01 
1.667400e-02 	8.875388e-01 
1.714600e-02 	8.790786e-01 
1.761800e-02 	8.705301e-01 
1.809000e-02 	8.618885e-01 
1.856100e-02 	8.531494e-01 
1.903300e-02 	8.443091e-01 
1.950500e-02 	8.353662e-01 
1.997700e-02 	8.263200e-01 
2.044900e-02 	8.171716e-01 
2.092100e-02 	8.079243e-01 
2.139300e-02 	7.985826e-01 
2.186500e-02 	7.891523e-01 
2.233700e-02 	7.796417e-01 
2.280900e-02 	7.700592e-01 
2.328100e-02 	7.604145e-01 
2.375200e-02 	7.507183e-01 
2.422400e-02 	7.409811e-01 
2.469600e-02 	7.312133e-01 
2.516800e-02 	7.214260e-01 
2.564000e-02 	7.116290e-01 
2.611200e-02 	7.018323e-01 
2.658400e-02 	6.920458e-01 
2.705600e-02 	6.822784e-01 
2.752800e-02 	6.725387e-01 
2.800000e-02 	6.628351e-01 
2.847100e-02 	6.531752e-01 
2.894300e-02 	6.435658e-01 
2.941500e-02 	6.340142e-01 
2.988700e-02 	6.245261e-01 
3.035900e-02 	6.151071e-01 
3.083100e-02 	6.057628e-01 
3.130300e-02 	5.964977e-01 
3.177500e-02 	5.873158e-01 
3.224700e-02 	5.782213e-01 
3.271900e-02 	5.692175e-01 
3.319000e-02 	5.603071e-01 
3.366200e-02 	5.514932e-01 
3.413400e-02 	5.427779e-01 
3.460600e-02 	5.341631e-01 
3.507800e-02 	5.256507e-01 
3.555000e-02 	5.172421e-01 
3.602200e-02 	5.089384e-01 
3.649400e-02 	5.007408e-01 
3.696600e-02 	4.926500e-01 
3.743800e-02 	4.846664e-01 
3.791000e-02 	4.767910e-01 
3.838100e-02 	4.690238e-01 
3.885300e-02 	4.613651e-01 
3.932500e-02 	4.538153e-01 
3.979700e-02 	4.463743e-01 
4.026900e-02 	4.390420e-01 
4.074100e-02 	4.318185e-01 
4.121300e-02 	4.247036e-01 
4.168500e-02 	4.176968e-01 
4.215700e-02 	4.107980e-01 
4.262900e-02 	4.040067e-01 
4.310000e-02 	3.973222e-01 
4.357200e-02 	3.907443e-01 
4.404400e-02 	3.842722e-01 
4.451600e-02 	3.779050e-01 
4.498800e-02 	3.716423e-01 
4.546000e-02 	3.654830e-01 
4.593200e-02 	3.594266e-01 
4.640400e-02 	3.534719e-01 
4.687600e-02 	3.476180e-01 
4.734800e-02 	3.418642e-01 
4.781900e-02 	3.362093e-01 
4.829100e-02 	3.306521e-01 
4.876300e-02 	3.251918e-01 
4.923500e-02 	3.198271e-01 
4.970700e-02 	3.145569e-01 
5.017900e-02 	3.093802e-01 
5.065100e-02 	3.042957e-01 
5.112300e-02 	2.993021e-01 
5.159500e-02 	2.943984e-01 
5.206700e-02 	2.895834e-01 
5.253900e-02 	2.848556e-01 
5.301000e-02 	2.802141e-01 
5.348200e-02 	2.756576e-01 
5.395400e-02 	2.711849e-01 
5.442600e-02 	2.667947e-01 
5.489800e-02 	2.624857e-01 
5.537000e-02 	2.582568e-01 
5.584200e-02 	2.541069e-01 
5.631400e-02 	2.500345e-01 
5.678600e-02 	2.460383e-01 
5.725800e-02 	2.421173e-01 
5.772900e-02 	2.382702e-01 
5.820100e-02 	2.344956e-01 
5.867300e-02 	2.307925e-01 
5.914500e-02 	2.271595e-01 
5.961700e-02 	2.235952e-01 
6.008900e-02 	2.200988e-01 
6.056100e-02 	2.166688e-01 
6.103300e-02 	2.133040e-01 
6.150500e-02 	2.100032e-01 
6.197700e-02 	2.067652e-01 
6.244800e-02 	2.035889e-01 
6.292000e-02 	2.004731e-01 
6.339200e-02 	1.974166e-01 
6.386400e-02 	1.944183e-01 
6.433600e-02 	1.914770e-01 
6.480800e-02 	1.885917e-01 
6.528000e-02 	1.857611e-01 
6.575200e-02 	1.829843e-01 
6.622400e-02 	1.802602e-01 
6.669600e-02 	1.775877e-01 
6.716800e-02 	1.749659e-01 
6.763900e-02 	1.723937e-01 
6.811100e-02 	1.698701e-01 
6.858300e-02 	1.673942e-01 
6.905500e-02 	1.649650e-01 
6.952700e-02 	1.625816e-01 
6.999900e-02 	1.602431e-01 
7.047100e-02 	1.579486e-01 
7.094300e-02 	1.556972e-01 
7.141500e-02 	1.534882e-01 
7.188700e-02 	1.513206e-01 
7.235800e-02 	1.491936e-01 
7.283000e-02 	1.471065e-01 
7.330200e-02 	1.450584e-01 
7.377400e-02 	1.430485e-01 
7.424600e-02 	1.410762e-01 
7.471800e-02 	1.391406e-01 
7.519000e-02 	1.372409e-01 
7.566200e-02 	1.353766e-01 
7.613400e-02 	1.335468e-01 
7.660600e-02 	1.317509e-01 
7.707700e-02 	1.299882e-01 
7.754900e-02 	1.282580e-01 
7.802100e-02 	1.265595e-01 
7.849300e-02 	1.248923e-01 
7.896500e-02 	1.232557e-01 
7.943700e-02 	1.216489e-01 
7.990900e-02 	1.200715e-01 
8.038100e-02 	1.185228e-01 
8.085300e-02 	1.170022e-01 
8.132500e-02 	1.155091e-01 
8.179700e-02 	1.140430e-01 
8.226800e-02 	1.126033e-01 
8.274000e-02 	1.111895e-01 
8.321200e-02 	1.098009e-01 
8.368400e-02 	1.084373e-01 
8.415600e-02 	1.070980e-01 
8.462800e-02 	1.057824e-01 
8.510000e-02 	1.044902e-01 
8.557200e-02 	1.032208e-01 
8.604400e-02 	1.019736e-01 
8.651600e-02 	1.007484e-01 
8.698700e-02 	9.954468e-02 
8.745900e-02 	9.836198e-02 
8.793100e-02 	9.719990e-02 
8.840300e-02 	9.605801e-02 
8.887500e-02 	9.493584e-02 
8.934700e-02 	9.383301e-02 
8.981900e-02 	9.274912e-02 
9.029100e-02 	9.168379e-02 
9.076300e-02 	9.063669e-02 
9.123500e-02 	8.960744e-02 
9.170700e-02 	8.859566e-02 
9.217800e-02 	8.760103e-02 
9.265000e-02 	8.662316e-02 
9.312200e-02 	8.566168e-02 
9.359400e-02 	8.471628e-02 
9.406600e-02 	8.378664e-02 
9.453800e-02 	8.287244e-02 
9.501000e-02 	8.197340e-02 
9.548200e-02 	8.108922e-02 
9.595400e-02 	8.021956e-02 
9.642600e-02 	7.936418e-02 
9.689700e-02 	7.852273e-02 
9.736900e-02 	7.769492e-02 
9.784100e-02 	7.688050e-02 
9.831300e-02 	7.607921e-02 
9.878500e-02 	7.529079e-02 
9.925700e-02 	7.451505e-02 
9.972900e-02 	7.375173e-02 
1.002010e-01 	7.300049e-02 
1.006730e-01 	7.226125e-02 
1.011450e-01 	7.153367e-02 
1.016160e-01 	7.081752e-02 
1.020880e-01 	7.011259e-02 
1.025600e-01 	6.941866e-02 
1.030320e-01 	6.873554e-02 
1.035040e-01 	6.806302e-02 
1.039760e-01 	6.740091e-02 
1.044480e-01 	6.674901e-02 
1.049200e-01 	6.610713e-02 
1.053920e-01 	6.547506e-02 
1.058640e-01 	6.485265e-02 
1.063360e-01 	6.423973e-02 
1.068070e-01 	6.363611e-02 
1.072790e-01 	6.304163e-02 
1.077510e-01 	6.245611e-02 
1.082230e-01 	6.187940e-02 
1.086950e-01 	6.131132e-02 
1.091670e-01 	6.075170e-02 
1.096390e-01 	6.020038e-02 
1.101110e-01 	5.965720e-02 
1.105830e-01 	5.912201e-02 
1.110550e-01 	5.859467e-02 
1.115260e-01 	5.807505e-02 
1.119980e-01 	5.756300e-02 
1.124700e-01 	5.705840e-02 
1.129420e-01 	5.656110e-02 
1.134140e-01 	5.607086e-02 
1.138860e-01 	5.558776e-02 
1.143580e-01 	5.511155e-02 
1.148300e-01 	5.464208e-02 
1.153020e-01 	5.417923e-02 
1.157740e-01 	5.372287e-02 
1.162460e-01 	5.327289e-02 
1.167170e-01 	5.282920e-02 
1.171890e-01 	5.239168e-02 
1.176610e-01 	5.196024e-02 
1.181330e-01 	5.153476e-02 
1.186050e-01 	5.111514e-02 
1.190770e-01 	5.070126e-02 
1.195490e-01 	5.029301e-02 
1.200210e-01 	4.989030e-02 
1.204930e-01 	4.949301e-02 
1.209650e-01 	4.910105e-02 
1.214360e-01 	4.871432e-02 
1.219080e-01 	4.833273e-02 
1.223800e-01 	4.795618e-02 
1.228520e-01 	4.758459e-02 
1.233240e-01 	4.721787e-02 
1.237960e-01 	4.685594e-02 
1.242680e-01 	4.649872e-02 
1.247400e-01 	4.614613e-02 
1.252120e-01 	4.579808e-02 
1.256840e-01 	4.545450e-02 
1.261550e-01 	4.511532e-02 
1.266270e-01 	4.478046e-02 
1.270990e-01 	4.444984e-02 
1.275710e-01 	4.412332e-02 
1.280430e-01 	4.380096e-02 
1.285150e-01 	4.348262e-02 
1.289870e-01 	4.316824e-02 
1.294590e-01 	4.285774e-02 
1.299310e-01 	4.255107e-02 
1.304030e-01 	4.224818e-02 
1.308750e-01 	4.194900e-02 
1.313460e-01 	4.165348e-02 
1.318180e-01 	4.136157e-02 
1.322900e-01 	4.107320e-02 
1.327620e-01 	4.078832e-02 
1.332340e-01 	4.050688e-02 
1.337060e-01 	4.022881e-02 
1.341780e-01 	3.995407e-02 
1.346500e-01 	3.968260e-02 
1.351220e-01 	3.941435e-02 
1.355940e-01 	3.914929e-02 
1.360650e-01 	3.888735e-02 
1.365370e-01 	3.862851e-02 
1.370090e-01 	3.837272e-02 
1.374810e-01 	3.811993e-02 
1.379530e-01 	3.787011e-02 
1.384250e-01 	3.762320e-02 
1.388970e-01 	3.737916e-02 
1.393690e-01 	3.713797e-02 
1.398410e-01 	3.689956e-02 
1.403130e-01 	3.666391e-02 
1.407840e-01 	3.643098e-02 
1.412560e-01 	3.620068e-02 
1.417280e-01 	3.597308e-02 
1.422000e-01 	3.574809e-02 
1.426720e-01 	3.552567e-02 
1.431440e-01 	3.530579e-02 
1.436160e-01 	3.508843e-02 
1.440880e-01 	3.487353e-02 
1.445600e-01 	3.466107e-02 
1.450320e-01 	3.445102e-02 
1.455040e-01 	3.424333e-02 
1.459750e-01 	3.403798e-02 
1.464470e-01 	3.383494e-02 
1.469190e-01 	3.363417e-02 
1.473910e-01 	3.343565e-02 
1.478630e-01 	3.323934e-02 
1.483350e-01 	3.304521e-02 
1.488070e-01 	3.285325e-02 
1.492790e-01 	3.266341e-02 
1.497510e-01 	3.247567e-02 
1.502230e-01 	3.229000e-02 
1.506940e-01 	3.210636e-02 
1.511660e-01 	3.192474e-02 
1.516380e-01 	3.174510e-02 
1.521100e-01 	3.156742e-02 
1.525820e-01 	3.139166e-02 
1.530540e-01 	3.121781e-02 
1.535260e-01 	3.104584e-02 
1.539980e-01 	3.087572e-02 
1.544700e-01 	3.070743e-02 
1.549420e-01 	3.054095e-02 
1.554140e-01 	3.037621e-02 
1.558850e-01 	3.021326e-02 
1.563570e-01 	3.005204e-02 
1.568290e-01 	2.989252e-02 
1.573010e-01 	2.973468e-02 
1.577730e-01 	2.957848e-02 
1.582450e-01 	2.942392e-02 
1.587170e-01 	2.927097e-02 
1.591890e-01 	2.911960e-02 
1.596610e-01 	2.896980e-02 
1.601330e-01 	2.882154e-02 
1.606040e-01 	2.867480e-02 
1.610760e-01 	2.852957e-02 
1.615480e-01 	2.838581e-02 
1.620200e-01 	2.824351e-02 
1.624920e-01 	2.810265e-02 
1.629640e-01 	2.796320e-02 
1.634360e-01 	2.782516e-02 
1.639080e-01 	2.768849e-02 
1.643800e-01 	2.755318e-02 
1.648520e-01 	2.741921e-02 
1.653230e-01 	2.728656e-02 
1.657950e-01 	2.715521e-02 
1.662670e-01 	2.702514e-02 
1.667390e-01 	2.689634e-02 
1.672110e-01 	2.676879e-02 
1.676830e-01 	2.664247e-02 
1.681550e-01 	2.651736e-02 
1.686270e-01 	2.639344e-02 
1.690990e-01 	2.627068e-02 
1.695710e-01 	2.614911e-02 
1.700430e-01 	2.602868e-02 
1.705140e-01 	2.590939e-02 
1.709860e-01 	2.579121e-02 
1.714580e-01 	2.567414e-02 
1.719300e-01 	2.555815e-02 
1.724020e-01 	2.544324e-02 
1.728740e-01 	2.532938e-02 
1.733460e-01 	2.521656e-02 
1.738180e-01 	2.510477e-02 
1.742900e-01 	2.499401e-02 
1.747620e-01 	2.488424e-02 
1.752330e-01 	2.477546e-02 
1.757050e-01 	2.466767e-02 
1.761770e-01 	2.456083e-02 
1.766490e-01 	2.445495e-02 
1.771210e-01 	2.435000e-02 
1.775930e-01 	2.424599e-02 
1.780650e-01 	2.414288e-02 
1.785370e-01 	2.404068e-02 
1.790090e-01 	2.393937e-02 
1.794810e-01 	2.383894e-02 
1.799520e-01 	2.373937e-02 
1.804240e-01 	2.364066e-02 
1.808960e-01 	2.354279e-02 
1.813680e-01 	2.344576e-02 
1.818400e-01 	2.334954e-02 
1.823120e-01 	2.325414e-02 
1.827840e-01 	2.315955e-02 
1.832560e-01 	2.306573e-02 
1.837280e-01 	2.297271e-02 
1.842000e-01 	2.288047e-02 
1.846720e-01 	2.278899e-02 
1.851430e-01 	2.269828e-02 
1.856150e-01 	2.260831e-02 
1.860870e-01 	2.251909e-02 
1.865590e-01 	2.243059e-02 
1.870310e-01 	2.234282e-02 
1.875030e-01 	2.225577e-02 
1.879750e-01 	2.216942e-02 
1.884470e-01 	2.208377e-02 
1.889190e-01 	2.199881e-02 
1.893910e-01 	2.191453e-02 
1.898620e-01 	2.183093e-02 
1.903340e-01 	2.174799e-02 
1.908060e-01 	2.166572e-02 
1.912780e-01 	2.158409e-02 
1.917500e-01 	2.150311e-02 
1.922220e-01 	2.142278e-02 
1.926940e-01 	2.134307e-02 
1.931660e-01 	2.126398e-02 
1.936380e-01 	2.118552e-02 
1.941100e-01 	2.110766e-02 
1.945810e-01 	2.103041e-02 
1.950530e-01 	2.095376e-02 
1.955250e-01 	2.087770e-02 
1.959970e-01 	2.080223e-02 
1.964690e-01 	2.072734e-02 
1.969410e-01 	2.065303e-02 
1.974130e-01 	2.057927e-02 
1.978850e-01 	2.050610e-02 
1.983570e-01 	2.043348e-02 
1.988290e-01 	2.036143e-02 
1.993000e-01 	2.028992e-02 
1.997720e-01 	2.021895e-02 
2.002440e-01 	2.014853e-02 
2.007160e-01 	2.007864e-02 
2.011880e-01 	2.000927e-02 
2.016600e-01 	1.994044e-02 
2.021320e-01 	1.987212e-02 
2.026040e-01 	1.980431e-02 
2.030760e-01 	1.973701e-02 
2.035480e-01 	1.967022e-02 
2.040200e-01 	1.960393e-02 
2.044910e-01 	1.953814e-02 
2.049630e-01 	1.947284e-02 
2.054350e-01 	1.940803e-02 
2.059070e-01 	1.934370e-02 
2.063790e-01 	1.927985e-02 
2.068510e-01 	1.921648e-02 
2.073230e-01 	1.915358e-02 
2.077950e-01 	1.909114e-02 
2.082670e-01 	1.902917e-02 
2.087380e-01 	1.896766e-02 
2.092100e-01 	1.890660e-02 
2.096820e-01 	1.884599e-02 
2.101540e-01 	1.878583e-02 
2.106260e-01 	1.872611e-02 
2.110980e-01 	1.866681e-02 
2.115700e-01 	1.860797e-02 
2.120420e-01 	1.854955e-02 
2.125140e-01 	1.849157e-02 
2.129860e-01 	1.843401e-02 
2.134580e-01 	1.837687e-02 
2.139300e-01 	1.832015e-02 
2.144010e-01 	1.826384e-02 
2.148730e-01 	1.820794e-02 
2.153450e-01 	1.815245e-02 
2.158170e-01 	1.809736e-02 
2.162890e-01 	1.804268e-02 
2.167610e-01 	1.798839e-02 
2.172330e-01 	1.793449e-02 
2.177050e-01 	1.788098e-02 
2.181770e-01 	1.782786e-02 
2.186480e-01 	1.777512e-02 
2.191200e-01 	1.772276e-02 
2.195920e-01 	1.767078e-02 
2.200640e-01 	1.761917e-02 
2.205360e-01 	1.756793e-02 
2.210080e-01 	1.751705e-02 
2.214800e-01 	1.746654e-02 
2.219520e-01 	1.741639e-02 
2.224240e-01 	1.736659e-02 
2.228960e-01 	1.731715e-02 
2.233670e-01 	1.726806e-02 
2.238390e-01 	1.721931e-02 
2.243110e-01 	1.717091e-02 
2.247830e-01 	1.712284e-02 
2.252550e-01 	1.707510e-02 
2.257270e-01 	1.702771e-02 
2.261990e-01 	1.698065e-02 
2.266710e-01 	1.693391e-02 
2.271430e-01 	1.688750e-02 
2.276150e-01 	1.684141e-02 
2.280870e-01 	1.679564e-02 
2.285590e-01 	1.675018e-02 
2.290300e-01 	1.670504e-02 
2.295020e-01 	1.666021e-02 
2.299740e-01 	1.661568e-02 
2.304460e-01 	1.657146e-02 
2.309180e-01 	1.652754e-02 
2.313900e-01 	1.648392e-02 
2.318620e-01 	1.644060e-02 
2.323340e-01 	1.639757e-02 
2.328060e-01 	1.635483e-02 
2.332770e-01 	1.631238e-02 
2.337490e-01 	1.627021e-02 
2.342210e-01 	1.622833e-02 
2.346930e-01 	1.618673e-02 
2.351650e-01 	1.614540e-02 
2.356370e-01 	1.610436e-02 
2.361090e-01 	1.606358e-02 
2.365810e-01 	1.602307e-02 
2.370530e-01 	1.598283e-02 
2.375250e-01 	1.594286e-02 
2.379960e-01 	1.590314e-02 
2.384680e-01 	1.586369e-02 
2.389400e-01 	1.582449e-02 
2.394120e-01 	1.578555e-02 
2.398840e-01 	1.574687e-02 
2.403560e-01 	1.570844e-02 
2.408280e-01 	1.567025e-02 
2.413000e-01 	1.563232e-02 
2.417720e-01 	1.559463e-02 
2.422440e-01 	1.555718e-02 
2.427160e-01 	1.551998e-02 
2.431880e-01 	1.548302e-02 
2.436590e-01 	1.544629e-02 
2.441310e-01 	1.540980e-02 
2.446030e-01 	1.537355e-02 
2.450750e-01 	1.533752e-02 
2.455470e-01 	1.530173e-02 
2.460190e-01 	1.526617e-02 
2.464910e-01 	1.523083e-02 
2.469630e-01 	1.519571e-02 
2.474350e-01 	1.516082e-02 
2.479070e-01 	1.512615e-02 
2.483780e-01 	1.509169e-02 
2.488500e-01 	1.505746e-02 
2.493220e-01 	1.502344e-02 
2.497940e-01 	1.498963e-02 
2.502660e-01 	1.495603e-02 
2.507380e-01 	1.492265e-02 
2.512100e-01 	1.488947e-02 
2.516820e-01 	1.485650e-02 
2.521540e-01 	1.482373e-02 
2.526260e-01 	1.479117e-02 
2.530980e-01 	1.475880e-02 
2.535690e-01 	1.472664e-02 
2.540410e-01 	1.469467e-02 
2.545130e-01 	1.466291e-02 
2.549850e-01 	1.463133e-02 
2.554570e-01 	1.459996e-02 
2.559290e-01 	1.456877e-02 
2.564010e-01 	1.453777e-02 
2.568730e-01 	1.450696e-02 
2.573450e-01 	1.447633e-02 
2.578170e-01 	1.444589e-02 
2.582880e-01 	1.441563e-02 
2.587600e-01 	1.438556e-02 
2.592320e-01 	1.435566e-02 
2.597040e-01 	1.432594e-02 
2.601760e-01 	1.429639e-02 
2.606480e-01 	1.426702e-02 
2.611200e-01 	1.423783e-02 
2.615920e-01 	1.420880e-02 
2.620640e-01 	1.417995e-02 
2.625350e-01 	1.415126e-02 
2.630070e-01 	1.412274e-02 
2.634790e-01 	1.409439e-02 
2.639510e-01 	1.406620e-02 
2.644230e-01 	1.403817e-02 
2.648950e-01 	1.401031e-02 
2.653670e-01 	1.398260e-02 
2.658390e-01 	1.395505e-02 
2.663110e-01 	1.392766e-02 
2.667830e-01 	1.390043e-02 
2.672550e-01 	1.387334e-02 
2.677260e-01 	1.384641e-02 
2.681980e-01 	1.381964e-02 
2.686700e-01 	1.379301e-02 
2.691420e-01 	1.376653e-02 
2.696140e-01 	1.374020e-02 
2.700860e-01 	1.371401e-02 
2.705580e-01 	1.368797e-02 
2.710300e-01 	1.366207e-02 
2.715020e-01 	1.363632e-02 
2.719740e-01 	1.361070e-02 
2.724460e-01 	1.358523e-02 
2.729170e-01 	1.355989e-02 
2.733890e-01 	1.353469e-02 
2.738610e-01 	1.350962e-02 
2.743330e-01 	1.348469e-02 
2.748050e-01 	1.345990e-02 
2.752770e-01 	1.343523e-02 
2.757490e-01 	1.341070e-02 
2.762210e-01 	1.338630e-02 
2.766930e-01 	1.336203e-02 
2.771640e-01 	1.333789e-02 
2.776360e-01 	1.331388e-02 
2.781080e-01 	1.328999e-02 
2.785800e-01 	1.326624e-02 
2.790520e-01 	1.324260e-02 
2.795240e-01 	1.321909e-02 
2.799960e-01 	1.319570e-02 
2.804680e-01 	1.317244e-02 
2.809400e-01 	1.314929e-02 
2.814120e-01 	1.312627e-02 
2.818840e-01 	1.310336e-02 
2.823550e-01 	1.308057e-02 
2.828270e-01 	1.305790e-02 
2.832990e-01 	1.303535e-02 
2.837710e-01 	1.301291e-02 
2.842430e-01 	1.299059e-02 
2.847150e-01 	1.296838e-02 
2.851870e-01 	1.294628e-02 
2.856590e-01 	1.292429e-02 
2.861310e-01 	1.290242e-02 
2.866030e-01 	1.288065e-02 
2.870750e-01 	1.285899e-02 
2.875460e-01 	1.283744e-02 
2.880180e-01 	1.281600e-02 
2.884900e-01 	1.279467e-02 
2.889620e-01 	1.277344e-02 
2.894340e-01 	1.275231e-02 
2.899060e-01 	1.273129e-02 
2.903780e-01 	1.271037e-02 
2.908500e-01 	1.268955e-02 
2.913220e-01 	1.266884e-02 
2.917930e-01 	1.264822e-02 
2.922650e-01 	1.262770e-02 
2.927370e-01 	1.260728e-02 
2.932090e-01 	1.258695e-02 
2.936810e-01 	1.256673e-02 
2.941530e-01 	1.254659e-02 
2.946250e-01 	1.252655e-02 
2.950970e-01 	1.250660e-02 
2.955690e-01 	1.248674e-02 
2.960410e-01 	1.246697e-02 
2.965130e-01 	1.244729e-02 
2.969840e-01 	1.242770e-02 
2.974560e-01 	1.240820e-02 
2.979280e-01 	1.238878e-02 
2.984000e-01 	1.236945e-02 
2.988720e-01 	1.235020e-02 
2.993440e-01 	1.233103e-02 
2.998160e-01 	1.231194e-02 
3.002880e-01 	1.229294e-02 
3.007600e-01 	1.227401e-02 
3.012320e-01 	1.225516e-02 
3.017040e-01 	1.223640e-02 
3.021750e-01 	1.221770e-02 
3.026470e-01 	1.219909e-02 
3.031190e-01 	1.218055e-02 
3.035910e-01 	1.216208e-02 
3.040630e-01 	1.214368e-02 
3.045350e-01 	1.212536e-02 
3.050070e-01 	1.210711e-02 
3.054790e-01 	1.208892e-02 
3.059510e-01 	1.207081e-02 
3.064230e-01 	1.205276e-02 
3.068940e-01 	1.203478e-02 
3.073660e-01 	1.201686e-02 
3.078380e-01 	1.199901e-02 
3.083100e-01 	1.198122e-02 
3.087820e-01 	1.196350e-02 
3.092540e-01 	1.194584e-02 
3.097260e-01 	1.192824e-02 
3.101980e-01 	1.191070e-02 
3.106700e-01 	1.189323e-02 
3.111420e-01 	1.187581e-02 
3.116130e-01 	1.185845e-02 
3.120850e-01 	1.184115e-02 
3.125570e-01 	1.182391e-02 
3.130290e-01 	1.180673e-02 
3.135010e-01 	1.178960e-02 
3.139730e-01 	1.177253e-02 
3.144450e-01 	1.175552e-02 
3.149170e-01 	1.173856e-02 
3.153890e-01 	1.172165e-02 
3.158610e-01 	1.170480e-02 
3.163330e-01 	1.168800e-02 
3.168040e-01 	1.167126e-02 
3.172760e-01 	1.165456e-02 
3.177480e-01 	1.163792e-02 
3.182200e-01 	1.162133e-02 
3.186920e-01 	1.160479e-02 
3.191640e-01 	1.158831e-02 
3.196360e-01 	1.157187e-02 
3.201080e-01 	1.155548e-02 
3.205800e-01 	1.153915e-02 
3.210520e-01 	1.152286e-02 
3.215230e-01 	1.150662e-02 
3.219950e-01 	1.149042e-02 
3.224670e-01 	1.147428e-02 
3.229390e-01 	1.145818e-02 
3.234110e-01 	1.144213e-02 
3.238830e-01 	1.142613e-02 
3.243550e-01 	1.141017e-02 
3.248270e-01 	1.139426e-02 
3.252990e-01 	1.137840e-02 
3.257710e-01 	1.136258e-02 
3.262420e-01 	1.134680e-02 
3.267140e-01 	1.133107e-02 
3.271860e-01 	1.131539e-02 
3.276580e-01 	1.129974e-02 
3.281300e-01 	1.128414e-02 
3.286020e-01 	1.126859e-02 
3.290740e-01 	1.125307e-02 
3.295460e-01 	1.123760e-02 
3.300180e-01 	1.122217e-02 
3.304900e-01 	1.120678e-02 
3.309620e-01 	1.119143e-02 
3.314330e-01 	1.117612e-02 
3.319050e-01 	1.116086e-02 
3.323770e-01 	1.114563e-02 
3.328490e-01 	1.113044e-02 
3.333210e-01 	1.111529e-02 
3.337930e-01 	1.110019e-02 
3.342650e-01 	1.108512e-02 
3.347370e-01 	1.107009e-02 
3.352090e-01 	1.105510e-02 
3.356810e-01 	1.104014e-02 
3.361520e-01 	1.102523e-02 
3.366240e-01 	1.101035e-02 
3.370960e-01 	1.099551e-02 
3.375680e-01 	1.098071e-02 
3.380400e-01 	1.096594e-02 
3.385120e-01 	1.095122e-02 
3.389840e-01 	1.093653e-02 
3.394560e-01 	1.092188e-02 
3.399280e-01 	1.090726e-02 
3.404000e-01 	1.089269e-02 
3.408710e-01 	1.087815e-02 
3.413430e-01 	1.086364e-02 
3.418150e-01 	1.084918e-02 
3.422870e-01 	1.083475e-02 
3.427590e-01 	1.082035e-02 
3.432310e-01 	1.080599e-02 
3.437030e-01 	1.079167e-02 
3.441750e-01 	1.077739e-02 
3.446470e-01 	1.076315e-02 
3.451190e-01 	1.074894e-02 
3.455910e-01 	1.073477e-02 
3.460620e-01 	1.072063e-02 
3.465340e-01 	1.070653e-02 
3.470060e-01 	1.069248e-02 
3.474780e-01 	1.067845e-02 
3.479500e-01 	1.066447e-02 
3.484220e-01 	1.065052e-02 
3.488940e-01 	1.063661e-02 
3.493660e-01 	1.062274e-02 
3.498380e-01 	1.060891e-02 
3.503100e-01 	1.059511e-02 
3.507820e-01 	1.058134e-02 
3.512530e-01 	1.056762e-02 
3.517250e-01 	1.055393e-02 
3.521970e-01 	1.054028e-02 
3.526690e-01 	1.052667e-02 
3.531410e-01 	1.051310e-02 
3.536130e-01 	1.049956e-02 
3.540850e-01 	1.048605e-02 
3.545570e-01 	1.047259e-02 
3.550290e-01 	1.045916e-02 
3.555000e-01 	1.044576e-02 
3.559720e-01 	1.043240e-02 
3.564440e-01 	1.041908e-02 
3.569160e-01 	1.040579e-02 
3.573880e-01 	1.039254e-02 
3.578600e-01 	1.037932e-02 
3.583320e-01 	1.036613e-02 
3.588040e-01 	1.035298e-02 
3.592760e-01 	1.033986e-02 
3.597480e-01 	1.032677e-02 
3.602200e-01 	1.031372e-02 
3.606910e-01 	1.030069e-02 
3.611630e-01 	1.028770e-02 
3.616350e-01 	1.027474e-02 
3.621070e-01 	1.026181e-02 
3.625790e-01 	1.024890e-02 
3.630510e-01 	1.023603e-02 
3.635230e-01 	1.022319e-02 
3.639950e-01 	1.021037e-02 
3.644670e-01 	1.019758e-02 
3.649390e-01 	1.018481e-02 
3.654110e-01 	1.017208e-02 
3.658820e-01 	1.015937e-02 
3.663540e-01 	1.014668e-02 
3.668260e-01 	1.013402e-02 
3.672980e-01 	1.012138e-02 
3.677700e-01 	1.010877e-02 
3.682420e-01 	1.009618e-02 
3.687140e-01 	1.008361e-02 
3.691860e-01 	1.007106e-02 
3.696580e-01 	1.005853e-02 
3.701300e-01 	1.004603e-02 
3.706010e-01 	1.003354e-02 
3.710730e-01 	1.002107e-02 
3.715450e-01 	1.000863e-02 
3.720170e-01 	9.996195e-03 
3.724890e-01 	9.983782e-03 
3.729610e-01 	9.971388e-03 
3.734330e-01 	9.959010e-03 
3.739050e-01 	9.946649e-03 
3.743770e-01 	9.934304e-03 
3.748490e-01 	9.921975e-03 
3.753200e-01 	9.909662e-03 
3.757920e-01 	9.897364e-03 
3.762640e-01 	9.885081e-03 
3.767360e-01 	9.872813e-03 
3.772080e-01 	9.860558e-03 
3.776800e-01 	9.848318e-03 
3.781520e-01 	9.836092e-03 
3.786240e-01 	9.823879e-03 
3.790960e-01 	9.811676e-03 
3.795680e-01 	9.799490e-03 
3.800400e-01 	9.787316e-03 
3.805110e-01 	9.775156e-03 
3.809830e-01 	9.763008e-03 
3.814550e-01 	9.750872e-03 
3.819270e-01 	9.738750e-03 
3.823990e-01 	9.726639e-03 
3.828710e-01 	9.714542e-03 
3.833430e-01 	9.702456e-03 
3.838150e-01 	9.690384e-03 
3.842870e-01 	9.678323e-03 
3.847590e-01 	9.666275e-03 
3.852300e-01 	9.654239e-03 
3.857020e-01 	9.642215e-03 
3.861740e-01 	9.630203e-03 
3.866460e-01 	9.618203e-03 
3.871180e-01 	9.606216e-03 
3.875900e-01 	9.594241e-03 
3.880620e-01 	9.582279e-03 
3.885340e-01 	9.570329e-03 
3.890060e-01 	9.558392e-03 
3.894780e-01 	9.546468e-03 
3.899490e-01 	9.534557e-03 
3.904210e-01 	9.522659e-03 
3.908930e-01 	9.510774e-03 
3.913650e-01 	9.498902e-03 
3.918370e-01 	9.487043e-03 
3.923090e-01 	9.475198e-03 
3.927810e-01 	9.463364e-03 
3.932530e-01 	9.451546e-03 
3.937250e-01 	9.439741e-03 
3.941970e-01 	9.427950e-03 
3.946690e-01 	9.416173e-03 
3.951400e-01 	9.404409e-03 
3.956120e-01 	9.392659e-03 
3.960840e-01 	9.380923e-03 
3.965560e-01 	9.369201e-03 
3.970280e-01 	9.357493e-03 
3.975000e-01 	9.345799e-03 
3.979720e-01 	9.334120e-03 
3.984440e-01 	9.322455e-03 
3.989160e-01 	9.310804e-03 
3.993880e-01 	9.299167e-03 
3.998590e-01 	9.287545e-03 
4.003310e-01 	9.275938e-03 
4.008030e-01 	9.264345e-03 
4.012750e-01 	9.252767e-03 
4.017470e-01 	9.241203e-03 
4.022190e-01 	9.229654e-03 
4.026910e-01 	9.218119e-03 
4.031630e-01 	9.206599e-03 
4.036350e-01 	9.195093e-03 
4.041060e-01 	9.183602e-03 
4.045780e-01 	9.172126e-03 
4.050500e-01 	9.160664e-03 
4.055220e-01 	9.149217e-03 
4.059940e-01 	9.137785e-03 
4.064660e-01 	9.126367e-03 
4.069380e-01 	9.114961e-03 
4.074100e-01 	9.103572e-03 
4.078820e-01 	9.092197e-03 
4.083540e-01 	9.080836e-03 
4.088260e-01 	9.069489e-03 
4.092980e-01 	9.058156e-03 
4.097690e-01 	9.046836e-03 
4.102410e-01 	9.035531e-03 
4.107130e-01 	9.024240e-03 
4.111850e-01 	9.012962e-03 
4.116570e-01 	9.001698e-03 
4.121290e-01 	8.990448e-03 
4.126010e-01 	8.979212e-03 
4.130730e-01 	8.967989e-03 
4.135450e-01 	8.956780e-03 
4.140170e-01 	8.945585e-03 
4.144880e-01 	8.934403e-03 
4.149600e-01 	8.923234e-03 
4.154320e-01 	8.912079e-03 
4.159040e-01 	8.900936e-03 
4.163760e-01 	8.889806e-03 
4.168480e-01 	8.878690e-03 
4.173200e-01 	8.867585e-03 
4.177920e-01 	8.856494e-03 
4.182640e-01 	8.845414e-03 
4.187360e-01 	8.834347e-03 
4.192070e-01 	8.823292e-03 
4.196790e-01 	8.812249e-03 
4.201510e-01 	8.801218e-03 
4.206230e-01 	8.790196e-03 
4.210950e-01 	8.779187e-03 
4.215670e-01 	8.768190e-03 
4.220390e-01 	8.757205e-03 
4.225110e-01 	8.746230e-03 
4.229830e-01 	8.735267e-03 
4.234550e-01 	8.724314e-03 
4.239260e-01 	8.713371e-03 
4.243980e-01 	8.702440e-03 
4.248700e-01 	8.691518e-03 
4.253420e-01 	8.680606e-03 
4.258140e-01 	8.669704e-03 
4.262860e-01 	8.658811e-03 
4.267580e-01 	8.647928e-03 
4.272300e-01 	8.637054e-03 
4.277020e-01 	8.626189e-03 
4.281740e-01 	8.615332e-03 
4.286460e-01 	8.604484e-03 
4.291170e-01 	8.593644e-03 
4.295890e-01 	8.582811e-03 
4.300610e-01 	8.571987e-03 
4.305330e-01 	8.561170e-03 
4.310050e-01 	8.550360e-03 
4.314770e-01 	8.539557e-03 
4.319490e-01 	8.528760e-03 
4.324210e-01 	8.517971e-03 
4.328930e-01 	8.507187e-03 
4.333640e-01 	8.496410e-03 
4.338360e-01 	8.485638e-03 
4.343080e-01 	8.474872e-03 
4.347800e-01 	8.464110e-03 
4.352520e-01 	8.453355e-03 
4.357240e-01 	8.442605e-03 
4.361960e-01 	8.431860e-03 
4.366680e-01 	8.421120e-03 
4.371400e-01 	8.410384e-03 
4.376120e-01 	8.399654e-03 
4.380840e-01 	8.388927e-03 
4.385560e-01 	8.378205e-03 
4.390270e-01 	8.367488e-03 
4.394990e-01 	8.356774e-03 
4.399710e-01 	8.346065e-03 
4.404430e-01 	8.335360e-03 
4.409150e-01 	8.324659e-03 
4.413870e-01 	8.313961e-03 
4.418590e-01 	8.303268e-03 
4.423310e-01 	8.292578e-03 
4.428030e-01 	8.281893e-03 
4.432750e-01 	8.271211e-03 
4.437460e-01 	8.260534e-03 
4.442180e-01 	8.249861e-03 
4.446900e-01 	8.239192e-03 
4.451620e-01 	8.228527e-03 
4.456340e-01 	8.217866e-03 
4.461060e-01 	8.207210e-03 
4.465780e-01 	8.196559e-03 
4.470500e-01 	8.185912e-03 
4.475220e-01 	8.175270e-03 
4.479940e-01 	8.164633e-03 
4.484650e-01 	8.154000e-03 
4.489370e-01 	8.143371e-03 
4.494090e-01 	8.132750e-03 
4.498810e-01 	8.122134e-03 
4.503530e-01 	8.111524e-03 
4.508250e-01 	8.100919e-03 
4.512970e-01 	8.090322e-03 
4.517690e-01 	8.079730e-03 
4.522410e-01 	8.069146e-03 
4.527130e-01 	8.058568e-03 
4.531840e-01 	8.047998e-03 
4.536560e-01 	8.037434e-03 
4.541280e-01 	8.026879e-03 
4.546000e-01 	8.016331e-03 
4.550720e-01 	8.005791e-03 
4.555440e-01 	7.995259e-03 
4.560160e-01 	7.984735e-03 
4.564880e-01 	7.974220e-03 
4.569600e-01 	7.963714e-03 
4.574320e-01 	7.953217e-03 
4.579040e-01 	7.942728e-03 
4.583750e-01 	7.932250e-03 
4.588470e-01 	7.921781e-03 
4.593190e-01 	7.911321e-03 
4.597910e-01 	7.900872e-03 
4.602630e-01 	7.890433e-03 
4.607350e-01 	7.880005e-03 
4.612070e-01 	7.869588e-03 
4.616790e-01 	7.859181e-03 
4.621510e-01 	7.848786e-03 
4.626230e-01 	7.838399e-03 
4.630940e-01 	7.828027e-03 
4.635660e-01 	7.817666e-03 
4.640380e-01 	7.807317e-03 
4.645100e-01 	7.796979e-03 
4.649820e-01 	7.786654e-03 
4.654540e-01 	7.776341e-03 
4.659260e-01 	7.766040e-03 
4.663980e-01 	7.755751e-03 
4.668700e-01 	7.745475e-03 
4.673420e-01 	7.735211e-03 
4.678140e-01 	7.724959e-03 
4.682850e-01 	7.714721e-03 
4.687570e-01 	7.704495e-03 
4.692290e-01 	7.694282e-03 
4.697010e-01 	7.684081e-03 
4.701730e-01 	7.673894e-03 
4.706450e-01 	7.663720e-03 
4.711170e-01 	7.653560e-03 
4.715890e-01 	7.643412e-03 
4.720610e-01 	7.633279e-03 
4.725330e-01 	7.623158e-03 
4.730040e-01 	7.613051e-03 
4.734760e-01 	7.602958e-03 
4.739480e-01 	7.592879e-03 
4.744200e-01 	7.582813e-03 
4.748920e-01 	7.572760e-03 
4.753640e-01 	7.562721e-03 
4.758360e-01 	7.552696e-03 
4.763080e-01 	7.542684e-03 
4.767800e-01 	7.532684e-03 
4.772520e-01 	7.522699e-03 
4.777240e-01 	7.512729e-03 
4.781950e-01 	7.502772e-03 
4.786670e-01 	7.492829e-03 
4.791390e-01 	7.482899e-03 
4.796110e-01 	7.472984e-03 
4.800830e-01 	7.463082e-03 
4.805550e-01 	7.453195e-03 
4.810270e-01 	7.443322e-03 
4.814990e-01 	7.433463e-03 
4.819710e-01 	7.423619e-03 
4.824420e-01 	7.413789e-03 
4.829140e-01 	7.403975e-03 
4.833860e-01 	7.394176e-03 
4.838580e-01 	7.384392e-03 
4.843300e-01 	7.374623e-03 
4.848020e-01 	7.364869e-03 
4.852740e-01 	7.355131e-03 
4.857460e-01 	7.345408e-03 
4.862180e-01 	7.335700e-03 
4.866900e-01 	7.326006e-03 
4.871620e-01 	7.316325e-03 
4.876330e-01 	7.306658e-03 
4.881050e-01 	7.297002e-03 
4.885770e-01 	7.287358e-03 
4.890490e-01 	7.277724e-03 
4.895210e-01 	7.268101e-03 
4.899930e-01 	7.258485e-03 
4.904650e-01 	7.248876e-03 
4.909370e-01 	7.239276e-03 
4.914090e-01 	7.229682e-03 
4.918810e-01 	7.220094e-03 
4.923520e-01 	7.210510e-03 
4.928240e-01 	7.200930e-03 
4.932960e-01 	7.191353e-03 
4.937680e-01 	7.181778e-03 
4.942400e-01 	7.172204e-03 
4.947120e-01 	7.162630e-03 
4.951840e-01 	7.153056e-03 
