#q 	 Ifit_avg 
6.026000e-03 	1.000000e+00 
6.257000e-03 	9.984582e-01 
6.488000e-03 	9.969160e-01 
6.720000e-03 	9.953727e-01 
6.951000e-03 	9.938277e-01 
7.183000e-03 	9.922804e-01 
7.414000e-03 	9.907305e-01 
7.646000e-03 	9.891772e-01 
7.877000e-03 	9.876200e-01 
8.109000e-03 	9.860584e-01 
8.340000e-03 	9.844918e-01 
8.572000e-03 	9.829196e-01 
8.803000e-03 	9.813414e-01 
9.034000e-03 	9.797564e-01 
9.266000e-03 	9.781643e-01 
9.497000e-03 	9.765643e-01 
9.729000e-03 	9.749560e-01 
9.960000e-03 	9.733388e-01 
1.019200e-02 	9.717118e-01 
1.042300e-02 	9.700755e-01 
1.065500e-02 	9.684279e-01 
1.088600e-02 	9.667699e-01 
1.111800e-02 	9.650995e-01 
1.134900e-02 	9.634175e-01 
1.158000e-02 	9.617220e-01 
1.181200e-02 	9.600139e-01 
1.204300e-02 	9.582911e-01 
1.227500e-02 	9.565546e-01 
1.250600e-02 	9.548023e-01 
1.273800e-02 	9.530351e-01 
1.296900e-02 	9.512511e-01 
1.320100e-02 	9.494503e-01 
1.343200e-02 	9.476330e-01 
1.366400e-02 	9.457971e-01 
1.389500e-02 	9.439436e-01 
1.412600e-02 	9.420703e-01 
1.435800e-02 	9.401784e-01 
1.458900e-02 	9.382656e-01 
1.482100e-02 	9.363330e-01 
1.505200e-02 	9.343784e-01 
1.528400e-02 	9.324030e-01 
1.551500e-02 	9.304046e-01 
1.574700e-02 	9.283843e-01 
1.597800e-02 	9.263398e-01 
1.620900e-02 	9.242726e-01 
1.644100e-02 	9.221804e-01 
1.667200e-02 	9.200646e-01 
1.690400e-02 	9.179229e-01 
1.713500e-02 	9.157559e-01 
1.736700e-02 	9.135642e-01 
1.759800e-02 	9.113458e-01 
1.783000e-02 	9.091021e-01 
1.806100e-02 	9.068312e-01 
1.829200e-02 	9.045346e-01 
1.852400e-02 	9.022105e-01 
1.875500e-02 	8.998606e-01 
1.898700e-02 	8.974828e-01 
1.921800e-02 	8.950792e-01 
1.945000e-02 	8.926478e-01 
1.968100e-02 	8.901907e-01 
1.991300e-02 	8.877059e-01 
2.014400e-02 	8.851957e-01 
2.037600e-02 	8.826581e-01 
2.060700e-02 	8.800945e-01 
2.083800e-02 	8.775062e-01 
2.107000e-02 	8.748913e-01 
2.130100e-02 	8.722524e-01 
2.153300e-02 	8.695877e-01 
2.176400e-02 	8.668998e-01 
2.199600e-02 	8.641869e-01 
2.222700e-02 	8.614517e-01 
2.245900e-02 	8.586925e-01 
2.269000e-02 	8.559121e-01 
2.292200e-02 	8.531087e-01 
2.315300e-02 	8.502853e-01 
2.338500e-02 	8.474400e-01 
2.361600e-02 	8.445757e-01 
2.384700e-02 	8.416907e-01 
2.407900e-02 	8.387879e-01 
2.431000e-02 	8.358654e-01 
2.454200e-02 	8.329251e-01 
2.477300e-02 	8.299688e-01 
2.500500e-02 	8.269944e-01 
2.523600e-02 	8.240052e-01 
2.546800e-02 	8.209990e-01 
2.569900e-02 	8.179791e-01 
2.593100e-02 	8.149434e-01 
2.616200e-02 	8.118949e-01 
2.639300e-02 	8.088317e-01 
2.662500e-02 	8.057569e-01 
2.685600e-02 	8.026684e-01 
2.708800e-02 	7.995692e-01 
2.731900e-02 	7.964574e-01 
2.755100e-02 	7.933360e-01 
2.778200e-02 	7.902029e-01 
2.801400e-02 	7.870612e-01 
2.824500e-02 	7.839088e-01 
2.847700e-02 	7.807474e-01 
2.870800e-02 	7.775789e-01 
2.893900e-02 	7.744010e-01 
2.917100e-02 	7.712169e-01 
2.940200e-02 	7.680243e-01 
2.963400e-02 	7.648264e-01 
2.986500e-02 	7.616208e-01 
3.009700e-02 	7.584109e-01 
3.032800e-02 	7.551941e-01 
3.056000e-02 	7.519738e-01 
3.079100e-02 	7.487475e-01 
3.102200e-02 	7.455184e-01 
3.125400e-02 	7.422841e-01 
3.148500e-02 	7.390479e-01 
3.171700e-02 	7.358072e-01 
3.194800e-02 	7.325652e-01 
3.218000e-02 	7.293196e-01 
3.241100e-02 	7.260720e-01 
3.264300e-02 	7.228242e-01 
3.287400e-02 	7.195737e-01 
3.310600e-02 	7.163238e-01 
3.333700e-02 	7.130718e-01 
3.356800e-02 	7.098209e-01 
3.380000e-02 	7.065687e-01 
3.403100e-02 	7.033182e-01 
3.426300e-02 	7.000669e-01 
3.449400e-02 	6.968180e-01 
3.472600e-02 	6.935688e-01 
3.495700e-02 	6.903225e-01 
3.518900e-02 	6.870765e-01 
3.542000e-02 	6.838340e-01 
3.565200e-02 	6.805922e-01 
3.588300e-02 	6.773544e-01 
3.611400e-02 	6.741179e-01 
3.634600e-02 	6.708845e-01 
3.657700e-02 	6.676556e-01 
3.680900e-02 	6.644287e-01 
3.704000e-02 	6.612069e-01 
3.727200e-02 	6.579875e-01 
3.750300e-02 	6.547736e-01 
3.773500e-02 	6.515625e-01 
3.796600e-02 	6.483573e-01 
3.819800e-02 	6.451553e-01 
3.842900e-02 	6.419596e-01 
3.866000e-02 	6.387675e-01 
3.889200e-02 	6.355819e-01 
3.912300e-02 	6.324003e-01 
3.935500e-02 	6.292255e-01 
3.958600e-02 	6.260551e-01 
3.981800e-02 	6.228918e-01 
4.004900e-02 	6.197332e-01 
4.028100e-02 	6.165807e-01 
4.051200e-02 	6.134358e-01 
4.074400e-02 	6.102961e-01 
4.097500e-02 	6.071642e-01 
4.120600e-02 	6.040378e-01 
4.143800e-02 	6.009195e-01 
4.166900e-02 	5.978069e-01 
4.190100e-02 	5.947028e-01 
4.213200e-02 	5.916047e-01 
4.236400e-02 	5.885153e-01 
4.259500e-02 	5.854320e-01 
4.282700e-02 	5.823578e-01 
4.305800e-02 	5.792901e-01 
4.328900e-02 	5.762316e-01 
4.352100e-02 	5.731798e-01 
4.375200e-02 	5.701375e-01 
4.398400e-02 	5.671022e-01 
4.421500e-02 	5.640753e-01 
4.444700e-02 	5.610582e-01 
4.467800e-02 	5.580484e-01 
4.491000e-02 	5.550487e-01 
4.514100e-02 	5.520566e-01 
4.537300e-02 	5.490746e-01 
4.560400e-02 	5.461005e-01 
4.583500e-02 	5.431367e-01 
4.606700e-02 	5.401810e-01 
4.629800e-02 	5.372359e-01 
4.653000e-02 	5.342990e-01 
4.676100e-02 	5.313729e-01 
4.699300e-02 	5.284552e-01 
4.722400e-02 	5.255485e-01 
4.745600e-02 	5.226503e-01 
4.768700e-02 	5.197633e-01 
4.791900e-02 	5.168850e-01 
4.815000e-02 	5.140168e-01 
4.838100e-02 	5.111599e-01 
4.861300e-02 	5.083121e-01 
4.884400e-02 	5.054758e-01 
4.907600e-02 	5.026486e-01 
4.930700e-02 	4.998331e-01 
4.953900e-02 	4.970268e-01 
4.977000e-02 	4.942323e-01 
5.000200e-02 	4.914473e-01 
5.023300e-02 	4.886741e-01 
5.046500e-02 	4.859106e-01 
5.069600e-02 	4.831590e-01 
5.092700e-02 	4.804171e-01 
5.115900e-02 	4.776873e-01 
5.139000e-02 	4.749673e-01 
5.162200e-02 	4.722583e-01 
5.185300e-02 	4.695616e-01 
5.208500e-02 	4.668749e-01 
5.231600e-02 	4.642005e-01 
5.254800e-02 	4.615361e-01 
5.277900e-02 	4.588842e-01 
5.301100e-02 	4.562424e-01 
5.324200e-02 	4.536131e-01 
5.347300e-02 	4.509940e-01 
5.370500e-02 	4.483875e-01 
5.393600e-02 	4.457913e-01 
5.416800e-02 	4.432077e-01 
5.439900e-02 	4.406345e-01 
5.463100e-02 	4.380740e-01 
5.486200e-02 	4.355240e-01 
5.509300e-02 	4.329867e-01 
5.532500e-02 	4.304599e-01 
5.555700e-02 	4.279448e-01 
5.578800e-02 	4.254425e-01 
5.601900e-02 	4.229508e-01 
5.625100e-02 	4.204718e-01 
5.648200e-02 	4.180036e-01 
5.671400e-02 	4.155482e-01 
5.694500e-02 	4.131035e-01 
5.717700e-02 	4.106717e-01 
5.740800e-02 	4.082507e-01 
5.764000e-02 	4.058426e-01 
5.787100e-02 	4.034453e-01 
5.810200e-02 	4.010608e-01 
5.833400e-02 	3.986872e-01 
5.856500e-02 	3.963265e-01 
5.879700e-02 	3.939766e-01 
5.902800e-02 	3.916397e-01 
5.926000e-02 	3.893137e-01 
5.949100e-02 	3.869995e-01 
5.972300e-02 	3.846984e-01 
5.995400e-02 	3.824081e-01 
6.018600e-02 	3.801307e-01 
6.041700e-02 	3.778643e-01 
6.064800e-02 	3.756108e-01 
6.088000e-02 	3.733682e-01 
6.111100e-02 	3.711384e-01 
6.134300e-02 	3.689196e-01 
6.157400e-02 	3.667136e-01 
6.180600e-02 	3.645185e-01 
6.203700e-02 	3.623363e-01 
6.226900e-02 	3.601650e-01 
6.250000e-02 	3.580065e-01 
6.273100e-02 	3.558589e-01 
6.296300e-02 	3.537241e-01 
6.319400e-02 	3.516002e-01 
6.342600e-02 	3.494881e-01 
6.365700e-02 	3.473887e-01 
6.388900e-02 	3.453001e-01 
6.412000e-02 	3.432242e-01 
6.435200e-02 	3.411591e-01 
6.458300e-02 	3.391065e-01 
6.481500e-02 	3.370648e-01 
6.504600e-02 	3.350356e-01 
6.527800e-02 	3.330171e-01 
6.550900e-02 	3.310111e-01 
6.574000e-02 	3.290158e-01 
6.597200e-02 	3.270330e-01 
6.620300e-02 	3.250609e-01 
6.643500e-02 	3.231011e-01 
6.666600e-02 	3.211519e-01 
6.689800e-02 	3.192151e-01 
6.712900e-02 	3.172887e-01 
6.736100e-02 	3.153738e-01 
6.759200e-02 	3.134710e-01 
6.782400e-02 	3.115786e-01 
6.805500e-02 	3.096984e-01 
6.828600e-02 	3.078285e-01 
6.851800e-02 	3.059706e-01 
6.874900e-02 	3.041231e-01 
6.898100e-02 	3.022875e-01 
6.921200e-02 	3.004621e-01 
6.944400e-02 	2.986486e-01 
6.967500e-02 	2.968453e-01 
6.990700e-02 	2.950538e-01 
7.013800e-02 	2.932724e-01 
7.036900e-02 	2.915027e-01 
7.060100e-02 	2.897431e-01 
7.083200e-02 	2.879950e-01 
7.106400e-02 	2.862569e-01 
7.129500e-02 	2.845295e-01 
7.152700e-02 	2.828135e-01 
7.175800e-02 	2.811073e-01 
7.199000e-02 	2.794125e-01 
7.222100e-02 	2.777274e-01 
7.245300e-02 	2.760535e-01 
7.268400e-02 	2.743893e-01 
7.291500e-02 	2.727362e-01 
7.314700e-02 	2.710927e-01 
7.337800e-02 	2.694602e-01 
7.361000e-02 	2.678372e-01 
7.384100e-02 	2.662252e-01 
7.407300e-02 	2.646225e-01 
7.430400e-02 	2.630307e-01 
7.453600e-02 	2.614482e-01 
7.476700e-02 	2.598764e-01 
7.499900e-02 	2.583139e-01 
7.523000e-02 	2.567613e-01 
7.546100e-02 	2.552192e-01 
7.569300e-02 	2.536862e-01 
7.592400e-02 	2.521637e-01 
7.615600e-02 	2.506502e-01 
7.638700e-02 	2.491471e-01 
7.661900e-02 	2.476529e-01 
7.685000e-02 	2.461689e-01 
7.708200e-02 	2.446938e-01 
7.731300e-02 	2.432289e-01 
7.754500e-02 	2.417727e-01 
7.777600e-02 	2.403265e-01 
7.800700e-02 	2.388890e-01 
7.823900e-02 	2.374615e-01 
7.847000e-02 	2.360425e-01 
7.870200e-02 	2.346333e-01 
7.893300e-02 	2.332327e-01 
7.916500e-02 	2.318411e-01 
7.939600e-02 	2.304592e-01 
7.962800e-02 	2.290856e-01 
7.985900e-02 	2.277216e-01 
8.009100e-02 	2.263660e-01 
8.032200e-02 	2.250198e-01 
8.055300e-02 	2.236818e-01 
8.078500e-02 	2.223532e-01 
8.101600e-02 	2.210327e-01 
8.124800e-02 	2.197215e-01 
8.147900e-02 	2.184184e-01 
8.171100e-02 	2.171245e-01 
8.194200e-02 	2.158385e-01 
8.217400e-02 	2.145615e-01 
8.240500e-02 	2.132925e-01 
8.263600e-02 	2.120323e-01 
8.286800e-02 	2.107800e-01 
8.309900e-02 	2.095360e-01 
8.333100e-02 	2.083007e-01 
8.356200e-02 	2.070732e-01 
8.379400e-02 	2.058543e-01 
8.402500e-02 	2.046431e-01 
8.425700e-02 	2.034404e-01 
8.448800e-02 	2.022453e-01 
8.472000e-02 	2.010586e-01 
8.495100e-02 	1.998794e-01 
8.518200e-02 	1.987087e-01 
8.541400e-02 	1.975452e-01 
8.564500e-02 	1.963901e-01 
8.587700e-02 	1.952423e-01 
8.610800e-02 	1.941027e-01 
8.634000e-02 	1.929703e-01 
8.657100e-02 	1.918455e-01 
8.680300e-02 	1.907288e-01 
8.703400e-02 	1.896191e-01 
8.726500e-02 	1.885174e-01 
8.749700e-02 	1.874226e-01 
8.772800e-02 	1.863357e-01 
8.796000e-02 	1.852557e-01 
8.819100e-02 	1.841835e-01 
8.842300e-02 	1.831181e-01 
8.865400e-02 	1.820603e-01 
8.888600e-02 	1.810093e-01 
8.911700e-02 	1.799658e-01 
8.934900e-02 	1.789290e-01 
8.958000e-02 	1.778996e-01 
8.981200e-02 	1.768768e-01 
9.004300e-02 	1.758614e-01 
9.027400e-02 	1.748524e-01 
9.050600e-02 	1.738503e-01 
9.073700e-02 	1.728555e-01 
9.096900e-02 	1.718670e-01 
9.120000e-02 	1.708856e-01 
9.143200e-02 	1.699105e-01 
9.166300e-02 	1.689425e-01 
9.189500e-02 	1.679807e-01 
9.212600e-02 	1.670258e-01 
9.235800e-02 	1.660771e-01 
9.258900e-02 	1.651353e-01 
9.282000e-02 	1.641995e-01 
9.305200e-02 	1.632705e-01 
9.328300e-02 	1.623475e-01 
9.351500e-02 	1.614311e-01 
9.374600e-02 	1.605207e-01 
9.397800e-02 	1.596169e-01 
9.420900e-02 	1.587189e-01 
9.444100e-02 	1.578270e-01 
9.467200e-02 	1.569416e-01 
9.490400e-02 	1.560619e-01 
9.513500e-02 	1.551886e-01 
9.536600e-02 	1.543209e-01 
9.559800e-02 	1.534596e-01 
9.582900e-02 	1.526038e-01 
9.606100e-02 	1.517542e-01 
9.629200e-02 	1.509101e-01 
9.652400e-02 	1.500722e-01 
9.675500e-02 	1.492397e-01 
9.698700e-02 	1.484132e-01 
9.721800e-02 	1.475921e-01 
9.744900e-02 	1.467770e-01 
9.768100e-02 	1.459672e-01 
9.791200e-02 	1.451633e-01 
9.814400e-02 	1.443646e-01 
9.837500e-02 	1.435714e-01 
9.860700e-02 	1.427840e-01 
9.883800e-02 	1.420017e-01 
9.907000e-02 	1.412251e-01 
9.930100e-02 	1.404536e-01 
9.953300e-02 	1.396877e-01 
9.976400e-02 	1.389267e-01 
9.999500e-02 	1.381713e-01 
1.002270e-01 	1.374205e-01 
1.004580e-01 	1.366768e-01 
1.006900e-01 	1.359350e-01 
1.009210e-01 	1.352016e-01 
1.011530e-01 	1.344701e-01 
1.013840e-01 	1.337467e-01 
1.016160e-01 	1.330253e-01 
1.018470e-01 	1.323120e-01 
1.020780e-01 	1.316036e-01 
1.023100e-01 	1.308971e-01 
1.025410e-01 	1.301985e-01 
1.027730e-01 	1.295018e-01 
1.030040e-01 	1.288128e-01 
1.032360e-01 	1.281257e-01 
1.034670e-01 	1.274463e-01 
1.036990e-01 	1.267686e-01 
1.039300e-01 	1.260986e-01 
1.041620e-01 	1.254303e-01 
1.043930e-01 	1.247695e-01 
1.046240e-01 	1.241132e-01 
1.048560e-01 	1.234587e-01 
1.050870e-01 	1.228115e-01 
1.053190e-01 	1.221660e-01 
1.055500e-01 	1.215277e-01 
1.057820e-01 	1.208911e-01 
1.060130e-01 	1.202616e-01 
1.062450e-01 	1.196337e-01 
1.064760e-01 	1.190129e-01 
1.067080e-01 	1.183937e-01 
1.069390e-01 	1.177815e-01 
1.071700e-01 	1.171735e-01 
1.074020e-01 	1.165671e-01 
1.076330e-01 	1.159675e-01 
1.078650e-01 	1.153694e-01 
1.080960e-01 	1.147781e-01 
1.083280e-01 	1.141883e-01 
1.085590e-01 	1.136051e-01 
1.087910e-01 	1.130234e-01 
1.090220e-01 	1.124483e-01 
1.092540e-01 	1.118747e-01 
1.094850e-01 	1.113075e-01 
1.097160e-01 	1.107442e-01 
1.099480e-01 	1.101824e-01 
1.101790e-01 	1.096269e-01 
1.104110e-01 	1.090728e-01 
1.106420e-01 	1.085249e-01 
1.108740e-01 	1.079784e-01 
1.111050e-01 	1.074380e-01 
1.113370e-01 	1.068990e-01 
1.115680e-01 	1.063660e-01 
1.118000e-01 	1.058344e-01 
1.120310e-01 	1.053087e-01 
1.122620e-01 	1.047866e-01 
1.124940e-01 	1.042659e-01 
1.127250e-01 	1.037510e-01 
1.129570e-01 	1.032374e-01 
1.131880e-01 	1.027295e-01 
1.134200e-01 	1.022229e-01 
1.136510e-01 	1.017219e-01 
1.138830e-01 	1.012223e-01 
1.141140e-01 	1.007282e-01 
1.143460e-01 	1.002354e-01 
1.145770e-01 	9.974807e-02 
1.148080e-01 	9.926410e-02 
1.150400e-01 	9.878136e-02 
1.152710e-01 	9.830401e-02 
1.155030e-01 	9.782789e-02 
1.157340e-01 	9.735706e-02 
1.159660e-01 	9.688744e-02 
1.161970e-01 	9.642305e-02 
1.164290e-01 	9.595984e-02 
1.166600e-01 	9.550178e-02 
1.168910e-01 	9.504684e-02 
1.171230e-01 	9.459305e-02 
1.173540e-01 	9.414429e-02 
1.175860e-01 	9.369666e-02 
1.178170e-01 	9.325399e-02 
1.180490e-01 	9.281243e-02 
1.182800e-01 	9.237576e-02 
1.185120e-01 	9.194018e-02 
1.187430e-01 	9.150942e-02 
1.189750e-01 	9.107973e-02 
1.192060e-01 	9.065479e-02 
1.194370e-01 	9.023274e-02 
1.196690e-01 	8.981173e-02 
1.199000e-01 	8.939538e-02 
1.201320e-01 	8.898007e-02 
1.203630e-01 	8.856936e-02 
1.205950e-01 	8.815967e-02 
1.208260e-01 	8.775452e-02 
1.210580e-01 	8.735038e-02 
1.212890e-01 	8.695071e-02 
1.215210e-01 	8.655204e-02 
1.217520e-01 	8.615778e-02 
1.219830e-01 	8.576618e-02 
1.222150e-01 	8.537556e-02 
1.224460e-01 	8.498925e-02 
1.226780e-01 	8.460389e-02 
1.229090e-01 	8.422280e-02 
1.231410e-01 	8.384263e-02 
1.233720e-01 	8.346667e-02 
1.236040e-01 	8.309162e-02 
1.238350e-01 	8.272070e-02 
1.240670e-01 	8.235069e-02 
1.242980e-01 	8.198476e-02 
1.245290e-01 	8.162127e-02 
1.247610e-01 	8.125867e-02 
1.249920e-01 	8.090004e-02 
1.252240e-01 	8.054228e-02 
1.254550e-01 	8.018843e-02 
1.256870e-01 	7.983543e-02 
1.259180e-01 	7.948630e-02 
1.261500e-01 	7.913799e-02 
1.263810e-01 	7.879349e-02 
1.266130e-01 	7.844981e-02 
1.268440e-01 	7.810989e-02 
1.270750e-01 	7.777222e-02 
1.273070e-01 	7.743536e-02 
1.275380e-01 	7.710218e-02 
1.277700e-01 	7.676978e-02 
1.280010e-01 	7.644102e-02 
1.282330e-01 	7.611303e-02 
1.284640e-01 	7.578863e-02 
1.286960e-01 	7.546498e-02 
1.289270e-01 	7.514487e-02 
1.291580e-01 	7.482688e-02 
1.293900e-01 	7.450963e-02 
1.296210e-01 	7.419583e-02 
1.298530e-01 	7.388277e-02 
1.300840e-01 	7.357311e-02 
1.303160e-01 	7.326416e-02 
1.305470e-01 	7.295858e-02 
1.307790e-01 	7.265370e-02 
1.310100e-01 	7.235213e-02 
1.312420e-01 	7.205124e-02 
1.314730e-01 	7.175362e-02 
1.317040e-01 	7.145794e-02 
1.319360e-01 	7.116293e-02 
1.321670e-01 	7.087110e-02 
1.323990e-01 	7.057993e-02 
1.326300e-01 	7.029190e-02 
1.328620e-01 	7.000450e-02 
1.330930e-01 	6.972020e-02 
1.333250e-01 	6.943652e-02 
1.335560e-01 	6.915588e-02 
1.337880e-01 	6.887585e-02 
1.340190e-01 	6.859882e-02 
1.342500e-01 	6.832358e-02 
1.344820e-01 	6.804893e-02 
1.347130e-01 	6.777722e-02 
1.349450e-01 	6.750610e-02 
1.351760e-01 	6.723788e-02 
1.354080e-01 	6.697024e-02 
1.356390e-01 	6.670546e-02 
1.358710e-01 	6.644125e-02 
1.361020e-01 	6.617987e-02 
1.363340e-01 	6.591904e-02 
1.365650e-01 	6.566100e-02 
1.367960e-01 	6.540461e-02 
1.370280e-01 	6.514877e-02 
1.372590e-01 	6.489566e-02 
1.374910e-01 	6.464307e-02 
1.377220e-01 	6.439319e-02 
1.379540e-01 	6.414382e-02 
1.381850e-01 	6.389711e-02 
1.384170e-01 	6.365091e-02 
1.386480e-01 	6.340733e-02 
1.388800e-01 	6.316425e-02 
1.391110e-01 	6.292376e-02 
1.393420e-01 	6.268478e-02 
1.395740e-01 	6.244630e-02 
1.398050e-01 	6.221034e-02 
1.400370e-01 	6.197486e-02 
1.402680e-01 	6.174187e-02 
1.405000e-01 	6.150934e-02 
1.407310e-01 	6.127926e-02 
1.409630e-01 	6.104964e-02 
1.411940e-01 	6.082244e-02 
1.414260e-01 	6.059567e-02 
1.416570e-01 	6.037130e-02 
1.418880e-01 	6.014831e-02 
1.421200e-01 	5.992576e-02 
1.423510e-01 	5.970554e-02 
1.425830e-01 	5.948574e-02 
1.428140e-01 	5.926824e-02 
1.430460e-01 	5.905115e-02 
1.432770e-01 	5.883634e-02 
1.435090e-01 	5.862192e-02 
1.437400e-01 	5.840976e-02 
1.439710e-01 	5.819889e-02 
1.442030e-01 	5.798842e-02 
1.444340e-01 	5.778014e-02 
1.446660e-01 	5.757225e-02 
1.448970e-01 	5.736653e-02 
1.451290e-01 	5.716118e-02 
1.453600e-01 	5.695798e-02 
1.455920e-01 	5.675514e-02 
1.458230e-01 	5.655441e-02 
1.460550e-01 	5.635404e-02 
1.462860e-01 	5.615575e-02 
1.465170e-01 	5.595867e-02 
1.467490e-01 	5.576194e-02 
1.469800e-01 	5.556725e-02 
1.472120e-01 	5.537290e-02 
1.474430e-01 	5.518056e-02 
1.476750e-01 	5.498855e-02 
1.479060e-01 	5.479852e-02 
1.481380e-01 	5.460882e-02 
1.483690e-01 	5.442107e-02 
1.486010e-01 	5.423363e-02 
1.488320e-01 	5.404811e-02 
1.490630e-01 	5.386369e-02 
1.492950e-01 	5.367957e-02 
1.495260e-01 	5.349733e-02 
1.497580e-01 	5.331538e-02 
1.499890e-01 	5.313528e-02 
1.502210e-01 	5.295547e-02 
1.504520e-01 	5.277749e-02 
1.506840e-01 	5.259979e-02 
1.509150e-01 	5.242389e-02 
1.511470e-01 	5.224827e-02 
1.513780e-01 	5.207443e-02 
1.516090e-01 	5.190161e-02 
1.518410e-01 	5.172905e-02 
1.520720e-01 	5.155825e-02 
1.523040e-01 	5.138771e-02 
1.525350e-01 	5.121890e-02 
1.527670e-01 	5.105035e-02 
1.529980e-01 	5.088350e-02 
1.532300e-01 	5.071691e-02 
1.534610e-01 	5.055200e-02 
1.536930e-01 	5.038734e-02 
1.539240e-01 	5.022434e-02 
1.541550e-01 	5.006229e-02 
1.543870e-01 	4.990048e-02 
1.546180e-01 	4.974029e-02 
1.548500e-01 	4.958034e-02 
1.550810e-01 	4.942200e-02 
1.553130e-01 	4.926388e-02 
1.555440e-01 	4.910735e-02 
1.557760e-01 	4.895105e-02 
1.560070e-01 	4.879630e-02 
1.562380e-01 	4.864245e-02 
1.564700e-01 	4.848880e-02 
1.567010e-01 	4.833669e-02 
1.569330e-01 	4.818479e-02 
1.571640e-01 	4.803440e-02 
1.573960e-01 	4.788421e-02 
1.576270e-01 	4.773552e-02 
1.578590e-01 	4.758702e-02 
1.580900e-01 	4.744000e-02 
1.583220e-01 	4.729317e-02 
1.585530e-01 	4.714779e-02 
1.587840e-01 	4.700322e-02 
1.590160e-01 	4.685884e-02 
1.592470e-01 	4.671587e-02 
1.594790e-01 	4.657309e-02 
1.597100e-01 	4.643171e-02 
1.599420e-01 	4.629051e-02 
1.601730e-01 	4.615070e-02 
1.604050e-01 	4.601106e-02 
1.606360e-01 	4.587278e-02 
1.608680e-01 	4.573468e-02 
1.610990e-01 	4.559793e-02 
1.613300e-01 	4.546193e-02 
1.615620e-01 	4.532610e-02 
1.617930e-01 	4.519159e-02 
1.620250e-01 	4.505725e-02 
1.622560e-01 	4.492421e-02 
1.624880e-01 	4.479133e-02 
1.627190e-01 	4.465974e-02 
1.629510e-01 	4.452830e-02 
1.631820e-01 	4.439814e-02 
1.634140e-01 	4.426813e-02 
1.636450e-01 	4.413938e-02 
1.638760e-01 	4.401132e-02 
1.641080e-01 	4.388340e-02 
1.643390e-01 	4.375672e-02 
1.645710e-01 	4.363017e-02 
1.648020e-01 	4.350485e-02 
1.650340e-01 	4.337965e-02 
1.652650e-01 	4.325566e-02 
1.654970e-01 	4.313180e-02 
1.657280e-01 	4.300912e-02 
1.659600e-01 	4.288657e-02 
1.661910e-01 	4.276519e-02 
1.664220e-01 	4.264446e-02 
1.666540e-01 	4.252384e-02 
1.668850e-01 	4.240438e-02 
1.671170e-01 	4.228503e-02 
1.673480e-01 	4.216683e-02 
1.675800e-01 	4.204874e-02 
1.678110e-01 	4.193177e-02 
1.680430e-01 	4.181492e-02 
1.682740e-01 	4.169919e-02 
1.685060e-01 	4.158356e-02 
1.687370e-01 	4.146904e-02 
1.689680e-01 	4.135511e-02 
1.692000e-01 	4.124129e-02 
1.694310e-01 	4.112855e-02 
1.696630e-01 	4.101592e-02 
1.698940e-01 	4.090435e-02 
1.701260e-01 	4.079289e-02 
1.703570e-01 	4.068248e-02 
1.705890e-01 	4.057218e-02 
1.708200e-01 	4.046291e-02 
1.710510e-01 	4.035421e-02 
1.712830e-01 	4.024561e-02 
1.715140e-01 	4.013803e-02 
1.717460e-01 	4.003054e-02 
1.719770e-01 	3.992406e-02 
1.722090e-01 	3.981767e-02 
1.724400e-01 	3.971229e-02 
1.726720e-01 	3.960698e-02 
1.729030e-01 	3.950267e-02 
1.731350e-01 	3.939844e-02 
1.733660e-01 	3.929519e-02 
1.735970e-01 	3.919246e-02 
1.738290e-01 	3.908981e-02 
1.740600e-01 	3.898812e-02 
1.742920e-01 	3.888650e-02 
1.745230e-01 	3.878583e-02 
1.747550e-01 	3.868523e-02 
1.749860e-01 	3.858556e-02 
1.752180e-01 	3.848597e-02 
1.754490e-01 	3.838730e-02 
1.756810e-01 	3.828869e-02 
1.759120e-01 	3.819099e-02 
1.761430e-01 	3.809378e-02 
1.763750e-01 	3.799663e-02 
1.766060e-01 	3.790037e-02 
1.768380e-01 	3.780417e-02 
1.770690e-01 	3.770885e-02 
1.773010e-01 	3.761360e-02 
1.775320e-01 	3.751922e-02 
1.777640e-01 	3.742489e-02 
1.779950e-01 	3.733143e-02 
1.782270e-01 	3.723802e-02 
1.784580e-01 	3.714547e-02 
1.786890e-01 	3.705337e-02 
1.789210e-01 	3.696132e-02 
1.791520e-01 	3.687011e-02 
1.793840e-01 	3.677894e-02 
1.796150e-01 	3.668861e-02 
1.798470e-01 	3.659833e-02 
1.800780e-01 	3.650887e-02 
1.803100e-01 	3.641945e-02 
1.805410e-01 	3.633085e-02 
1.807730e-01 	3.624229e-02 
1.810040e-01 	3.615454e-02 
1.812350e-01 	3.606720e-02 
1.814670e-01 	3.597991e-02 
1.816980e-01 	3.589341e-02 
1.819300e-01 	3.580695e-02 
1.821610e-01 	3.572127e-02 
1.823930e-01 	3.563563e-02 
1.826240e-01 	3.555076e-02 
1.828560e-01 	3.546593e-02 
1.830870e-01 	3.538186e-02 
1.833180e-01 	3.529820e-02 
1.835500e-01 	3.521456e-02 
1.837810e-01 	3.513168e-02 
1.840130e-01 	3.504883e-02 
1.842440e-01 	3.496673e-02 
1.844760e-01 	3.488466e-02 
1.847070e-01 	3.480333e-02 
1.849390e-01 	3.472202e-02 
1.851700e-01 	3.464145e-02 
1.854020e-01 	3.456090e-02 
1.856330e-01 	3.448108e-02 
1.858640e-01 	3.440162e-02 
1.860960e-01 	3.432219e-02 
1.863270e-01 	3.424347e-02 
1.865590e-01 	3.416477e-02 
1.867900e-01 	3.408677e-02 
1.870220e-01 	3.400880e-02 
1.872530e-01 	3.393152e-02 
1.874850e-01 	3.385426e-02 
1.877160e-01 	3.377768e-02 
1.879480e-01 	3.370113e-02 
1.881790e-01 	3.362525e-02 
1.884100e-01 	3.354972e-02 
1.886420e-01 	3.347421e-02 
1.888730e-01 	3.339936e-02 
1.891050e-01 	3.332452e-02 
1.893360e-01 	3.325035e-02 
1.895680e-01 	3.317619e-02 
1.897990e-01 	3.310268e-02 
1.900310e-01 	3.302918e-02 
1.902620e-01 	3.295633e-02 
1.904940e-01 	3.288349e-02 
1.907250e-01 	3.281128e-02 
1.909560e-01 	3.273940e-02 
1.911880e-01 	3.266753e-02 
1.914190e-01 	3.259628e-02 
1.916510e-01 	3.252504e-02 
1.918820e-01 	3.245443e-02 
1.921140e-01 	3.238382e-02 
1.923450e-01 	3.231383e-02 
1.925770e-01 	3.224384e-02 
1.928080e-01 	3.217446e-02 
1.930400e-01 	3.210509e-02 
1.932710e-01 	3.203632e-02 
1.935020e-01 	3.196784e-02 
1.937340e-01 	3.189938e-02 
1.939650e-01 	3.183150e-02 
1.941970e-01 	3.176363e-02 
1.944280e-01 	3.169634e-02 
1.946600e-01 	3.162906e-02 
1.948910e-01 	3.156236e-02 
1.951230e-01 	3.149566e-02 
1.953540e-01 	3.142953e-02 
1.955860e-01 	3.136341e-02 
1.958170e-01 	3.129785e-02 
1.960480e-01 	3.123258e-02 
1.962800e-01 	3.116731e-02 
1.965110e-01 	3.110260e-02 
1.967430e-01 	3.103789e-02 
1.969740e-01 	3.097374e-02 
1.972060e-01 	3.090958e-02 
1.974370e-01 	3.084597e-02 
1.976690e-01 	3.078236e-02 
1.979000e-01 	3.071930e-02 
1.981310e-01 	3.065650e-02 
1.983630e-01 	3.059370e-02 
1.985940e-01 	3.053143e-02 
1.988260e-01 	3.046916e-02 
1.990570e-01 	3.040742e-02 
1.992890e-01 	3.034568e-02 
1.995200e-01 	3.028446e-02 
1.997520e-01 	3.022323e-02 
1.999830e-01 	3.016252e-02 
2.002150e-01 	3.010180e-02 
2.004460e-01 	3.004160e-02 
2.006770e-01 	2.998165e-02 
2.009090e-01 	2.992168e-02 
2.011400e-01 	2.986223e-02 
2.013720e-01 	2.980276e-02 
2.016030e-01 	2.974380e-02 
2.018350e-01 	2.968482e-02 
2.020660e-01 	2.962634e-02 
2.022980e-01 	2.956785e-02 
2.025290e-01 	2.950986e-02 
2.027610e-01 	2.945185e-02 
2.029920e-01 	2.939433e-02 
2.032230e-01 	2.933704e-02 
2.034550e-01 	2.927974e-02 
2.036860e-01 	2.922292e-02 
2.039180e-01 	2.916609e-02 
2.041490e-01 	2.910974e-02 
2.043810e-01 	2.905337e-02 
2.046120e-01 	2.899747e-02 
2.048440e-01 	2.894156e-02 
2.050750e-01 	2.888612e-02 
2.053070e-01 	2.883067e-02 
2.055380e-01 	2.877568e-02 
2.057690e-01 	2.872091e-02 
2.060010e-01 	2.866612e-02 
2.062320e-01 	2.861180e-02 
2.064640e-01 	2.855745e-02 
2.066950e-01 	2.850357e-02 
2.069270e-01 	2.844966e-02 
2.071580e-01 	2.839621e-02 
2.073900e-01 	2.834274e-02 
2.076210e-01 	2.828971e-02 
2.078530e-01 	2.823667e-02 
2.080840e-01 	2.818407e-02 
2.083150e-01 	2.813168e-02 
2.085470e-01 	2.807928e-02 
2.087780e-01 	2.802730e-02 
2.090100e-01 	2.797532e-02 
2.092410e-01 	2.792376e-02 
2.094730e-01 	2.787218e-02 
2.097040e-01 	2.782104e-02 
2.099360e-01 	2.776987e-02 
2.101670e-01 	2.771913e-02 
2.103980e-01 	2.766858e-02 
2.106300e-01 	2.761802e-02 
2.108610e-01 	2.756788e-02 
2.110930e-01 	2.751772e-02 
2.113240e-01 	2.746797e-02 
2.115560e-01 	2.741820e-02 
2.117870e-01 	2.736884e-02 
2.120190e-01 	2.731946e-02 
2.122500e-01 	2.727048e-02 
2.124820e-01 	2.722149e-02 
2.127130e-01 	2.717290e-02 
2.129440e-01 	2.712449e-02 
2.131760e-01 	2.707607e-02 
2.134070e-01 	2.702804e-02 
2.136390e-01 	2.697998e-02 
2.138700e-01 	2.693232e-02 
2.141020e-01 	2.688464e-02 
2.143330e-01 	2.683735e-02 
2.145650e-01 	2.679003e-02 
2.147960e-01 	2.674310e-02 
2.150280e-01 	2.669615e-02 
2.152590e-01 	2.664958e-02 
2.154900e-01 	2.660318e-02 
2.157220e-01 	2.655676e-02 
2.159530e-01 	2.651072e-02 
2.161850e-01 	2.646466e-02 
2.164160e-01 	2.641896e-02 
2.166480e-01 	2.637325e-02 
2.168790e-01 	2.632790e-02 
2.171110e-01 	2.628253e-02 
2.173420e-01 	2.623753e-02 
2.175740e-01 	2.619250e-02 
2.178050e-01 	2.614783e-02 
2.180360e-01 	2.610334e-02 
2.182680e-01 	2.605882e-02 
2.184990e-01 	2.601466e-02 
2.187310e-01 	2.597047e-02 
2.189620e-01 	2.592664e-02 
2.191940e-01 	2.588279e-02 
2.194250e-01 	2.583929e-02 
2.196570e-01 	2.579576e-02 
2.198880e-01 	2.575259e-02 
2.201200e-01 	2.570939e-02 
2.203510e-01 	2.566653e-02 
2.205820e-01 	2.562384e-02 
2.208140e-01 	2.558112e-02 
2.210450e-01 	2.553874e-02 
2.212770e-01 	2.549634e-02 
2.215080e-01 	2.545428e-02 
2.217400e-01 	2.541219e-02 
2.219710e-01 	2.537044e-02 
2.222030e-01 	2.532867e-02 
2.224340e-01 	2.528722e-02 
2.226660e-01 	2.524576e-02 
2.228970e-01 	2.520462e-02 
2.231280e-01 	2.516363e-02 
2.233600e-01 	2.512262e-02 
2.235910e-01 	2.508194e-02 
2.238230e-01 	2.504123e-02 
2.240540e-01 	2.500084e-02 
2.242860e-01 	2.496043e-02 
2.245170e-01 	2.492034e-02 
2.247490e-01 	2.488022e-02 
2.249800e-01 	2.484042e-02 
2.252110e-01 	2.480077e-02 
2.254430e-01 	2.476108e-02 
2.256740e-01 	2.472172e-02 
2.259060e-01 	2.468233e-02 
2.261370e-01 	2.464324e-02 
2.263690e-01 	2.460414e-02 
2.266000e-01 	2.456534e-02 
2.268320e-01 	2.452651e-02 
2.270630e-01 	2.448799e-02 
2.272950e-01 	2.444944e-02 
2.275260e-01 	2.441120e-02 
2.277570e-01 	2.437310e-02 
2.279890e-01 	2.433496e-02 
2.282200e-01 	2.429713e-02 
2.284520e-01 	2.425927e-02 
2.286830e-01 	2.422170e-02 
2.289150e-01 	2.418411e-02 
2.291460e-01 	2.414681e-02 
2.293780e-01 	2.410948e-02 
2.296090e-01 	2.407244e-02 
2.298410e-01 	2.403538e-02 
2.300720e-01 	2.399861e-02 
2.303030e-01 	2.396196e-02 
2.305350e-01 	2.392528e-02 
2.307660e-01 	2.388889e-02 
2.309980e-01 	2.385248e-02 
2.312290e-01 	2.381634e-02 
2.314610e-01 	2.378018e-02 
2.316920e-01 	2.374429e-02 
2.319240e-01 	2.370838e-02 
2.321550e-01 	2.367275e-02 
2.323870e-01 	2.363709e-02 
2.326180e-01 	2.360170e-02 
2.328490e-01 	2.356644e-02 
2.330810e-01 	2.353115e-02 
2.333120e-01 	2.349613e-02 
2.335440e-01 	2.346108e-02 
2.337750e-01 	2.342630e-02 
2.340070e-01 	2.339149e-02 
2.342380e-01 	2.335696e-02 
2.344700e-01 	2.332239e-02 
2.347010e-01 	2.328809e-02 
2.349330e-01 	2.325376e-02 
2.351640e-01 	2.321970e-02 
2.353950e-01 	2.318575e-02 
2.356270e-01 	2.315177e-02 
2.358580e-01 	2.311806e-02 
2.360900e-01 	2.308431e-02 
2.363210e-01 	2.305083e-02 
2.365530e-01 	2.301732e-02 
2.367840e-01 	2.298406e-02 
2.370160e-01 	2.295078e-02 
2.372470e-01 	2.291775e-02 
2.374780e-01 	2.288484e-02 
2.377100e-01 	2.285189e-02 
2.379410e-01 	2.281920e-02 
2.381730e-01 	2.278648e-02 
2.384040e-01 	2.275401e-02 
2.386360e-01 	2.272151e-02 
2.388670e-01 	2.268926e-02 
2.390990e-01 	2.265698e-02 
2.393300e-01 	2.262495e-02 
2.395620e-01 	2.259289e-02 
2.397930e-01 	2.256107e-02 
2.400240e-01 	2.252937e-02 
2.402560e-01 	2.249763e-02 
2.404870e-01 	2.246613e-02 
2.407190e-01 	2.243461e-02 
2.409500e-01 	2.240332e-02 
2.411820e-01 	2.237201e-02 
2.414130e-01 	2.234094e-02 
2.416450e-01 	2.230983e-02 
2.418760e-01 	2.227897e-02 
2.421080e-01 	2.224807e-02 
2.423390e-01 	2.221741e-02 
2.425700e-01 	2.218685e-02 
2.428020e-01 	2.215626e-02 
2.430330e-01 	2.212591e-02 
2.432650e-01 	2.209552e-02 
2.434960e-01 	2.206536e-02 
2.437280e-01 	2.203518e-02 
2.439590e-01 	2.200522e-02 
2.441910e-01 	2.197524e-02 
2.444220e-01 	2.194548e-02 
2.446540e-01 	2.191569e-02 
2.448850e-01 	2.188613e-02 
2.451160e-01 	2.185666e-02 
2.453480e-01 	2.182717e-02 
2.455790e-01 	2.179789e-02 
2.458110e-01 	2.176859e-02 
2.460420e-01 	2.173951e-02 
2.462740e-01 	2.171039e-02 
2.465050e-01 	2.168150e-02 
2.467370e-01 	2.165258e-02 
2.469680e-01 	2.162387e-02 
2.472000e-01 	2.159514e-02 
2.474310e-01 	2.156662e-02 
2.476620e-01 	2.153819e-02 
2.478940e-01 	2.150974e-02 
2.481250e-01 	2.148150e-02 
2.483570e-01 	2.145323e-02 
2.485880e-01 	2.142517e-02 
2.488200e-01 	2.139708e-02 
2.490510e-01 	2.136920e-02 
2.492830e-01 	2.134130e-02 
2.495140e-01 	2.131360e-02 
2.497460e-01 	2.128587e-02 
2.499770e-01 	2.125836e-02 
2.502080e-01 	2.123093e-02 
2.504400e-01 	2.120347e-02 
2.506710e-01 	2.117622e-02 
2.509030e-01 	2.114893e-02 
2.511340e-01 	2.112186e-02 
2.513660e-01 	2.109475e-02 
2.515970e-01 	2.106785e-02 
2.518290e-01 	2.104092e-02 
2.520600e-01 	2.101419e-02 
2.522910e-01 	2.098754e-02 
2.525230e-01 	2.096087e-02 
2.527540e-01 	2.093439e-02 
2.529860e-01 	2.090789e-02 
2.532170e-01 	2.088159e-02 
2.534490e-01 	2.085525e-02 
2.536800e-01 	2.082911e-02 
2.539120e-01 	2.080295e-02 
2.541430e-01 	2.077698e-02 
2.543750e-01 	2.075098e-02 
2.546060e-01 	2.072517e-02 
2.548370e-01 	2.069945e-02 
2.550690e-01 	2.067370e-02 
2.553000e-01 	2.064814e-02 
2.555320e-01 	2.062255e-02 
2.557630e-01 	2.059715e-02 
2.559950e-01 	2.057172e-02 
2.562260e-01 	2.054648e-02 
2.564580e-01 	2.052121e-02 
2.566890e-01 	2.049613e-02 
2.569210e-01 	2.047102e-02 
2.571520e-01 	2.044610e-02 
2.573830e-01 	2.042125e-02 
2.576150e-01 	2.039638e-02 
2.578460e-01 	2.037169e-02 
2.580780e-01 	2.034697e-02 
2.583090e-01 	2.032243e-02 
2.585410e-01 	2.029787e-02 
2.587720e-01 	2.027349e-02 
2.590040e-01 	2.024907e-02 
2.592350e-01 	2.022484e-02 
2.594670e-01 	2.020058e-02 
2.596980e-01 	2.017650e-02 
2.599290e-01 	2.015249e-02 
2.601610e-01 	2.012845e-02 
2.603920e-01 	2.010459e-02 
2.606240e-01 	2.008070e-02 
2.608550e-01 	2.005698e-02 
2.610870e-01 	2.003324e-02 
2.613180e-01 	2.000967e-02 
2.615500e-01 	1.998607e-02 
2.617810e-01 	1.996265e-02 
2.620130e-01 	1.993919e-02 
2.622440e-01 	1.991591e-02 
2.624750e-01 	1.989270e-02 
2.627070e-01 	1.986946e-02 
2.629380e-01 	1.984639e-02 
2.631700e-01 	1.982329e-02 
2.634010e-01 	1.980036e-02 
2.636330e-01 	1.977740e-02 
2.638640e-01 	1.975460e-02 
2.640960e-01 	1.973178e-02 
2.643270e-01 	1.970913e-02 
2.645580e-01 	1.968654e-02 
2.647900e-01 	1.966393e-02 
2.650210e-01 	1.964148e-02 
2.652530e-01 	1.961900e-02 
2.654840e-01 	1.959669e-02 
2.657160e-01 	1.957434e-02 
2.659470e-01 	1.955216e-02 
2.661790e-01 	1.952995e-02 
2.664100e-01 	1.950791e-02 
2.666420e-01 	1.948583e-02 
2.668730e-01 	1.946391e-02 
2.671040e-01 	1.944206e-02 
2.673360e-01 	1.942018e-02 
2.675670e-01 	1.939846e-02 
2.677990e-01 	1.937671e-02 
2.680300e-01 	1.935512e-02 
2.682620e-01 	1.933350e-02 
2.684930e-01 	1.931203e-02 
2.687250e-01 	1.929054e-02 
2.689560e-01 	1.926920e-02 
2.691880e-01 	1.924783e-02 
2.694190e-01 	1.922662e-02 
2.696500e-01 	1.920546e-02 
2.698820e-01 	1.918428e-02 
2.701130e-01 	1.916325e-02 
2.703450e-01 	1.914220e-02 
2.705760e-01 	1.912129e-02 
2.708080e-01 	1.910036e-02 
2.710390e-01 	1.907957e-02 
2.712710e-01 	1.905876e-02 
2.715020e-01 	1.903809e-02 
2.717340e-01 	1.901740e-02 
2.719650e-01 	1.899686e-02 
2.721960e-01 	1.897637e-02 
2.724280e-01 	1.895585e-02 
2.726590e-01 	1.893549e-02 
2.728910e-01 	1.891509e-02 
2.731220e-01 	1.889484e-02 
2.733540e-01 	1.887456e-02 
2.735850e-01 	1.885442e-02 
2.738170e-01 	1.883425e-02 
2.740480e-01 	1.881423e-02 
2.742800e-01 	1.879418e-02 
2.745110e-01 	1.877427e-02 
2.747420e-01 	1.875442e-02 
2.749740e-01 	1.873454e-02 
2.752050e-01 	1.871480e-02 
2.754370e-01 	1.869503e-02 
2.756680e-01 	1.867540e-02 
2.759000e-01 	1.865574e-02 
2.761310e-01 	1.863622e-02 
2.763630e-01 	1.861667e-02 
2.765940e-01 	1.859726e-02 
2.768260e-01 	1.857782e-02 
2.770570e-01 	1.855852e-02 
2.772880e-01 	1.853927e-02 
2.775200e-01 	1.851999e-02 
2.777510e-01 	1.850085e-02 
2.779830e-01 	1.848168e-02 
2.782140e-01 	1.846264e-02 
2.784460e-01 	1.844358e-02 
2.786770e-01 	1.842465e-02 
2.789090e-01 	1.840569e-02 
2.791400e-01 	1.838686e-02 
2.793710e-01 	1.836809e-02 
2.796030e-01 	1.834928e-02 
2.798340e-01 	1.833061e-02 
2.800660e-01 	1.831191e-02 
2.802970e-01 	1.829334e-02 
2.805290e-01 	1.827474e-02 
2.807600e-01 	1.825627e-02 
2.809920e-01 	1.823777e-02 
2.812230e-01 	1.821940e-02 
2.814550e-01 	1.820100e-02 
2.816860e-01 	1.818274e-02 
2.819170e-01 	1.816452e-02 
2.821490e-01 	1.814627e-02 
2.823800e-01 	1.812814e-02 
2.826120e-01 	1.810999e-02 
2.828430e-01 	1.809197e-02 
2.830750e-01 	1.807391e-02 
2.833060e-01 	1.805599e-02 
2.835380e-01 	1.803803e-02 
2.837690e-01 	1.802020e-02 
2.840010e-01 	1.800234e-02 
2.842320e-01 	1.798460e-02 
2.844630e-01 	1.796691e-02 
2.846950e-01 	1.794919e-02 
2.849260e-01 	1.793159e-02 
2.851580e-01 	1.791397e-02 
2.853890e-01 	1.789646e-02 
2.856210e-01 	1.787893e-02 
2.858520e-01 	1.786152e-02 
2.860840e-01 	1.784408e-02 
2.863150e-01 	1.782675e-02 
2.865470e-01 	1.780940e-02 
2.867780e-01 	1.779218e-02 
2.870090e-01 	1.777499e-02 
2.872410e-01 	1.775778e-02 
2.874720e-01 	1.774068e-02 
2.877040e-01 	1.772356e-02 
2.879350e-01 	1.770655e-02 
2.881670e-01 	1.768951e-02 
2.883980e-01 	1.767259e-02 
2.886300e-01 	1.765565e-02 
2.888610e-01 	1.763882e-02 
2.890930e-01 	1.762196e-02 
2.893240e-01 	1.760521e-02 
2.895550e-01 	1.758851e-02 
2.897870e-01 	1.757178e-02 
2.900180e-01 	1.755516e-02 
2.902500e-01 	1.753852e-02 
2.904810e-01 	1.752199e-02 
2.907130e-01 	1.750543e-02 
2.909440e-01 	1.748898e-02 
2.911760e-01 	1.747251e-02 
2.914070e-01 	1.745615e-02 
2.916380e-01 	1.743982e-02 
2.918700e-01 	1.742347e-02 
2.921010e-01 	1.740724e-02 
2.923330e-01 	1.739097e-02 
2.925640e-01 	1.737481e-02 
2.927960e-01 	1.735863e-02 
2.930270e-01 	1.734255e-02 
2.932590e-01 	1.732645e-02 
2.934900e-01 	1.731045e-02 
2.937220e-01 	1.729443e-02 
2.939530e-01 	1.727851e-02 
2.941840e-01 	1.726264e-02 
2.944160e-01 	1.724674e-02 
2.946470e-01 	1.723094e-02 
2.948790e-01 	1.721512e-02 
2.951100e-01 	1.719940e-02 
2.953420e-01 	1.718365e-02 
2.955730e-01 	1.716801e-02 
2.958050e-01 	1.715234e-02 
2.960360e-01 	1.713678e-02 
2.962680e-01 	1.712119e-02 
2.964990e-01 	1.710570e-02 
2.967300e-01 	1.709025e-02 
2.969620e-01 	1.707477e-02 
2.971930e-01 	1.705940e-02 
2.974250e-01 	1.704400e-02 
2.976560e-01 	1.702870e-02 
2.978880e-01 	1.701337e-02 
2.981190e-01 	1.699815e-02 
2.983510e-01 	1.698289e-02 
2.985820e-01 	1.696774e-02 
2.988140e-01 	1.695256e-02 
2.990450e-01 	1.693748e-02 
2.992760e-01 	1.692244e-02 
2.995080e-01 	1.690737e-02 
2.997390e-01 	1.689239e-02 
2.999710e-01 	1.687739e-02 
3.002020e-01 	1.686250e-02 
3.004340e-01 	1.684757e-02 
3.006650e-01 	1.683274e-02 
3.008970e-01 	1.681788e-02 
3.011280e-01 	1.680312e-02 
3.013600e-01 	1.678833e-02 
3.015910e-01 	1.677365e-02 
3.018220e-01 	1.675899e-02 
3.020540e-01 	1.674431e-02 
3.022850e-01 	1.672972e-02 
3.025170e-01 	1.671511e-02 
3.027480e-01 	1.670059e-02 
3.029800e-01 	1.668604e-02 
3.032110e-01 	1.667159e-02 
3.034430e-01 	1.665712e-02 
3.036740e-01 	1.664273e-02 
3.039050e-01 	1.662839e-02 
3.041370e-01 	1.661401e-02 
3.043680e-01 	1.659972e-02 
3.046000e-01 	1.658541e-02 
3.048310e-01 	1.657120e-02 
3.050630e-01 	1.655695e-02 
3.052940e-01 	1.654280e-02 
3.055260e-01 	1.652862e-02 
3.057570e-01 	1.651453e-02 
3.059890e-01 	1.650041e-02 
3.062200e-01 	1.648639e-02 
3.064510e-01 	1.647240e-02 
3.066830e-01 	1.645838e-02 
3.069140e-01 	1.644445e-02 
3.071460e-01 	1.643049e-02 
3.073770e-01 	1.641663e-02 
3.076090e-01 	1.640273e-02 
3.078400e-01 	1.638893e-02 
3.080720e-01 	1.637509e-02 
3.083030e-01 	1.636135e-02 
3.085350e-01 	1.634758e-02 
3.087660e-01 	1.633390e-02 
3.089970e-01 	1.632024e-02 
3.092290e-01 	1.630656e-02 
3.094600e-01 	1.629297e-02 
3.096920e-01 	1.627935e-02 
3.099230e-01 	1.626582e-02 
3.101550e-01 	1.625225e-02 
3.103860e-01 	1.623878e-02 
3.106180e-01 	1.622528e-02 
3.108490e-01 	1.621186e-02 
3.110810e-01 	1.619842e-02 
3.113120e-01 	1.618506e-02 
3.115430e-01 	1.617173e-02 
3.117750e-01 	1.615837e-02 
3.120060e-01 	1.614510e-02 
3.122380e-01 	1.613180e-02 
3.124690e-01 	1.611858e-02 
3.127010e-01 	1.610534e-02 
3.129320e-01 	1.609218e-02 
3.131640e-01 	1.607899e-02 
3.133950e-01 	1.606588e-02 
3.136270e-01 	1.605275e-02 
3.138580e-01 	1.603970e-02 
3.140890e-01 	1.602668e-02 
3.143210e-01 	1.601363e-02 
3.145520e-01 	1.600066e-02 
3.147840e-01 	1.598767e-02 
3.150150e-01 	1.597475e-02 
3.152470e-01 	1.596181e-02 
3.154780e-01 	1.594895e-02 
3.157100e-01 	1.593607e-02 
3.159410e-01 	1.592326e-02 
3.161730e-01 	1.591042e-02 
3.164040e-01 	1.589767e-02 
3.166350e-01 	1.588494e-02 
3.168670e-01 	1.587219e-02 
3.170980e-01 	1.585951e-02 
3.173300e-01 	1.584681e-02 
3.175610e-01 	1.583418e-02 
3.177930e-01 	1.582153e-02 
3.180240e-01 	1.580896e-02 
3.182560e-01 	1.579635e-02 
3.184870e-01 	1.578383e-02 
3.187180e-01 	1.577134e-02 
3.189500e-01 	1.575881e-02 
3.191810e-01 	1.574636e-02 
3.194130e-01 	1.573389e-02 
3.196440e-01 	1.572149e-02 
3.198760e-01 	1.570906e-02 
3.201070e-01 	1.569671e-02 
3.203390e-01 	1.568434e-02 
3.205700e-01 	1.567204e-02 
3.208020e-01 	1.565971e-02 
3.210330e-01 	1.564746e-02 
3.212640e-01 	1.563523e-02 
3.214960e-01 	1.562297e-02 
3.217270e-01 	1.561079e-02 
3.219590e-01 	1.559858e-02 
3.221900e-01 	1.558645e-02 
3.224220e-01 	1.557429e-02 
3.226530e-01 	1.556220e-02 
3.228850e-01 	1.555009e-02 
3.231160e-01 	1.553805e-02 
3.233480e-01 	1.552598e-02 
3.235790e-01 	1.551399e-02 
3.238100e-01 	1.550202e-02 
3.240420e-01 	1.549002e-02 
3.242730e-01 	1.547810e-02 
3.245050e-01 	1.546615e-02 
3.247360e-01 	1.545427e-02 
3.249680e-01 	1.544236e-02 
3.251990e-01 	1.543053e-02 
3.254310e-01 	1.541866e-02 
3.256620e-01 	1.540687e-02 
3.258940e-01 	1.539506e-02 
3.261250e-01 	1.538331e-02 
3.263560e-01 	1.537159e-02 
3.265880e-01 	1.535984e-02 
3.268190e-01 	1.534816e-02 
3.270510e-01 	1.533645e-02 
3.272820e-01 	1.532482e-02 
3.275140e-01 	1.531315e-02 
3.277450e-01 	1.530156e-02 
3.279770e-01 	1.528994e-02 
3.282080e-01 	1.527839e-02 
3.284400e-01 	1.526682e-02 
3.286710e-01 	1.525531e-02 
3.289020e-01 	1.524383e-02 
3.291340e-01 	1.523231e-02 
3.293650e-01 	1.522087e-02 
3.295970e-01 	1.520940e-02 
3.298280e-01 	1.519800e-02 
3.300600e-01 	1.518657e-02 
3.302910e-01 	1.517521e-02 
3.305230e-01 	1.516383e-02 
3.307540e-01 	1.515251e-02 
3.309850e-01 	1.514121e-02 
3.312170e-01 	1.512989e-02 
3.314480e-01 	1.511863e-02 
3.316800e-01 	1.510735e-02 
3.319110e-01 	1.509613e-02 
3.321430e-01 	1.508489e-02 
3.323740e-01 	1.507372e-02 
3.326060e-01 	1.506251e-02 
3.328370e-01 	1.505138e-02 
3.330690e-01 	1.504022e-02 
3.333000e-01 	1.502912e-02 
3.335310e-01 	1.501805e-02 
3.337630e-01 	1.500695e-02 
3.339940e-01 	1.499592e-02 
3.342260e-01 	1.498485e-02 
3.344570e-01 	1.497386e-02 
3.346890e-01 	1.496284e-02 
3.349200e-01 	1.495188e-02 
3.351520e-01 	1.494090e-02 
3.353830e-01 	1.492998e-02 
3.356150e-01 	1.491904e-02 
3.358460e-01 	1.490816e-02 
3.360770e-01 	1.489730e-02 
3.363090e-01 	1.488642e-02 
3.365400e-01 	1.487560e-02 
3.367720e-01 	1.486475e-02 
3.370030e-01 	1.485397e-02 
3.372350e-01 	1.484316e-02 
3.374660e-01 	1.483242e-02 
3.376980e-01 	1.482165e-02 
3.379290e-01 	1.481095e-02 
3.381610e-01 	1.480021e-02 
3.383920e-01 	1.478955e-02 
3.386230e-01 	1.477890e-02 
3.388550e-01 	1.476822e-02 
3.390860e-01 	1.475761e-02 
3.393180e-01 	1.474697e-02 
3.395490e-01 	1.473640e-02 
3.397810e-01 	1.472580e-02 
3.400120e-01 	1.471526e-02 
3.402440e-01 	1.470470e-02 
3.404750e-01 	1.469420e-02 
3.407070e-01 	1.468368e-02 
3.409380e-01 	1.467321e-02 
3.411690e-01 	1.466277e-02 
3.414010e-01 	1.465230e-02 
3.416320e-01 	1.464189e-02 
3.418640e-01 	1.463145e-02 
3.420950e-01 	1.462108e-02 
3.423270e-01 	1.461068e-02 
3.425580e-01 	1.460035e-02 
3.427900e-01 	1.458999e-02 
3.430210e-01 	1.457969e-02 
3.432530e-01 	1.456936e-02 
3.434840e-01 	1.455910e-02 
3.437150e-01 	1.454885e-02 
3.439470e-01 	1.453858e-02 
3.441780e-01 	1.452837e-02 
3.444100e-01 	1.451813e-02 
3.446410e-01 	1.450795e-02 
3.448730e-01 	1.449775e-02 
3.451040e-01 	1.448761e-02 
3.453360e-01 	1.447744e-02 
3.455670e-01 	1.446734e-02 
3.457980e-01 	1.445725e-02 
3.460300e-01 	1.444714e-02 
3.462610e-01 	1.443708e-02 
3.464930e-01 	1.442700e-02 
3.467240e-01 	1.441699e-02 
3.469560e-01 	1.440694e-02 
3.471870e-01 	1.439696e-02 
3.474190e-01 	1.438695e-02 
3.476500e-01 	1.437700e-02 
3.478820e-01 	1.436702e-02 
3.481130e-01 	1.435710e-02 
3.483440e-01 	1.434720e-02 
3.485760e-01 	1.433728e-02 
3.488070e-01 	1.432741e-02 
3.490390e-01 	1.431752e-02 
3.492700e-01 	1.430769e-02 
3.495020e-01 	1.429783e-02 
3.497330e-01 	1.428804e-02 
3.499650e-01 	1.427821e-02 
3.501960e-01 	1.426845e-02 
3.504280e-01 	1.425866e-02 
3.506590e-01 	1.424893e-02 
3.508900e-01 	1.423921e-02 
3.511220e-01 	1.422947e-02 
3.513530e-01 	1.421979e-02 
3.515850e-01 	1.421008e-02 
3.518160e-01 	1.420043e-02 
3.520480e-01 	1.419075e-02 
3.522790e-01 	1.418114e-02 
3.525110e-01 	1.417149e-02 
3.527420e-01 	1.416191e-02 
3.529740e-01 	1.415230e-02 
3.532050e-01 	1.414275e-02 
3.534360e-01 	1.413321e-02 
3.536680e-01 	1.412365e-02 
3.538990e-01 	1.411414e-02 
3.541310e-01 	1.410461e-02 
3.543620e-01 	1.409514e-02 
3.545940e-01 	1.408564e-02 
3.548250e-01 	1.407620e-02 
3.550570e-01 	1.406673e-02 
3.552880e-01 	1.405732e-02 
3.555200e-01 	1.404789e-02 
3.557510e-01 	1.403851e-02 
3.559820e-01 	1.402914e-02 
3.562140e-01 	1.401975e-02 
3.564450e-01 	1.401042e-02 
3.566770e-01 	1.400106e-02 
3.569080e-01 	1.399176e-02 
3.571400e-01 	1.398243e-02 
3.573710e-01 	1.397316e-02 
3.576030e-01 	1.396386e-02 
3.578340e-01 	1.395462e-02 
3.580650e-01 	1.394540e-02 
3.582970e-01 	1.393615e-02 
3.585280e-01 	1.392695e-02 
3.587600e-01 	1.391773e-02 
3.589910e-01 	1.390856e-02 
3.592230e-01 	1.389937e-02 
3.594540e-01 	1.389023e-02 
3.596860e-01 	1.388107e-02 
3.599170e-01 	1.387196e-02 
3.601490e-01 	1.386283e-02 
3.603800e-01 	1.385375e-02 
3.606110e-01 	1.384469e-02 
3.608430e-01 	1.383560e-02 
3.610740e-01 	1.382656e-02 
3.613060e-01 	1.381750e-02 
3.615370e-01 	1.380850e-02 
3.617690e-01 	1.379946e-02 
3.620000e-01 	1.379049e-02 
3.622320e-01 	1.378148e-02 
3.624630e-01 	1.377253e-02 
3.626950e-01 	1.376356e-02 
3.629260e-01 	1.375464e-02 
3.631570e-01 	1.374573e-02 
3.633890e-01 	1.373680e-02 
3.636200e-01 	1.372792e-02 
3.638520e-01 	1.371901e-02 
3.640830e-01 	1.371016e-02 
3.643150e-01 	1.370128e-02 
3.645460e-01 	1.369246e-02 
3.647780e-01 	1.368361e-02 
3.650090e-01 	1.367481e-02 
3.652410e-01 	1.366599e-02 
3.654720e-01 	1.365722e-02 
3.657030e-01 	1.364846e-02 
3.659350e-01 	1.363968e-02 
3.661660e-01 	1.363095e-02 
3.663980e-01 	1.362219e-02 
3.666290e-01 	1.361349e-02 
3.668610e-01 	1.360476e-02 
3.670920e-01 	1.359608e-02 
3.673240e-01 	1.358738e-02 
3.675550e-01 	1.357873e-02 
3.677870e-01 	1.357005e-02 
3.680180e-01 	1.356142e-02 
3.682490e-01 	1.355281e-02 
3.684810e-01 	1.354417e-02 
3.687120e-01 	1.353559e-02 
3.689440e-01 	1.352697e-02 
3.691750e-01 	1.351841e-02 
3.694070e-01 	1.350983e-02 
3.696380e-01 	1.350129e-02 
3.698700e-01 	1.349273e-02 
3.701010e-01 	1.348422e-02 
3.703330e-01 	1.347568e-02 
3.705640e-01 	1.346719e-02 
3.707950e-01 	1.345872e-02 
3.710270e-01 	1.345022e-02 
3.712580e-01 	1.344177e-02 
3.714900e-01 	1.343329e-02 
3.717210e-01 	1.342487e-02 
3.719530e-01 	1.341642e-02 
3.721840e-01 	1.340801e-02 
3.724160e-01 	1.339959e-02 
3.726470e-01 	1.339121e-02 
3.728780e-01 	1.338284e-02 
3.731100e-01 	1.337445e-02 
3.733410e-01 	1.336611e-02 
3.735730e-01 	1.335774e-02 
3.738040e-01 	1.334942e-02 
3.740360e-01 	1.334108e-02 
3.742670e-01 	1.333278e-02 
3.744990e-01 	1.332446e-02 
3.747300e-01 	1.331618e-02 
3.749620e-01 	1.330789e-02 
3.751930e-01 	1.329963e-02 
3.754240e-01 	1.329139e-02 
3.756560e-01 	1.328313e-02 
3.758870e-01 	1.327491e-02 
3.761190e-01 	1.326667e-02 
3.763500e-01 	1.325848e-02 
3.765820e-01 	1.325026e-02 
3.768130e-01 	1.324208e-02 
3.770450e-01 	1.323389e-02 
3.772760e-01 	1.322574e-02 
3.775080e-01 	1.321756e-02 
3.777390e-01 	1.320943e-02 
3.779700e-01 	1.320131e-02 
3.782020e-01 	1.319317e-02 
3.784330e-01 	1.318508e-02 
3.786650e-01 	1.317695e-02 
3.788960e-01 	1.316888e-02 
3.791280e-01 	1.316078e-02 
3.793590e-01 	1.315273e-02 
3.795910e-01 	1.314465e-02 
3.798220e-01 	1.313662e-02 
3.800540e-01 	1.312856e-02 
3.802850e-01 	1.312055e-02 
3.805160e-01 	1.311255e-02 
3.807480e-01 	1.310452e-02 
3.809790e-01 	1.309654e-02 
3.812110e-01 	1.308853e-02 
3.814420e-01 	1.308057e-02 
3.816740e-01 	1.307259e-02 
3.819050e-01 	1.306465e-02 
3.821370e-01 	1.305668e-02 
3.823680e-01 	1.304876e-02 
3.826000e-01 	1.304082e-02 
3.828310e-01 	1.303292e-02 
3.830620e-01 	1.302503e-02 
3.832940e-01 	1.301712e-02 
3.835250e-01 	1.300925e-02 
3.837570e-01 	1.300135e-02 
3.839880e-01 	1.299350e-02 
3.842200e-01 	1.298563e-02 
3.844510e-01 	1.297780e-02 
3.846830e-01 	1.296994e-02 
3.849140e-01 	1.296213e-02 
3.851450e-01 	1.295433e-02 
3.853770e-01 	1.294650e-02 
3.856080e-01 	1.293872e-02 
3.858400e-01 	1.293091e-02 
3.860710e-01 	1.292314e-02 
3.863030e-01 	1.291535e-02 
3.865340e-01 	1.290761e-02 
3.867660e-01 	1.289984e-02 
3.869970e-01 	1.289211e-02 
3.872290e-01 	1.288436e-02 
3.874600e-01 	1.287665e-02 
3.876910e-01 	1.286895e-02 
3.879230e-01 	1.286123e-02 
3.881540e-01 	1.285354e-02 
3.883860e-01 	1.284584e-02 
3.886170e-01 	1.283817e-02 
3.888490e-01 	1.283049e-02 
3.890800e-01 	1.282284e-02 
3.893120e-01 	1.281517e-02 
3.895430e-01 	1.280754e-02 
3.897750e-01 	1.279989e-02 
3.900060e-01 	1.279228e-02 
3.902370e-01 	1.278468e-02 
3.904690e-01 	1.277705e-02 
3.907000e-01 	1.276947e-02 
3.909320e-01 	1.276186e-02 
3.911630e-01 	1.275430e-02 
3.913950e-01 	1.274671e-02 
3.916260e-01 	1.273916e-02 
3.918580e-01 	1.273158e-02 
3.920890e-01 	1.272405e-02 
3.923210e-01 	1.271649e-02 
3.925520e-01 	1.270898e-02 
3.927830e-01 	1.270147e-02 
3.930150e-01 	1.269394e-02 
3.932460e-01 	1.268645e-02 
3.934780e-01 	1.267894e-02 
3.937090e-01 	1.267146e-02 
3.939410e-01 	1.266396e-02 
3.941720e-01 	1.265651e-02 
3.944040e-01 	1.264903e-02 
3.946350e-01 	1.264159e-02 
3.948670e-01 	1.263412e-02 
3.950980e-01 	1.262670e-02 
3.953290e-01 	1.261928e-02 
3.955610e-01 	1.261184e-02 
3.957920e-01 	1.260444e-02 
3.960240e-01 	1.259701e-02 
3.962550e-01 	1.258963e-02 
3.964870e-01 	1.258222e-02 
3.967180e-01 	1.257485e-02 
3.969500e-01 	1.256746e-02 
3.971810e-01 	1.256010e-02 
3.974130e-01 	1.255273e-02 
3.976440e-01 	1.254539e-02 
3.978750e-01 	1.253806e-02 
3.981070e-01 	1.253070e-02 
3.983380e-01 	1.252339e-02 
3.985700e-01 	1.251605e-02 
3.988010e-01 	1.250875e-02 
3.990330e-01 	1.250142e-02 
3.992640e-01 	1.249414e-02 
3.994960e-01 	1.248683e-02 
3.997270e-01 	1.247956e-02 
3.999580e-01 	1.247229e-02 
4.001900e-01 	1.246501e-02 
4.004210e-01 	1.245776e-02 
4.006530e-01 	1.245048e-02 
4.008840e-01 	1.244325e-02 
4.011160e-01 	1.243599e-02 
4.013470e-01 	1.242877e-02 
4.015790e-01 	1.242153e-02 
4.018100e-01 	1.241432e-02 
4.020420e-01 	1.240709e-02 
4.022730e-01 	1.239990e-02 
4.025040e-01 	1.239272e-02 
4.027360e-01 	1.238551e-02 
4.029670e-01 	1.237834e-02 
4.031990e-01 	1.237114e-02 
4.034300e-01 	1.236399e-02 
4.036620e-01 	1.235681e-02 
4.038930e-01 	1.234966e-02 
4.041250e-01 	1.234250e-02 
4.043560e-01 	1.233537e-02 
4.045880e-01 	1.232821e-02 
4.048190e-01 	1.232110e-02 
4.050500e-01 	1.231399e-02 
4.052820e-01 	1.230685e-02 
4.055130e-01 	1.229976e-02 
4.057450e-01 	1.229264e-02 
4.059760e-01 	1.228555e-02 
4.062080e-01 	1.227844e-02 
4.064390e-01 	1.227137e-02 
4.066710e-01 	1.226428e-02 
4.069020e-01 	1.225722e-02 
4.071340e-01 	1.225014e-02 
4.073650e-01 	1.224310e-02 
4.075960e-01 	1.223606e-02 
4.078280e-01 	1.222899e-02 
4.080590e-01 	1.222197e-02 
4.082910e-01 	1.221492e-02 
4.085220e-01 	1.220790e-02 
4.087540e-01 	1.220087e-02 
4.089850e-01 	1.219386e-02 
4.092170e-01 	1.218684e-02 
4.094480e-01 	1.217985e-02 
4.096800e-01 	1.217284e-02 
4.099110e-01 	1.216586e-02 
4.101420e-01 	1.215889e-02 
4.103740e-01 	1.215189e-02 
4.106050e-01 	1.214493e-02 
4.108370e-01 	1.213795e-02 
4.110680e-01 	1.213100e-02 
4.113000e-01 	1.212403e-02 
4.115310e-01 	1.211710e-02 
4.117630e-01 	1.211014e-02 
4.119940e-01 	1.210321e-02 
4.122250e-01 	1.209629e-02 
4.124570e-01 	1.208935e-02 
4.126880e-01 	1.208244e-02 
4.129200e-01 	1.207551e-02 
4.131510e-01 	1.206862e-02 
4.133830e-01 	1.206170e-02 
4.136140e-01 	1.205481e-02 
4.138460e-01 	1.204790e-02 
4.140770e-01 	1.204103e-02 
4.143090e-01 	1.203413e-02 
4.145400e-01 	1.202727e-02 
4.147710e-01 	1.202041e-02 
4.150030e-01 	1.201353e-02 
4.152340e-01 	1.200668e-02 
4.154660e-01 	1.199981e-02 
4.156970e-01 	1.199298e-02 
4.159290e-01 	1.198612e-02 
4.161600e-01 	1.197929e-02 
4.163920e-01 	1.197244e-02 
4.166230e-01 	1.196563e-02 
4.168550e-01 	1.195879e-02 
4.170860e-01 	1.195199e-02 
4.173170e-01 	1.194519e-02 
4.175490e-01 	1.193837e-02 
4.177800e-01 	1.193158e-02 
4.180120e-01 	1.192476e-02 
4.182430e-01 	1.191799e-02 
4.184750e-01 	1.191118e-02 
4.187060e-01 	1.190442e-02 
4.189380e-01 	1.189762e-02 
4.191690e-01 	1.189087e-02 
4.194010e-01 	1.188409e-02 
4.196320e-01 	1.187734e-02 
4.198630e-01 	1.187059e-02 
4.200950e-01 	1.186383e-02 
4.203260e-01 	1.185710e-02 
4.205580e-01 	1.185034e-02 
4.207890e-01 	1.184362e-02 
4.210210e-01 	1.183687e-02 
4.212520e-01 	1.183015e-02 
4.214840e-01 	1.182342e-02 
4.217150e-01 	1.181671e-02 
4.219470e-01 	1.180999e-02 
4.221780e-01 	1.180329e-02 
4.224090e-01 	1.179660e-02 
4.226410e-01 	1.178989e-02 
4.228720e-01 	1.178321e-02 
4.231040e-01 	1.177651e-02 
4.233350e-01 	1.176984e-02 
4.235670e-01 	1.176314e-02 
4.237980e-01 	1.175648e-02 
4.240300e-01 	1.174980e-02 
4.242610e-01 	1.174315e-02 
4.244930e-01 	1.173647e-02 
4.247240e-01 	1.172983e-02 
4.249550e-01 	1.172319e-02 
4.251870e-01 	1.171653e-02 
4.254180e-01 	1.170990e-02 
4.256500e-01 	1.170325e-02 
4.258810e-01 	1.169663e-02 
4.261130e-01 	1.168999e-02 
4.263440e-01 	1.168338e-02 
4.265760e-01 	1.167675e-02 
4.268070e-01 	1.167014e-02 
4.270380e-01 	1.166355e-02 
4.272700e-01 	1.165693e-02 
4.275010e-01 	1.165034e-02 
4.277330e-01 	1.164373e-02 
4.279640e-01 	1.163715e-02 
4.281960e-01 	1.163055e-02 
4.284270e-01 	1.162398e-02 
4.286590e-01 	1.161739e-02 
4.288900e-01 	1.161083e-02 
4.291220e-01 	1.160424e-02 
4.293530e-01 	1.159769e-02 
4.295840e-01 	1.159115e-02 
4.298160e-01 	1.158457e-02 
4.300470e-01 	1.157804e-02 
4.302790e-01 	1.157147e-02 
4.305100e-01 	1.156494e-02 
4.307420e-01 	1.155839e-02 
4.309730e-01 	1.155187e-02 
4.312050e-01 	1.154533e-02 
4.314360e-01 	1.153881e-02 
4.316680e-01 	1.153228e-02 
4.318990e-01 	1.152578e-02 
4.321300e-01 	1.151928e-02 
4.323620e-01 	1.151275e-02 
4.325930e-01 	1.150626e-02 
4.328250e-01 	1.149975e-02 
4.330560e-01 	1.149327e-02 
4.332880e-01 	1.148676e-02 
4.335190e-01 	1.148029e-02 
4.337510e-01 	1.147379e-02 
4.339820e-01 	1.146733e-02 
4.342140e-01 	1.146084e-02 
4.344450e-01 	1.145438e-02 
4.346760e-01 	1.144793e-02 
4.349080e-01 	1.144146e-02 
4.351390e-01 	1.143501e-02 
4.353710e-01 	1.142855e-02 
4.356020e-01 	1.142211e-02 
4.358340e-01 	1.141565e-02 
4.360650e-01 	1.140923e-02 
4.362970e-01 	1.140277e-02 
4.365280e-01 	1.139636e-02 
4.367600e-01 	1.138991e-02 
4.369910e-01 	1.138350e-02 
4.372220e-01 	1.137710e-02 
4.374540e-01 	1.137067e-02 
4.376850e-01 	1.136427e-02 
4.379170e-01 	1.135785e-02 
4.381480e-01 	1.135146e-02 
4.383800e-01 	1.134505e-02 
4.386110e-01 	1.133867e-02 
4.388430e-01 	1.133226e-02 
4.390740e-01 	1.132589e-02 
4.393050e-01 	1.131952e-02 
4.395370e-01 	1.131313e-02 
4.397680e-01 	1.130676e-02 
4.400000e-01 	1.130038e-02 
4.402310e-01 	1.129403e-02 
4.404630e-01 	1.128765e-02 
4.406940e-01 	1.128131e-02 
4.409260e-01 	1.127494e-02 
4.411570e-01 	1.126860e-02 
4.413890e-01 	1.126224e-02 
4.416200e-01 	1.125591e-02 
4.418510e-01 	1.124959e-02 
4.420830e-01 	1.124324e-02 
4.423140e-01 	1.123692e-02 
4.425460e-01 	1.123058e-02 
4.427770e-01 	1.122427e-02 
4.430090e-01 	1.121794e-02 
4.432400e-01 	1.121164e-02 
4.434720e-01 	1.120531e-02 
4.437030e-01 	1.119902e-02 
4.439350e-01 	1.119270e-02 
4.441660e-01 	1.118642e-02 
4.443970e-01 	1.118014e-02 
4.446290e-01 	1.117383e-02 
4.448600e-01 	1.116756e-02 
4.450920e-01 	1.116126e-02 
4.453230e-01 	1.115500e-02 
4.455550e-01 	1.114871e-02 
4.457860e-01 	1.114245e-02 
4.460180e-01 	1.113617e-02 
4.462490e-01 	1.112992e-02 
4.464810e-01 	1.112365e-02 
4.467120e-01 	1.111741e-02 
4.469430e-01 	1.111117e-02 
4.471750e-01 	1.110491e-02 
4.474060e-01 	1.109868e-02 
4.476380e-01 	1.109242e-02 
4.478690e-01 	1.108620e-02 
4.481010e-01 	1.107995e-02 
4.483320e-01 	1.107374e-02 
4.485640e-01 	1.106750e-02 
4.487950e-01 	1.106129e-02 
4.490270e-01 	1.105506e-02 
4.492580e-01 	1.104886e-02 
4.494890e-01 	1.104267e-02 
4.497210e-01 	1.103645e-02 
4.499520e-01 	1.103026e-02 
4.501840e-01 	1.102405e-02 
4.504150e-01 	1.101787e-02 
4.506470e-01 	1.101166e-02 
4.508780e-01 	1.100549e-02 
4.511100e-01 	1.099929e-02 
4.513410e-01 	1.099312e-02 
4.515730e-01 	1.098693e-02 
4.518040e-01 	1.098077e-02 
4.520350e-01 	1.097462e-02 
4.522670e-01 	1.096844e-02 
4.524980e-01 	1.096229e-02 
4.527300e-01 	1.095612e-02 
4.529610e-01 	1.094998e-02 
4.531930e-01 	1.094382e-02 
4.534240e-01 	1.093768e-02 
4.536560e-01 	1.093153e-02 
4.538870e-01 	1.092540e-02 
4.541180e-01 	1.091928e-02 
4.543500e-01 	1.091313e-02 
4.545810e-01 	1.090701e-02 
4.548130e-01 	1.090088e-02 
4.550440e-01 	1.089477e-02 
4.552760e-01 	1.088864e-02 
4.555070e-01 	1.088253e-02 
4.557390e-01 	1.087641e-02 
4.559700e-01 	1.087032e-02 
4.562020e-01 	1.086420e-02 
4.564330e-01 	1.085811e-02 
4.566640e-01 	1.085203e-02 
4.568960e-01 	1.084592e-02 
4.571270e-01 	1.083985e-02 
4.573590e-01 	1.083375e-02 
4.575900e-01 	1.082768e-02 
4.578220e-01 	1.082158e-02 
4.580530e-01 	1.081552e-02 
4.582850e-01 	1.080944e-02 
4.585160e-01 	1.080338e-02 
4.587480e-01 	1.079730e-02 
4.589790e-01 	1.079126e-02 
4.592100e-01 	1.078521e-02 
4.594420e-01 	1.077914e-02 
4.596730e-01 	1.077310e-02 
4.599050e-01 	1.076704e-02 
4.601360e-01 	1.076101e-02 
4.603680e-01 	1.075496e-02 
4.605990e-01 	1.074893e-02 
4.608310e-01 	1.074289e-02 
4.610620e-01 	1.073687e-02 
4.612940e-01 	1.073083e-02 
4.615250e-01 	1.072482e-02 
4.617560e-01 	1.071881e-02 
4.619880e-01 	1.071278e-02 
4.622190e-01 	1.070678e-02 
4.624510e-01 	1.070076e-02 
4.626820e-01 	1.069476e-02 
4.629140e-01 	1.068875e-02 
4.631450e-01 	1.068276e-02 
4.633770e-01 	1.067675e-02 
4.636080e-01 	1.067077e-02 
4.638400e-01 	1.066476e-02 
4.640710e-01 	1.065879e-02 
4.643020e-01 	1.065282e-02 
4.645340e-01 	1.064682e-02 
4.647650e-01 	1.064086e-02 
4.649970e-01 	1.063487e-02 
4.652280e-01 	1.062891e-02 
4.654600e-01 	1.062293e-02 
4.656910e-01 	1.061698e-02 
4.659230e-01 	1.061100e-02 
4.661540e-01 	1.060506e-02 
4.663850e-01 	1.059911e-02 
4.666170e-01 	1.059315e-02 
4.668480e-01 	1.058721e-02 
4.670800e-01 	1.058125e-02 
4.673110e-01 	1.057532e-02 
4.675430e-01 	1.056937e-02 
4.677740e-01 	1.056344e-02 
4.680060e-01 	1.055750e-02 
4.682370e-01 	1.055158e-02 
4.684690e-01 	1.054564e-02 
4.687000e-01 	1.053973e-02 
4.689310e-01 	1.053382e-02 
4.691630e-01 	1.052789e-02 
4.693940e-01 	1.052199e-02 
4.696260e-01 	1.051606e-02 
4.698570e-01 	1.051016e-02 
4.700890e-01 	1.050425e-02 
4.703200e-01 	1.049836e-02 
4.705520e-01 	1.049244e-02 
4.707830e-01 	1.048656e-02 
4.710150e-01 	1.048065e-02 
4.712460e-01 	1.047478e-02 
4.714770e-01 	1.046890e-02 
4.717090e-01 	1.046300e-02 
4.719400e-01 	1.045714e-02 
4.721720e-01 	1.045124e-02 
4.724030e-01 	1.044538e-02 
4.726350e-01 	1.043950e-02 
4.728660e-01 	1.043364e-02 
4.730980e-01 	1.042776e-02 
4.733290e-01 	1.042191e-02 
4.735610e-01 	1.041604e-02 
4.737920e-01 	1.041019e-02 
4.740230e-01 	1.040435e-02 
4.742550e-01 	1.039849e-02 
4.744860e-01 	1.039265e-02 
4.747180e-01 	1.038679e-02 
4.749490e-01 	1.038097e-02 
4.751810e-01 	1.037511e-02 
4.754120e-01 	1.036929e-02 
4.756440e-01 	1.036344e-02 
4.758750e-01 	1.035763e-02 
4.761070e-01 	1.035179e-02 
4.763380e-01 	1.034598e-02 
4.765690e-01 	1.034017e-02 
4.768010e-01 	1.033434e-02 
4.770320e-01 	1.032854e-02 
4.772640e-01 	1.032271e-02 
4.774950e-01 	1.031692e-02 
4.777270e-01 	1.031110e-02 
4.779580e-01 	1.030531e-02 
4.781900e-01 	1.029950e-02 
4.784210e-01 	1.029372e-02 
4.786530e-01 	1.028791e-02 
4.788840e-01 	1.028213e-02 
4.791150e-01 	1.027636e-02 
4.793470e-01 	1.027057e-02 
4.795780e-01 	1.026480e-02 
4.798100e-01 	1.025901e-02 
4.800410e-01 	1.025325e-02 
4.802730e-01 	1.024747e-02 
4.805040e-01 	1.024172e-02 
4.807360e-01 	1.023594e-02 
4.809670e-01 	1.023019e-02 
4.811980e-01 	1.022445e-02 
4.814300e-01 	1.021869e-02 
4.816610e-01 	1.021295e-02 
4.818930e-01 	1.020719e-02 
4.821240e-01 	1.020146e-02 
4.823560e-01 	1.019571e-02 
4.825870e-01 	1.018999e-02 
4.828190e-01 	1.018425e-02 
4.830500e-01 	1.017853e-02 
4.832820e-01 	1.017280e-02 
4.835130e-01 	1.016709e-02 
4.837440e-01 	1.016139e-02 
4.839760e-01 	1.015566e-02 
4.842070e-01 	1.014996e-02 
4.844390e-01 	1.014425e-02 
4.846700e-01 	1.013856e-02 
4.849020e-01 	1.013285e-02 
4.851330e-01 	1.012717e-02 
4.853650e-01 	1.012146e-02 
4.855960e-01 	1.011579e-02 
4.858280e-01 	1.011010e-02 
4.860590e-01 	1.010443e-02 
4.862900e-01 	1.009877e-02 
4.865220e-01 	1.009308e-02 
4.867530e-01 	1.008743e-02 
4.869850e-01 	1.008175e-02 
4.872160e-01 	1.007611e-02 
4.874480e-01 	1.007044e-02 
4.876790e-01 	1.006480e-02 
4.879110e-01 	1.005914e-02 
4.881420e-01 	1.005351e-02 
4.883740e-01 	1.004785e-02 
4.886050e-01 	1.004223e-02 
4.888360e-01 	1.003661e-02 
4.890680e-01 	1.003096e-02 
4.892990e-01 	1.002535e-02 
4.895310e-01 	1.001971e-02 
4.897620e-01 	1.001411e-02 
4.899940e-01 	1.000848e-02 
4.902250e-01 	1.000287e-02 
4.904570e-01 	9.997252e-03 
4.906880e-01 	9.991656e-03 
4.909200e-01 	9.986039e-03 
4.911510e-01 	9.980449e-03 
4.913820e-01 	9.974862e-03 
4.916140e-01 	9.969254e-03 
4.918450e-01 	9.963672e-03 
4.920770e-01 	9.958069e-03 
4.923080e-01 	9.952493e-03 
4.925400e-01 	9.946895e-03 
4.927710e-01 	9.941323e-03 
4.930030e-01 	9.935729e-03 
4.932340e-01 	9.930161e-03 
4.934650e-01 	9.924596e-03 
4.936970e-01 	9.919008e-03 
4.939280e-01 	9.913447e-03 
4.941600e-01 	9.907863e-03 
4.943910e-01 	9.902305e-03 
4.946230e-01 	9.896724e-03 
4.948540e-01 	9.891169e-03 
4.950860e-01 	9.885592e-03 
4.953170e-01 	9.880040e-03 
4.955490e-01 	9.874465e-03 
4.957800e-01 	9.868915e-03 
4.960110e-01 	9.863367e-03 
4.962430e-01 	9.857795e-03 
4.964740e-01 	9.852249e-03 
4.967060e-01 	9.846679e-03 
4.969370e-01 	9.841134e-03 
4.971690e-01 	9.835566e-03 
4.974000e-01 	9.830022e-03 
4.976320e-01 	9.824455e-03 
4.978630e-01 	9.818913e-03 
4.980950e-01 	9.813346e-03 
4.983260e-01 	9.807804e-03 
4.985570e-01 	9.802262e-03 
4.987890e-01 	9.796697e-03 
4.990200e-01 	9.791155e-03 
4.992520e-01 	9.785589e-03 
4.994830e-01 	9.780047e-03 
4.997150e-01 	9.774481e-03 
4.999460e-01 	9.768938e-03 
