 # q,I,sigma
 # errors rescaled with constant factor:   0.344626814    
 # factor also written to scale_factor.d
   5.35209998E-02   17.6049995       21.2900105    
   5.65109998E-02   28.2749996       17.0645409    
   5.95009997E-02   68.9769974       14.9226856    
   6.24909997E-02   34.4440002       11.2141571    
   6.54809996E-02   29.5389996       9.30595779    
   6.84709996E-02   24.3939991       8.18729877    
   7.14619979E-02   34.3139992       7.76099586    
   7.44519979E-02   40.1689987       7.03211021    
   7.74409994E-02   27.6910000       6.33699799    
   8.04319978E-02   31.2689991       6.01098061    
   8.34209993E-02   36.9799995       5.42029047    
   8.64119977E-02   38.3880005       5.12701321    
   8.94019976E-02   39.8670006       4.68347836    
   9.23919976E-02   42.3979988       4.43259001    
   9.53819975E-02   38.3260002       4.17687702    
   9.83719975E-02   43.7169991       3.82432389    
  0.101360001       41.3979988       3.69853520    
  0.104350001       34.4469986       3.39512539    
  0.107340001       37.8580017       3.26010060    
  0.110330001       42.9440002       3.06473207    
  0.113320000       34.7000008       2.94362998    
  0.116310000       40.9990005       2.77627897    
  0.119300000       34.1139984       2.58253002    
  0.122290000       40.6599998       2.52428794    
  0.125279993       41.7820015       2.39843035    
  0.128270000       38.9990005       2.29169941    
  0.131259993       38.3720016       2.20847201    
  0.134250000       40.0379982       2.09367681    
  0.137239993       40.5760002       2.04284430    
  0.140230000       37.3639984       1.93118536    
  0.143220007       35.9459991       1.87811267    
  0.146210000       41.1230011       1.81359851    
  0.149200007       40.6860008       1.72461605    
  0.152190000       36.8479996       1.70111239    
  0.155180007       38.2270012       1.60072267    
  0.158170000       43.4119987       1.57656419    
  0.161160007       35.5890007       1.52614534    
  0.164150000       39.6409988       1.47638130    
  0.167140007       39.5890007       1.45298123    
  0.170130000       40.0709991       1.37871397    
  0.173120007       38.6389999       1.39311934    
  0.176109999       37.5579987       1.32705438    
  0.179100007       38.1829987       1.29476297    
  0.182089999       39.8979988       1.27894461    
  0.185080007       38.8440018       1.22449362    
  0.188069999       37.0019989       1.22563088    
  0.191060007       37.1049995       1.17214477    
  0.194049999       39.1300011       1.15239763    
  0.197040007       38.4510002       1.13644135    
  0.200029999       37.8349991       1.11049104    
  0.203020006       37.4650002       1.10294366    
  0.206009999       37.3019981       1.06686127    
  0.209000006       36.5629997       1.04956102    
  0.211989999       38.0000000       1.02657437    
  0.214980006       38.4659996       1.01299608    
  0.217969999       36.7729988      0.998314977    
  0.220960006       37.8339996      0.969297349    
  0.223949999       35.4809990      0.980187535    
  0.226940006       35.3470001      0.944759965    
  0.229929999       36.0379982      0.937660635    
  0.232920006       37.9379997      0.918568313    
  0.235909998       37.5690002      0.901957273    
  0.238900006       35.8820000      0.904886603    
  0.241889998       37.0849991      0.883795500    
  0.244880006       34.1790009      0.878040195    
  0.247869998       33.6399994      0.870492816    
  0.250860006       35.5349998      0.859947324    
  0.253850013       34.9220009      0.870975316    
  0.256839991       35.4179993      0.866736472    
  0.259829998       34.4379997      0.898717821    
  0.262820005       36.6010017      0.892617941    
  0.265810013       35.0470009      0.901268065    
  0.268799990       35.8820000      0.899613798    
  0.271789998       34.8689995      0.899131358    
  0.274780005       34.5419998      0.911055446    
  0.277770013       34.3930016      0.900820017    
  0.280759990       34.9720001      0.909918189    
  0.283749998       32.6679993      0.908815384    
  0.286740005       34.7350006      0.900027335    
  0.289730012       33.6339989      0.915776849    
  0.292719990       32.5439987      0.905196786    
  0.295709997       34.5320015      0.921945632    
  0.298700005       34.5940018      0.904059529    
  0.301690012       32.4760017      0.912675142    
  0.304679990       32.9589996      0.913226604    
  0.307669997       33.1030006      0.877419889    
  0.310660005       32.3139992      0.878178000    
  0.313650012       33.2169991      0.842302382    
  0.316639990       30.4720001      0.859361410    
  0.319629997       32.2299995      0.833790123    
  0.322620004       32.6110001      0.814146399    
  0.325610012       33.0359993      0.830516160    
  0.328599989       33.0499992      0.807977617    
  0.331589997       31.9880009      0.810906887    
  0.334580004       34.1080017      0.785059929    
  0.337570012       31.1089993      0.794468164    
  0.340559989       31.0860004      0.792917430    
  0.343549997       30.6709995      0.798844993    
  0.346540004       32.5979996      0.816110730    
  0.349530011       29.7430000      0.818316400    
  0.352519989       30.0919991      0.831515610    
  0.355509996       32.4869995      0.818523109    
  0.358500004       31.2409992      0.815249205    
  0.361490011       30.2430000      0.820728779    
  0.364479989       30.5510006      0.817868352    
  0.367469996       31.3600006      0.825622439    
  0.370460004       29.3570004      0.824485183    
  0.373450011       29.5450001      0.819488049    
  0.376439989       29.8939991      0.821452498    
  0.379429996       30.5690002      0.806840360    
  0.382420003       28.6509991      0.817213535    
  0.385410011       28.5650005      0.815766156    
  0.388399988       29.8579998      0.808046520    
  0.391389996       29.4799995      0.819040120    
  0.394380003       27.9230003      0.806047678    
  0.397370011       28.7080002      0.815076828    
  0.400359988       28.5960007      0.807564020    
  0.403349996       28.6429996      0.816076279    
  0.406340003       28.1790009      0.822520792    
  0.409330010       28.6529999      0.798224628    
  0.412319988       30.5109997      0.816145241    
  0.415309995       27.3929996      0.810321033    
  0.418300003       26.7549992      0.820487499    
  0.421290010       28.1569996      0.808942556    
  0.424279988       28.0590000      0.816524267    
  0.427269995       27.0769997      0.820073962    
  0.430260003       27.3500004      0.801222861    
  0.433250010       27.6359997      0.807770789    
  0.436239988       26.9699993      0.796018958    
  0.439229995       27.4890003      0.803910971    
  0.442220002       28.0510006      0.801016092    
  0.445210010       26.2019997      0.800120115    
  0.448199987       26.2849998      0.804014325    
  0.451189995       27.1989994      0.788506210    
  0.454180002       26.9950008      0.800568044    
  0.457170010       26.4850006      0.781751454    
  0.460159987       24.3579998      0.795571029    
  0.463149995       26.2940006      0.791538835    
  0.466140002       25.4930000      0.787679017    
  0.469130009       23.7889996      0.793710053    
  0.472119987       24.7509995      0.775582612    
  0.475109994       25.4750004      0.786059320    
  0.478100002       25.2749996      0.781889319    
  0.481090009       25.8530006      0.777650416    
  0.484079987       24.4349995      0.779339075    
  0.487069994       24.3239994      0.773411512    
  0.490060002       24.4689999      0.776168466    
  0.493050009       24.0690002      0.770172060    
  0.496039987       24.1149998      0.776582122    
  0.499029994       24.9559994      0.768207610    
  0.502020001       24.4370003      0.776030660    
  0.505010009       24.5389996      0.768345475    
  0.508000016       23.8269997      0.760177851    
  0.510990024       24.7959995      0.767690718    
  0.513979971       24.5680008      0.762417912    
  0.516969979       22.3820000      0.765933096    
  0.519959986       21.6690006      0.771240354    
  0.522949994       24.8820000      0.745324373    
  0.525940001       22.8670006      0.761659682    
  0.528930008       22.2800007      0.756903887    
  0.531920016       22.3540001      0.753767788    
  0.534910023       21.4930000      0.762038827    
  0.537899971       22.8780003      0.746461630    
  0.540889978       23.2469997      0.754801691    
  0.543879986       21.8540001      0.745221019    
  0.546869993       22.1149998      0.755042911    
  0.549860001       20.8880005      0.746565104    
  0.552850008       21.2159996      0.748736203    
  0.555840015       21.0370007      0.756834924    
  0.558830023       21.1130009      0.735709310    
  0.561819971       22.1289997      0.745117664    
  0.564809978       20.9769993      0.745117664    
  0.567799985       20.8969994      0.740430713    
  0.570789993       20.0070000      0.746358275    
  0.573780000       19.7310009      0.734020650    
  0.576770008       20.5730000      0.739327848    
  0.579760015       20.2360001      0.730195284    
  0.582750022       20.6840000      0.730022967    
  0.585739970       19.9659996      0.733917296    
  0.588729978       19.9090004      0.733124614    
  0.591719985       19.6420002      0.732366383    
  0.594709992       20.1779995      0.726507783    
  0.597700000       20.4599991      0.733882785    
  0.600690007       20.4769993      0.715514183    
  0.603680015       19.4179993      0.723061502    
  0.606670022       19.7409992      0.730022967    
  0.609660029       19.3349991      0.722441137    
  0.612649977       19.1219997      0.724164307    
  0.615639985       17.8589993      0.723578513    
  0.618629992       19.4930000      0.717995524    
  0.621619999       18.8460007      0.718443573    
  0.624610007       17.5380001      0.721269488    
  0.627600014       18.8279991      0.720580161    
  0.630599976       18.5289993      0.709276438    
  0.633580029       18.2169991      0.717444122    
  0.636579990       18.2380009      0.712343574    
  0.639559984       17.6100006      0.711206317    
  0.642549992       17.0079994      0.716169000    
  0.645550013       18.6970005      0.701350033    
  0.648530006       17.8010006      0.712584853    
  0.651530027       16.9139996      0.704382777    
  0.654510021       16.9009991      0.704486132    
  0.657509983       18.8379993      0.703073204    
  0.660489976       17.5849991      0.705037534    
  0.663489997       17.0079994      0.706967413    
  0.666469991       16.0580006      0.705451071    
  0.669470012       16.9160004      0.701418936    
  0.672450006       16.2380009      0.701212168    
  0.675440013       15.5620003      0.694009423    
  0.678439975       16.7910004      0.701418936    
  0.681420028       17.2520008      0.691528141    
  0.684419990       15.7969999      0.703004241    
  0.687399983       16.7689991      0.690873384    
  0.690400004       16.9810009      0.693526983    
  0.693379998       15.6040001      0.694664299    
  0.696380019       14.8100004      0.690632105    
  0.699360013       15.8310003      0.689219177    
  0.702359974       16.5380001      0.683911920    
  0.705340028       15.8820000      0.691734970    
  0.708329976       15.3750000      0.683705091    
  0.711329997       15.1470003      0.687496006    
  0.714309990       15.1580000      0.683153749    
  0.717310011       15.1330004      0.683670700    
  0.720290005       16.2639999      0.684463322    
  0.723290026       14.6650000      0.684497774    
  0.726270020       14.2530003      0.682016432    
  0.729269981       14.2729998      0.682740152    
  0.732249975       14.6350002      0.674158990    
  0.735249996       15.0559998      0.680775821    
  0.738240004       13.4060001      0.677191675    
  0.741219997       14.8319998      0.678708076    
  0.744220018       12.9209995      0.677777529    
  0.747200012       13.8030005      0.678776979    
  0.750199974       14.5220003      0.672746003    
  0.753180027       14.7760000      0.667990148    
  0.756179988       13.2119999      0.672987282    
  0.759159982       13.8970003      0.676226735    
  0.762160003       14.4399996      0.665612221    
  0.765139997       13.3249998      0.674227893    
  0.768140018       13.0869999      0.662028134    
  0.771130025       12.7729998      0.666887343    
  0.774110019       13.8260002      0.666783988    
  0.777109981       13.1239996      0.668438137    
  0.780089974       12.6009998      0.671918869    
  0.783089995       13.1750002      0.658512890    
  0.786069989       14.4519997      0.661752403    
  0.789070010       13.1350002      0.654480755    
  0.792050004       13.2550001      0.667748928    
  0.795050025       11.9230003      0.660442829    
  0.798030019       12.6289997      0.658892035    
  0.801020026       12.3269997      0.659340024    
  0.804019988       13.3409996      0.650620937    
  0.806999981       11.2770004      0.662234902    
  0.810000002       11.7849998      0.659271061    
  0.812990010       12.4840002      0.653550267    
  0.815980017       12.3470001      0.657823682    
  0.818970025       13.2709999      0.644452155    
  0.821959972       11.6829996      0.657823682    
  0.824949980       10.8350000      0.649070144    
  0.827939987       11.1440001      0.653378010    
  0.830929995       12.2100000      0.650586486    
  0.833920002       12.0640001      0.644865692    
  0.836910009       12.0229998      0.655376792    
  0.839900017       11.3420000      0.640523374    
  0.842890024       11.1829996      0.648346424    
  0.845879972       11.5930004      0.643797338    
  0.848869979       11.0979996      0.645658314    
  0.851859987       10.7849998      0.647174716    
  0.854849994       10.1219997      0.639730752    
  0.857840002       10.8369999      0.643211484    
  0.860830009       10.8529997      0.640488923    
  0.863820016       11.0249996      0.643073678    
  0.866810024       11.0530005      0.642970264    
  0.869799972       10.7130003      0.636801422    
  0.872789979       10.6510000      0.642039776    
  0.875779986       11.0229998      0.632390201    
  0.878769994       10.6680002      0.638145447    
  0.881760001       11.5240002      0.636250019    
  0.884750009       10.2410002      0.637146056    
  0.887740016       10.0790005      0.639455020    
  0.890730023       10.3420000      0.634492397    
  0.893719971       9.72529984      0.663268745    
  0.896709979       9.09259987      0.667335391    
  0.899699986       10.4429998      0.681327224    
  0.902689993       9.92959976      0.689184666    
  0.905680001       9.76700020      0.689736128    
  0.908670008       11.3859997      0.699971557    
  0.911660016       9.72029972      0.701418936    
  0.914650023       8.74230003      0.709345400    
  0.917639971       10.4180002      0.713067293    
  0.920629978       9.23980045      0.715135098    
  0.923619986       10.9200001      0.725887477    
  0.926609993       10.7690001      0.714583695    
  0.929600000       8.85949993      0.730643332    
  0.932590008       9.79940033      0.724819124    
  0.935580015       9.29950047      0.725404918    
  0.938570023       10.2670002      0.733538151    
  0.941559970       10.1940002      0.709965706    
  0.944549978       9.20090008      0.704968572    
  0.947539985       8.89719963      0.679535151    
  0.950529993       8.89680004      0.678053260    
  0.953520000       9.40340042      0.667025208    
  0.956510007       8.18869972      0.660373926    
  0.959500015       8.69050026      0.660925269    
  0.962490022       7.61929989      0.653791547    
  0.965480030       7.66709995      0.650827706    
  0.968469977       9.69620037      0.635009348    
  0.971459985       8.82590008      0.640454471    
  0.974449992       8.00290012      0.641764045    
  0.977440000       9.87189960      0.628530383    
  0.980430007       8.71910000      0.637111604    
  0.983420014       7.71869993      0.634733677    
  0.986410022       8.21889973      0.633734226    
  0.989400029       8.54119968      0.634216726    
  0.992389977       9.14480019      0.625738919    
  0.995379984       8.71819973      0.631046176    
  0.998369992       8.58440018      0.624153614    
   1.00139999       8.91749954      0.627565444    
   1.00430000       7.43230009      0.623981297    
   1.00730002       8.73989964      0.618570626    
   1.01030004       8.26959991      0.627496481    
   1.01329994       8.46990013      0.618226051    
   1.01629996       7.69869995      0.620638430    
   1.01929998       7.59950018      0.619604528    
   1.02230000       6.85650015      0.619570076    
   1.02530003       7.55600023      0.622120321    
   1.02830005       9.05949974      0.608162940    
   1.03129995       7.36649990      0.618088186    
   1.03429997       7.34259987      0.614124954    
   1.03719997       7.98500013      0.616847515    
   1.04020000       6.91790009      0.612953246    
   1.04320002       8.70090008      0.606853366    
   1.04620004       7.08799982      0.616744161    
   1.04920006       7.43249989      0.607232451    
   1.05219996       8.00930023      0.612401843    
   1.05519998       7.98810005      0.605612695    
   1.05820000       7.70860004      0.610747635    
   1.06120002       6.95830011      0.608955562    
   1.06410003       7.81799984      0.599443913    
   1.06710005       7.94140005      0.604475439    
   1.07009995       6.95830011      0.603338182    
   1.07309997       7.81489992      0.604406536    
   1.07609999       6.11259985      0.606301963    
   1.07910001       6.03840017      0.599788487    
   1.08210003       7.05240011      0.604337573    
   1.08510005       7.37130022      0.598995864    
   1.08809996       6.20270014      0.603475988    
   1.09109998       5.74219990      0.599960864    
   1.09410000       6.69600010      0.596997023    
   1.09700000       6.13959980      0.599995315    
   1.10000002       7.34590006      0.594033241    
   1.10300004       7.76219988      0.595515132    
   1.10599995       7.24919987      0.592585802    
   1.10899997       6.14029980      0.597720742    
   1.11199999       6.92379999      0.595377266    
   1.11500001       6.61049986      0.590587020    
   1.11800003       6.79869986      0.592585802    
   1.12100005       6.52239990      0.588484764    
   1.12390006       7.07490015      0.590035558    
   1.12689996       5.01000023      0.594722509    
   1.12989998       6.17619991      0.589966655    
   1.13290000       4.78690004      0.592034400    
   1.13590002       5.53529978      0.587795496    
   1.13890004       5.52969980      0.589518607    
   1.14189994       6.77110004      0.585762203    
   1.14489996       6.74039984      0.588036716    
   1.14789999       5.98400021      0.590345740    
   1.15090001       7.10389996      0.576147139    
   1.15390003       6.66790009      0.581557751    
   1.15680003       6.27040005      0.580868483    
   1.15980005       5.60669994      0.586348057    
   1.16279995       6.36140013      0.583694398    
   1.16579998       5.38980007      0.582729459    
   1.16880000       6.53709984      0.579421103    
   1.17180002       5.75400019      0.579317689    
   1.17480004       5.20440006      0.581316531    
   1.17780006       5.91109991      0.580006897    
   1.18079996       4.63999987      0.579489946    
   1.18369997       4.75290012      0.582626104    
   1.18669999       6.78499985      0.572838664    
   1.18970001       5.82630014      0.577456713    
   1.19270003       4.13310003      0.575320005    
   1.19570005       5.78210020      0.575526774    
   1.19869995       4.98150015      0.580868483    
   1.20169997       4.95590019      0.574768603    
   1.20469999       5.78070021      0.574837506    
   1.20770001       5.32289982      0.567772686    
   1.21070004       5.65959978      0.573941529    
   1.21370006       4.76989985      0.567186832    
   1.21659994       5.58979988      0.573769152    
   1.21959996       6.18120003      0.569840431    
   1.22259998       5.84639978      0.584039092    
   1.22560000       4.55740023      0.600719035    
   1.22860003       5.74289989      0.602097511    
   1.23160005       5.36899996      0.612539709    
   1.23459995       5.20289993      0.625566602    
   1.23759997       4.80130005      0.619776905    
   1.24059999       5.20400000      0.627944529    
   1.24349999       5.41979980      0.605716050    
   1.24650002       4.61339998      0.603924036    
   1.24950004       5.01480007      0.598272145    
   1.25250006       5.31780005      0.588381350    
   1.25549996       5.76259995      0.586520374    
   1.25849998       3.87229991      0.584866166    
   1.26150000       4.08869982      0.582281470    
   1.26450002       6.17030001      0.573045433    
   1.26750004       4.15649986      0.579558909    
   1.27049994       5.30109978      0.572528481    
   1.27349997       4.77040005      0.574768603    
   1.27639997       4.28100014      0.574286103    
   1.27939999       4.80119991      0.568392992    
   1.28240001       4.56739998      0.567703724    
   1.28540003       5.31160021      0.565498173    
   1.28840005       4.42509985      0.569254577    
   1.29139996       4.86490011      0.565773845    
   1.29439998       4.14699984      0.566325247    
   1.29740000       4.74569988      0.561982930    
   1.30040002       5.61539984      0.560259819    
   1.30340004       4.01009989      0.563637137    
   1.30630004       4.26669979      0.562878966    
   1.30929995       4.28179979      0.560845673    
   1.31229997       4.10839987      0.562430978    
   1.31529999       3.78730011      0.559329331    
   1.31830001       5.02180004      0.559122562    
   1.32130003       4.94150019      0.554987013    
   1.32430005       4.78999996      0.556089818    
   1.32729995       3.85969996      0.558915734    
   1.33029997       3.53550005      0.555435061    
   1.33319998       5.10850000      0.551954329    
   1.33620000       5.24039984      0.551644146    
   1.33920002       4.50029993      0.555400610    
   1.34220004       4.39550018      0.554504514    
   1.34519994       3.37400007      0.550575793    
   1.34819996       3.80629992      0.554435611    
   1.35119998       4.74289989      0.550782561    
   1.35420001       4.38730001      0.549335122    
   1.35720003       4.03240013      0.552471220    
   1.36020005       3.41520000      0.548611403    
   1.36310005       4.68800020      0.550231218    
   1.36609995       4.04110003      0.549093902    
   1.36909997       3.87940001      0.549369633    
   1.37210000       4.16239977      0.547680914    
   1.37510002       4.27699995      0.544854999    
   1.37810004       4.12389994      0.548060000    
   1.38110006       3.77719998      0.544786096    
   1.38409996       3.80780005      0.546302438    
   1.38709998       4.19490004      0.546440303    
   1.39010000       3.90470004      0.540857315    
   1.39310002       4.04869986      0.543993413    
   1.39600003       4.02699995      0.540891767    
   1.39900005       3.48550010      0.546267986    
   1.40199995       3.42529988      0.541064143    
   1.40499997       4.73420000      0.542787254    
   1.40799999       3.83360004      0.540305912    
   1.41100001       4.55369997      0.535136521    
   1.41400003       3.52080011      0.544406950    
   1.41700006       4.20340014      0.534550667    
   1.41999996       4.01910019      0.540133595    
   1.42299998       3.57579994      0.538031399    
   1.42589998       3.26279998      0.537721217    
   1.42890000       3.75349998      0.538203716    
   1.43190002       3.75749993      0.533309996    
   1.43490005       3.00029993      0.539203107    
   1.43789995       3.80559993      0.534998655    
   1.44089997       3.33579993      0.536997497    
   1.44389999       2.89299989      0.539995790    
   1.44690001       4.33190012      0.528588593    
   1.44990003       4.62599993      0.533516765    
   1.45280004       3.80620003      0.530070484    
   1.45580006       2.67820001      0.534481704    
   1.45879996       3.09980011      0.534860849    
   1.46179998       4.73899984      0.527072251    
   1.46480000       4.10300016      0.531173348    
   1.46780002       3.62409997      0.528864324    
   1.47080004       4.17929983      0.530311763    
   1.47379994       3.01699996      0.531965911    
   1.47679996       2.96600008      0.529519081    
   1.47979999       3.89709997      0.530518532    
   1.48269999       3.53780007      0.526245117    
   1.48570001       3.44580007      0.525038958    
   1.48870003       2.79530001      0.528967679    
   1.49170005       4.34110022      0.524832189    
   1.49469995       3.40070009      0.527727008    
   1.49769998       3.42440009      0.524625421    
   1.50070000       3.39829993      0.526658714    
   1.50370002       3.81739998      0.519835055    
   1.50670004       3.29279995      0.524142921    
   1.50969994       3.46630001      0.524453104    
   1.51269996       2.79800010      0.524280787    
   1.51559997       2.71760011      0.526314080    
   1.51859999       2.49629998      0.519593835    
   1.52160001       2.31049991      0.521523714    
   1.52460003       3.08459997      0.522040665    
   1.52760005       2.64610004      0.540443778    
   1.53059995       4.08559990      0.546957254    
   1.53359997       3.73029995      0.547991097    
   1.53659999       1.85010004      0.557950795    
   1.53960001       3.23029995      0.555917561    
   1.54260004       2.85500002      0.565429211    
   1.54550004       3.17470002      0.567669272    
   1.54849994       2.93280005      0.569116712    
   1.55149996       2.64709997      0.581144214    
   1.55449998       3.59270000      0.568737626    
   1.55750000       3.06130004      0.579007506    
   1.56050003       3.33990002      0.575526774    
   1.56350005       4.31129980      0.574699700    
   1.56649995       2.21569991      0.586658180    
   1.56949997       1.75960004      0.582488239    
   1.57239997       3.10330009      0.584211349    
   1.57539999       3.53489995      0.570150614    
   1.57840002       1.82360005      0.564533174    
   1.58140004       2.08829999      0.554297745    
   1.58440006       2.41910005      0.546061158    
   1.58739996       2.94079995      0.540788412    
   1.59039998       3.16619992      0.539099693    
   1.59340000       1.82860005      0.536032557    
   1.59640002       2.71690011      0.529967070    
   1.59940004       2.22720003      0.530380666    
   1.60230005       2.39580011      0.532896459    
   1.60529995       2.49790001      0.525866032    
   1.60829997       2.56139994      0.529829264    
   1.61129999       2.97049999      0.522523165    
   1.61430001       1.88549995      0.526899934    
   1.61730003       2.29780006      0.528795362    
   1.62030005       1.80710006      0.522729993    
   1.62329996       2.08480000      0.525934994    
   1.62629998       3.52999997      0.517801821    
   1.62930000       3.14310002      0.523557067    
   1.63230002       1.74419999      0.523384750    
   1.63520002       2.67840004      0.516595602    
   1.63820004       2.02080011      0.522247493    
   1.64119995       1.56099999      0.517491639    
   1.64419997       2.41890001      0.518387675    
   1.64719999       3.52150011      0.515871882    
   1.65020001       2.66240001      0.513287187    
   1.65320003       2.79290009      0.519421518    
   1.65620005       2.67610002      0.512632370    
   1.65919995       2.92109990      0.515527248    
   1.66219997       2.17389989      0.514148712    
   1.66509998       2.36129999      0.512977004    
   1.66810000       1.85590005      0.512391150    
   1.67110002       2.07329988      0.512356699    
   1.67410004       2.51679993      0.514183223    
   1.67709994       1.49549997      0.512149870    
   1.68009996       2.79320002      0.514010906    
   1.68309999       3.06769991      0.508152246    
   1.68610001       2.45819998      0.508462369    
   1.68910003       1.77170002      0.510909259    
   1.69200003       2.20930004      0.509392858    
   1.69500005       2.15210009      0.508634746    
   1.69799995       2.91079998      0.505533099    
   1.70099998       1.52330005      0.508014381    
   1.70400000       1.66820002      0.509530723    
   1.70700002       2.20079994      0.506566942    
   1.71000004       1.62140000      0.506601453    
   1.71300006       2.32019997      0.503051758    
   1.71599996       1.80990005      0.506670296    
   1.71899998       2.55929995      0.505808771    
   1.72189999       2.72550011      0.500467062    
   1.72490001       1.95290005      0.502431452    
   1.72790003       1.93659997      0.501052916    
   1.73090005       2.58019996      0.503224075    
   1.73389995       2.24060011      0.502879441    
   1.73689997       2.75169992      0.499812275    
   1.73989999       2.01189995      0.501363099    
   1.74290001       2.25659990      0.498433769    
   1.74590003       3.14100003      0.500983953    
   1.74890006       1.54390001      0.501707733    
   1.75189996       2.11089993      0.496710628    
   1.75479996       2.08489990      0.498743892    
   1.75779998       2.59640002      0.495435506    
   1.76080000       1.72239995      0.500260293    
   1.76380002       2.22880006      0.494953036    
   1.76680005       2.82960010      0.495883524    
   1.76979995       2.37170005      0.495952457    
   1.77279997       1.33360004      0.499260843    
   1.77579999       2.48130012      0.494470567    
   1.77880001       2.92479992      0.490369469    
   1.78180003      0.712689996      0.498916239    
   1.78470004       3.53049994      0.489749163    
   1.78770006       2.28309989      0.493815750    
   1.79069996       2.34229994      0.492747426    
   1.79369998       2.40840006      0.491093189    
   1.79670000       1.45930004      0.493333280    
   1.79970002       1.90869999      0.491644591    
   1.80270004       1.97700000      0.492850780    
   1.80569994       2.65210009      0.488990992    
   1.80869997       1.61430001      0.491954774    
   1.81159997       2.12439990      0.494780749    
   1.81459999       1.59379995      0.485510260    
   1.81760001       2.25839996      0.489645779    
   1.82060003       2.31739998      0.487543553    
   1.82360005       2.37800002      0.489852548    
   1.82659996       1.30019999      0.491644591    
   1.82959998       1.32029998      0.487095565    
   1.83260000       2.39619994      0.487681389    
   1.83560002       2.30270004      0.484200656    
   1.83860004       1.84130001      0.486406267    
   1.84159994       1.37960005      0.488715291    
   1.84449995       1.35090005      0.485234559    
   1.84749997       2.49329996      0.487612456    
   1.85049999       1.37179995      0.482408583    
   1.85350001       2.48709989      0.485751510    
   1.85650003       1.85699999      0.485234559    
   1.85950005       2.05340004      0.480306387    
   1.86249995       1.49710000      0.487198919    
   1.86549997       2.62150002      0.479617149    
   1.86849999       1.55649996      0.486096144    
   1.87150002       2.08590007      0.481064588    
   1.87440002       1.66690004      0.483580351    
   1.87740004       1.68400002      0.481995046    
   1.88039994       1.69889998      0.480202973    
   1.88339996       2.05369997      0.481581509    
   1.88639998       2.22539997      0.479169130    
   1.88940001       2.91880012      0.476825655    
   1.89240003      0.775650024      0.480892271    
   1.89540005       2.37039995      0.478273094    
   1.89839995       1.89110005      0.479031265    
   1.90129995       1.07790005      0.477859557    
   1.90429997       2.33220005      0.479823917    
   1.90730000       2.05060005      0.476722240    
   1.91030002       2.32080007      0.474861294    
   1.91330004       2.08850002      0.479238033    
   1.91630006      0.635190010      0.476067483    
   1.91929996       1.40929997      0.479444802    
   1.92229998       1.85020006      0.473896325    
   1.92530000       2.05620003      0.476860136    
   1.92830002       2.81780005      0.470622361    
   1.93120003       2.08520007      0.473689556    
   1.93420005       1.34770000      0.476308703    
   1.93719995       1.09360003      0.474275410    
   1.94019997       1.69860005      0.476963490    
   1.94319999       1.92030001      0.470415592    
   1.94620001      0.963729978      0.474757880    
   1.94920003       2.33999991      0.473792940    
   1.95220006       2.14019990      0.468520164    
   1.95519996       2.41249990      0.472655684    
   1.95819998       1.31630003      0.472000897    
   1.96120000       1.11290002      0.468968183    
   1.96410000       1.88390005      0.469002634    
   1.96710002       2.03929996      0.466314524    
   1.97010005       1.29600000      0.472759038    
   1.97309995       1.23539996      0.466762573    
   1.97609997       1.91949999      0.468278944    
   1.97909999       1.50880003      0.467176110    
   1.98210001      0.947629988      0.468037695    
   1.98510003       1.26849997      0.468830317    
   1.98810005       1.61430001      0.465142816    
   1.99109995       1.30830002      0.468761414    
   1.99399996      0.774879992      0.468209982    
   1.99699998       1.14269996      0.467865348    
   2.00000000       1.70109999      0.464177847    
   2.00300002       1.29250002      0.467934281    
   2.00600004       1.91470003      0.466073275    
   2.00900006       1.74829996      0.463523060    
   2.01200008       1.12899995      0.466934860    
   2.01500010       1.37899995      0.464384615    
   2.01799989       1.92540002      0.463281840    
   2.02090001       1.79859996      0.465521902    
   2.02390003       1.86689997      0.461007297    
   2.02690005       1.75380003      0.465177268    
   2.02990007       1.80990005      0.462316900    
   2.03290009      0.930599988      0.462833822    
   2.03590012       2.23990011      0.461903304    
   2.03889990       2.31909990      0.458250284    
   2.04189992       1.13680005      0.465728670    
   2.04489994       1.61889994      0.460490346    
   2.04789996       1.19509995      0.465073854    
   2.05080009       1.21710002      0.459111869    
   2.05380011       1.18789995      0.459421992    
   2.05679989       1.18630004      0.461351931    
   2.05979991       1.30939996      0.458698273    
   2.06279993       1.27849996      0.459904462    
   2.06579995      0.908159971      0.462041169    
   2.06879997       1.85599995      0.459215224    
   2.07179999      0.517319977      0.461455286    
   2.07480001       1.30589998      0.454838485    
   2.07780004       2.00079989      0.458353668    
   2.08080006      0.621219993      0.458732754    
   2.08369994       1.27250004      0.460524827    
   2.08669996      0.661889970      0.460318059    
   2.08969998       1.58260000      0.454356015    
   2.09270000       1.89960003      0.457457632    
   2.09570003       1.15059996      0.455906838    
   2.09870005      0.462570012      0.459353089    
   2.10170007       1.81620002      0.454045832    
   2.10470009       1.21370006      0.456251442    
   2.10770011       1.86070001      0.455562174    
   2.11069989       1.60010004      0.452288210    
   2.11360002       1.46190000      0.454149216    
   2.11660004       1.99419999      0.452736229    
   2.11960006       1.07939994      0.455562174    
   2.12260008      0.915489972      0.455527723    
   2.12560010       1.42429996      0.451771289    
   2.12859988       1.67639995      0.452701777    
   2.13159990       1.46749997      0.448531777    
   2.13459992       1.71800005      0.455148637    
   2.13759995       1.34290004      0.452529460    
   2.14050007       1.71290004      0.451909155    
   2.14350009       2.15739989      0.450220436    
   2.14650011      0.461270005      0.452115923    
   2.14949989       1.32939994      0.452012509    
   2.15249991       1.46029997      0.451736808    
   2.15549994       1.58130002      0.451702386    
   2.15849996       1.64310002      0.455286473    
   2.16149998      0.902670026      0.465935439    
   2.16450000       1.45210004      0.468416780    
   2.16750002       1.40980005      0.474895746    
   2.17039990       1.67820001      0.478721082    
   2.17339993       1.33249998      0.485062242    
   2.17639995       1.19869995      0.481615990    
   2.17939997       1.62279999      0.485303491    
   2.18239999       1.16810000      0.484166205    
   2.18540001       1.38740003      0.488542974    
   2.18840003       1.51100004      0.489197761    
   2.19140005      0.899630010      0.490851969    
   2.19440007       1.56729996      0.490300596    
   2.19740009      0.998799980      0.495676756    
   2.20040011      0.758499980      0.490817517    
   2.20330000       1.21329999      0.490851969    
   2.20630002      0.998149991      0.496779531    
   2.20930004       1.54569995      0.488474041    
   2.21230006       1.49930000      0.478514314    
   2.21530008       1.00699997      0.470415592    
   2.21830010       1.14929998      0.466176689    
   2.22129989       1.03289998      0.462937206    
   2.22429991       1.21130002      0.459938943    
   2.22729993       1.54670000      0.459318638    
   2.23029995       1.67320001      0.459215224    
   2.23320007       1.39690006      0.454149216    
   2.23620009      0.526390016      0.461558700    
   2.23920012      0.719810009      0.454321533    
   2.24219990       1.02760005      0.458215803    
   2.24519992       1.31490004      0.457388729    
   2.24819994       1.20840001      0.453494400    
   2.25119996      0.600719988      0.456354827    
   2.25419998       1.43610001      0.451495588    
   2.25720000       1.60230005      0.452426106    
   2.26009989      0.752080023      0.454045832    
   2.26309991       1.29910004      0.449841380    
   2.26609993      0.949140012      0.452460527    
   2.26909995       1.28509998      0.448566258    
   2.27209997       1.01150000      0.451771289    
   2.27509999      -6.37419969E-02  0.453907996    
   2.27810001      0.993600011      0.449255496    
   2.28110003      0.999689996      0.450668484    
   2.28410006      0.897700012      0.447049886    
   2.28710008      0.410459995      0.451323271    
   2.28999996       1.99440002      0.444258451    
   2.29299998      0.807410002      0.447911471    
   2.29600000       1.15929997      0.446360648    
   2.29900002       1.40929997      0.443259031    
   2.30200005       1.25000000      0.444982171    
   2.30500007      0.959200025      0.444913208    
   2.30800009       1.48679996      0.445292294    
   2.31100011      0.987389982      0.443913788    
   2.31399989      0.790459991      0.444706440    
   2.31699991       1.34720004      0.442535311    
   2.31999993      0.960560024      0.442673147    
   2.32290006       1.18920004      0.443603635    
   2.32590008      0.496450007      0.442225128    
   2.32890010       1.08889997      0.443396866    
   2.33189988      0.633639991      0.442879915    
   2.33489990       1.12090003      0.438572109    
   2.33789992      0.907899976      0.444947690    
   2.34089994       1.03419995      0.438778877    
   2.34389997      0.456719995      0.444258451    
   2.34689999       1.26600003      0.439089000    
   2.34980011      0.641200006      0.439364702    
   2.35279989       1.64370000      0.439364702    
   2.35579991       1.11989999      0.437676042    
   2.35879993       1.89730000      0.437538207    
   2.36179996      0.381000012      0.440053999    
   2.36479998      0.549189985      0.438261926    
   2.36780000      0.960910022      0.438882232    
   2.37080002       1.38020003      0.434298724    
   2.37380004      0.932959974      0.437848359    
   2.37680006       1.10769999      0.435883969    
   2.37969995       1.30599999      0.437434822    
   2.38269997       1.43379998      0.437331438    
   2.38569999      0.814260006      0.432713419    
   2.38870001      0.174769998      0.438261926    
   2.39170003       1.59089994      0.430576742    
   2.39470005      0.244959995      0.437641591    
   2.39770007      0.887820005      0.434505492    
   2.40070009       1.63870001      0.433885127    
   2.40370011       1.03209996      0.434333175    
   2.40669990      0.971539974      0.431920767    
   2.40969992      0.820110023      0.434298724    
   2.41260004      0.392830014      0.433781773    
   2.41560006       1.59700000      0.433023602    
   2.41860008       1.40530002      0.435332596    
   2.42160010      0.949859977      0.428819150    
   2.42459989       1.26929998      0.430921346    
   2.42759991      0.375919998      0.432851285    
   2.43059993       1.30009997      0.431817412    
   2.43359995      0.155399993      0.431782931    
   2.43659997       1.46000004      0.429542869    
   2.43959999       1.17569995      0.431610644    
   2.44250011       1.29009998      0.427923143    
   2.44549990      0.694360018      0.430852443    
   2.44849992      0.559350014      0.428646833    
   2.45149994      0.468970001      0.431197047    
   2.45449996       1.14849997      0.431231529    
   2.45749998       1.96000004      0.424063295    
   2.46050000      0.822640002      0.427888662    
   2.46350002       1.25030005      0.426682472    
   2.46650004       1.28610003      0.427992016    
   2.46939993      0.514800012      0.428956985    
   2.47239995      0.988099992      0.426889241    
   2.47539997       1.00810003      0.428164363    
   2.47839999      0.252229989      0.425476253    
   2.48140001      0.104709998      0.429818571    
   2.48440003      0.810389996      0.423511863    
   2.48740005      0.347200006      0.426579058    
   2.49040008      0.854130030      0.425820887    
   2.49340010      0.929459989      0.422133386    
   2.49640012       1.69939995      0.422478020    
   2.49930000      0.714940012      0.422271222    
   2.50230002      0.943449974      0.425166100    
   2.50530005      0.908309996      0.423477441    
   2.50830007       1.22099996      0.422615856    
   2.51130009       1.39900005      0.421685368    
   2.51430011       1.36960006      0.418824941    
   2.51729989      0.955120027      0.422684789    
   2.52029991      0.496499985      0.422546923    
   2.52329993       1.74779999      0.421375215    
   2.52629995      0.833500028      0.423959911    
   2.52929997      0.595200002      0.421478599    
   2.53220010       1.16579998      0.422064453    
   2.53520012       1.12790000      0.419824362    
   2.53819990      0.698360026      0.421616435    
   2.54119992      0.473690003      0.423270643    
   2.54419994       1.27800000      0.417308599    
   2.54719996       1.14470005      0.422133386    
   2.55019999      0.931349993      0.417343050    
   2.55320001       1.28849995      0.420065612    
   2.55620003       1.64900005      0.418273598    
   2.55920005      0.737209976      0.419376373    
   2.56220007       1.36300004      0.421892136    
   2.56509995       1.02919996      0.416136861    
   2.56809998      0.240459993      0.419962257    
   2.57110000      0.949100018      0.417687714    
   2.57410002      0.611750007      0.417860001    
   2.57710004      0.214430004      0.422202319    
   2.58010006      0.733080029      0.416653812    
   2.58310008       1.00779998      0.417722166    
   2.58610010      0.360850006      0.416447043    
   2.58909988      0.158040002      0.417205215    
   2.59209991       1.00059998      0.418170184    
   2.59500003       1.24539995      0.414758384    
   2.59800005      0.781920016      0.416378111    
   2.60100007      0.676909983      0.416481525    
   2.60400009      0.528800011      0.417032927    
   2.60700011       1.01559997      0.413379848    
   2.60999990       1.30630004      0.413517714    
   2.61299992      0.522409976      0.416998446    
   2.61599994      0.734170020      0.413379848    
   2.61899996      0.264349997      0.416067928    
   2.62199998      0.230739996      0.415137440    
   2.62490010      0.627979994      0.413000792    
   2.62789989      0.645810008      0.416412592    
   2.63089991      0.954190016      0.411518872    
   2.63389993       1.20179999      0.414689451    
   2.63689995       1.34809995      0.410829633    
   2.63989997      0.632359982      0.413345397    
   2.64289999       1.04639995      0.410347164    
   2.64590001       1.05850005      0.412518293    
   2.64890003      0.370119989      0.413621098    
   2.65190005       1.35969996      0.410933018    
   2.65479994       1.55840003      0.411622256    
   2.65779996      -5.98319992E-02  0.411312103    
   2.66079998      0.710399985      0.410588413    
   2.66380000      0.496890008      0.412725061    
   2.66680002      0.556309998      0.409451097    
   2.66980004       1.16450000      0.410174817    
   2.67280006       1.25399995      0.409451097    
   2.67580009      0.104460001      0.410691768    
   2.67880011      0.546320021      0.410691768    
   2.68169999      0.384440005      0.409244329    
   2.68470001      0.787270010      0.411346585    
   2.68770003      0.548179984      0.407279968    
   2.69070005      0.721449971      0.411105305    
   2.69370008      0.665489972      0.410760701    
   2.69670010      0.179849997      0.409761280    
   2.69970012      0.815169990      0.417963415    
   2.70269990      -7.01939985E-02  0.421409667    
   2.70569992       1.68579996      0.427061558    
   2.70869994       1.08099997      0.427612960    
   2.71160007       1.07850003      0.432816833    
   2.71460009       1.21420002      0.432472169    
   2.71760011       1.41550004      0.431231529    
   2.72059989      0.236739993      0.438468695    
   2.72359991      0.768930018      0.434953481    
   2.72659993      0.596889973      0.438055158    
   2.72959995      0.717630029      0.438847780    
   2.73259997      0.172649994      0.440122902    
   2.73559999       1.11749995      0.441191256    
   2.73860002      0.948260009      0.436917871    
   2.74149990      0.130040005      0.444051623    
   2.74449992      0.950540006      0.441122323    
   2.74749994       1.39960003      0.440364122    
   2.75049996       1.17390001      0.445016623    
   2.75349998       1.01670003      0.438709944    
   2.75650001      0.699859977      0.445705861    
   2.75950003      0.210419998      0.442845434    
   2.76250005      0.702170014      0.446808666    
   2.76550007      0.415850013      0.446532935    
   2.76850009      0.179419994      0.445878178    
   2.77139997     -0.335830003      0.451219857    
   2.77440000      0.526530027      0.445361227    
   2.77740002       1.12020004      0.446119398    
   2.78040004      0.701940000      0.447670251    
   2.78340006      0.612150013      0.447291136    
   2.78640008      0.629019976      0.452908576    
   2.78940010       1.43159997      0.447015435    
   2.79239988       1.14719999      0.454011351    
   2.79539990      0.558149993      0.468451232    
   2.79839993       1.14419997      0.473930806    
   2.80139995      0.334259987      0.483718187    
   2.80430007      0.466430008      0.487543553    
   2.80730009      -6.81240037E-02  0.495504439    
   2.81030011      0.826780021      0.488680810    
   2.81329989      0.736230016      0.494367152    
   2.81629992      0.572770000      0.498916239    
   2.81929994       1.56889999      0.498812854    
   2.82229996      0.433499992      0.506704807    
   2.82529998       1.33759999      0.501948953    
   2.82830000      0.893769979      0.504499197    
   2.83130002      0.730059981      0.507600844    
   2.83419991       1.30920005      0.508875966    
   2.83719993      0.144830003      0.519800603    
   2.84019995      0.680000007      0.508600295    
   2.84319997      0.991219997      0.518249810    
   2.84619999      0.422529995      0.513941944    
   2.84920001       1.17400002      0.517939627    
   2.85220003      0.620899975      0.517974138    
   2.85520005      0.161860004      0.518766761    
   2.85820007      0.966099977      0.523522556    
   2.86120009     -0.155770004      0.521730542    
   2.86409998      0.644029975      0.526968837    
   2.86710000     -0.166580006      0.528864324    
   2.87010002      0.743009984      0.528002739    
   2.87310004      0.390910000      0.531655788    
   2.87610006      0.422600001      0.532862008    
   2.87910008      0.908159971      0.534447253    
   2.88210011      0.389869988      0.535998106    
   2.88509989      0.676940024      0.535136521    
   2.88809991      -4.31189984E-02  0.542201340    
   2.89109993      -8.28789994E-02  0.540684998    
   2.89400005       1.23119998      0.544786096    
   2.89700007      -2.59089991E-02  0.543993413    
   2.90000010       1.20220006      0.547267377    
   2.90300012      0.918370008      0.544717133    
   2.90599990      -8.18220004E-02  0.549817622    
   2.90899992       1.42159998      0.551230550    
   2.91199994       1.02639997      0.546474755    
   2.91499996       8.25139973E-03  0.560328722    
   2.91799998       1.52380002      0.549921036    
   2.92090011      0.455929995      0.558984697    
   2.92389989      0.453009993      0.558605611    
   2.92689991      0.728980005      0.554607928    
   2.92989993     -0.655860007      0.566842139    
   2.93289995      0.459509999      0.558915734    
   2.93589997       1.08459997      0.565635979    
   2.93889999     -0.462599993      0.566221833    
   2.94190001       4.37249988E-02  0.569840431    
   2.94490004       1.28209996      0.570529699    
   2.94790006       1.32389998      0.564567685    
   2.95079994      -9.20559978E-04  0.577387750    
   2.95379996      0.211940005      0.569392443    
   2.95679998       1.49129999      0.575974822    
   2.95980000       1.37070000      0.579007506    
   2.96280003       1.03550005      0.571839273    
   2.96580005      0.281740010      0.584349215    
   2.96880007       1.07850003      0.578628421    
   2.97180009      0.769339979      0.586382568    
   2.97480011      0.985300004      0.585383117    
   2.97779989       1.91999996      0.580351532    
   2.98070002       2.82760011E-03  0.596652389    
   2.98370004      0.177839994      0.585004032    
   2.98670006      0.593670011      0.595101595    
   2.98970008      0.567260027      0.591793180    
   2.99270010      0.716170013      0.587829947    
   2.99569988      0.660309970      0.606095195    
   2.99869990      0.317710012      0.590276837    
   3.00169992       1.80359995      0.603131413    
   3.00469995      0.511399984      0.594929278    
   3.00769997       9.10549983E-02  0.609127879    
   3.01069999       1.09650004      0.602235317    
   3.01360011      0.725250006      0.601098061    
   3.01659989       1.11860001      0.611299038    
   3.01959991      0.737439990      0.602614462    
   3.02259994       1.00660002      0.613401234    
   3.02559996     -0.560270011      0.609024525    
   3.02859998      0.549600005      0.611953795    
   3.03160000      0.360280007      0.620603979    
   3.03460002     -0.132100001      0.618432820    
   3.03760004     -0.446300000      0.623016357    
   3.04060006      0.638660014      0.615434587    
   3.04349995      0.210869998      0.624188066    
   3.04649997      0.774290025      0.627220809    
   3.04949999       1.00070000      0.621086419    
   3.05250001      0.817860007      0.619845748    
   3.05550003      0.715229988      0.625532091    
   3.05850005       1.27869999      0.627117395    
   3.06150007      0.958459973      0.626221418    
   3.06450009      0.457780004      0.625773370    
   3.06750011       1.46290004      0.630046725    
   3.07049990      -6.33450001E-02  0.635147214    
   3.07340002     -0.242149994      0.637731910    
   3.07640004      0.538259983      0.633734226    
   3.07940006      0.334520012      0.634871542    
   3.08240008      0.476559997      0.642349899    
   3.08540010      0.526910007      0.644038618    
   3.08839989       1.21710002      0.637042642    
   3.09139991       7.59650022E-02  0.650552034    
   3.09439993      0.358779997      0.643935204    
   3.09739995      0.126179993      0.658099353    
   3.10039997      0.214849994      0.640799105    
   3.10330009      -6.56659976E-02  0.651137888    
   3.10630012       1.11280000      0.649242461    
   3.10929990      0.816500008      0.648966789    
   3.11229992      0.533980012      0.654377401    
   3.11529994      0.149859995      0.650379717    
   3.11829996      0.252079993      0.655204535    
   3.12129998      0.516780019      0.648346424    
   3.12430000     -0.232490003      0.658478439    
   3.12730002     -0.185360000      0.653929412    
   3.13019991       1.60969996      0.654721975    
   3.13319993      -3.31059992E-02  0.659684658    
   3.13619995      0.322770000      0.653343499    
   3.13919997      0.490200013      0.663923562    
   3.14219999      -5.51179983E-02  0.657065511    
   3.14520001      0.975030005      0.672539234    
   3.14820004      0.677969992      0.663854659    
   3.15120006       1.61849999      0.663716793    
   3.15420008      0.386440009      0.676778138    
   3.15720010       1.13100004      0.666921794    
   3.16009998      0.126819998      0.678294480    
   3.16310000      0.997359991      0.669196367    
   3.16610003       1.21689999      0.676192284    
   3.16910005       1.19040000      0.686393261    
   3.17210007       2.15059996      0.667128563    
   3.17510009       1.57640004      0.683946371    
   3.17810011     -0.800459981      0.682636797    
   3.18109989     -0.503520012      0.693492532    
   3.18409991      0.157120004      0.692389727    
   3.18709993      0.549369991      0.710965097    
   3.19000006       9.95690003E-02  0.697524667    
   3.19300008       2.35730004      0.681120455    
   3.19600010       1.38129997      0.699489057    
   3.19899988       4.38669994E-02  0.695663691    
   3.20199990      0.667249978      0.701453388    
   3.20499992      0.274859995      0.711309731    
   3.20799994      0.520940006      0.694043934    
   3.21099997      0.826009989      0.712412536    
   3.21399999      0.496259987      0.704382777    
   3.21700001      0.369340003      0.712102354    
   3.21989989       2.34579992      0.708725035    
   3.22289991       1.02530003      0.705864608    
   3.22589993      0.501519978      0.724233270    
   3.22889996      0.656289995      0.707174242    
   3.23189998     -0.242100000      0.734847724    
   3.23490000      0.125589997      0.714101195    
   3.23790002       1.66229999      0.720511258    
   3.24090004       1.00520003      0.728506625    
   3.24390006      0.521740019      0.714755952    
   3.24690008       1.44519997      0.736191809    
   3.24990010     -0.998459995      0.726886868    
   3.25279999      0.422390014      0.735847175    
   3.25580001      0.380419999      0.751320899    
   3.25880003       1.19700003      0.716789305    
   3.26180005      0.823130012      0.754870534    
   3.26480007       1.10189998      0.730057478    
   3.26780009       1.21300006      0.743291140    
   3.27080011     -0.723670006      0.756559253    
   3.27379990      0.912710011      0.736398578    
   3.27679992       1.13680005      0.762900412    
   3.27979994      -1.90459993E-02  0.740982115    
   3.28270006      0.396380007      0.760901570    
   3.28570008      0.898090005      0.751079679    
   3.28870010     -0.102650002      0.754043460    
   3.29169989     -0.333770007      0.777615964    
   3.29469991      0.241689995      0.753009558    
   3.29769993      0.102930002      0.772549927    
   3.30069995       1.26069999      0.760108888    
   3.30369997     -0.275059998      0.769930780    
   3.30669999      0.383960009      0.786748588    
   3.30970001     -0.638880014      0.769069195    
   3.31259990      0.386839986      0.790022492    
   3.31559992      0.291819990      0.773825049    
   3.31859994     -0.118270002      0.785990357    
   3.32159996      0.500209987      0.790125906    
   3.32459998      0.596549988      0.781992674    
   3.32760000      0.450129986      0.802704811    
   3.33060002     -0.250369996      0.785576820    
   3.33360004       1.10699999      0.796363652    
   3.33660007     -0.158570006      0.792055845    
   3.33960009      0.580799997      0.803187251    
   3.34249997      0.843280017      0.816317558    
   3.34549999      0.732800007      0.785232246    
   3.34850001      0.177420005      0.815662742    
   3.35150003      0.667879999      0.803325117    
   3.35450006      0.617820024      0.815455973    
   3.35750008      0.688329995      0.812871277    
   3.36050010     -0.260069996      0.818281889    
   3.36350012      0.590849996      0.830826342    
   3.36649990       5.40990010E-03  0.812457740    
   3.36940002      -2.15500011E-03  0.833962381    
   3.37240005       1.14839995      0.821486890    
   3.37540007     -0.159349993      0.835823357    
   3.37840009       1.75160003      0.840889454    
   3.38140011      0.952899992      0.821038961    
   3.38439989     -0.491890013      0.854915738    
   3.38739991     -0.498079985      0.833893478    
   3.39039993      0.717639983      0.850883663    
   3.39339995     -0.855790019      0.855329275    
   3.39639997       1.03480005      0.844680309    
   3.39930010     -0.378919989      0.876317024    
   3.40229988     -0.227890000      0.841992259    
   3.40529990       2.60680008      0.864530802    
   3.40829992       2.02419996      0.854054153    
   3.41129994     -0.426629990      0.872009218    
   3.41429996      0.836329997      0.883554280    
   3.41729999      0.303539991      0.855191410    
   3.42030001     -0.419070005      0.895685077    
   3.42330003      0.418130010      0.865943849    
   3.42630005       7.38359988E-02  0.889378369    
   3.42919993      0.750530005      0.898579955    
   3.43219995      0.567089975      0.871699095    
   3.43519998      0.816630006      0.913536727    
   3.43820000     -0.761979997      0.884829402    
   3.44120002     -0.159060001      0.906540871    
   3.44420004      0.981190026      0.909159958    
   3.44720006      0.408840001      0.903439224    
   3.45020008      0.173830003      0.925598741    
   3.45320010       2.21329999      0.886690378    
   3.45619988       1.16320002      0.922497034    
   3.45910001      0.340429991      0.905472457    
   3.46210003      0.614090025      0.923013985    
   3.46510005      0.694909990      0.928700328    
   3.46810007       1.79750001      0.892997026    
   3.47110009      -1.48280001      0.938660085    
   3.47410011      0.384710014      0.901991785    
   3.47709990       1.90209997      0.923393071    
   3.48009992      0.145520002      0.919119716    
   3.48309994      0.601409972      0.910331726    
   3.48609996     -0.491580009      0.933318317    
   3.48909998       1.60640001      0.903887272    
   3.49200010       1.30209994      0.940762281    
   3.49499989     -0.671920002      0.929527462    
   3.49799991      0.955020010      0.935765207    
   3.50099993      0.920580029      0.962094665    
   3.50399995      0.187549993      0.924564838    
   3.50699997       1.70459998      0.958372712    
   3.50999999     -0.344300002      0.944725513    
   3.51300001      0.542639971      0.959303260    
   3.51600003       1.71879995      0.970089972    
   3.51900005       1.16299999      0.939969599    
   3.52189994       1.12039995      0.988355219    
   3.52489996       5.98849989E-02  0.949688137    
   3.52789998       1.27760005      0.990767658    
   3.53090000      0.913590014      0.973122716    
   3.53390002       1.58739996      0.984702229    
   3.53690004       1.50049996       1.01013565    
   3.53990006      0.398240000      0.967436373    
   3.54290009     -0.208210006       1.02523029    
   3.54590011      -6.47569969E-02  0.985632658    
   3.54889989       1.17159998       1.01340961    
   3.55180001       1.00129998       1.04170346    
   3.55480003      0.414220005      0.974845886    
   3.55780005       1.42100000       1.04935420    
   3.56080008       1.81780005      0.996833026    
   3.56380010       2.00830007       1.04087639    
   3.56680012      0.495099992       1.03698206    
   3.56979990      -1.43770003       1.03701651    
   3.57279992       1.97660005       1.07106566    
   3.57579994     -0.539820015       1.03381145    
   3.57870007       1.05719995       1.08164573    
   3.58170009      0.381480008       1.05390322    
   3.58470011       1.04849994       1.06510365    
   3.58769989      0.429749995       1.12031281    
   3.59069991     -0.877789974       1.04825139    
   3.59369993      -1.72520006       1.12803245    
   3.59669995      0.991530001       1.07533908    
   3.59969997       1.30669999       1.10794079    
   3.60270000     -0.250349998       1.13072050    
   3.60570002       1.45840001       1.08423042    
   3.60859990      -1.10810006       1.15829074    
   3.61159992      0.906220019       1.09033036    
   3.61459994      -1.36230004       1.16211617    
   3.61759996      0.979510009       1.12413824    
   3.62059999      0.584550023       1.13096178    
   3.62360001       8.67659971E-02   1.20247197    
   3.62660003      0.542599976       1.10873342    
   3.62960005       1.20720005       1.19471776    
   3.63260007       1.00999999       1.14829659    
   3.63560009       1.05690002       1.19320142    
   3.63849998      -1.24319994       1.24482644    
   3.64150000      0.967029989       1.14230001    
   3.64450002       1.77950001       1.24844515    
   3.64750004      -1.61549997       1.17896831    
   3.65050006     -0.710219979       1.24258649    
   3.65350008       1.92809999       1.22008228    
   3.65650010      0.572979987       1.22242582    
   3.65949988      -6.00840002E-02   1.30689383    
   3.66249990      -1.03820002       1.21301746    
   3.66549993      0.810150027       1.28897321    
   3.66840005       1.93299997       1.23814070    
   3.67140007      -1.39370000       1.29155791    
   3.67440009      -2.17779994       1.35907030    
   3.67740011      0.464650005       1.22773302    
   3.68039989      -1.32949996       1.35479689    
   3.68339992       1.97249997       1.27212095    
   3.68639994      0.527450025       1.34883487    
   3.68939996      -2.78889990       1.37568128    
   3.69239998      -1.84029996       1.34046042    
   3.69540000       1.96780002       1.39980519    
   3.69840002       1.10230005       1.31988621    
   3.70129991      -1.59089994       1.43957508    
   3.70429993       1.55569994       1.38570988    
   3.70729995     -0.210260004       1.40397525    
   3.71029997     -0.512430012       1.52800643    
   3.71329999       2.50519991       1.33839273    
   3.71630001     -0.738960028       1.50839722    
   3.71930003      -1.06980002       1.43423331    
   3.72230005      -1.37629998       1.47965527    
   3.72530007       1.31750000       1.56312382    
   3.72830009      0.428330004       1.41734672    
   3.73119998       1.16380000       1.62457085    
   3.73420000      0.378960013       1.42709959    
   3.73720002       1.18739998       1.61619639    
   3.74020004       2.10400009       1.54475522    
   3.74320006       1.62170005       1.57808065    
   3.74620008      0.464729995       1.73695362    
   3.74920011      -3.11700010       1.51284277    
   3.75219989       2.10260010       1.74701679    
   3.75519991       1.04360003E-02   1.58507657    
   3.75819993      0.824389994       1.73219776    
   3.76110005      0.585370004       1.83954906    
   3.76410007      -9.54909995E-02   1.60458255    
   3.76710010     -0.868350029       1.88076627    
   3.77010012       1.96630001       1.64952171    
   3.77309990      -1.41810000       1.87518334    
   3.77609992      -3.71129997E-03   1.80560315    
   3.77909994      0.620130002       1.84988785    
   3.78209996       2.98979998       1.98642898    
   3.78509998      0.618680000       1.76986551    
   3.78810000       1.41859996       2.03260899    
   3.79099989      -4.55369997       1.97350550    
   3.79399991     -0.267500013       2.03774381    
   3.79699993     -0.413269997       2.22983885    
   3.79999995      -2.10459995       1.92791140    
   3.80299997       2.07890010       2.29138923    
   3.80599999       1.92209995       2.03922582    
   3.80900002     -0.218009993       2.27829337    
   3.81200004     -0.327580005       2.32047582    
   3.81500006       3.79209995       2.19727159    
   3.81789994     -0.410719991       2.50598836    
   3.82089996       1.39170003       2.30648375    
   3.82389998       2.57680011       2.52590775    
   3.82690001      -3.24710011       2.65090394    
   3.82990003      -1.78760004       2.53245568    
   3.83290005      -1.58860004       2.94507742    
   3.83590007       4.16720009       2.57742953    
   3.83890009      -1.26139998       3.02437592    
   3.84190011      -1.35510004       3.23938870    
   3.84489989       6.36740017       2.87577271    
   3.84780002      -1.40219998       3.81743121    
   3.85080004      0.513759971       3.09371495    
   3.85380006      -1.25320005       4.02248430    
   3.85680008      -8.91499996       4.09037590    
   3.85980010       1.10189998       3.99904966    
   3.86579990       4.24790001       4.18997288    
