 # q,I,sigma
 # errors rescaled with constant factor:   0.984690130    
 # factor also written to scale_factor.d
   9.73763019E-02   1650.54700       48.8012314    
  0.100143000       1692.98303       47.2351723    
  0.102908999       1683.81604       44.5600471    
  0.105674997       1662.73499       45.3762436    
  0.108442001       1667.99902       41.3935471    
  0.111207999       1711.51794       40.8267097    
  0.113975003       1616.87402       40.3252983    
  0.116741002       1683.30200       37.9727135    
  0.119507000       1658.03296       37.9322014    
  0.122273996       1654.74500       35.8339844    
  0.125039995       1671.16199       35.9695587    
  0.127805993       1603.54199       35.2579613    
  0.130573004       1622.29504       33.0659943    
  0.133339003       1644.23303       33.5339699    
  0.136105999       1653.98804       32.1724663    
  0.138871998       1618.53296       32.0257568    
  0.141637996       1570.14001       31.6338387    
  0.144405007       1598.79004       29.9494877    
  0.147171006       1567.64099       30.5715656    
  0.149937004       1591.01294       29.4489498    
  0.152704000       1590.12598       28.9451828    
  0.155469999       1551.10999       28.5510521    
  0.158235997       1605.15796       28.0399780    
  0.161002994       1565.19702       27.9219913    
  0.163769007       1613.66699       27.1157665    
  0.166536003       1545.01697       26.7719517    
  0.169302002       1569.18994       26.6241703    
  0.172068000       1505.25098       26.3909760    
  0.174834996       1540.09497       26.0396080    
  0.177600995       1514.65295       25.3183613    
  0.180366993       1530.92896       25.1163330    
  0.183134004       1504.27905       25.1285629    
  0.185900003       1548.10596       24.7794704    
  0.188666999       1435.12805       24.3934231    
  0.191432998       1507.60400       24.0616131    
  0.194198996       1454.73901       23.8182564    
  0.196966007       1529.72400       23.7125988    
  0.199732006       1462.33301       23.0709648    
  0.202498004       1511.57898       23.4531422    
  0.205265000       1446.84802       23.1134243    
  0.208030999       1419.74097       22.9151192    
  0.210797995       1418.87000       22.3671474    
  0.213563994       1455.33899       22.4316463    
  0.216330007       1417.07495       22.0719070    
  0.219097003       1418.42004       22.2078648    
  0.221863002       1362.73499       21.6594410    
  0.224629000       1388.98303       21.5545235    
  0.227395996       1409.73596       21.3262901    
  0.230161995       1433.18103       21.2043571    
  0.232927993       1343.96497       21.3167095    
  0.235695004       1324.13599       20.8151493    
  0.238461003       1347.94299       20.8579140    
  0.241227999       1339.15295       20.5218964    
  0.243993998       1339.40002       20.5835972    
  0.246759996       1351.68799       20.4690285    
  0.249527007       1314.83496       20.0496407    
  0.252292991       1282.57397       20.1569824    
  0.255059004       1314.59204       20.0420494    
  0.257826000       1343.19495       19.7516136    
  0.260592014       1284.50195       19.6677780    
  0.263359010       1256.29504       19.4611492    
  0.266124994       1270.83606       19.5787125    
  0.268891007       1251.14502       19.3678989    
  0.271658003       1285.37402       19.1524296    
  0.274423987       1252.08704       19.2018909    
  0.277190000       1231.73096       19.0175667    
  0.279956996       1223.11902       18.9582100    
  0.282723010       1205.82898       18.6078167    
  0.285490006       1267.27502       18.7429466    
  0.288255990       1216.24194       18.5446796    
  0.291022003       1221.79004       18.4366684    
  0.293788999       1205.72302       18.3508434    
  0.296555012       1172.75598       18.2851143    
  0.299320996       1197.83301       18.3243637    
  0.302087992       1180.80396       18.0628204    
  0.304854006       1172.39294       17.9859161    
  0.307621002       1162.27295       17.9321918    
  0.310386986       1160.09998       17.7196674    
  0.313152999       1135.48804       17.7360210    
  0.315919995       1147.14905       17.6647892    
  0.318686008       1154.30701       17.4931870    
  0.321451992       1128.69604       17.4393349    
  0.324218988       1112.99902       17.4582996    
  0.326985002       1100.65906       17.3075638    
  0.329751015       1053.58997       17.1978683    
  0.332518011       1125.39099       17.1776829    
  0.335283995       1097.75806       17.0536022    
  0.338050991       1084.49597       17.0192356    
  0.340817004       1055.46899       16.8655167    
  0.343582988       1063.59204       16.8931160    
  0.346350014       1071.08704       16.7760868    
  0.349115998       1036.15100       16.6351471    
  0.351882011       1063.83899       16.8013153    
  0.354649007       1041.68701       16.5441628    
  0.357414991       1028.80798       16.4669323    
  0.360181987       1013.02002       16.6768208    
  0.362948000       1016.17999       16.3189754    
  0.365714014       983.141174       16.3703556    
  0.368481010       999.704712       16.1437588    
  0.371246994       999.290527       16.2380524    
  0.374013007       993.452209       16.3340511    
  0.376780003       997.102783       15.9925880    
  0.379545987       992.341125       16.1074123    
  0.382313013       965.519470       15.9787235    
  0.385078996       981.962524       15.8889990    
  0.387845010       973.482300       15.9339600    
  0.390612006       961.762573       15.6824799    
  0.393377990       960.610901       15.8390951    
  0.396144003       932.433228       15.5992937    
  0.398910999       919.114929       15.6414185    
  0.401677012       913.219482       15.6102629    
  0.404442996       912.837524       15.3820019    
  0.407209992       909.033020       15.5268106    
  0.409976006       904.870789       15.3625450    
  0.412743002       883.921570       15.4287844    
  0.415508986       872.227173       15.3348055    
  0.418274999       894.029602       15.1064262    
  0.421041995       881.055908       15.1926851    
  0.423808008       862.603577       15.0643015    
  0.426573992       846.909607       15.0830202    
  0.429340988       874.610474       15.0951328    
  0.432107002       846.699219       14.8980656    
  0.434873998       856.766602       14.9962597    
  0.437640011       854.651001       14.7687664    
  0.440405995       839.654480       14.8604803    
  0.443172991       820.943176       14.9365091    
  0.445939004       816.396301       14.6907301    
  0.448704988       823.132324       14.7829952    
  0.451472014       804.569885       14.7139883    
  0.454237998       767.760315       14.8633757    
  0.457004994       806.058716       14.9870920    
  0.459771007       794.742676       14.8488321    
  0.462536991       801.023499       15.0133238    
  0.465303987       769.926880       15.3935232    
  0.468070000       764.885315       15.5020647    
  0.470836014       755.214722       15.6070633    
  0.473603010       761.803589       15.6498175    
  0.476368994       741.744202       15.6484785    
  0.479135007       758.395813       15.8279591    
  0.481902003       744.709106       15.7166977    
  0.484667987       751.855530       15.8108549    
  0.487435013       739.843811       15.9989309    
  0.490200996       700.674622       15.8249941    
  0.492967010       704.121887       16.1181068    
  0.495734006       697.913879       15.8849516    
  0.498499990       718.002319       16.0751457    
  0.501266003       690.397095       16.1889076    
  0.504033029       704.575012       16.0347137    
  0.506798983       642.024170       16.3519211    
  0.509566009       695.846130       16.0256462    
  0.512332022       681.761780       15.7955818    
  0.515097976       672.939697       15.3550711    
  0.517865002       687.601074       15.1684418    
  0.520631015       647.768372       15.0820951    
  0.523397028       672.882385       14.8675117    
  0.526163995       661.033997       14.8159628    
  0.528930008       644.670410       14.6698847    
  0.531696975       628.792419       14.5214710    
  0.534462988       618.808472       14.5576887    
  0.537229002       633.313416       14.3052835    
  0.539996028       648.418030       14.4460735    
  0.542761981       634.380188       14.1850319    
  0.545527995       630.929810       14.1198463    
  0.548295021       589.989685       14.1767607    
  0.551060975       610.920776       14.0406570    
  0.553826988       590.024902       14.0305634    
  0.556594014       592.163696       13.8778486    
  0.559360027       576.464111       13.9336805    
  0.562126994       569.427490       13.8266735    
  0.564893007       598.991577       13.7010565    
  0.567659020       574.310425       13.6896944    
  0.570425987       589.233398       13.6880894    
  0.573192000       574.102478       13.7194118    
  0.575958014       547.410583       13.5290422    
  0.578724980       566.879700       13.4826040    
  0.581490993       542.305908       13.4710627    
  0.584258020       572.747314       13.4041338    
  0.587023973       557.624023       13.3953009    
  0.589789987       530.732910       13.3520536    
  0.592557013       545.745728       13.2320986    
  0.595323026       555.033081       13.2369537    
  0.598088980       542.722595       13.1556177    
  0.600856006       525.593689       13.1871281    
  0.603622019       536.639221       13.1099186    
  0.606388986       543.003906       13.1620083    
  0.609154999       524.096985       13.0127201    
  0.611921012       532.305786       12.9347525    
  0.614687979       517.353088       12.9699736    
  0.617453992       512.652771       12.9854736    
  0.620220006       510.834198       12.9013014    
  0.622986972       510.175110       12.8389912    
  0.625752985       512.027222       12.7858276    
  0.628518999       498.190491       12.7757339    
  0.631286025       484.818512       12.7476120    
  0.634051979       489.947815       12.7353611    
  0.636819005       478.523895       12.6229887    
  0.639585018       465.127014       12.6568518    
  0.642350972       496.649689       12.5727205    
  0.645117998       477.615814       12.5449028    
  0.647884011       478.916992       12.4623375    
  0.650650024       439.597107       12.4012766    
  0.653416991       472.807495       12.5300932    
  0.656183004       460.813599       12.3025703    
  0.658949971       442.548615       12.3329973    
  0.661715984       455.304993       12.2951555    
  0.664481997       433.061707       12.2334652    
  0.667249024       456.264008       12.3304863    
  0.670014977       468.277802       12.1412001    
  0.672780991       461.907410       12.1678257    
  0.675548017       443.064911       12.1781645    
  0.678313971       457.168701       12.0557976    
  0.681080997       435.630493       12.1167002    
  0.683847010       430.573486       12.0324402    
  0.686613023       428.343994       12.0897007    
  0.689379990       440.285309       12.1439180    
  0.692146003       438.938599       12.0186548    
  0.694912016       428.267700       11.9466839    
  0.697678983       423.121613       11.9747772    
  0.700444996       412.756012       11.9637489    
  0.703211010       425.025909       11.9523659    
  0.705977976       403.271912       11.8508549    
  0.708743989       411.404388       11.8818722    
  0.711511016       423.362396       11.8534536    
  0.714277029       410.770996       11.7792778    
  0.717042983       400.337585       11.8361235    
  0.719810009       403.623596       11.7403622    
  0.722576022       385.783600       11.7966461    
  0.725341976       385.540405       11.6595392    
  0.728109002       377.583801       11.6596575    
  0.730875015       407.969086       11.6612120    
  0.733641982       402.204590       11.6019144    
  0.736407995       389.371613       11.6619215    
  0.739174008       376.675201       11.5867109    
  0.741940975       370.557495       11.5114708    
  0.744706988       372.460907       11.5551424    
  0.747473001       374.051208       11.5345812    
  0.750240028       378.638092       11.4293385    
  0.753005981       373.521606       11.4968281    
  0.755773008       344.613800       11.3966551    
  0.758539021       355.094086       11.4410458    
  0.761304975       346.651703       11.3446941    
  0.764072001       362.542908       11.2953997    
  0.766838014       359.211700       11.4030952    
  0.769604027       358.185211       11.3180676    
  0.772370994       352.077515       11.3339510    
  0.775137007       356.211609       11.2393618    
  0.777903020       339.533813       11.2389278    
  0.780669987       327.435394       11.2715998    
  0.783436000       354.243286       11.1543436    
  0.786203027       346.186096       11.2318783    
  0.788968980       352.114899       11.1263981    
  0.791734993       352.804810       11.1204796    
  0.794502020       338.820404       11.2025738    
  0.797267973       335.600403       11.0083332    
  0.800033987       332.540192       11.1127987    
  0.802801013       340.660187       11.0490313    
  0.805567026       324.168793       10.9925489    
  0.808333993       335.260010       11.0445309    
  0.811100006       309.801086       10.9068613    
  0.813866019       322.075409       11.0267181    
  0.816632986       336.293304       10.9094601    
  0.819398999       320.089691       10.9050493    
  0.822165012       316.919586       10.9118633    
  0.824931979       320.742188       10.8643627    
  0.827697992       314.549988       10.8758039    
  0.830465019       310.375885       10.8251705    
  0.833230972       317.355103       10.8128824    
  0.835996985       311.301697       10.8069248    
  0.838764012       317.882812       10.7975903    
  0.841530025       292.603699       10.7232761    
  0.844295979       291.557709       10.6994362    
  0.847063005       296.687286       10.7360468    
  0.849829018       301.544800       10.6314039    
  0.852594972       283.355804       10.6787186    
  0.855361998       291.076385       10.6996431    
  0.858128011       289.979797       10.6218920    
  0.860894978       291.295502       10.6232805    
  0.863660991       295.113098       10.5678911    
  0.866427004       281.679596       10.6254663    
  0.869193971       298.154388       10.5611076    
  0.871959984       278.742188       10.4634056    
  0.874725997       306.033295       10.5405169    
  0.877493024       283.308289       10.5127001    
  0.880258977       285.090210       10.5387249    
  0.883026004       279.933807       10.4529095    
  0.885792017       269.876190       10.4013214    
  0.888557971       255.344193       10.4531746    
  0.891324997       271.533997       10.4087648    
  0.894091010       274.613098       10.4092674    
  0.896857023       261.973114       10.3126593    
  0.899623990       253.041306       10.4152050    
  0.902390003       270.320190       10.2729378    
  0.905157030       259.824799       10.4829035    
  0.907922983       251.392395       10.5904999    
  0.910688996       267.159210       10.6588182    
  0.913456023       255.950195       10.7165594    
  0.916221976       255.247894       10.6631012    
  0.918987989       274.762909       10.6820364    
  0.921755016       239.971893       10.7371998    
  0.924521029       224.444000       10.5642881    
  0.927286983       247.975998       10.5207052    
  0.930054009       256.829803       10.2736359    
  0.932820022       256.127808       10.3090363    
  0.935586989       253.562698       10.3320379    
  0.938353002       243.165894       10.2206306    
  0.941119015       252.468597       10.3676453    
  0.943885982       254.808395       10.1625538    
  0.946651995       270.974487       10.2291880    
  0.949418008       241.301300       10.1716423    
  0.952184975       231.617996       10.1307087    
  0.954950988       248.628799       10.1683540    
  0.957718015       250.739197       10.1060514    
  0.960484028       236.567398       10.1348143    
  0.963249981       254.369003       10.0479851    
  0.966017008       215.752594       10.0047569    
  0.968783021       248.296799       10.0799179    
  0.971548975       230.911301       10.0024433    
  0.974316001       234.889893       10.0408268    
  0.977082014       227.830307       9.98849964    
  0.979848981       214.968597       9.96033764    
  0.982614994       228.342499       9.99104977    
  0.985381007       236.515594       9.89496422    
  0.988147974       210.836304       9.88951874    
  0.990913987       226.047806       9.93216515    
  0.993680000       228.721100       9.87945557    
  0.996447027       228.828598       9.91611481    
  0.999212980       219.057007       9.80746746    
   1.00197995       199.356796       9.81827831    
   1.00475001       213.908707       9.84557724    
   1.00750995       220.303101       9.79040527    
   1.01028001       223.885605       9.77300835    
   1.01303995       207.828705       9.78928280    
   1.01581001       213.257996       9.76161003    
   1.01857996       222.747299       9.71190834    
   1.02134001       202.450897       9.68730450    
   1.02410996       209.623199       9.70391369    
   1.02688003       210.864807       9.70724487    
   1.02963996       213.081696       9.57619286    
   1.03241003       193.256104       9.61490440    
   1.03517997       215.367096       9.56584454    
   1.03794003       197.787598       9.59442806    
   1.04070997       205.960495       9.58195019    
   1.04348004       198.688004       9.55799198    
   1.04623997       212.386093       9.57684326    
   1.04901004       203.937103       9.54331493    
   1.05176997       189.950699       9.68891716    
   1.05454004       193.186996       9.88638783    
   1.05730999       208.556793       9.92277145    
   1.06007004       208.140793       10.0109510    
   1.06283998       193.023697       9.99701691    
   1.06561005       201.233398       10.0402546    
   1.06836998       196.690308       10.1393347    
   1.07114005       182.766098       10.1028519    
   1.07391000       188.100906       10.2352428    
   1.07667005       184.703201       10.1758766    
   1.07944000       192.533096       10.2327423    
   1.08220005       169.003006       10.3104343    
   1.08497000       180.704895       10.2846155    
   1.08773994       194.443100       10.3810949    
   1.09050000       164.443207       10.2900705    
   1.09326994       203.838303       10.4200306    
   1.09604001       193.170593       10.3561535    
   1.09879994       183.875702       10.1487093    
   1.10157001       174.303207       10.1240225    
   1.10433996       174.007996       9.99173927    
   1.10710001       167.497299       9.94436550    
   1.10986996       172.539597       9.85587215    
   1.11263001       190.793793       9.81339645    
   1.11539996       170.488098       9.81709385    
   1.11817002       167.134598       9.68764019    
   1.12092996       189.809692       9.77068424    
   1.12370002       174.679199       9.70639038    
   1.12646997       187.310104       9.58546352    
   1.12923002       171.178497       9.69209099    
   1.13199997       180.858994       9.60540485    
   1.13477004       181.285004       9.59197330    
   1.13752997       194.172501       9.58092308    
   1.14030004       179.090607       9.51156425    
   1.14305997       171.611603       9.51884460    
   1.14583004       191.868698       9.46198177    
   1.14859998       180.410599       9.44906616    
   1.15136003       167.766296       9.42485619    
   1.15412998       183.106796       9.38381577    
   1.15690005       172.893707       9.39383221    
   1.15965998       175.950897       9.36907578    
   1.16243005       172.835297       9.31904316    
   1.16520000       183.358200       9.32061005    
   1.16796005       170.711395       9.35904121    
   1.17072999       162.483597       9.26142883    
   1.17349005       154.128204       9.31241322    
   1.17625999       165.853806       9.20341778    
   1.17902994       162.018494       9.24762535    
   1.18178999       163.060394       9.25674057    
   1.18455994       150.934097       9.19997692    
   1.18733001       162.792999       9.19266605    
   1.19008994       169.691696       9.18867588    
   1.19286001       149.527695       9.22087383    
   1.19562995       168.531296       9.19377232    
   1.19839001       169.179398       9.09053135    
   1.20115995       169.074799       9.19798183    
   1.20392001       164.589600       9.14405918    
   1.20668995       171.135101       9.11696339    
   1.20946002       164.403702       9.05565834    
   1.21221995       144.589706       9.03660965    
   1.21499002       161.732697       9.13566971    
   1.21775997       167.300400       9.05287457    
   1.22052002       157.681396       9.09170532    
   1.22328997       153.934601       8.99968719    
   1.22606003       147.955704       8.99235916    
   1.22881997       146.430206       9.04400444    
   1.23159003       151.846603       8.96761799    
   1.23434997       153.421906       8.99366570    
   1.23712003       142.355194       8.95480442    
   1.23988998       171.292404       8.91576862    
   1.24265003       146.311203       8.99539089    
   1.24541998       141.689697       8.87759209    
   1.24819005       140.060898       8.94399738    
   1.25094998       160.476898       8.90945911    
   1.25372005       154.117294       8.85290623    
   1.25648999       150.610703       8.85041046    
   1.25925004       154.617294       8.83536053    
   1.26201999       150.676498       8.87782669    
   1.26478004       139.714996       8.84479237    
   1.26754999       148.173203       8.79407692    
   1.27032006       140.742493       8.79540539    
   1.27307999       146.087494       8.81662178    
   1.27585006       159.186005       8.78135490    
   1.27862000       147.188507       8.78584766    
   1.28138006       145.497604       8.78709316    
   1.28415000       139.250000       8.73720837    
   1.28691995       168.583405       8.74787807    
   1.28968000       130.068405       8.69509315    
   1.29244995       144.649307       8.74296951    
   1.29521000       132.736099       8.67255211    
   1.29797995       149.546906       8.69999981    
   1.30075002       136.381195       8.70108986    
   1.30350995       152.133698       8.64925575    
   1.30628002       134.929993       8.68315506    
   1.30904996       142.266495       8.63939762    
   1.31181002       142.305298       8.63887119    
   1.31457996       148.016800       8.64761925    
   1.31735003       133.243393       8.57390213    
   1.32010996       144.609207       8.64307117    
   1.32288003       137.413406       8.55885983    
   1.32563996       135.942093       8.57114887    
   1.32841003       141.196503       8.59519577    
   1.33117998       125.467796       8.51401329    
   1.33394003       140.921799       8.61675930    
   1.33670998       131.915298       8.50714397    
   1.33948004       137.115494       8.52142143    
   1.34223998       134.956802       8.51913166    
   1.34501004       135.897598       8.46265793    
   1.34777999       143.505005       8.56273937    
   1.35054004       125.143402       8.46184444    
   1.35330999       120.720299       8.45924950    
   1.35607004       118.962097       8.48606014    
   1.35883999       129.210800       8.43457508    
   1.36161005       137.129807       8.48655510    
   1.36436999       129.281906       8.40151596    
   1.36714005       129.284698       8.42408752    
   1.36991000       134.595993       8.44118690    
   1.37267005       117.925301       8.38402462    
   1.37544000       110.324898       8.40647602    
   1.37820995       134.131393       8.34807777    
   1.38097000       129.204102       8.39028454    
   1.38373995       137.958694       8.36844063    
   1.38650000       126.273499       8.33087730    
   1.38926995       128.521301       8.34428596    
   1.39204001       106.767502       8.30990314    
   1.39479995       132.880096       8.34664822    
   1.39757001       134.379395       8.26831532    
   1.40033996       110.908401       8.26259136    
   1.40310001       128.233093       8.29605865    
   1.40586996       121.294601       8.22055149    
   1.40864003       132.648300       8.26931763    
   1.41139996       110.041199       8.25403118    
   1.41417003       127.961700       8.21366119    
   1.41693997       113.838303       8.26488876    
   1.41970003       121.668503       8.19315720    
   1.42246997       110.808197       8.19667530    
   1.42523003       106.761803       8.19898987    
   1.42799997       114.382004       8.20591545    
   1.43077004       112.652901       8.21472549    
   1.43352997       117.245499       8.17593098    
   1.43630004       125.331703       8.17533875    
   1.43906999       123.273102       8.19497299    
   1.44183004       105.004097       8.16897488    
   1.44459999       124.831802       8.17044067    
   1.44737005       117.426697       8.14820957    
   1.45012999       126.177696       8.13727379    
   1.45290005       105.414803       8.15446186    
   1.45565999       128.500900       8.07850456    
   1.45843005       110.983902       8.11780643    
   1.46120000       101.911598       8.11632347    
   1.46396005       126.552200       8.08898640    
   1.46673000       113.141098       8.09265518    
   1.46949995       97.0215073       8.05229092    
   1.47226000       104.629402       8.05146408    
   1.47502995       118.598000       8.09330273    
   1.47780001       105.149498       8.03452301    
   1.48055995       127.068604       8.05905628    
   1.48333001       121.551300       8.00700855    
   1.48608994       121.733498       8.03566742    
   1.48886001       101.238503       8.03078938    
   1.49162996       126.773598       7.98506021    
   1.49439001       126.567200       8.01724815    
   1.49715996       118.208504       7.98853159    
   1.49993002       109.022903       7.98417234    
   1.50268996       106.747498       7.97285938    
   1.50546002       110.796204       7.93089533    
   1.50822997       114.324600       7.98995066    
   1.51099002       113.742302       7.95755529    
   1.51375997       109.488899       7.92417240    
   1.51652002       104.018799       7.94037771    
   1.51928997       100.897202       7.92245483    
   1.52206004       98.4185028       7.90432692    
   1.52481997       98.6137085       7.92133808    
   1.52759004       106.819099       7.88556528    
   1.53035998       106.105003       7.90644360    
   1.53312004       110.247002       7.88793421    
   1.53588998       115.785500       7.87456799    
   1.53866005       108.899696       7.86324453    
   1.54141998       96.4004517       7.84981966    
   1.54419005       102.467300       7.87009954    
   1.54694998       105.221703       7.84427881    
   1.54972005       98.0731277       7.82158899    
   1.55249000       112.639198       7.81940651    
   1.55525005       94.1560287       7.84444141    
   1.55802000       114.488403       7.82963753    
   1.56078994       122.583504       7.79428196    
   1.56355000       98.7010498       7.77424097    
   1.56631994       102.059898       7.80055189    
   1.56909001       105.358803       7.76589966    
   1.57184994       104.289001       7.78673744    
   1.57462001       105.122002       7.74340248    
   1.57737994       98.2703400       7.75769711    
   1.58015001       100.504898       7.78950262    
   1.58291996       100.896103       7.72571945    
   1.58568001       103.125603       7.72834635    
   1.58844995       105.039803       7.76155710    
   1.59122002       96.2064667       7.69949532    
   1.59397995       95.8756790       7.70887518    
   1.59675002       101.788300       7.73354816    
   1.59951997       102.598099       7.69145298    
   1.60228002       91.8305130       7.70208740    
   1.60504997       102.794800       7.67460012    
   1.60781002       96.8217468       7.70067167    
   1.61057997       85.0136337       7.66117477    
   1.61335003       97.2790833       7.66081429    
   1.61610997       91.1327133       7.67993212    
   1.61888003       106.963600       7.64437008    
   1.62164998       99.0970230       7.67985821    
   1.62441003       96.4758835       7.65168762    
   1.62717998       97.3356094       7.65237570    
   1.62995005       115.008698       7.61877918    
   1.63270998       87.4312668       7.60398674    
   1.63548005       100.416702       7.65594196    
   1.63823998       84.3042984       7.71787262    
   1.64101005       103.053299       7.80156898    
   1.64377999       81.4157562       7.85387564    
   1.64654005       101.452301       7.87249327    
   1.64930999       102.121597       7.95984983    
   1.65208006       91.0255280       7.90873289    
   1.65483999       92.4405670       8.01949692    
   1.65761006       88.7126694       7.99813271    
   1.66038001       109.975700       8.01812077    
   1.66314006       93.7736664       8.10242844    
   1.66591001       94.8963165       8.03373241    
   1.66867006       93.6678925       8.14762974    
   1.67144001       83.9329681       8.12872791    
   1.67420995       87.6816177       8.13703251    
   1.67697001       101.275597       8.20003510    
   1.67973995       91.2377396       8.12623405    
   1.68251002       99.0250092       8.20558929    
   1.68526995       88.8890076       8.09504223    
   1.68804002       94.8647766       7.99646425    
   1.69080997       102.269096       7.97773790    
   1.69357002       96.2686996       7.88998747    
   1.69633996       87.9309998       7.89584541    
   1.69910002       91.0759506       7.84692383    
   1.70186996       92.3674622       7.80469990    
   1.70464003       79.7731705       7.79517126    
   1.70739996       90.8673782       7.77480507    
   1.71017003       97.1065521       7.76531792    
   1.71293998       92.2522202       7.75996256    
   1.71570003       84.2502213       7.71852589    
   1.71846998       90.0615387       7.73618174    
   1.72124004       99.1633606       7.69738388    
   1.72399998       78.9471207       7.68271112    
   1.72677004       96.6166763       7.69732285    
   1.72952998       82.6159134       7.65064764    
   1.73230004       93.7309418       7.64701986    
   1.73506999       97.4419632       7.66207361    
   1.73783004       92.1903687       7.61019707    
   1.74059999       89.6740265       7.62098598    
   1.74337006       86.0381699       7.61060572    
   1.74612999       96.4798279       7.62816000    
   1.74890006       78.4229584       7.61796951    
   1.75167000       71.7835236       7.58801317    
   1.75443006       82.2711334       7.59365845    
   1.75720000       78.4949722       7.57116508    
   1.75996006       83.4408569       7.56765795    
   1.76273000       83.1298065       7.56871939    
   1.76549995       76.9052582       7.53193521    
   1.76826000       78.5290833       7.56779051    
   1.77102995       78.6489716       7.51039648    
   1.77380002       94.3214035       7.52046442    
   1.77655995       87.4042816       7.54790211    
   1.77933002       75.7717819       7.50093889    
   1.78209996       76.0421829       7.54161978    
   1.78486001       80.0409927       7.48928547    
   1.78762996       82.7409668       7.47061157    
   1.79040003       86.0389023       7.49551058    
   1.79315996       79.6835403       7.45721531    
   1.79593003       80.1274109       7.50092316    
   1.79868996       86.0426865       7.43352413    
   1.80146003       66.3574677       7.48790598    
   1.80422997       97.6199799       7.47293043    
   1.80699003       74.3399429       7.41704607    
   1.80975997       75.1040192       7.46846390    
   1.81253004       73.9327621       7.43828630    
   1.81528997       80.1037674       7.44576597    
   1.81806004       88.0018005       7.42499399    
   1.82082999       82.2549515       7.38017273    
   1.82359004       77.6766891       7.42717505    
   1.82635999       78.5364838       7.41678572    
   1.82912004       74.5353775       7.42459679    
   1.83188999       81.0707092       7.40029764    
   1.83466005       78.6943588       7.42973614    
   1.83741999       82.5558395       7.42543221    
   1.84019005       73.3019714       7.41592979    
   1.84296000       85.8035278       7.44353867    
   1.84572005       74.6961594       7.45085669    
   1.84849000       73.9654770       7.47498846    
   1.85125995       78.9622116       7.45485067    
   1.85402000       82.7654724       7.44199467    
   1.85678995       80.1519928       7.46083593    
   1.85955000       88.7052307       7.45435953    
   1.86231995       73.3247375       7.52347374    
   1.86509001       75.6361313       7.43885136    
   1.86784995       92.8947067       7.44493771    
   1.87062001       77.4169388       7.48135567    
   1.87338996       74.9063034       7.46195507    
   1.87615001       81.2364426       7.46724796    
   1.87891996       78.3462067       7.42637730    
   1.88169003       88.6599197       7.46646309    
   1.88444996       74.5046387       7.40932941    
   1.88722003       77.4529419       7.42490625    
   1.88997996       66.8661270       7.44441700    
   1.89275002       83.2427292       7.41947937    
   1.89551997       83.3213272       7.47399664    
   1.89828002       94.9512329       7.42321920    
   1.90104997       81.6209183       7.41861773    
   1.90382004       81.2703781       7.42617750    
   1.90657997       77.5531769       7.43583345    
   1.90935004       76.4027786       7.46027327    
   1.91211998       76.1585693       7.42515850    
   1.91488004       71.0873032       7.43804407    
   1.91764998       47.6595688       7.46931171    
   1.92041004       85.7787399       7.43045568    
   1.92317998       70.2245483       7.47868633    
   1.92595005       63.5036011       7.41562462    
   1.92870998       69.0764999       7.47411966    
   1.93148005       89.1805267       7.46117258    
   1.93425000       69.3833237       7.44225264    
   1.93701005       62.6924400       7.47414494    
   1.93978000       76.0835800       7.41103554    
   1.94254994       65.3697281       7.48684883    
   1.94531000       72.0623169       7.45089436    
   1.94807994       68.4239273       7.44614887    
   1.95084000       67.1387863       7.45656490    
   1.95360994       64.2531433       7.46749496    
   1.95638001       80.5692825       7.45511532    
   1.95913994       77.4821625       7.42605639    
   1.96191001       69.9039001       7.46582603    
   1.96467996       71.2877274       7.47216225    
   1.96744001       81.5200424       7.41676426    
   1.97020996       74.5704498       7.46215248    
   1.97298002       78.3682480       7.44391441    
   1.97573996       77.9767609       7.45958710    
   1.97851002       71.7675705       7.45897865    
   1.98126996       77.3406067       7.42865419    
   1.98404002       71.2274933       7.45782852    
   1.98680997       63.4487915       7.42617655    
   1.98957002       86.8496475       7.45308781    
   1.99233997       71.5812836       7.46196795    
   1.99511003       65.5453720       7.42023754    
   1.99786997       74.3209381       7.43945742    
   2.00063992       71.2026062       7.45203257    
   2.00341010       57.3436012       7.44365263    
   2.00617003       81.9102325       7.44135475    
   2.00893998       76.7404633       7.43085957    
   2.01169991       70.6016006       7.44734240    
   2.01447010       54.8677406       7.46814871    
   2.01724005       68.8711777       7.38215971    
   2.01999998       67.2443619       7.45298290    
   2.02276993       66.3144913       7.45750046    
   2.02554011       72.2121735       7.41329193    
   2.02830005       65.6560898       7.45839930    
   2.03106999       61.7671089       7.40929413    
   2.03383994       70.0202103       7.43351173    
   2.03660011       83.5649567       7.46165705    
   2.03937006       79.5276871       7.40444803    
   2.04212999       77.5555573       7.45762348    
   2.04489994       68.6330490       7.38788652    
   2.04766989       78.5672836       7.43834114    
   2.05043006       65.8176117       7.42749834    
   2.05320001       80.0868378       7.39602423    
   2.05596995       65.7925262       7.45925903    
   2.05872989       71.7299805       7.40944242    
   2.06150007       73.9914474       7.41788149    
   2.06427002       73.3039017       7.42832232    
   2.06702995       64.7021103       7.37152624    
   2.06979990       69.5363388       7.44652605    
   2.07256007       65.1424026       7.39019012    
   2.07533002       59.4027710       7.42889404    
   2.07809997       47.5733490       7.41976738    
   2.08085990       59.6389389       7.38980341    
   2.08363008       70.1897202       7.43498182    
   2.08640003       59.6474609       7.36686802    
   2.08915997       69.1806717       7.43929052    
   2.09192991       71.2680588       7.40480661    
   2.09470010       50.1950111       7.39957905    
   2.09746003       61.2458115       7.38337564    
   2.10022998       60.9319801       7.39992905    
   2.10298991       62.5251389       7.39477301    
   2.10576010       47.4735794       7.38637829    
   2.10853004       72.3069000       7.36783743    
   2.11128998       75.1755981       7.37772751    
   2.11405993       61.5640984       7.33906698    
   2.11683011       64.6048126       7.37743425    
   2.11959004       56.5130501       7.35161400    
   2.12235999       67.8107529       7.34611607    
   2.12512994       65.9897003       7.36065531    
   2.12789011       68.6829300       7.32324171    
   2.13066006       57.1759987       7.34852600    
   2.13341999       68.9169235       7.34445572    
   2.13618994       57.8621483       7.35547686    
   2.13895988       62.9378891       7.33989096    
   2.14172006       54.0907097       7.34411716    
   2.14449000       49.7819595       7.30420208    
   2.14725995       79.6997223       7.33742571    
   2.15001988       62.7422409       7.34554148    
   2.15279007       61.4255905       7.30962753    
   2.15556002       65.3717880       7.35605049    
   2.15831995       59.0713997       7.32658672    
   2.16108990       63.8305283       7.32730389    
   2.16386008       61.7058907       7.33182716    
   2.16662002       67.9451828       7.30282068    
   2.16938996       63.6966515       7.34772348    
   2.17214990       66.7176590       7.34222460    
   2.17492008       56.2871895       7.30549002    
   2.17769003       63.4261398       7.31964064    
   2.18044996       59.2731781       7.30770922    
   2.18321991       70.8051834       7.34835243    
   2.18599010       66.7577362       7.32000780    
   2.18875003       59.6836586       7.31420565    
   2.19151998       67.8606262       7.30663013    
   2.19428992       51.6070709       7.30450726    
   2.19705009       77.6140976       7.31400251    
   2.19982004       49.9710884       7.31916046    
   2.20257998       63.2207603       7.33176327    
   2.20534992       47.7733383       7.28295565    
   2.20812011       54.2555313       7.28909683    
   2.21088004       51.6258507       7.30833578    
   2.21364999       55.0280495       7.27342939    
   2.21641994       55.9300690       7.32126856    
   2.21918011       44.2996597       7.29128170    
   2.22195005       52.0786896       7.27469492    
   2.22472000       52.6714897       7.42878914    
   2.22747993       60.4580193       7.47407484    
   2.23024988       58.7115517       7.57909107    
   2.23301005       52.7898788       7.56083584    
   2.23578000       57.1759109       7.64572382    
   2.23854995       54.5191116       7.69920158    
   2.24130988       65.0188217       7.69018841    
   2.24408007       48.2420502       7.75835514    
   2.24685001       63.1722794       7.78609037    
   2.24960995       53.7853584       7.80610657    
   2.25237989       48.0955811       7.88638687    
   2.25515008       62.6042290       7.82643557    
   2.25791001       59.2584915       7.90724754    
   2.26067996       55.0305595       7.92961979    
   2.26343989       47.7826309       7.94228983    
   2.26621008       58.8478317       7.97133064    
   2.26898003       62.4488602       7.99401760    
   2.27173996       40.2246513       7.82954693    
   2.27450991       59.9992790       7.76155090    
   2.27728009       67.5742722       7.74694443    
   2.28004003       70.7249069       7.73010731    
   2.28280997       45.5697708       7.74669313    
   2.28557992       61.9338608       7.67721605    
   2.28834009       52.6250992       7.75652599    
   2.29111004       52.7346687       7.70099974    
   2.29386997       53.6595993       7.73056698    
   2.29663992       64.6629562       7.73121214    
   2.29941010       44.8163986       7.69470263    
   2.30217004       67.0130997       7.72827816    
   2.30493999       55.6330185       7.69912291    
   2.30770993       47.7573013       7.72809315    
   2.31047010       40.8147888       7.72326565    
   2.31324005       59.4795494       7.72259712    
   2.31601000       55.9152107       7.76391745    
   2.31876993       48.2937202       7.73277283    
   2.32154012       56.4939117       7.74346113    
   2.32430005       63.0593414       7.73569870    
   2.32707000       63.3875084       7.70018625    
   2.32983994       56.1330414       7.75512505    
   2.33260012       55.6480217       7.68246365    
   2.33537006       66.4807510       7.73555613    
   2.33814001       52.1991806       7.72777939    
   2.34089994       51.4087715       7.72460651    
   2.34366989       65.4215317       7.73731852    
   2.34644008       53.0032501       7.72864962    
   2.34920001       46.3079109       7.74185276    
   2.35196996       61.6384087       7.74482346    
   2.35472989       63.4083710       7.71245146    
   2.35750008       61.6416512       7.77012491    
   2.36027002       60.3329582       7.74242353    
   2.36302996       47.9062614       7.75831556    
   2.36579990       57.3744087       7.76218653    
   2.36857009       51.8353615       7.73215723    
   2.37133002       61.1995201       7.76547909    
   2.37409997       54.1535797       7.75251961    
   2.37686992       48.6315117       7.75680780    
   2.37963009       53.7122498       7.77560949    
   2.38240004       61.7148094       7.76740026    
   2.38515997       55.5010910       7.77203798    
   2.38792992       49.8156815       7.75919867    
   2.39070010       50.1838112       7.77807999    
   2.39346004       47.9445610       7.78341675    
   2.39622998       46.7208519       7.77769136    
   2.39899993       45.3260384       7.80313349    
   2.40176010       51.6619797       7.74719429    
   2.40453005       61.3818893       7.78050709    
   2.40730000       51.3566895       7.75763512    
   2.41005993       46.7388802       7.79981756    
   2.41283011       65.8572998       7.77540588    
   2.41559005       58.9479599       7.76261997    
   2.41835999       44.0143318       7.78400898    
   2.42112994       38.2432098       7.75907278    
   2.42389011       65.3280487       7.80304861    
   2.42666006       47.6372414       7.76428652    
   2.42943001       43.9033089       7.83038902    
   2.43218994       44.5829086       7.78436089    
   2.43495989       51.4865608       7.78002310    
   2.43773007       47.4588394       7.76944923    
   2.44049001       63.7911110       7.82396841    
   2.44325995       50.1685905       7.80708313    
   2.44601989       56.1465111       7.81199217    
   2.44879007       45.5880585       7.80023146    
   2.45156002       49.3128815       7.79791594    
   2.45431995       50.9128418       7.79832411    
   2.45708990       56.0417595       7.83360100    
   2.45986009       72.9648514       7.75949383    
   2.46262002       49.4790306       7.80900812    
   2.46538997       57.4165497       7.79751301    
   2.46815991       60.7769585       7.78958702    
   2.47092009       54.8786583       7.81676245    
   2.47369003       53.5125809       7.74300337    
   2.47644997       53.1461105       7.84153128    
   2.47921991       58.3928413       7.77142525    
   2.48199010       50.6435089       7.78845167    
   2.48475003       56.5218887       7.79948521    
   2.48751998       40.5685501       7.78608084    
   2.49028993       53.2639008       7.83131933    
   2.49305010       43.7353210       7.79178858    
   2.49582005       36.5057602       7.78244305    
   2.49858999       58.9538383       7.82176876    
   2.50134993       40.7539482       7.79895067    
   2.50412011       52.0906982       7.81492949    
   2.50689006       40.5332985       7.79485273    
   2.50964999       50.2126808       7.78359556    
   2.51241994       44.3845291       7.79992151    
   2.51518011       47.6039886       7.77214766    
   2.51795006       43.6905708       7.79595804    
   2.52072001       46.9930000       7.75349855    
   2.52347994       33.8505898       7.79481983    
   2.52624989       52.2712708       7.79011679    
   2.52902007       40.1229095       7.75531435    
   2.53178000       57.2543716       7.79248953    
   2.53454995       59.6240692       7.77268410    
   2.53731990       35.3351288       7.77384424    
   2.54008007       48.9036903       7.80231237    
   2.54285002       39.7158699       7.77086353    
   2.54560995       45.4919586       7.81140709    
   2.54837990       39.2265816       7.76458216    
   2.55115008       46.0858002       7.79540968    
   2.55391002       40.3095894       7.79678535    
   2.55667996       35.5164413       7.79669571    
   2.55944991       44.7649307       7.80057955    
   2.56221008       49.4989815       7.78489923    
   2.56498003       48.5084915       7.78748417    
   2.56774998       40.3030014       7.79962635    
   2.57050991       52.5847206       7.83312654    
   2.57328010       46.9398117       7.79243088    
   2.57604003       39.4874496       7.82301140    
   2.57880998       38.9409294       7.79375315    
   2.58157992       36.7717209       7.80810070    
   2.58434010       55.2807312       7.81866407    
   2.58711004       40.3007812       7.80373240    
   2.58987999       67.5516968       7.83642006    
   2.59263992       51.1333008       7.82872057    
   2.59541011       50.3178406       7.81285381    
   2.59818006       53.9594307       7.82770634    
   2.60093999       45.0074997       7.77130032    
   2.60370994       36.5418510       7.88011456    
   2.60647011       44.9728088       7.83156824    
   2.60924006       34.4438705       7.79940653    
   2.61201000       49.0548210       7.84435749    
   2.61476994       45.7874908       7.78761673    
   2.61753988       36.3748589       7.87474346    
   2.62031007       29.5285702       7.82724142    
   2.62307000       48.7662506       7.81405878    
   2.62583995       35.5744896       7.85553980    
   2.62860990       43.6810989       7.81658840    
   2.63137007       46.1940918       7.85898161    
   2.63414001       47.4728394       7.82588625    
   2.63689995       39.4108391       7.84776735    
   2.63966990       47.6617088       7.87539291    
   2.64244008       43.4486389       7.78236961    
   2.64520001       56.1834984       7.89884663    
   2.64796996       37.8280487       7.80768156    
   2.65073991       52.3706207       7.85232973    
   2.65350008       54.2698517       7.86222506    
   2.65627003       43.9809914       7.84909630    
   2.65903997       48.0455017       7.87788153    
   2.66179991       35.3483582       7.81053734    
   2.66457009       45.9391098       7.89324570    
   2.66733003       42.0380096       7.83243895    
   2.67009997       43.3802605       7.84244156    
   2.67286992       53.3009796       7.91337776    
   2.67563009       39.6218605       7.83795500    
   2.67840004       45.0751495       7.87920570    
   2.68116999       59.2694511       7.83097696    
   2.68392992       42.4823418       7.84420681    
   2.68670011       43.4144402       7.92669201    
   2.68947005       33.5526314       7.80483913    
   2.69222999       48.7527695       7.92764521    
   2.69499993       41.4844894       7.83531332    
   2.69776011       59.9891815       7.86977577    
   2.70053005       53.4799309       7.88916540    
   2.70330000       40.7989807       7.86746550    
   2.70605993       51.4802895       7.90774250    
   2.70883012       36.0324516       7.84363508    
   2.71160007       52.8519592       7.88824034    
   2.71436000       51.0220490       7.88807344    
   2.71712995       46.8432999       7.82255554    
   2.71989989       42.7381287       7.94069052    
   2.72266006       49.3732681       7.86542273    
   2.72543001       46.2117310       7.89651012    
   2.72818995       60.4980392       7.86629868    
   2.73095989       57.2297401       7.89245796    
   2.73373008       56.4057884       7.90110779    
   2.73649001       41.1827698       7.85384130    
   2.73925996       34.9978409       7.91042233    
   2.74202991       42.8798599       7.88196659    
   2.74479008       42.1096687       7.91250134    
   2.74756002       30.9574394       7.87290192    
   2.75032997       59.4924812       7.90135670    
   2.75308990       56.0144615       7.89658689    
   2.75586009       32.3077202       7.88822079    
   2.75862002       43.7178116       7.93965292    
   2.76138997       41.4696693       7.87002754    
   2.76415992       47.2648582       7.91385841    
   2.76692009       52.1148186       7.88826036    
   2.76969004       48.1922188       7.89452839    
   2.77245998       52.3764915       7.92860270    
   2.77521992       45.9861412       7.85809708    
   2.77799010       49.5811806       7.93386745    
   2.78076005       48.8578491       7.90005112    
   2.78351998       37.7415619       7.91025543    
   2.78628993       35.6564713       7.94433069    
   2.78905010       34.1056290       7.85019684    
   2.79182005       47.5768700       7.95066071    
   2.79459000       33.5935402       7.89523840    
   2.79734993       42.4489784       7.90810394    
   2.80012012       55.0655289       7.92507458    
   2.80289006       37.2961617       7.85135794    
   2.80565000       42.2097206       7.94680691    
   2.80841994       37.1275406       7.89107466    
   2.81118989       37.5055695       8.03563023    
   2.81395006       48.3356705       8.20073509    
   2.81672001       24.5558109       8.24172115    
   2.81947994       40.1264801       8.36644077    
   2.82224989       49.1038399       8.37024021    
   2.82502007       43.8405685       8.46368599    
   2.82778001       39.8993607       8.51777744    
   2.83054996       28.5039501       8.52869129    
   2.83331990       32.8300018       8.67565346    
   2.83608007       26.7117500       8.61339569    
   2.83885002       38.4252510       8.74819183    
   2.84161997       40.0684509       8.73340988    
   2.84437990       35.8752098       8.84464836    
   2.84715009       34.8603783       8.82037163    
   2.84991002       39.7846603       8.85141087    
   2.85267997       50.6451416       8.98146534    
   2.85544991       25.0168896       8.92780018    
   2.85821009       39.5897789       8.81505108    
   2.86098003       30.7035007       8.64273453    
   2.86374998       42.5401382       8.59186363    
   2.86650991       33.7476616       8.55553818    
   2.86928010       43.7797394       8.44715691    
   2.87205005       36.9185486       8.48877811    
   2.87480998       44.4640312       8.42258930    
   2.87757993       62.8046188       8.41709423    
   2.88035011       53.6645203       8.40705585    
   2.88311005       43.3225517       8.29564571    
   2.88587999       36.2249908       8.35145855    
   2.88863993       30.7140598       8.27893162    
   2.89141011       40.9627686       8.34354496    
   2.89418006       31.2405701       8.27566719    
   2.89693999       45.1584396       8.26156902    
   2.89970994       38.9483604       8.29547119    
   2.90247989       31.3658791       8.21462727    
   2.90524006       24.8137608       8.25161076    
   2.90801001       47.3600883       8.23474312    
   2.91077995       45.3438988       8.23184776    
   2.91353989       21.2012291       8.23723316    
   2.91631007       42.6784210       8.17327309    
   2.91907001       40.8343391       8.22882271    
   2.92183995       45.1677284       8.19828320    
   2.92460990       40.0555687       8.20325851    
   2.92737007       21.5354099       8.19274044    
   2.93014002       22.7068501       8.15928745    
   2.93290997       34.0700111       8.21589565    
   2.93566990       37.7985306       8.15869045    
   2.93844008       27.3642406       8.17512608    
   2.94121003       34.1038094       8.15052032    
   2.94396996       34.8554611       8.18962097    
   2.94673991       35.1065598       8.20365047    
   2.94950008       42.1725693       8.12318802    
   2.95227003       45.3606415       8.17006969    
   2.95503998       35.6833611       8.14128876    
   2.95779991       32.9183311       8.14114666    
   2.96057010       49.8961105       8.15240097    
   2.96334004       35.7394295       8.09048080    
   2.96609998       31.5020409       8.15642834    
   2.96886992       42.8521690       8.11179638    
   2.97164011       43.9646301       8.13781738    
   2.97440004       53.4228210       8.12407875    
   2.97716999       47.6137695       8.08100319    
   2.97992992       40.3794212       8.17038441    
   2.98270011       38.0579491       8.07485771    
   2.98547006       44.1240997       8.14241505    
   2.98822999       38.2340813       8.07319736    
   2.99099994       34.4529915       8.14339638    
   2.99376988       12.1282797       8.13556957    
   2.99653006       36.2611618       8.07761669    
   2.99930000       31.0443497       8.12224293    
   3.00206995       33.0906296       8.11987877    
   3.00482988       26.4270096       8.13284683    
   3.00760007       58.1342087       8.13180256    
   3.01036000       33.0527992       8.10451508    
   3.01312995       46.5689201       8.15174484    
   3.01589990       24.5448399       8.10020638    
   3.01866007       38.0863304       8.13327885    
   3.02143002       52.5902290       8.10671139    
   3.02419996       30.4211998       8.12225246    
   3.02695990       35.6432304       8.14582157    
   3.02973008       46.7434006       8.08534431    
   3.03250003       39.7009315       8.14372349    
   3.03525996       38.1428108       8.08293819    
   3.03802991       39.3300514       8.15603161    
   3.04079008       45.8550110       8.09671688    
   3.04356003       27.8076801       8.10084248    
   3.04632998       41.1128311       8.13056850    
   3.04908991       34.4823914       8.09117031    
   3.05186009       44.9931183       8.12128448    
   3.05463004       32.8152390       8.13495827    
   3.05738997       39.4139290       8.07480240    
   3.06015992       27.2618694       8.15023327    
   3.06293011       38.2264595       8.08514023    
   3.06569004       46.4718018       8.14273739    
   3.06845999       21.2181492       8.07738495    
   3.07121992       47.1446190       8.10331821    
   3.07399011       39.9574814       8.15940952    
   3.07676005       30.1879101       8.04091835    
   3.07951999       37.1160088       8.15568066    
   3.08228993       46.6592484       8.07889843    
   3.08505988       33.5110283       8.12000275    
   3.08782005       33.4857903       8.12313461    
   3.09059000       42.0334511       8.09052086    
   3.09335995       32.4607697       8.10493469    
   3.09612012       47.4849701       8.09134102    
   3.09889007       20.3470402       8.11225700    
   3.10165000       29.1180191       8.09557724    
   3.10441995       46.8541298       8.10301399    
   3.10718989       40.7904701       8.14984226    
   3.10995007       28.4370708       8.06274414    
   3.11272001       30.9641609       8.12128067    
   3.11548996       48.3100090       8.10354805    
   3.11824989       33.1743507       8.08558464    
   3.12102008       37.3279800       8.13883591    
   3.12379003       32.8769989       8.09320545    
   3.12654996       40.6948891       8.10342598    
   3.12931991       23.3213902       8.11200905    
   3.13208008       33.1511116       8.12334251    
   3.13485003       48.4729309       8.09759617    
   3.13761997       31.2256107       8.10153103    
   3.14037991       33.4424515       8.07892609    
   3.14315009       38.5129700       8.09997368    
   3.14592004       39.0328903       8.12233543    
   3.14867997       30.2705193       8.08298302    
   3.15144992       32.8791504       8.14374065    
   3.15422010       36.5425606       8.07680225    
   3.15698004       51.1096497       8.09728527    
   3.15974998       25.2931404       8.10988808    
   3.16250992       29.5513592       8.07935810    
   3.16528010       39.6498299       8.11444759    
   3.16805005       26.5621605       8.09266090    
   3.17080998       19.6459904       8.10998440    
   3.17357993       20.8677902       8.12216473    
   3.17635012       40.1503296       8.06919098    
   3.17911005       31.7125702       8.12678432    
   3.18188000       31.6620693       8.10201740    
   3.18464994       32.5925217       8.10435200    
   3.18741012       38.2737808       8.08887386    
   3.19018006       32.7455406       8.05474663    
   3.19294000       25.1426201       8.08271313    
   3.19570994       37.5375900       8.04404545    
   3.19847989       36.8445206       8.09349251    
   3.20124006       36.8208084       8.06760502    
   3.20401001       32.8328514       8.02566910    
   3.20677996       37.9431801       8.06883335    
   3.20953989       31.7561302       8.00577545    
   3.21231008       22.2381706       8.06112576    
   3.21508002       27.8229008       8.04328060    
   3.21783996       35.2402916       8.04982281    
   3.22060990       19.5747204       8.02401924    
   3.22337008       31.0793400       8.01741791    
   3.22614002       36.9714584       8.04746628    
   3.22890997       33.0675507       8.03092670    
   3.23166990       30.9213791       8.03953075    
   3.23444009       30.3680305       8.07120037    
   3.23721004       36.8993683       8.01151943    
   3.23996997       39.0437317       8.04913712    
   3.24273992       39.7555885       8.04615211    
   3.24551010       28.7209606       8.02144146    
   3.24827003       26.1985493       8.07529736    
   3.25103998       34.7950211       8.02254391    
   3.25380993       32.6065598       8.06750488    
   3.25657010       33.4774590       8.00468922    
   3.25934005       47.9388885       8.06635952    
   3.26209998       27.7884197       8.05196953    
   3.26486993       31.4503899       8.04445553    
   3.26764011       31.3784904       8.02245331    
   3.27040005       32.8069000       8.05432129    
   3.27316999       22.8892899       8.05225849    
   3.27593994       29.3036098       8.04502201    
   3.27870011       37.9091988       8.00512028    
   3.28147006       28.2672405       8.05251598    
   3.28424001       30.3432808       8.06783199    
   3.28699994       28.3175297       8.03903961    
   3.28976989       30.9096394       8.06251240    
   3.29253006       24.3932705       8.01484489    
   3.29530001       27.3837204       8.05404568    
   3.29806995       39.0805206       8.04002571    
   3.30082989       44.7039108       8.05258846    
   3.30360007       41.5816994       8.02967453    
   3.30637002       29.1601791       8.03624916    
   3.30912995       31.4378300       8.06306362    
   3.31189990       13.9216900       8.05569744    
   3.31467009       21.1506805       8.01534081    
   3.31743002       27.6696091       8.05857944    
   3.32019997       38.6822090       8.07890892    
   3.32295990       29.7924194       8.03139496    
   3.32573009       23.0369205       8.05007744    
   3.32850003       27.0957699       8.02077198    
   3.33125997       18.5295601       8.08367729    
   3.33402991       26.8254204       8.01372051    
   3.33680010       35.4634399       8.06448078    
   3.33956003       22.3831902       8.04537773    
   3.34232998       36.2296982       8.03725910    
   3.34509993       45.3517799       8.05729198    
   3.34786010       46.1699905       8.06554222    
   3.35063004       41.7367401       8.00177860    
   3.35338998       30.1095905       8.04614544    
   3.35615993       31.3356705       8.01943588    
   3.35893011       35.4823799       8.00937176    
   3.36169004       31.5240402       8.02669430    
   3.36445999       39.9937782       7.98658800    
   3.36722994       26.1389503       8.02462578    
   3.36999011       30.4160595       7.98737669    
   3.37276006       40.6318283       7.96357870    
   3.37553000       48.5367508       8.01684093    
   3.37828994       49.4981995       7.98657656    
   3.38105989       28.0241508       7.95548868    
   3.38382006       23.0525494       7.97964525    
   3.38659000       30.1310196       7.96937084    
   3.38935995       23.6784801       7.96936035    
   3.39211988       33.0891609       7.96557617    
   3.39489007       25.0116291       7.98442888    
   3.39766002       27.0732498       8.16432667    
   3.40041995       38.5916405       8.29764938    
   3.40318990       20.0373592       8.40436172    
   3.40596008       42.9566307       8.52754307    
   3.40872002       21.6614799       8.51900196    
   3.41148996       33.9197083       8.69158173    
   3.41424990       24.6721096       8.71924782    
   3.41702008       41.0807800       8.78770924    
   3.41979003       22.9561596       8.83384037    
   3.42254996       27.7559605       8.92063141    
   3.42531991       31.3438492       8.99430084    
   3.42809010       32.9530411       8.95625305    
   3.43085003       33.7383308       9.08808327    
   3.43361998       53.0127296       9.07721519    
   3.43638992       24.4370308       9.14846802    
   3.43915009       27.5627308       9.24611759    
   3.44192004       32.9223289       9.24762344    
   3.44467998       1.27042794       9.06636715    
   3.44744992       37.6813889       8.91223907    
   3.45022011       25.4487705       8.79196358    
   3.45298004       35.1954689       8.82033825    
   3.45574999       43.6129799       8.67270660    
   3.45851994       32.3017082       8.67619801    
   3.46128011       32.4541817       8.68913841    
   3.46405005       28.7978897       8.62693882    
   3.46682000       13.3007603       8.56846142    
   3.46957994       34.8855705       8.56264019    
   3.47234988       36.2293282       8.58719063    
   3.47511005       29.1682396       8.58286667    
   3.47788000       30.8513794       8.53542137    
   3.48064995       42.6311188       8.54315853    
   3.48340988       25.6881104       8.52102661    
   3.48618007       26.1227798       8.49164677    
   3.48895001       44.3113289       8.55138302    
   3.49170995       36.2029686       8.46327305    
   3.49447989       26.4689293       8.49296951    
   3.49725008       30.2756100       8.48320484    
   3.50001001       19.7104797       8.44569397    
   3.50277996       43.3037491       8.46173763    
   3.50553989       36.4830704       8.46199894    
   3.50831008       26.1934299       8.46667862    
   3.51108003       7.57515287       8.43700027    
   3.51383996       39.3950996       8.43173981    
   3.51660991       45.6204185       8.40321732    
   3.51938009       30.4430599       8.41547680    
   3.52214003       23.0869598       8.40610218    
   3.52490997       31.0694809       8.39899731    
   3.52767992       25.2612991       8.36896038    
   3.53044009       39.4466019       8.38341236    
   3.53321004       30.0893898       8.36759663    
   3.53596997       42.4637718       8.39095116    
   3.53873992       37.5185089       8.33212757    
   3.54151011       19.4757099       8.40295029    
   3.54427004       44.7180405       8.34902096    
   3.54703999       24.5454903       8.36306286    
   3.54980993       40.0151100       8.34350300    
   3.55257010       20.8318501       8.34026051    
   3.55534005       30.0059605       8.37950230    
   3.55811000       5.79976416       8.35404968    
   3.56086993       35.4198112       8.33641911    
   3.56364012       39.4963493       8.38650417    
   3.56640005       34.3893318       8.38188267    
   3.56917000       30.3653908       8.34258366    
   3.57193995       31.0349808       8.33886242    
   3.57470012       18.7182903       8.38920403    
   3.57747006       28.4647999       8.37151909    
   3.58024001       19.7291508       8.32577038    
   3.58299994       30.4738293       8.36893845    
   3.58576989       30.0761299       8.33473015    
   3.58854008       22.8752708       8.33656788    
   3.59130001       33.1913986       8.33638763    
   3.59406996       26.1500893       8.33355236    
   3.59682989       32.9749908       8.32558537    
   3.59960008       31.4259491       8.38281822    
   3.60237002       35.6264000       8.31438637    
   3.60512996       26.6412907       8.35799122    
   3.60789990       30.0045395       8.29569340    
   3.61067009       20.3456707       8.35212040    
   3.61343002       35.6690598       8.33847046    
   3.61619997       28.2837105       8.29437828    
   3.61896992       28.7273407       8.32671261    
   3.62173009       31.9217396       8.31402683    
   3.62450004       31.4231701       8.31581116    
   3.62726998       20.3306007       8.30163670    
   3.63002992       41.8892593       8.27197456    
   3.63280010       30.4769707       8.27168369    
   3.63556004       17.3561401       8.27626038    
   3.63832998       40.3768196       8.25981140    
   3.64109993       27.3174400       8.29795265    
   3.64386010       53.8143806       8.22917938    
   3.64663005       33.8429108       8.25162125    
   3.64940000       34.3526802       8.25694180    
   3.65215993       29.2104092       8.23863125    
   3.65493011       28.6992493       8.22007847    
   3.65770006       26.5484295       8.23722076    
   3.66046000       41.5524101       8.25799561    
   3.66322994       26.1359005       8.23477077    
   3.66599011       22.7405891       8.21671295    
   3.66876006       35.9662285       8.24863720    
   3.67153001       35.9458618       8.22691536    
   3.67428994       8.42311382       8.21514511    
   3.67705989       34.9961510       8.24984932    
   3.67983007       23.3952198       8.21345806    
   3.68259001       23.4606800       8.24651527    
   3.68535995       29.8837395       8.23924351    
   3.68812990       24.6783409       8.24499321    
   3.69089007       17.4672508       8.22925949    
   3.69366002       27.9425106       8.24203682    
   3.69641995       38.0877991       8.21557140    
   3.69918990       31.9882298       8.23350430    
   3.70196009       30.6228199       8.22134495    
   3.70472002       16.9075909       8.23510933    
   3.70748997       30.5306892       8.23806190    
   3.71025991       43.6020813       8.21681786    
   3.71302009       17.6431408       8.24432087    
   3.71579003       12.5061798       8.20272732    
   3.71855998       23.4133892       8.26982880    
   3.72131991       35.5122795       8.21830463    
   3.72409010       28.8260307       8.21228123    
   3.72685003       23.2994900       8.22672939    
   3.72961998       37.8069115       8.22627068    
   3.73238993       35.1351013       8.23892307    
   3.73515010       19.9427299       8.21438217    
   3.73792005       22.4730492       8.18703842    
   3.74068999       39.2186890       8.22966194    
   3.74344993       26.8081608       8.23886776    
   3.74622011       25.6317501       8.22765446    
   3.74899006       35.8413582       8.20016003    
   3.75174999       26.0514698       8.22336769    
   3.75451994       36.3121681       8.24481392    
   3.75728011       18.5799294       8.20574665    
   3.76005006       24.0644493       8.20368290    
   3.76282001       22.9053192       8.24979877    
   3.76557994       28.8047009       8.22654533    
   3.76834989       23.6977806       8.19728088    
   3.77112007       25.1862793       8.23150730    
   3.77388000       11.6442299       8.17625332    
   3.77664995       27.3445301       8.27650356    
   3.77941990       47.6101799       8.20108128    
   3.78218007       31.6467209       8.24259090    
   3.78495002       32.1256905       8.21647453    
   3.78770995       44.2437897       8.23006916    
   3.79047990       31.7723103       8.22831821    
   3.79325008       29.1079597       8.21422863    
   3.79601002       33.7280197       8.19728279    
   3.79877996       22.5500908       8.24025345    
   3.80154991       19.4783497       8.21917820    
   3.80431008       23.5993004       8.22140884    
   3.80708003       24.4097900       8.20410538    
   3.80984998       17.0665493       8.20605659    
   3.81260991       21.1041203       8.24306393    
   3.81538010       24.6105804       8.21193218    
   3.81814003       12.1627302       8.23489475    
   3.82090998       36.6973190       8.24200249    
   3.82367992       36.4026909       8.20800114    
   3.82644010       27.3639908       8.22233486    
   3.82921004       18.9738693       8.23740482    
   3.83197999       14.0439196       8.21642876    
   3.83473992       23.3754597       8.20875263    
   3.83751011       45.6471214       8.21043491    
   3.84028006       18.6307907       8.21147156    
   3.84303999       25.8217106       8.21062374    
   3.84580994       38.1364288       8.23900795    
   3.84857011       12.3222103       8.23469543    
   3.85134006       29.1876297       8.20428467    
   3.85411000       29.1797504       8.21245956    
   3.85686994       10.2017298       8.20167542    
   3.85963988       25.9761600       8.18408871    
   3.86241007       37.1494484       8.19306850    
   3.86517000       23.0396099       8.19319630    
   3.86793995       23.6892204       8.17275047    
   3.87070990       37.4842987       8.19790745    
   3.87347007       22.1347198       8.13236904    
   3.87624002       24.7662792       8.14563847    
   3.87899995       31.1031609       8.18797684    
   3.88176990       29.9721508       8.15121746    
   3.88454008       26.5650692       8.12827015    
   3.88730001       16.1011295       8.15580177    
   3.89006996       22.6777706       8.10724735    
   3.89283991       15.6880503       8.13545895    
   3.89560008       18.7035198       8.11039066    
   3.89837003       5.63669395       8.13974953    
   3.90113997       12.7248201       8.12562561    
   3.90389991       26.7410507       8.11432934    
   3.90667009       31.7312202       8.13070297    
   3.90943003       10.0090103       8.11008263    
   3.91219997       24.4898796       8.10967064    
   3.91496992       17.7935505       8.17868614    
   3.91773009       33.1326485       8.13693047    
   3.92050004       19.9172707       8.12193394    
   3.92326999       24.4660492       8.11719990    
   3.92602992       16.3038597       8.10804653    
   3.92880011       27.3676395       8.15534401    
   3.93157005       21.3291397       8.10527802    
   3.93432999       22.7561703       8.16280174    
   3.93709993       25.1346092       8.12035179    
   3.93986011       31.8698902       8.13962460    
   3.94263005       28.6390800       8.12990570    
   3.94540000       29.5217209       8.10714436    
   3.94815993       24.4848900       8.13768196    
   3.95093012       11.5983200       8.16847801    
   3.95370007       12.1938496       8.11565971    
   3.95646000       22.0762806       8.15760422    
   3.95922995       17.8254795       8.10419083    
   3.96199989       16.2893009       8.13244152    
   3.96476007       17.0811291       8.17114544    
   3.96753001       10.9214401       8.11394119    
   3.97028995       11.1550503       8.14020634    
   3.97305989       20.9616795       8.11909103    
   3.97583008       31.3010998       8.16042328    
   3.97859001       19.1605301       8.12880230    
   3.98135996       10.7023497       8.13338757    
   3.98412991       25.1762295       8.32575226    
   3.98689008       31.6225700       8.56037521    
   3.98966002       27.2942410       8.60900211    
   3.99242997       24.3706608       8.77768517    
   3.99518991       14.4596996       8.77581120    
   3.99796009       2.32722807       8.91029167    
   4.00073004       17.7127094       9.04162025    
   4.00348997       23.3090591       9.04040623    
   4.00625992       11.1732903       9.14482212    
   4.00901985       27.7656708       9.19445705    
   4.01178980       39.8958588       9.26131535    
   4.01456022       26.7644901       9.35454941    
   4.01732016       22.0715408       9.37590027    
   4.02009010       34.1805000       9.46331406    
   4.02286005       21.7912807       9.51207161    
   4.02561998       11.9847298       9.55775642    
   4.02838993       12.6391697       9.69322014    
   4.03115988       19.0164108       9.30405998    
   4.03391981       24.3226604       9.23391724    
   4.03669024       28.0825500       9.09562969    
   4.03945017       31.7651196       9.00035763    
   4.04222012       41.4348793       8.96799660    
   4.04499006       31.2333298       8.92052746    
   4.04775000       38.9771309       8.87780094    
   4.05051994       29.6628208       8.89228439    
   4.05328989       35.0119896       8.78374958    
   4.05604982       35.3972206       8.81038666    
   4.05881977       26.0914803       8.83572483    
   4.06159019       17.3108597       8.71878433    
   4.06435013       11.1957598       8.76173592    
   4.06712008       36.8671303       8.73337173    
   4.06988001       29.3605309       8.74947453    
   4.07264996       28.8464909       8.70312405    
   4.07541990       22.9568291       8.66496563    
   4.07817984       34.0247993       8.69537830    
   4.08094978       23.0086403       8.66029549    
   4.08372021       37.0536118       8.67560577    
   4.08648014       36.2488289       8.66345882    
   4.08925009       28.1683502       8.57449627    
   4.09202003       34.1098213       8.58745289    
   4.09477997       26.8647404       8.61321926    
   4.09754992       30.7239399       8.53963470    
   4.10030985       31.7787800       8.54004478    
   4.10307980       24.8933697       8.50747871    
   4.10585022       11.0018702       8.52954960    
   4.10861015       16.3745899       8.52925587    
   4.11138010       14.3938599       8.43192959    
   4.11415005       24.5407104       8.48091984    
   4.11690998       24.7729206       8.47868252    
   4.11967993       24.3336391       8.46682453    
   4.12244987       33.7396507       8.46044540    
   4.12520981       31.5962009       8.40654945    
   4.12798023       13.1814404       8.44106674    
   4.13074017       20.3232594       8.43633747    
   4.13351011       31.7881699       8.44096661    
   4.13628006       19.1838703       8.42038918    
   4.13903999       19.2691498       8.43274307    
   4.14180994       17.8305893       8.43373585    
   4.14457989       24.1266193       8.45783710    
   4.14733982       34.0690918       8.37258148    
   4.15010977       1.30851305       8.42043591    
   4.15288019       13.5160303       8.42959785    
   4.15564013       12.1123199       8.43374157    
   4.15841007       23.4532394       8.37841606    
   4.16117001       21.1293392       8.37487316    
   4.16393995       26.9147301       8.42959881    
   4.16670990       17.5158997       8.38431168    
   4.16946983       41.9419899       8.39247227    
   4.17223978       23.8884392       8.40135288    
   4.17501020       11.0568199       8.36316872    
   4.17777014       24.8737202       8.39603615    
   4.18054008       4.24166918       8.42761517    
   4.18331003       24.4876499       8.34051895    
   4.18606997       12.8922596       8.40025520    
   4.18883991       28.3190403       8.37108421    
   4.19159985       33.6244812       8.37912560    
   4.19436979       26.9209309       8.39217854    
   4.19714022       28.9948406       8.35255337    
   4.19990015       19.4974098       8.34677792    
   4.20267010       31.8886509       8.39776039    
   4.20544004       13.0598602       8.35305500    
   4.20819998       30.3710499       8.37179375    
   4.21096992       33.2568016       8.36671925    
   4.21373987       30.9876099       8.35949898    
   4.21649981       11.7542896       8.36559105    
   4.21927023       6.29211807       8.31407833    
   4.22203016       22.8227501       8.37251663    
   4.22480011       25.5786400       8.36223507    
   4.22757006       29.8207607       8.36271763    
   4.23032999       30.1035404       8.35902691    
   4.23309994       26.8464298       8.33681774    
   4.23586988       26.5002995       8.36560631    
   4.23862982       16.0822697       8.34152699    
   4.24139977       26.7291107       8.31699181    
   4.24417019       22.5288696       8.34256172    
   4.24693012       23.4644604       8.37170887    
   4.24970007       16.0586605       8.32775688    
   4.25246000       37.1112709       8.33245754    
   4.25522995       15.2481203       8.31341553    
   4.25799990       22.6280308       8.34649849    
   4.26075983       17.8687305       8.35341549    
   4.26352978       40.4268188       8.33205318    
   4.26630020       42.5984001       8.33027840    
   4.26906013       32.1154099       8.31451130    
   4.27183008       30.2944202       8.35781384    
   4.27460003       16.5465393       8.34101105    
   4.27735996       18.7145405       8.30169582    
   4.28012991       11.6002197       8.34115410    
   4.28288984       29.7670803       8.30959511    
   4.28565979       17.3887291       8.34859848    
   4.28843021       32.5603104       8.29102039    
   4.29119015       20.5495701       8.30884838    
   4.29396009       22.0267105       8.33415604    
   4.29673004       15.2586203       8.35113811    
   4.29948997       42.1914902       8.27852535    
   4.30225992       25.5193405       8.30022621    
   4.30502987       26.7133598       8.32169247    
   4.30778980       22.2073994       8.33316135    
   4.31056023       9.47291660       8.29905033    
   4.31332016       30.9018593       8.31234550    
   4.31609011       18.5566597       8.32355881    
   4.31886005       29.3911304       8.30987167    
   4.32161999       11.5584002       8.31846619    
   4.32438993       36.2705917       8.30041599    
   4.32715988       23.7877102       8.31102753    
   4.32991982       23.3144207       8.29460526    
   4.33268976       11.7440004       8.32967377    
   4.33546019       16.5775795       8.26765919    
   4.33822012       27.1957798       8.26943588    
   4.34099007       39.7665100       8.34030437    
   4.34375000       30.1729393       8.33112049    
   4.34651995       17.8307991       8.25445461    
   4.34928989       13.6020403       8.30324364    
   4.35204983       27.9277992       8.33763218    
   4.35481977       31.4878597       8.27637863    
   4.35759020       31.1697006       8.28818226    
   4.36035013       13.6741505       8.31454563    
   4.36312008       19.0118694       8.29547882    
   4.36589003       17.4553699       8.31910896    
   4.36864996       28.7693195       8.25740623    
   4.37141991       22.2583408       8.28012753    
   4.37418985       13.1798096       8.30744934    
   4.37694979       24.1171799       8.28825283    
   4.37972021       9.92535782       8.27733707    
   4.38248014       35.6069908       8.27313805    
   4.38525009       13.5988197       8.25413513    
   4.38802004       24.2008705       8.27927017    
   4.39077997       26.5310192       8.24753571    
   4.39354992       21.8272591       8.23119450    
   4.39631987       14.5823002       8.22739601    
   4.39907980       13.6659603       8.22466373    
   4.40185022       12.2463703       8.22233868    
   4.40462017       31.5793591       8.18929005    
   4.40738010       24.1930695       8.19588757    
   4.41015005       24.6357307       8.21853733    
   4.41290998       19.8905602       8.18042278    
   4.41567993       38.6113014       8.17904568    
   4.41844988       27.6247807       8.17248535    
   4.42120981       14.7804699       8.15241718    
   4.42398024       16.8348904       8.20360088    
   4.42675018       24.1670494       8.15023136    
   4.42951012       18.1357403       8.17436600    
   4.43228006       13.9014196       8.16839981    
   4.43505001       29.6735992       8.20263386    
   4.43780994       16.7316303       8.13426876    
   4.44057989       19.6688709       8.14682484    
   4.44333982       31.5189304       8.19168186    
   4.44610977       11.2578697       8.19215679    
   4.44888020       29.1921196       8.15901089    
   4.45164013       15.0726404       8.16265011    
   4.45441008       25.6434097       8.19566727    
   4.45718002       12.3517199       8.15577888    
   4.45993996       42.8507195       8.18835258    
   4.46270990       28.0729408       8.17802620    
   4.46547985       32.4731216       8.15601158    
   4.46823978       18.5848198       8.17351341    
   4.47101021       37.3194618       8.17027092    
   4.47377014       5.51191711       8.18317413    
   4.47654009       35.0393410       8.16787624    
   4.47931004       33.5652885       8.20028019    
   4.48206997       18.7845001       8.15824413    
   4.48483992       29.1667099       8.15942955    
   4.48760986       33.7649612       8.17999268    
   4.49036980       31.0588093       8.17149448    
   4.49314022       26.1703892       8.16812229    
   4.49591017       12.8983202       8.18161011    
   4.49867010       15.1587801       8.16027355    
   4.50144005       26.0027008       8.18288231    
   4.50419998       17.9501801       8.16032028    
   4.50696993       17.6068497       8.14330959    
   4.50973988       18.5223598       8.17273045    
   4.51249981       36.7788391       8.18377590    
   4.51527023       22.3442097       8.16108799    
   4.51804018       18.7758503       8.17584515    
   4.52080011       37.6935616       8.18934059    
   4.52357006       29.0109997       8.16583729    
   4.52634001       18.8411007       8.16178226    
   4.52909994       32.7083511       8.16983032    
   4.53186989       24.7140999       8.21906757    
   4.53462982       21.7853794       8.12860489    
   4.53739977       25.5543098       8.19505405    
   4.54017019       15.8722897       8.16977692    
   4.54293013       7.80004406       8.18726921    
   4.54570007       27.3863697       8.17644024    
   4.54847002       18.9135895       8.15773773    
   4.55122995       24.9370594       8.16222572    
   4.55399990       7.55322218       8.19176197    
   4.55676985       22.6276093       8.14017487    
   4.55952978       23.8779202       8.15088940    
   4.56230021       20.6315403       8.20115471    
   4.56506014       22.4903393       8.16464901    
   4.56783009       17.7611294       8.17006779    
   4.57060003       43.8074684       8.38792038    
   4.57335997       8.14924526       8.59659386    
   4.57612991       14.3813200       8.73980904    
   4.57889986       22.1984005       8.83950138    
   4.58165979       13.7675400       8.92978668    
   4.58443022       14.3726501       9.01802635    
   4.58720016       11.6961098       9.14880657    
   4.58996010       17.0405903       9.19480228    
   4.59273005       29.4685307       9.21210289    
   4.59548998       14.9560404       9.31446934    
   4.59825993       28.5831394       9.42203426    
   4.60102987       13.9026203       9.43902493    
   4.60378981       19.1819305       9.50357914    
   4.60656023       20.3214798       9.54304409    
   4.60933018       5.25033808       9.64038658    
   4.61209011       25.3550396       9.74437237    
   4.61486006       19.1392097       9.68299961    
   4.61763000       15.6574497       9.81938076    
   4.62038994       24.9911308       9.83425808    
   4.62315989       9.94799137       9.94263363    
   4.62591982       5.96273518       9.92883778    
   4.62868977       23.0903206       9.98233509    
   4.63146019       6.11783981       10.1301079    
   4.63422012       25.9214001       10.1958857    
   4.63699007       28.2171803       10.2520914    
   4.63976002       39.0644112       10.2531748    
   4.64251995       14.2176199       10.3299503    
   4.64528990       30.3527508       10.4385424    
   4.64805984       29.6091900       10.5371103    
   4.65081978       21.8761597       10.5073223    
   4.65359020       28.5905609       10.6120157    
   4.65635014       32.9803505       10.7246246    
   4.65912008       18.1908207       10.7489948    
   4.66189003       8.85359287       10.7394543    
   4.66464996       36.2605515       10.8357954    
   4.66741991       48.5139503       10.9403210    
   4.67018986       27.2239895       10.9446926    
   4.67294979       31.4852295       11.0387411    
   4.67572021       16.2842293       11.0711765    
   4.67849016       20.8793106       11.1524429    
   4.68125010       22.1720200       11.3149271    
   4.68402004       17.5610905       11.3189840    
   4.68677998       15.2685099       11.2407894    
   4.68954992       26.6820602       11.4950562    
   4.69231987       12.0246696       11.4705667    
   4.69507980       15.0409698       11.5699320    
   4.69785023       16.8859196       11.6611433    
   4.70062017       1.64277601       11.7320805    
   4.70338011       22.6515408       11.8083448    
   4.70615005       1.80587006       11.8603754    
   4.70892000       21.1366196       11.9107037    
   4.71167994       22.8416004       11.9544239    
   4.71444988       2.81830311       12.0935411    
   4.71720982      -1.69329202       12.1830292    
   4.71997976       15.9307404       12.2819118    
   4.72275019       3.95003009       12.2210779    
   4.72551012       21.7747593       12.4217186    
   4.72828007       34.9665985       12.4278631    
   4.73105001       15.9287205       12.5977211    
   4.73380995       21.8939495       12.5873337    
   4.73657990      0.498887509       12.6460314    
   4.73934984       17.4272594       12.8800917    
   4.74210978       33.8322792       12.8981905    
   4.74488020       9.02445221       12.8538504    
   4.74765015       25.0572605       13.0739870    
   4.75041008       29.0741501       13.1966009    
   4.75318003       48.4707298       13.2556419    
   4.75593996       19.0291004       13.2357712    
   4.75870991       39.9719086       13.3632498    
   4.76147985       42.5702591       13.5565939    
   4.76423979       26.2453403       13.5430241    
   4.76701021       4.00057077       13.6663275    
   4.76978016       11.4944601       13.8328972    
   4.77254009      -3.86144996       13.7405338    
   4.77531004     -0.592149675       14.0917921    
   4.77807999      -2.66598892       14.0519514    
   4.78083992       25.6421108       14.0597506    
   4.78360987       25.5132694       14.3795681    
   4.78636980      0.157196999       14.3867369    
   4.78914022       1.13087404       14.5960226    
   4.79191017       6.17651606       14.5647583    
   4.79467010       32.9075699       14.6542463    
   4.79744005       34.2349510       14.8385220    
   4.80021000       30.5366192       15.0801449    
   4.80296993       36.2947807       15.0400782    
   4.80573988       10.8910704       15.1628294    
   4.80850983       33.7922707       15.2891855    
   4.81127024       50.2609596       15.6029959    
   4.81404018       40.3511391       15.3858814    
   4.81680012       21.3240891       15.6695910    
   4.81957006       21.0166798       15.8710871    
   4.82234001       36.9666214       16.0396957    
   4.82509995       26.4363708       16.2526455    
   4.82786989       40.2782288       16.0569477    
   4.83063984       17.7120705       16.3582153    
   4.83339977       23.6386108       16.6200333    
   4.83617020       17.7702198       16.7489777    
   4.83894014       23.6083603       16.6122036    
   4.84170008      -9.69385815       17.0886555    
   4.84447002       28.7184906       17.1746311    
   4.84722996       42.5096283       17.4972553    
   4.84999990       5.35938883       17.2190781    
   4.85276985       22.7915592       17.5472965    
   4.85552979      -2.09561896       17.9575958    
   4.85830021       31.7451801       18.0365295    
   4.86107016      -8.66688728       18.2122097    
   4.86383009       12.5583496       18.2567463    
   4.86660004       25.7918491       18.6900578    
   4.86936998       31.0371399       18.8840523    
   4.87212992       13.0386295       18.9489632    
   4.87489986      -16.1934109       18.9812012    
   4.87765980       5.01837683       19.5429287    
   4.88043022      -14.9503603       19.6946297    
   4.88320017       61.6192589       20.2886257    
   4.88596010      -8.22831535       19.7849445    
   4.88873005       30.6042805       20.4307442    
   4.89150000      -21.8358994       20.7040253    
   4.89425993       43.9963112       21.2229385    
   4.89702988       43.8448601       20.9078274    
   4.89979982       15.6415596       21.5357056    
   4.90256023       7.81308079       21.8061314    
   4.90533018       40.3688316       22.5968170    
   4.90809011      -8.87738323       22.0767612    
   4.91086006       22.4997501       22.6593151    
   4.91363001       25.1561508       23.2120705    
   4.91638994       24.7966499       23.7805023    
   4.91915989     -0.416196913       23.7779217    
   4.92192984       10.9458399       23.4516659    
   4.92468977      0.652038276       24.0916061    
   4.92746019       47.4997902       24.6626663    
   4.93023014       61.8550301       24.9270859    
   4.93299007       6.09302187       23.9917488    
   4.93576002      -18.3544292       24.8472481    
   4.93851995       35.2918816       25.4664288    
   4.94128990       35.3898201       25.7397995    
   4.94405985       35.4402313       25.0148506    
   4.94681978      -2.37926804E-02   25.7715969    
   4.94959021       7.78187990       26.6447601    
   4.95236015       47.8926315       26.6657238    
   4.95512009       26.3996792       26.3664169    
   4.95789003       33.1321602       26.7888889    
   4.96065998       19.4169502       27.3463612    
   4.96341991       8.76108932       28.0357037    
   4.96618986       16.6011791       27.4923515    
   4.96894979       43.3657799       27.3610420    
   4.97172022      -3.50142407       28.9240131    
   4.97449017       42.2177315       29.6383171    
   4.97725010      -19.3756809       29.4754982    
   4.98002005       7.37406588       28.1322536    
   4.98278999       30.0603294       30.0156898    
   4.98554993       21.9027500       31.1806450    
   4.98831987      -15.1888504       31.0327148    
   4.99108982       45.2400208       29.9271755    
   4.99385023       9.29796314       32.1267242    
   4.99662018       45.9061394       33.3566933    
   4.99938011       69.7051392       33.2806664    
