 # q,I,sigma
 # errors rescaled with constant factor:    1.00087631    
 # factor also written to scale_factor.d
   7.39106014E-02  -51.0449982       59.9846191    
   7.65660033E-02  0.754999995       14.2869987    
   7.92215019E-02   5.20499992       11.5762053    
   8.18768963E-02   19.5650005       9.74338055    
   8.45324025E-02   34.6300011       8.64325714    
   8.71877968E-02  -5.62500000       7.54092216    
   8.98433030E-02   21.8299999       6.99366808    
   9.24986973E-02   10.9650002       5.94953394    
   9.51542035E-02   29.3199997       5.64183474    
   9.78097022E-02   3.91499996       5.21250868    
  0.100465000       15.8900003       4.84461451    
  0.103120998       15.0550003       4.36897230    
  0.105775997       16.7250004       4.00440216    
  0.108430997       14.4650002       3.76541281    
  0.111087002       8.72500038       3.76115608    
  0.113742001       14.4899998       3.40441871    
  0.116397999       7.55499983       3.27170563    
  0.119052999       8.30500031       3.11625147    
  0.121708997       13.6250000       2.88104749    
  0.124364004       3.90499997       2.77536392    
  0.127020001       11.1650000       2.66159129    
  0.129675001       12.2550001       2.61469531    
  0.132330999       9.32499981       2.46947813    
  0.134985998       6.82000017       2.37198496    
  0.137640998       7.70450020       2.17410350    
  0.140296996       8.21350002       2.16871071    
  0.142951995       9.32950020       2.01856351    
  0.145607993       9.39099979       1.99450231    
  0.148263007       10.6595001       1.83200598    
  0.150919005       9.10750008       1.72363210    
  0.153574005       9.47900009       1.65798163    
  0.156230003       9.75599957       1.57003260    
  0.158885002       9.94149971       1.49965000    
  0.161541000       8.86349964       1.39171052    
  0.164196000       10.8804998       1.38319802    
  0.166851997       10.0730000       1.31752753    
  0.169506997       10.4020004       1.22808921    
  0.172161996       11.1560001       1.15821910    
  0.174817994       10.5389996       1.14780092    
  0.177472994       10.6639996       1.08225858    
  0.180129007       9.14150047       1.07244098    
  0.182784006       9.91849995      0.963869393    
  0.185440004       9.05799961      0.962317050    
  0.188095003       8.31449986      0.920883298    
  0.190751001       10.7240000      0.895727694    
  0.193406001       9.05500031      0.863098681    
  0.196061999       8.63000011      0.807687640    
  0.198716998       9.38850021      0.818660736    
  0.201371998       9.73550034      0.763073623    
  0.204027995       9.61149979      0.738435030    
  0.206682995       8.89150047      0.725062847    
  0.209338993       9.44849968      0.683008492    
  0.211994007       8.80700016      0.689405143    
  0.214650005       9.44149971      0.632452250    
  0.217305005       10.1920004      0.647031486    
  0.219961002       8.56799984      0.610906363    
  0.222616002       8.69299984      0.600243509    
  0.225272000       9.29800034      0.595000446    
  0.227926999       7.91900015      0.548819005    
  0.230581999       8.40200043      0.561713278    
  0.233237997       8.91899967      0.543482840    
  0.235892996       8.36550045      0.524605811    
  0.238548994       7.42000008      0.522191226    
  0.241203994       8.87150002      0.495411158    
  0.243860006       8.00349998      0.507928729    
  0.246515006       8.26900005      0.480964094    
  0.249171004       8.63549995      0.471234769    
  0.251825988       8.47550011      0.470860362    
  0.254482001       9.48250008      0.443038493    
  0.257137001       8.91609955      0.462338299    
  0.259792000       8.27394962      0.432379872    
  0.262448013       7.98670006      0.436398804    
  0.265103012       8.83975029      0.434125990    
  0.267758995       8.55840015      0.412484646    
  0.270413995       9.44390011      0.422803074    
  0.273070008       8.56274986      0.402134478    
  0.275725007       8.02264977      0.404341727    
  0.278380990       8.03734970      0.398724318    
  0.281035990       8.18754959      0.391037762    
  0.283692002       8.03880024      0.389254421    
  0.286347002       7.42170000      0.376128823    
  0.289002001       8.40779972      0.376426399    
  0.291658014       7.74714994      0.370931864    
  0.294313014       7.85699987      0.358244359    
  0.296968997       8.01200008      0.364018291    
  0.299623996       8.04570007      0.361562461    
  0.302280009       7.57530022      0.356856257    
  0.304935008       8.09564972      0.344583482    
  0.307590991       8.14194965      0.344447672    
  0.310245991       8.29699993      0.345353961    
  0.312902004       8.45180035      0.344655335    
  0.315557003       7.84700012      0.336153835    
  0.318212003       7.34235001      0.321621716    
  0.320867985       8.04930019      0.331943929    
  0.323523015       7.63934994      0.325555623    
  0.326178998       8.01560020      0.332722932    
  0.328833997       7.59294987      0.316652745    
  0.331490010       7.69805002      0.313193500    
  0.334145010       8.04310036      0.315283924    
  0.336800992       7.33584976      0.314798802    
  0.339455992       7.00129986      0.314837545    
  0.342112005       7.48015022      0.302661210    
  0.344767004       7.45050001      0.304704279    
  0.347422987       7.20569992      0.310263455    
  0.350077987       7.37045002      0.294414163    
  0.352732986       7.60365009      0.300784975    
  0.355388999       7.26854992      0.295651674    
  0.358043998       6.89354992      0.295186639    
  0.360700011       7.37874985      0.295732319    
  0.363355011       7.33004999      0.285453737    
  0.366010994       6.99644995      0.292614400    
  0.368665993       6.98579979      0.285007149    
  0.371322006       7.19294977      0.286663204    
  0.373977005       7.18760014      0.276272386    
  0.376632988       7.39204979      0.280840307    
  0.379287988       6.76894999      0.283496916    
  0.381942987       6.94385004      0.278715730    
  0.384599000       6.89839983      0.273179889    
  0.387254000       6.85430002      0.272360653    
  0.389910012       6.96414995      0.274076581    
  0.392565012       6.94395018      0.276150972    
  0.395220995       6.97749996      0.265259445    
  0.397875994       6.23420000      0.273719132    
  0.400532007       6.81155014      0.261986703    
  0.403187007       6.58190012      0.268959284    
  0.405842990       6.72875023      0.265363246    
  0.408497989       6.45205021      0.259791255    
  0.411152989       6.52355003      0.265508264    
  0.413809001       6.83519983      0.259900242    
  0.416464001       6.43959999      0.260903031    
  0.419120014       6.53824997      0.251606792    
  0.421775013       6.69640017      0.255751342    
  0.424430996       6.80049992      0.258929312    
  0.427085996       6.48105001      0.254746050    
  0.429742008       6.27820015      0.256765693    
  0.432397008       6.36894989      0.249578506    
  0.435052991       6.92840004      0.257377923    
  0.437707990       6.29265022      0.255997837    
  0.440362990       6.57455015      0.247181326    
  0.443019003       6.37139988      0.257318199    
  0.445674002       6.19759989      0.252305806    
  0.448329985       6.32969999      0.255307823    
  0.450985014       6.35090017      0.248913229    
  0.453640997       6.07900000      0.249526367    
  0.456295997       6.36429977      0.255997658    
  0.458952010       5.97879982      0.249257132    
  0.461607009       6.65654993      0.252721488    
  0.464262992       6.43244982      0.246974334    
  0.466917992       6.26859999      0.247833788    
  0.469572991       6.20849991      0.253137052    
  0.472229004       6.37774992      0.247449547    
  0.474884003       6.33099985      0.247463763    
  0.477539986       6.38950014      0.247040287    
  0.480194986       5.58944988      0.248419195    
  0.482850999       6.11175013      0.250404418    
  0.485505998       5.69614983      0.242985651    
  0.488162011       5.97809982      0.249926925    
  0.490817010       5.84299994      0.244822860    
  0.493472993       5.63345003      0.246525243    
  0.496127993       6.04230022      0.247826874    
  0.498782992       5.71544981      0.242880851    
  0.501438975       5.82749987      0.248996302    
  0.504094005       5.70349979      0.239982024    
  0.506749988       5.50479984      0.245862558    
  0.509405017       5.25304985      0.244979590    
  0.512061000       5.75955009      0.242184237    
  0.514716029       5.89260006      0.245788202    
  0.517372012       5.55399990      0.239469066    
  0.520026982       5.78639984      0.243065923    
  0.522683024       5.45650005      0.238925889    
  0.525337994       5.76359987      0.243935272    
  0.527993977       5.60475016      0.243769333    
  0.530649006       5.63775015      0.235025272    
  0.533303976       5.16214991      0.239318937    
  0.535960019       5.42719984      0.239754513    
  0.538614988       5.31960011      0.242891148    
  0.541270971       5.49254990      0.236754596    
  0.543926001       5.06209993      0.237462506    
  0.546581984       5.36009979      0.237830728    
  0.549237013       5.69019985      0.237469316    
  0.551892996       5.44274998      0.234663963    
  0.554548025       5.07350016      0.236241743    
  0.557204008       5.27325010      0.236030951    
  0.559858978       5.39585018      0.236776307    
  0.562514007       5.28744984      0.239391595    
  0.565169990       5.22949982      0.234280318    
  0.567825019       4.99704981      0.232692525    
  0.570481002       4.74580002      0.236142948    
  0.573135972       5.27495003      0.233918503    
  0.575792015       5.39785004      0.231848300    
  0.578446984       4.96850014      0.235324234    
  0.581103027       4.91830015      0.229766667    
  0.583757997       4.93685007      0.235081226    
  0.586413980       5.28009987      0.227497384    
  0.589069009       4.68949986      0.234699383    
  0.591723979       4.96250010      0.231477678    
  0.594380021       4.47875023      0.231157988    
  0.597034991       4.73304987      0.227965280    
  0.599690974       4.72289991      0.224419087    
  0.602346003       4.79809999      0.233783975    
  0.605001986       4.78660011      0.230480686    
  0.607657015       4.89085007      0.230072141    
  0.610312998       4.77475023      0.227695867    
  0.612968028       4.80060005      0.224997193    
  0.615624011       4.66139984      0.230889648    
  0.618278980       4.51485014      0.227347955    
  0.620934010       4.61880016      0.223102346    
  0.623589993       4.50495005      0.229706720    
  0.626245022       4.41204977      0.223037481    
  0.628901005       4.54890013      0.227107540    
  0.631555974       4.32159996      0.219891116    
  0.634212017       4.60580015      0.219066605    
  0.636866987       4.65420008      0.220146745    
  0.639523029       4.32324982      0.217361704    
  0.642177999       4.24289989      0.219864801    
  0.644833982       4.09819984      0.214238182    
  0.647489011       4.39470005      0.221870258    
  0.650143981       4.05574989      0.223954484    
  0.652800024       4.24354982      0.220723346    
  0.655454993       3.98000002      0.225357905    
  0.658110976       4.36164999      0.224079385    
  0.660766006       4.11259985      0.225588515    
  0.663421988       4.42829990      0.226486698    
  0.666077018       3.95950007      0.222060114    
  0.668733001       4.36955023      0.228165567    
  0.671387970       4.35655022      0.227847293    
  0.674044013       4.19465017      0.228563324    
  0.676698983       3.96464992      0.225486323    
  0.679355025       3.95744991      0.226769939    
  0.682009995       4.32560015      0.230906367    
  0.684665024       4.09709978      0.230576888    
  0.687321007       4.09429979      0.228373840    
  0.689975977       4.20604992      0.229360014    
  0.692632020       3.87334991      0.229014009    
  0.695286989       3.73204994      0.231506407    
  0.697942972       4.08155012      0.229772881    
  0.700598001       3.88980007      0.231669337    
  0.703253984       3.61875010      0.230499700    
  0.705909014       3.83054996      0.232496366    
  0.708564997       4.26564980      0.233088866    
  0.711220026       3.58295012      0.228537589    
  0.713874996       3.70289993      0.230797574    
  0.716530979       3.71070004      0.233215392    
  0.719186008       3.66759992      0.233413965    
  0.721841991       3.78355002      0.231396303    
  0.724497020       3.31520009      0.233274728    
  0.727153003       3.37560010      0.233033821    
  0.729807973       4.14020014      0.235467553    
  0.732464015       3.82360005      0.233269930    
  0.735118985       3.76340008      0.231665835    
  0.737775028       3.54920006      0.235466361    
  0.740429997       3.84220004      0.233646661    
  0.743085027       3.84200001      0.236052886    
  0.745741010       3.79415011      0.231903836    
  0.748395979       3.44064999      0.234747037    
  0.751052022       3.86179996      0.236979187    
  0.753706992       3.61665010      0.234632134    
  0.756362975       3.40599990      0.234060630    
  0.759018004       3.40199995      0.234075129    
  0.761673987       3.81690001      0.234350592    
  0.764329016       3.52379990      0.240877703    
  0.766984999       3.94260001      0.231225342    
  0.769640028       3.21869993      0.237109706    
  0.772294998       3.75790000      0.235360667    
  0.774950981       3.29670000      0.237415373    
  0.777606010       3.67455006      0.234957606    
  0.780261993       3.55725002      0.235207736    
  0.782917023       3.30019999      0.238457680    
  0.785573006       3.57920003      0.237092182    
  0.788227975       3.62584996      0.238245293    
  0.790884018       3.19164991      0.236101404    
  0.793538988       3.34480000      0.233686402    
  0.796194971       3.20539999      0.240657195    
  0.798850000       3.79675007      0.236080587    
  0.801505029       3.29075003      0.236419588    
  0.804161012       3.35570002      0.237991676    
  0.806815982       3.13665009      0.236685827    
  0.809472024       3.22694993      0.239558443    
  0.812126994       3.16400003      0.232222930    
  0.814782977       3.12680006      0.240508169    
  0.817438006       3.25664997      0.236642092    
  0.820093989       3.05375004      0.240558714    
  0.822749019       2.64969993      0.237910002    
  0.825405002       2.76554990      0.235160291    
  0.828059971       3.28559995      0.239344254    
  0.830715001       3.12595010      0.238945708    
  0.833370984       3.04830003      0.237336695    
  0.836026013       3.19985008      0.237251118    
  0.838681996       3.40774989      0.238732025    
  0.841337025       2.83019996      0.240989894    
  0.843993008       3.16890001      0.237647861    
  0.846647978       3.14229989      0.237601534    
  0.849304020       2.59770012      0.239012077    
  0.851958990       3.04775000      0.237197176    
  0.854614973       2.88685012      0.240567833    
  0.857270002       3.31669998      0.235211834    
  0.859925985       2.49930000      0.236677811    
  0.862581015       3.17284989      0.238280624    
  0.865235984       2.88070011      0.240222633    
  0.867892027       2.66514993      0.238505527    
  0.870546997       2.97515011      0.238648042    
  0.873202980       2.68335009      0.240252346    
  0.875858009       3.13759995      0.234136492    
  0.878513992       2.82110000      0.240409791    
  0.881169021       2.72740006      0.237615541    
  0.883825004       2.61059999      0.241174564    
  0.886479974       3.09069991      0.241617158    
  0.889136016       3.16295004      0.235659838    
  0.891790986       2.94895005      0.238026813    
  0.894446015       2.58165002      0.237641171    
  0.897101998       3.18269992      0.241570503    
  0.899757028       3.17980003      0.241005912    
  0.902413011       2.82940006      0.236827552    
  0.905067980       2.97024989      0.242960021    
  0.907724023       2.46184993      0.235693663    
  0.910378993       2.23064995      0.240283474    
  0.913034976       2.48530006      0.237698704    
  0.915690005       2.80325007      0.240635291    
  0.918345988       2.42884994      0.240617767    
  0.921001017       2.84695005      0.240295991    
  0.923655987       2.68164992      0.238149807    
  0.926312029       2.92864990      0.240478456    
  0.928966999       2.86220002      0.238375202    
  0.931622982       2.47510004      0.242237091    
  0.934278011       2.78609991      0.237657577    
  0.936933994       2.54244995      0.242042631    
  0.939589024       2.46819997      0.239120364    
  0.942245007       2.43755007      0.239431024    
  0.944899976       2.24130011      0.242212877    
  0.947556019       2.41575003      0.239785343    
  0.950210989       2.76440001      0.240540192    
  0.952866018       2.44064999      0.241271138    
  0.955522001       2.58279991      0.241180867    
  0.958176970       2.60220003      0.236482859    
  0.960833013       2.62805009      0.240968674    
  0.963487983       2.64770007      0.240013242    
  0.966144025       2.56780005      0.241521269    
  0.968798995       2.30660009      0.239249870    
  0.971454978       2.11010003      0.238822892    
  0.974110007       2.30844998      0.240739182    
  0.976765990       2.79660010      0.242808491    
  0.979421020       3.33375001      0.259333074    
  0.982075989       2.36704993      0.261146158    
  0.984731972       2.20795012      0.263658851    
  0.987387002       2.12995005      0.274854541    
  0.990042984       2.64205003      0.277661383    
  0.992698014       2.74784994      0.283718199    
  0.995353997       2.21560001      0.288815469    
  0.998009026       2.69385004      0.295792878    
   1.00065994       2.46515012      0.302892983    
   1.00331998       2.68195009      0.302988082    
   1.00598001       2.00889993      0.306323290    
   1.00863004       2.48720002      0.318247765    
   1.01128995       2.41024995      0.289851874    
   1.01393998       2.42525005      0.286407560    
   1.01660001       2.35750008      0.284834683    
   1.01925004       2.12400007      0.285554200    
   1.02190995       2.12960005      0.277712852    
   1.02455997       2.04929996      0.274046034    
   1.02722001       2.47795010      0.279759437    
   1.02987003       2.50775003      0.277240545    
   1.03252995       2.09770012      0.274437994    
   1.03518999       2.39700007      0.270994455    
   1.03784001       2.38940001      0.269534588    
   1.04050004       2.39475012      0.273293197    
   1.04314995       1.94089997      0.270725518    
   1.04580998       2.44059992      0.270745933    
   1.04846001       1.98150003      0.264215112    
   1.05112004       2.57839990      0.265786111    
   1.05376995       2.34249997      0.269717664    
   1.05642998       2.21760011      0.267070115    
   1.05908000       2.06209993      0.267624319    
   1.06174004       2.77305007      0.267176628    
   1.06439996       2.18455005      0.265566230    
   1.06704998       2.15625000      0.267287999    
   1.06971002       2.61660004      0.259998620    
   1.07236004       2.07804990      0.261299402    
   1.07501996       2.09590006      0.260953575    
   1.07766998       2.22154999      0.260859609    
   1.08033001       2.22084999      0.258925498    
   1.08298004       2.44035006      0.255352080    
   1.08563995       1.95290005      0.256868094    
   1.08828998       1.86930001      0.256273568    
   1.09095001       2.14870000      0.251525909    
   1.09361005       2.17600012      0.249109715    
   1.09625995       1.96704996      0.253941536    
   1.09891999       2.29124999      0.254323483    
   1.10157001       2.15479994      0.252589762    
   1.10423005       2.09715009      0.251156211    
   1.10687995       1.99884999      0.252556443    
   1.10953999       2.05960011      0.249570414    
   1.11219001       2.43540001      0.250287533    
   1.11485004       2.60520005      0.252857894    
   1.11749995       2.04780006      0.249211699    
   1.12015998       1.69755006      0.253168255    
   1.12282002       2.12179995      0.250393212    
   1.12547004       2.00725007      0.252056181    
   1.12812996       2.24745011      0.251213640    
   1.13077998       2.37945008      0.253453195    
   1.13344002       1.51979995      0.254595011    
   1.13609004       1.99465001      0.249588832    
   1.13874996       2.23160005      0.247231558    
   1.14139998       1.89065003      0.252579242    
   1.14406002       2.33975005      0.249685720    
   1.14671004       1.91770005      0.253538311    
   1.14936996       2.53725004      0.252602756    
   1.15202999       1.79509997      0.249602348    
   1.15468001       2.26959991      0.250601113    
   1.15734005       2.08244991      0.250725329    
   1.15998995       1.64219999      0.252393991    
   1.16264999       1.80914998      0.251551539    
   1.16530001       1.99740005      0.253722340    
   1.16796005       2.00885010      0.251598984    
   1.17060995       1.91509998      0.251180202    
   1.17326999       2.06329989      0.252313435    
   1.17592001       2.19654989      0.250682503    
   1.17858005       2.59785008      0.251595676    
   1.18123996       1.76205003      0.251105964    
   1.18388999       1.87345004      0.248361558    
   1.18920004       1.90489995      0.244759589    
   1.19185996       1.69075000      0.248588249    
   1.19450998       1.86214995      0.247556448    
   1.19717002       2.13884997      0.246118993    
   1.19982004       1.95910001      0.244300887    
   1.20247996       2.10660005      0.245043740    
   1.20512998       1.91670001      0.241796806    
   1.20779002       2.03014994      0.242511034    
   1.21045005       2.06664991      0.243629307    
   1.21309996       1.88195002      0.244949758    
   1.21575999       2.32034993      0.245541081    
   1.21841002       1.65799999      0.245840043    
   1.22107005       1.94044995      0.242981240    
   1.22371995       1.85669994      0.243191317    
   1.22637999       1.53814995      0.244711354    
   1.22903001       2.03115010      0.244006738    
   1.23169005       1.97959995      0.244822860    
   1.23433995       1.96879995      0.245313883    
   1.23699999       1.72379994      0.242972031    
   1.23966002       1.57044995      0.244433716    
   1.24231005       1.54365003      0.243263185    
   1.24496996       1.28779995      0.243788138    
   1.24761999       1.84035003      0.244951263    
   1.25028002       1.66980004      0.246386617    
   1.25293005       1.82745004      0.240852177    
   1.25558996       1.68184996      0.243263587    
   1.25823998       1.86745000      0.246377304    
   1.26090002       1.53925002      0.245174468    
   1.26355004       1.79589999      0.243795753    
   1.26620996       1.65565002      0.243132383    
   1.26887000       1.36995006      0.241608933    
   1.27152002       1.75090003      0.246117592    
   1.27418005       1.81054997      0.243649229    
   1.27682996       1.71140003      0.242420852    
   1.27948999       2.08305001      0.244732782    
   1.28214002       1.56410003      0.244214416    
   1.28480005       1.73164999      0.245868668    
   1.28744996       1.84410000      0.238462582    
   1.29010999       1.37304997      0.244735375    
   1.29276001       2.04699993      0.245962247    
   1.29542005       1.36224997      0.245120913    
   1.29807997       1.90384996      0.243782848    
   1.30072999       2.07520008      0.242928296    
   1.30339003       1.62755001      0.244164675    
   1.30604005       1.36829996      0.247163594    
   1.30869997       2.02025008      0.241074175    
   1.31134999       1.68130004      0.243478477    
   1.31401002       1.84230006      0.242491111    
   1.31666005       1.40590000      0.245562896    
   1.31931996       1.78135002      0.241176471    
   1.32196999       1.50510001      0.244122446    
   1.32463002       1.78954995      0.245733544    
   1.32729006       1.02779996      0.245320082    
   1.32993996       1.66419995      0.245556399    
   1.33260000       1.70105004      0.242321670    
   1.33525002       2.04585004      0.242508426    
   1.33791006       1.49919999      0.241587326    
   1.34055996       1.45665002      0.244118437    
   1.34322000       1.20959997      0.243110955    
   1.34587002       1.98440003      0.244194895    
   1.34853005       1.43009996      0.244127840    
   1.35117996       1.60800004      0.243746921    
   1.35383999      0.795599997      0.242044523    
   1.35650003       1.52300000      0.242912278    
   1.35915005       1.57334995      0.243239567    
   1.36180997       1.65265000      0.243262678    
   1.36445999       1.62020004      0.243703768    
   1.36712003       1.56105006      0.242840812    
   1.36977005       1.43320000      0.243582264    
   1.37242997       1.19879997      0.242927000    
   1.37507999       1.62140000      0.243826076    
   1.37774003       1.34920001      0.240924641    
   1.38039005       1.25115001      0.243659943    
   1.38304996       1.75355005      0.244726866    
   1.38571000       1.50475001      0.242861241    
   1.38836002       1.21879995      0.239886239    
   1.39102006       1.41464996      0.245777890    
   1.39366996       1.87615001      0.244219512    
   1.39633000       1.94560003      0.243528426    
   1.39898002       1.66690004      0.241252929    
   1.40164006       1.50715005      0.243239760    
   1.40428996       1.23640001      0.244479656    
   1.40695000       1.06640005      0.240808338    
   1.40960002       1.50839996      0.244056985    
   1.41226006       1.59080005      0.244241044    
   1.41491997       1.51355004      0.241614133    
   1.41756999       1.50674999      0.241211191    
   1.42023003       1.60755002      0.242877156    
   1.42288005       1.47444999      0.241043746    
   1.42553997       1.61489999      0.243460760    
   1.42818999       1.59294999      0.242705405    
   1.43085003       1.16740000      0.245315179    
   1.43350005      0.962700009      0.240057886    
   1.43615997       1.45585001      0.242849022    
   1.43880999       1.63849998      0.240591437    
   1.44147003       1.46015000      0.241188362    
   1.44412994       1.61450005      0.242174134    
   1.44677997       1.38390005      0.242114291    
   1.44944000       1.79684997      0.242008299    
   1.45209002       1.28989995      0.242204860    
   1.45474994       1.35615003      0.242381722    
   1.45739996       1.43754995      0.243614197    
   1.46006000       1.33214998      0.243057996    
   1.46271002       1.38104999      0.240842760    
   1.46537006       1.21375000      0.243600279    
   1.46801996       1.01814997      0.240980580    
   1.47068000       1.36469996      0.241442487    
   1.47334003       1.38814998      0.242865145    
   1.47599006       1.30379999      0.243628204    
   1.47864997       1.71675003      0.243803859    
   1.48130000       1.39260006      0.239648029    
   1.48396003       1.73619998      0.242461979    
   1.48661005       1.40865004      0.241722941    
   1.48926997       1.51100004      0.242836311    
   1.49191999       1.64145005      0.242194757    
   1.49458003       1.32930005      0.242225677    
   1.49723005       1.07480001      0.241471216    
   1.49988997       1.07044995      0.242907867    
   1.50255001       1.63569999      0.241976872    
   1.50520003       1.26650000      0.241313979    
   1.50785995       1.28295004      0.243346453    
   1.51050997       1.50829995      0.241848841    
   1.51317000       1.24679995      0.244378373    
   1.51582003       1.48399997      0.241758168    
   1.51847994       1.95200002      0.243593276    
   1.52112997       1.46379995      0.242664456    
   1.52379000       1.18994999      0.242022291    
   1.52644002       1.12934995      0.241372123    
   1.52909994       1.45704997      0.242191538    
   1.53175998       1.17359996      0.240720257    
   1.53441000       1.38209999      0.241300762    
   1.53707004       1.15164995      0.241793305    
   1.53972006       1.40069997      0.242042124    
   1.54237998       1.31599998      0.242202565    
   1.54503000       1.43560004      0.241697311    
   1.54769003       1.96074998      0.241218790    
   1.55034006       1.37860000      0.241989762    
   1.55299997       1.30215001      0.242973030    
   1.55565000       1.11004996      0.240812436    
   1.55831003       1.07850003      0.241524965    
   1.56096995       1.70465004      0.243071213    
   1.56361997       1.08410001      0.242461175    
   1.56628001       1.46955001      0.241450608    
   1.56893003      0.925249994      0.239739999    
   1.57158995       1.44669998      0.240837172    
   1.57423997       1.34905005      0.242277414    
   1.57690001       1.54015005      0.242498711    
   1.57955003       1.43149996      0.239858195    
   1.58220994      0.874400020      0.244089007    
   1.58485997       1.43990004      0.240997106    
   1.58752000       1.23714995      0.241691411    
   1.59018004       1.39119995      0.239249870    
   1.59282994       1.28735006      0.243147284    
   1.59548998      0.835850000      0.241674200    
   1.59814000       1.09210002      0.239120468    
   1.60080004       1.57284999      0.240287274    
   1.60344994       1.15044999      0.242588207    
   1.60610998       1.27960002      0.241467223    
   1.60876000       1.14995003      0.240713343    
   1.61142004       1.50485003      0.241317376    
   1.61407006       1.36755002      0.238012999    
   1.61672997       1.24195004      0.242972225    
   1.61939001       1.20194995      0.240773201    
   1.62204003      0.896449983      0.243310228    
   1.62469995       1.65769994      0.241321489    
   1.62734997       1.21515000      0.241674498    
   1.63001001       1.11294997      0.239234969    
   1.63266003       1.47539997      0.238586992    
   1.63531995       1.29530001      0.240856484    
   1.63796997       1.53590000      0.241605043    
   1.64063001       1.31359994      0.242149815    
   1.64328003       1.12594998      0.239178002    
   1.64593995       1.19540000      0.241332799    
   1.64859998       1.14699996      0.241342992    
   1.65125000      0.523150027      0.242234394    
   1.65391004      0.874350011      0.240680128    
   1.65655994      0.963299990      0.238995954    
   1.65921998      0.856000006      0.242716610    
   1.66187000       1.08714998      0.239080831    
   1.66453004       1.17739999      0.240338326    
   1.66717994      0.923850000      0.242023990    
   1.66983998      0.717649996      0.241651982    
   1.67250001       1.26859999      0.240609959    
   1.67515004       1.14619994      0.241025433    
   1.67780995       1.50234997      0.239446342    
   1.68045998       1.68509996      0.241393045    
   1.68312001       1.38950002      0.239754319    
   1.68577003       1.32885003      0.242058024    
   1.68842995       1.03735006      0.239699364    
   1.69107997       1.67240000      0.241710827    
   1.69374001       1.31645000      0.240651906    
   1.69639003       1.05019999      0.239334941    
   1.69904995       1.32344997      0.239117265    
   1.70170999       1.11664999      0.240928739    
   1.70436001       1.13859999      0.240485251    
   1.70702004       1.07095003      0.241789699    
   1.70966995       1.19614995      0.240267962    
   1.71232998       1.10874999      0.239577070    
   1.71498001       1.27444994      0.239218056    
   1.71764004       1.17215002      0.239097953    
   1.72028995       1.16550004      0.239270091    
   1.72294998       1.01575005      0.239816576    
   1.72560000       1.35385001      0.239499792    
   1.72826004      0.967949986      0.240828454    
   1.73091996       1.42815006      0.238710210    
   1.73356998      0.947000027      0.241899088    
   1.73623002      0.860249996      0.241376430    
   1.73888004       1.15445006      0.239987329    
   1.74153996       1.58329999      0.239423737    
   1.74418998      0.833700001      0.241070464    
   1.74685001       1.26345003      0.239119262    
   1.74950004       1.10105002      0.240271270    
   1.75215995       1.30410004      0.240800142    
   1.75480998       1.16505003      0.241049841    
   1.75747001      0.719099998      0.240373865    
   1.76013005      0.914300025      0.239375681    
   1.76277995       1.28030002      0.239214942    
   1.76543999       1.51979995      0.238463387    
   1.76809001      0.879249990      0.240753993    
   1.77075005       1.00329995      0.240503266    
   1.77339995       1.26650000      0.240254149    
   1.77605999      0.436150014      0.240427703    
   1.77871001      0.647650003      0.239114955    
   1.78137004      0.698000014      0.240397781    
   1.78401995       1.03705001      0.238877252    
   1.78667998       1.04595006      0.239790037    
   1.78934002      0.845449984      0.238215178    
   1.79199004      0.722150028      0.239652723    
   1.79464996      0.853600025      0.238753140    
   1.79729998       1.08140004      0.239305422    
   1.79996002       1.16610003      0.241028428    
   1.80261004       1.31130004      0.240474939    
   1.80526996      0.977349997      0.238879547    
   1.80791998      0.758400023      0.239358574    
   1.81058002      0.712300003      0.238391921    
   1.81323004      0.677999973      0.240848973    
   1.81588995      0.949949980      0.240133837    
   1.81854999       1.05299997      0.240359947    
   1.82120001       1.24670005      0.239040494    
   1.82386005      0.861150026      0.238464683    
   1.82650995      0.958150029      0.238354892    
   1.82916999      0.865949988      0.238045916    
   1.83182001       1.17305005      0.239485681    
   1.83448005      0.934400022      0.237255022    
   1.83712995      0.727349997      0.240617469    
   1.83978999       1.07949996      0.240626872    
   1.84244001      0.806599975      0.238154113    
   1.84510005       1.09000003      0.238135993    
   1.84775996       1.03824997      0.239304528    
   1.85040998      0.976300001      0.238654464    
   1.85307002       1.00720000      0.240785629    
   1.85572004      0.951150000      0.238397717    
   1.85837996       1.27285004      0.238542452    
   1.86102998       1.18900001      0.238154709    
   1.86369002       1.60609996      0.240112826    
   1.86634004      0.956749976      0.239764422    
   1.86899996      0.671199977      0.238494515    
   1.87164998       1.21150005      0.239967212    
   1.87431002       1.12475002      0.235466063    
   1.87697005       1.04554999      0.238562465    
   1.87961996       1.29180002      0.239160284    
   1.88227999      0.959949970      0.238377109    
   1.88493001       1.03275001      0.239822075    
   1.88759005       1.19959998      0.237914696    
   1.89023995       1.20959997      0.239218548    
   1.89289999      0.810649991      0.237015009    
   1.89555001       1.25755000      0.239405409    
   1.89821005       1.01454997      0.236374661    
   1.90085995      0.975499988      0.238658160    
   1.90351999       1.52705002      0.240181983    
   1.90618002      0.889450014      0.238381207    
   1.90883005      0.991500020      0.238607422    
   1.91148996       1.09405005      0.238808692    
   1.91413999       1.10874999      0.236679316    
   1.91680002       1.05690002      0.237151027    
   1.91945004      0.820850015      0.239748508    
   1.92210996       1.10959995      0.238409236    
   1.92475998       1.07904994      0.236725554    
   1.92742002      0.888400018      0.238396421    
   1.93007004      0.780550003      0.236700445    
   1.93272996      0.848699987      0.239846900    
   1.93539000       1.33840001      0.238220766    
   1.93804002      0.663100004      0.237622157    
   1.94070005      0.659699976      0.237047836    
   1.94334996      0.782149971      0.238065735    
   1.94600999      0.520950019      0.239248767    
   1.94866002      0.882300019      0.239392400    
   1.95132005       1.15734994      0.236888513    
   1.95396996       1.07299995      0.238416955    
   1.95662999      0.905250013      0.234503925    
   1.95928001      0.592599988      0.237777486    
   1.96194005      0.804050028      0.238726422    
   1.96459997       1.07459998      0.237875178    
   1.96724999      0.960600019      0.236242443    
   1.96991003       1.19194996      0.238338172    
   1.97256005       1.05100000      0.239326939    
   1.97521996      0.720749974      0.237404555    
   1.97786999       1.30350006      0.237100586    
   1.98053002      0.889800012      0.238183334    
   1.98318005      0.721750021      0.236029655    
   1.98583996      0.582000017      0.239779636    
   1.98848999      0.791849971      0.238105372    
   1.99115002       1.07854998      0.236896902    
   1.99381006      0.661499977      0.238136202    
   1.99645996      0.626150012      0.237801298    
   1.99912000      0.789749980      0.237669095    
   2.00177002      0.497249991      0.238604113    
   2.00443006       1.25460005      0.235845387    
   2.00708008       1.03690004      0.236809835    
   2.00974011      0.409399986      0.238575086    
   2.01238990      0.766449988      0.236533403    
   2.01504993      0.679199994      0.234620824    
   2.01769996      0.772549987      0.237743556    
   2.02035999      0.707050025      0.238081560    
   2.02302003      0.953499973      0.235380083    
   2.02567005      0.877600014      0.237168044    
   2.02833009      0.901099980      0.237596825    
   2.03098011       1.20220006      0.237535372    
   2.03363991      0.448049992      0.236428112    
   2.03628993      0.660950005      0.237152532    
   2.03894997       1.20560002      0.236444429    
   2.04159999       1.09249997      0.236859784    
   2.04426003      0.915300012      0.237064764    
   2.04691005      0.770550013      0.236846358    
   2.04957008      0.925650001      0.236669615    
   2.05222988      0.991900027      0.237930223    
   2.05487990      0.674549997      0.234069631    
   2.05753994      0.827250004      0.236724257    
   2.06018996      0.318100005      0.235536918    
   2.06285000       1.23765004      0.237217486    
   2.06550002      0.643350005      0.238069132    
   2.06816006       1.10734999      0.238547653    
   2.07081008      0.915799975      0.235784441    
   2.07347012      0.869949996      0.237145528    
   2.07611990       1.32525003      0.236438602    
   2.07877994      0.610949993      0.236752585    
   2.08143997      0.785549998      0.235678256    
   2.08408999      0.937650025      0.236065775    
   2.08675003       1.01559997      0.234792471    
   2.08940005      0.541899979      0.235399693    
   2.09206009       1.07685006      0.235714883    
   2.09471011      0.924300015      0.237332195    
   2.09736991       1.01339996      0.236312196    
   2.10001993      0.704050004      0.237168655    
   2.10267997       1.21385002      0.235615596    
   2.10532999      0.772449970      0.235956490    
   2.10799003       1.21130002      0.236473039    
   2.11065006      0.736549973      0.235528022    
   2.11330009      0.972450018      0.235220745    
   2.11595988      0.766900003      0.235281393    
   2.11860991       1.08965003      0.237397656    
   2.12126994       1.21675003      0.236770704    
   2.12391996      0.825100005      0.235448539    
   2.12658000      0.586350024      0.236523688    
   2.12923002      0.950950027      0.234228268    
   2.13189006      0.730700016      0.237253323    
   2.13454008       1.45739996      0.236297488    
   2.13720012      0.826849997      0.236773610    
   2.13985991       1.18614995      0.237306565    
   2.14250994      0.920400023      0.234384015    
   2.14516997      0.140550002      0.237087771    
   2.14782000      0.754800022      0.234618008    
   2.15048003      0.779799998      0.236193597    
   2.15313005       1.05575001      0.235966906    
   2.15579009      0.885550022      0.236210018    
   2.15844011       1.03145003      0.236154363    
   2.16109991      0.826099992      0.235726580    
   2.16374993      0.903949976      0.235051200    
   2.16640997      0.942849994      0.233114406    
   2.16907001      0.494850010      0.235518098    
   2.17172003      0.974849999      0.237173155    
   2.17438006      0.721650004      0.234408841    
   2.17703009       1.16435003      0.234594896    
   2.17968988       1.14929998      0.236991599    
   2.18233991       1.22564995      0.234654859    
   2.18499994       1.03659999      0.236130744    
   2.18764997      0.905499995      0.235149190    
   2.19031000      0.671649992      0.235997319    
   2.19296002       1.39614999      0.235714778    
   2.19562006      0.909650028      0.234953016    
   2.19828010      0.618700027      0.234055117    
   2.20093012      0.667649984      0.234462380    
   2.20358992      0.950950027      0.234975025    
   2.20623994      0.828800023      0.234353185    
   2.20889997      0.941049993      0.235855997    
   2.21155000      0.794550002      0.235909447    
   2.21421003      0.496349990      0.234790862    
   2.21686006      0.545249999      0.233293667    
   2.21952009      0.973349988      0.234433353    
   2.22217011      0.891799986      0.234654039    
   2.22482991      0.801850021      0.235780746    
   2.22748995       1.00094998      0.235333040    
   2.23013997      0.654049993      0.234694183    
   2.23280001      0.991249979      0.234103471    
   2.23545003       1.04215002      0.233830228    
   2.23811007      0.909900010      0.234542459    
   2.24076009      0.538299978      0.233513251    
   2.24341989      0.928449988      0.234808385    
   2.24606991      0.973699987      0.232888103    
   2.24872994      0.617449999      0.234295323    
   2.25137997      0.736500025      0.233429790    
   2.25404000      0.966549993      0.234434158    
   2.25670004      0.782299995      0.234125584    
   2.25935006      0.913699985      0.232473940    
   2.26201010      0.553449988      0.234606117    
   2.26465988      0.466699988      0.234547958    
   2.26731992      0.356500000      0.234628826    
   2.26996994      0.872300029      0.235002756    
   2.27262998      0.802550018      0.232165068    
   2.27528000       1.00734997      0.234212250    
   2.27794003       1.20459998      0.232595146    
   2.28059006       1.22204995      0.233520761    
   2.28325009      0.939499974      0.234824985    
   2.28590989      0.791450024      0.232915819    
   2.28855991      0.892250001      0.234089553    
   2.29121995      0.616500020      0.233996376    
   2.29386997      0.905600011      0.260262758    
   2.29653001      0.580799997      0.271237969    
   2.29918003      0.748950005      0.286834955    
   2.30184007      0.841449976      0.292921782    
   2.30449009       1.31169999      0.308943272    
   2.30714989      0.547699988      0.320307553    
   2.30979991      0.744149983      0.338757992    
   2.31245995      0.741699994      0.354299098    
   2.31511998       2.60000001E-03  0.369229555    
   2.31777000       1.22829998      0.384757698    
   2.32043004      0.666249990      0.405288458    
   2.32308006      0.345149994      0.420882910    
   2.32574010      0.966899991      0.342940152    
   2.32838988      0.565699995      0.328962922    
   2.33104992      0.746299982      0.319839031    
   2.33369994      0.774349988      0.303936213    
   2.33635998      0.595650017      0.295861840    
   2.33901000      0.769949973      0.287754744    
   2.34167004       1.15779996      0.281297773    
   2.34433007      0.254249990      0.275885344    
   2.34698009      0.980599999      0.270484895    
   2.34963989      0.633849978      0.266090661    
   2.35228992      0.799899995      0.264171898    
   2.35494995      0.531250000      0.257586211    
   2.35759997      0.654399991      0.256577045    
   2.36026001      0.527849972      0.253200203    
   2.36291003       1.01610005      0.251998216    
   2.36557007      0.581399977      0.251123667    
   2.36822009      0.847949982      0.249363929    
   2.37087989      0.300399989      0.248205021    
   2.37353992       1.02754998      0.247122467    
   2.37618995      0.388749987      0.248551816    
   2.37884998      0.636399984      0.246559173    
   2.38150001      0.893350005      0.246411443    
   2.38416004      0.575100005      0.243221447    
   2.38681006      0.891950011      0.244930342    
   2.38947010      0.612950027      0.242370307    
   2.39211988      0.669300020      0.240024850    
   2.39477992      0.777149975      0.238166928    
   2.39742994      0.787500024      0.238864630    
   2.40008998       1.02800000      0.235606775    
   2.40275002      0.881200016      0.236419693    
   2.40540004      0.793200016      0.235206932    
   2.40806007      0.661499977      0.232104719    
   2.41071010      0.578050017      0.232117817    
   2.41336989      0.659749985      0.231743991    
   2.41601992      0.860650003      0.232530296    
   2.41867995      0.814249992      0.232267559    
   2.42132998      0.706449986      0.231942579    
   2.42399001      0.754849970      0.231897429    
   2.42664003      0.690500021      0.232332408    
   2.42930007      0.695249975      0.231533810    
   2.43196011      0.514100015      0.231381685    
   2.43460989      0.999750018      0.231140375    
   2.43726993      0.840200007      0.233008713    
   2.43991995      0.585850000      0.230094656    
   2.44257998      0.737450004      0.230857715    
   2.44523001      0.756449997      0.232540295    
   2.44789004      0.929400027      0.232222125    
   2.45054007       1.03604996      0.232804030    
   2.45320010      0.473450005      0.230545655    
   2.45584989       1.20554996      0.232320607    
   2.45850992      0.607349992      0.231613383    
   2.46116996      0.212200001      0.229981363    
   2.46381998      0.966650009      0.231636509    
   2.46648002      0.598950028      0.230702192    
   2.46913004      0.350100011      0.232622966    
   2.47179008      0.576600015      0.231929660    
   2.47444010       1.05400002      0.230111971    
   2.47709990      0.581099987      0.232759088    
   2.47974992      0.704900026      0.232440501    
   2.48240995      0.678449988      0.233336389    
   2.48505998      0.738499999      0.231333241    
   2.48772001      0.940249979      0.231703967    
   2.49038005       1.04600000      0.231832683    
   2.49303007      0.833450019      0.230338678    
   2.49569011      0.614049971      0.228973582    
   2.49833989      0.555700004      0.227202028    
   2.50099993      0.890500009      0.230434060    
   2.50364995      0.446000010      0.230767250    
   2.50630999      0.413949996      0.229398847    
   2.50896001      0.538299978      0.230369195    
   2.51162004      0.621949971      0.228695229    
   2.51427007      0.353450000      0.229127720    
   2.51693010      0.269050002      0.229480013    
   2.51958990      0.735849977      0.231090635    
   2.52223992      0.956900001      0.229254812    
   2.52489996      -7.01500028E-02  0.230597392    
   2.52754998      0.839649975      0.230578482    
   2.53021002      0.453399986      0.229948327    
   2.53286004      0.649900019      0.229419872    
   2.53552008      0.878149986      0.228457123    
   2.53817010      0.684199989      0.229356915    
   2.54082990       1.00574994      0.229025930    
   2.54347992      0.941749990      0.229370221    
   2.54613996      0.889900029      0.228650197    
   2.54879999       1.08229995      0.229832232    
   2.55145001      0.748899996      0.230057716    
   2.55411005      0.550050020      0.229122400    
   2.55676007      0.657350004      0.230263695    
   2.55942011      0.602750003      0.227973998    
   2.56206989      0.575800002      0.228415489    
   2.56472993      0.647549987      0.230564371    
   2.56737995      0.811699986      0.229620740    
   2.57003999      0.700649977      0.228367448    
   2.57269001      0.572700024      0.229584217    
   2.57535005      0.491899997      0.229469419    
   2.57801008       1.07745004      0.230496109    
   2.58066010       1.06770003      0.228657097    
   2.58331990      0.267600000      0.229241803    
   2.58596992      0.644500017      0.228854373    
   2.58862996      0.938350022      0.230962023    
   2.59127998      0.652300000      0.229603335    
   2.59394002      0.825299978      0.228993699    
   2.59659004      0.617250025      0.229329288    
   2.59925008       1.04499996      0.229560688    
   2.60190010      0.696049988      0.227059096    
   2.60455990       1.03425002      0.229836330    
   2.60721993      -2.50499994E-02  0.228238940    
   2.60986996      0.712199986      0.230050012    
   2.61252999      0.500000000      0.228542998    
   2.61518002      0.914349973      0.228462636    
   2.61784005      0.678200006      0.229875475    
   2.62049007      0.628350019      0.227756813    
   2.62315011      0.459500015      0.228901401    
   2.62579989      0.843500018      0.227020860    
   2.62845993       1.11625004      0.229382142    
   2.63110995      0.939649999      0.227128461    
   2.63376999      0.855000019      0.229107693    
   2.63643003      0.751299977      0.230964527    
   2.63908005      0.794499993      0.230038911    
   2.64174008      0.615400016      0.231412813    
   2.64439011      0.792699993      0.229431584    
   2.64704990      0.711399972      0.229127318    
   2.64969993      0.576950014      0.229265541    
   2.65235996      0.600099981      0.229783773    
   2.65500998       1.01919997      0.228862569    
   2.65767002      0.228699997      0.229054645    
   2.66032004      0.492249995      0.229936212    
   2.66298008      0.577300012      0.230010092    
   2.66564012      0.930199981      0.230537951    
   2.66828990      0.654449999      0.228429601    
   2.67094994      0.317600012      0.229917794    
   2.67359996      0.907249987      0.229875267    
   2.67625999      0.258450001      0.230430752    
   2.67891002      0.436800003      0.227141365    
   2.68157005      0.878799975      0.229539767    
   2.68422008      0.526700020      0.228591844    
   2.68688011      0.859749973      0.228952155    
   2.68952990      0.876749992      0.228297383    
   2.69218993      0.906050026      0.229890883    
   2.69484997      0.582400024      0.229679391    
   2.69749999      0.808000028      0.229477912    
   2.70016003      0.364199996      0.229926616    
   2.70281005      0.683250010      0.227356270    
   2.70547009      0.493950009      0.229363129    
   2.70812011      0.440899998      0.228865877    
   2.71077991      0.520399988      0.230497509    
   2.71342993      0.800800025      0.229445577    
   2.71608996      0.646250010      0.230029806    
   2.71873999      0.558250010      0.230290830    
   2.72140002      0.378450006      0.227002650    
   2.72406006      0.457650006      0.229295164    
   2.72671008      0.748250008      0.229644567    
   2.72937012      0.445199996      0.228634179    
   2.73201990      0.574750006      0.229743645    
   2.73467994      0.830749989      0.228349924    
   2.73732996      0.362949997      0.228520378    
   2.73999000      0.730849981      0.228252843    
   2.74264002      0.564300001      0.228671506    
   2.74530005      0.775900006      0.228735179    
   2.74795008      0.670549989      0.228431597    
   2.75061011      0.827099979      0.230164319    
   2.75326991      0.321500003      0.228622764    
   2.75591993      0.942300022      0.227697462    
   2.75857997      0.661700010      0.226946414    
   2.76122999      0.728500009      0.229129717    
   2.76389003      0.512399971      0.228988394    
   2.76654005      0.671800017      0.227738395    
   2.76920009      0.675999999      0.229047239    
   2.77185011      0.585550010      0.228559509    
   2.77450991      0.931349993      0.228856176    
   2.77715993      0.791800022      0.227128863    
   2.77981997      0.770150006      0.229252219    
   2.78248000      0.305350006      0.228117019    
   2.78513002      0.544049978      0.226147205    
   2.78779006      0.882350028      0.228105426    
   2.79044008      0.608799994      0.227941364    
   2.79310012      0.733049989      0.227823570    
   2.79574990      0.670750022      0.228048354    
   2.79840994      0.602649987      0.228395969    
   2.80105996      0.768199980      0.227996722    
   2.80372000      0.946550012      0.229570106    
   2.80637002      0.469049990      0.227778018    
   2.80903006      0.487800002      0.228389353    
   2.81169009     -0.123750001      0.227799758    
   2.81434011      0.912949979      0.227925554    
   2.81699991      0.755299985      0.228146955    
   2.81964993      0.659799993      0.228437707    
   2.82230997      0.703649998      0.227838278    
   2.82495999      0.577199996      0.227598175    
   2.82762003      0.611800015      0.227695957    
   2.83027005      0.548099995      0.228522673    
   2.83293009      0.489800006      0.227890626    
   2.83558011      0.739000022      0.227303222    
   2.83823991      0.632600009      0.227401897    
   2.84089994      0.442799985      0.228199199    
   2.84354997      0.515399992      0.226777852    
   2.84621000      0.758249998      0.227173299    
   2.84886003       1.05680001      0.227482170    
   2.85152006      0.494599998      0.227093831    
   2.85417008      0.733449996      0.227022260    
   2.85682988       1.01135004      0.227716878    
   2.85947990      0.475300014      0.228476435    
   2.86213994      0.873799980      0.227914736    
   2.86478996      0.476249993      0.226902261    
   2.86745000      0.780350029      0.227589354    
   2.87011003      0.182400003      0.227177501    
   2.87276006      0.866900027      0.227172896    
   2.87542009      0.756699979      0.227533117    
   2.87807012      0.590200007      0.228095606    
   2.88072991      0.110749997      0.228233323    
   2.88337994      0.736599982      0.227212429    
   2.88603997      0.243750006      0.227234244    
   2.88868999      0.497850001      0.227895722    
   2.89135003       1.08620000      0.227726877    
   2.89400005      0.401650012      0.227319539    
   2.89666009      0.528699994      0.226753235    
   2.89931989      0.735000014      0.227795333    
   2.90196991      0.442400008      0.227648124    
   2.90462995      0.343149990      0.228203699    
   2.90727997      0.687150002      0.227504387    
   2.90994000      0.327450007      0.226774350    
   2.91259003      0.783100009      0.226479590    
   2.91525006      0.272850007      0.226554364    
   2.91790009      0.562749982      0.226537749    
   2.92055988      0.356900007      0.225805104    
   2.92320991       1.00574994      0.228027239    
   2.92586994      0.767050028      0.225793988    
   2.92852998      0.305799991      0.228247046    
   2.93118000      -1.31999999E-02  0.226428345    
   2.93384004      0.441399992      0.229248419    
   2.93649006      0.358949989      0.227129653    
   2.93915009      0.643000007      0.226371095    
   2.94180012      0.158800006      0.227636009    
   2.94445992      0.550599992      0.225527048    
   2.94710994      0.930800021      0.226685166    
   2.94976997      0.723900020      0.225939706    
   2.95242000      0.377600014      0.227448538    
   2.95508003      0.464800000      0.226272717    
   2.95774007      0.877849996      0.227358758    
   2.96039009       1.13584995      0.228417382    
   2.96304989      0.541800022      0.228714347    
   2.96569991      0.555499971      0.227941677    
   2.96835995      0.550849974      0.228206515    
   2.97100997      0.193250000      0.228005126    
   2.97367001      0.491600007      0.227553025    
   2.97632003      0.952449977      0.226521328    
   2.97898006      0.720200002      0.227414712    
   2.98163009      0.581149995      0.225326478    
   2.98428988      0.915950000      0.225717917    
   2.98694992      0.829400003      0.227308527    
   2.98959994      0.272949994      0.227200925    
   2.99225998      0.297100008      0.226271912    
   2.99491000      0.551649988      0.227106035    
   2.99757004      0.520099998      0.225248411    
   3.00022006      0.950749993      0.227753401    
   3.00288010      0.770550013      0.226829708    
   3.00553012      0.630400002      0.226978317    
   3.00818992      0.763050020      0.227361962    
   3.01083994      0.413650006      0.226283520    
   3.01349998      0.690349996      0.226099759    
   3.01616001      0.490599990      0.226080343    
   3.01881003      0.546000004      0.227080807    
   3.02147007      0.659250021      0.226325452    
   3.02412009      0.449099988      0.225060150    
   3.02677989       1.06114995      0.227861002    
   3.02942991      0.733650029      0.225331187    
   3.03208995      0.660300016      0.224599048    
   3.03473997      0.808950007      0.225907505    
   3.03740001      0.621399999      0.227662027    
   3.04005003      0.429049999      0.226707801    
   3.04271007      0.629050016      0.225241899    
   3.04537010      0.917050004      0.226468891    
   3.04801989      0.499199986      0.227090120    
   3.05067992      0.962100029      0.226671949    
   3.05332994      0.999199986      0.225653470    
   3.05598998      0.887650013      0.225678682    
   3.05864000       1.08564997      0.225503042    
   3.06130004      0.712350011      0.226428941    
   3.06395006      0.586499989      0.225527853    
   3.06661010      0.821799994      0.226754129    
   3.06925988      0.538800001      0.226523042    
   3.07191992      0.534500003      0.225786477    
   3.07457995       1.04495001      0.225823522    
   3.07722998      0.476749986      0.225719735    
   3.07989001      0.608299971      0.226668656    
   3.08254004      0.430350006      0.225659370    
   3.08520007      0.380600005      0.226076737    
   3.08785009      0.488900006      0.226009890    
   3.09050989      0.905499995      0.226830602    
   3.09315991       1.01734996      0.226259902    
   3.09581995      0.141350001      0.225996375    
   3.09846997      0.435799986      0.225727841    
   3.10113001      0.517199993      0.226894960    
   3.10379004      0.504999995      0.225541472    
   3.10644007      0.468499988      0.225478217    
   3.10910010      0.365799993      0.225305364    
   3.11174989      0.211500004      0.225733638    
   3.11440992      0.416850001      0.226004377    
   3.11705995      0.424899995      0.224967167    
   3.11971998       1.11629999      0.223989308    
   3.12237000      0.116800003      0.225788891    
   3.12503004      0.139449999      0.226335272    
   3.12768006      0.521399975      0.226735219    
   3.13034010      0.433800012      0.225200877    
   3.13299990      0.710749984      0.225048631    
   3.13564992      0.199399993      0.225544766    
   3.13830996      0.529200017      0.224787012    
   3.14095998      0.409799993      0.225009203    
   3.14362001      0.465149999      0.225276530    
   3.14627004      0.678499997      0.225119099    
   3.14893007      0.944500029      0.224753484    
   3.15158010      0.568750024      0.225272030    
   3.15423989      0.443450004      0.224197298    
   3.15688992       9.30500031E-02  0.224517673    
   3.15954995      0.428799987      0.223602071    
   3.16220999      0.535350025      0.225268528    
   3.16486001      0.526600003      0.223580360    
   3.16752005      0.595849991      0.225162044    
   3.17017007      0.492749989      0.224016026    
   3.17283010      0.853399992      0.224190891    
   3.17547989      0.840749979      0.223515600    
   3.17813993      0.570900023      0.225041032    
   3.18078995      0.878549993      0.224101901    
   3.18344998      0.568899989      0.225098282    
   3.18610001      0.135100007      0.223612890    
   3.18876004      0.775449991      0.225138307    
   3.19142008      0.464899987      0.224613249    
   3.19407010      0.638750017      0.224140048    
   3.19672990      0.465600014      0.224906325    
   3.19937992       1.12454998      0.225264236    
   3.20203996      0.698800027      0.224329606    
   3.20468998      0.404900014      0.223910838    
   3.20735002      0.623950005      0.223475263    
   3.21000004      0.729900002      0.223378778    
   3.21266007      0.684700012      0.223508999    
   3.21531010      0.437500000      0.224226519    
   3.21796989      0.726949990      0.225021705    
   3.22062993      0.734000027      0.225067154    
   3.22327995      0.526849985      0.224556699    
   3.22593999      0.696799994      0.225023523    
   3.22859001      0.793449998      0.224256650    
   3.23125005      0.611450016      0.224420592    
   3.23390007      0.651499987      0.222888350    
   3.23656011      0.226999998      0.222448051    
   3.23920989      0.686749995      0.223025963    
   3.24186993      0.800350010      0.222874627    
   3.24451995      0.268400013      0.223525017    
   3.24717999      0.807900012      0.223315418    
   3.24984002      0.843699992      0.223303914    
   3.25249004      0.265350014      0.223725170    
   3.25515008      0.450949997      0.222982034    
   3.25780010      0.584699988      0.223374784    
   3.26045990      0.515999973      0.223667935    
   3.26310992      0.604900002      0.223808944    
   3.26576996      0.446000010      0.222405136    
   3.26841998      0.392650008      0.222767144    
   3.27108002      0.801750004      0.220889702    
   3.27373004      0.512149990      0.222948506    
   3.27639008      0.529349983      0.222615615    
   3.27905011      0.281300008      0.221291244    
   3.28169990      0.534399986      0.222458676    
   3.28435993      0.570450008      0.223726183    
   3.28700995      0.463550001      0.224124327    
   3.28966999      0.592100024      0.223741695    
   3.29232001      0.499049991      0.223591164    
   3.29498005      0.366349995      0.222502097    
   3.29763007      0.471049994      0.221924618    
   3.30029011      0.709100008      0.221958637    
   3.30293989      0.477950007      0.222791359    
   3.30559993      0.564700007      0.222881749    
   3.30825996      0.338099986      0.222294122    
   3.31090999      0.201299995      0.223052591    
   3.31357002      0.932200015      0.221820801    
   3.31622005      0.389899999      0.222295031    
   3.31888008      0.790549994      0.222219661    
   3.32153010      0.384999990      0.221852541    
   3.32418990      0.222849995      0.222410128    
   3.32683992      0.533249974      0.222238481    
   3.32949996      0.578800023      0.221782282    
   3.33214998       7.54500031E-02  0.222917974    
   3.33481002       6.22499995E-02  0.222736612    
   3.33747005      0.451350003      0.222053215    
   3.34012008      0.449449986      0.223240063    
   3.34278011      0.643000007      0.222757429    
   3.34542990      0.623600006      0.222693488    
   3.34808993      0.677049994      0.222573578    
   3.35073996      0.493550003      0.222962722    
   3.35339999      0.235450000      0.223365769    
   3.35605001      0.409550011      0.221402749    
   3.35871005      0.255100012      0.222220764    
   3.36136007      0.837400019      0.222558662    
   3.36402011      0.256150007      0.221497118    
   3.36667991      0.251049995      0.222693786    
   3.36932993      0.702650011      0.222166821    
   3.37198997      0.520449996      0.223496377    
   3.37463999      0.622749984      0.222752929    
   3.37730002      0.434700012      0.222355679    
   3.37995005      0.265049994      0.222673967    
   3.38261008      0.472649992      0.223068714    
   3.38526011      0.452899992      0.222406432    
   3.38791990      0.262400001      0.223099142    
   3.39056993      0.373149991      0.221530348    
   3.39322996      0.493050009      0.221969038    
   3.39589000      0.102349997      0.222282127    
   3.39854002      0.469749987      0.220798209    
   3.40120006      0.543500006      0.221984759    
   3.40385008      0.504499972      0.221242905    
   3.40651011      0.305150002      0.221388936    
   3.40915990      0.584200025      0.220447913    
   3.41181993      0.669550002      0.221529961    
   3.41446996      0.361699998      0.221248314    
   3.41712999      0.962650001      0.222069934    
   3.41979003       1.02534997      0.222333372    
   3.42244005      0.816500008      0.222203150    
   3.42510009      0.895799994      0.220874488    
   3.42775011      0.702000022      0.221189260    
   3.43040991      0.706600010      0.221038625    
   3.43305993      0.643549979      0.222253993    
   3.43571997      0.570550025      0.220971063    
   3.43836999      0.517799973      0.221041739    
   3.44103003      0.483799994      0.221243501    
   3.44368005      0.492300004      0.221364424    
   3.44634008      0.430000007      0.221835017    
   3.44899988      0.447899997      0.221789896    
   3.45164990      0.572849989      0.221136004    
   3.45430994      0.317649990      0.222553045    
   3.45695996      0.717850029      0.220909521    
   3.45962000      0.368449986      0.220569015    
   3.46227002      0.407799989      0.222237185    
   3.46493006      0.609049976      0.221894875    
   3.46758008      0.263099998      0.221894577    
   3.47024012      0.385699987      0.221115902    
   3.47288990      0.783150017      0.222711593    
   3.47554994      0.681500018      0.222461268    
   3.47820997      0.427749991      0.221919298    
   3.48085999      0.818050027      0.220875293    
   3.48352003      0.191149995      0.220353127    
   3.48617005      0.631600022      0.220978871    
   3.48883009       1.48999998E-02  0.220473528    
   3.49148011      0.503099978      0.221235201    
   3.49413991      0.265249997      0.220753476    
   3.49678993      0.209649995      0.220652193    
   3.49944997      0.272500008      0.221029729    
   3.50209999      0.610949993      0.220407277    
   3.50476003      0.377849996      0.221016303    
   3.50742006      0.594099998      0.220096901    
   3.51007009      0.702799976      0.220883489    
   3.51272988      0.377999991      0.220724359    
   3.51537991      0.730750024      0.221263632    
   3.51803994      0.483249992      0.220621467    
   3.52068996      0.782249987      0.220136732    
   3.52335000      0.119000003      0.221133813    
   3.52600002      0.306899995      0.221215189    
   3.52866006      0.717499971      0.221368924    
   3.53131008      0.542949975      0.221495420    
   3.53397012      0.727349997      0.220944554    
   3.53662992      0.431300014      0.220310703    
   3.53927994      0.378800005      0.220603749    
   3.54193997      0.352849990      0.220556706    
   3.54459000      0.233250007      0.221440077    
   3.54725003      0.502749979      0.221670181    
   3.54990005      0.344650000      0.221084461    
   3.55256009      0.429199994      0.220970958    
   3.55521011      0.642250001      0.218934983    
   3.55786991      0.480250001      0.221758962    
   3.56051993      0.380400002      0.221968234    
   3.56317997      0.506699979      0.220466733    
   3.56584001      0.416649997      0.220671013    
   3.56849003      0.919650018      0.220270157    
   3.57115006      0.377750009      0.218783453    
   3.57380009      0.585950017      0.220048159    
   3.57645988      0.610199988      0.221604735    
   3.57910991      0.554149985      0.221822321    
   3.58176994       9.88999978E-02  0.219474867    
   3.58441997      0.274100006      0.220640779    
   3.58708000      0.148399994      0.219814464    
   3.58973002      0.452450007      0.221145630    
   3.59239006      0.409299999      0.220641986    
   3.59505010      0.561900020      0.220267057    
   3.59770012      0.574850023      0.221103683    
   3.60035992      0.399549991      0.221431285    
   3.60300994      0.705449998      0.220496565    
   3.60566998      0.367900014      0.221324369    
   3.60832000      0.291350007      0.253164262    
   3.61098003       3.73499990E-02  0.271292835    
   3.61363006      0.380149990      0.290500820    
   3.61629009      0.244299993      0.313250870    
   3.61894011      0.107150003      0.327849567    
   3.62159991      -7.68999979E-02  0.356099784    
   3.62425995      0.647700012      0.382267684    
   3.62690997      -2.57500000E-02  0.419400305    
   3.62957001      -7.62000009E-02  0.459126085    
   3.63222003      0.256550014      0.486290067    
   3.63488007      0.496300012      0.345107675    
   3.63753009      0.701300025      0.309260488    
   3.64018989      0.232950002      0.291602314    
   3.64283991     -0.141849995      0.280078202    
   3.64549994       9.52999964E-02  0.268854678    
   3.64814997      0.393249989      0.259071738    
   3.65081000      0.613049984      0.252419323    
   3.65347004      0.497049987      0.246509835    
   3.65612006      0.376500010      0.239977702    
   3.65878010      0.170399994      0.239101350    
   3.66142988      0.127000004      0.237625152    
   3.66408992      0.323399991      0.237637267    
   3.66673994      0.403649986      0.233494923    
   3.66939998      0.542200029      0.232016847    
   3.67205000      0.657750010      0.228807032    
   3.67471004      0.536549985      0.227035984    
   3.67736006      0.462449998      0.225498542    
   3.68002009      0.771700025      0.223507792    
   3.68267989      0.391600013      0.221311465    
   3.68532991      0.688650012      0.219022259    
   3.68798995      0.515950024      0.216996983    
   3.69063997      0.393700004      0.216459915    
   3.69330001      0.498549998      0.217037424    
   3.69595003      0.669499993      0.216032535    
   3.69861007      0.433299989      0.216631263    
   3.70126009      0.562250018      0.217912793    
   3.70391989      0.802850008      0.217549473    
   3.70656991      0.335049987      0.218068436    
   3.70922995      0.253300011      0.216834247    
   3.71188998      0.563250005      0.217379212    
   3.71454000      0.396600008      0.216521174    
   3.71720004      0.177300006      0.217227504    
   3.71985006      0.731199980      0.217362002    
   3.72251010      0.620899975      0.215652213    
   3.72515988      0.596499979      0.218225658    
   3.72781992      -4.42500003E-02  0.217074558    
   3.73046994      0.530149996      0.216024339    
   3.73312998      0.332650006      0.216491148    
   3.73578000      0.131099999      0.217979357    
   3.73844004      0.439500004      0.216562703    
   3.74110007       2.09999997E-02  0.215759397    
   3.74375010      0.340950012      0.216337010    
   3.74640989      0.750450015      0.216596037    
   3.74905992      0.187500000      0.216764584    
   3.75171995      0.384000003      0.215989411    
   3.75436997      0.431499988      0.216685623    
   3.75703001      0.709599972      0.217850029    
   3.75968003      0.363799989      0.216216609    
   3.76234007      0.578750014      0.216286063    
   3.76499009      0.467599988      0.216731250    
   3.76764989      0.505649984      0.216613144    
   3.77030993      0.957700014      0.216314688    
   3.77295995      0.396400005      0.215635791    
   3.77561998      0.124799997      0.216178373    
   3.77827001      0.526449978      0.214875728    
   3.78093004      0.439249992      0.216389254    
   3.78358006      0.165050000      0.216434300    
   3.78624010      0.515799999      0.216861174    
   3.78888988      0.675499976      0.216574818    
   3.79154992      0.286049992      0.218283325    
   3.79419994      0.221750006      0.218091547    
   3.79685998      0.472700000      0.217393726    
   3.79952002      0.293350011      0.214772135    
   3.80217004      0.130799994      0.217595011    
   3.80483007      0.794700027      0.215574235    
   3.80748010      0.839950025      0.216815233    
   3.81013989      0.667200029      0.217282340    
   3.81278992       2.66500004E-02  0.215450928    
   3.81544995      0.110150002      0.216240838    
   3.81809998      0.211750001      0.215350345    
   3.82076001      0.395300001      0.217072055    
   3.82341003     -0.212650001      0.214620396    
   3.82607007      0.335750014      0.216020942    
   3.82873011      0.509100020      0.215691641    
   3.83137989      0.451299995      0.216428503    
   3.83403993      0.617950022      0.216072991    
   3.83668995      0.600650012      0.214865729    
   3.83934999      0.654100001      0.215965986    
   3.84200001      0.575550020      0.215710759    
   3.84466004      0.531849980      0.216455117    
   3.84731007      0.758549988      0.216785818    
   3.84997010      0.792500019      0.215837076    
   3.85261989      0.648599982      0.216321692    
   3.85527992     -0.241950005      0.215341747    
   3.85793996      0.760299981      0.215840176    
   3.86058998      0.467999995      0.217078060    
   3.86325002      0.127200007      0.216232926    
   3.86590004      0.708100021      0.214760631    
   3.86856008      0.582400024      0.216649190    
   3.87121010      0.521399975      0.217645049    
   3.87386990       5.54999989E-03  0.216398269    
   3.87651992      0.539150000      0.214247972    
   3.87917995       8.03000033E-02  0.215646818    
   3.88182998       4.42500003E-02  0.215417609    
   3.88449001      0.265150011      0.215529114    
   3.88715005      0.418749988      0.215927944    
   3.88980007      0.341500014      0.215145364    
   3.89246011      0.602599978      0.216465935    
   3.89510989      0.524150014      0.216442093    
   3.89776993      0.512199998      0.214702278    
   3.90041995      0.350650012      0.216816127    
   3.90307999      0.632650018      0.215761498    
   3.90573001      0.701099992      0.217029214    
   3.90839005      0.773000002      0.214875624    
   3.91104007      0.377799988      0.215912029    
   3.91370010      0.174500003      0.216190994    
   3.91635990      0.885999978      0.215420499    
   3.91900992      0.607699990      0.214295223    
   3.92166996      0.362899989      0.215240061    
   3.92431998      0.963699996      0.215252548    
   3.92698002      0.570550025      0.216395870    
   3.92963004      0.160950005      0.215173796    
   3.93229008      0.494399995      0.213949427    
   3.93494010      0.491200000      0.213721335    
   3.93759990      0.375200003      0.215506479    
   3.94024992      0.337650001      0.214424446    
   3.94290996     -0.166950002      0.214414224    
   3.94556999      0.223849997      0.216481537    
   3.94822001      0.519450009      0.215834871    
   3.95088005      0.136099994      0.215227038    
   3.95353007      0.171149999      0.215788633    
   3.95619011      0.471650004      0.216106817    
   3.95883989      0.746850014      0.215246052    
   3.96149993      0.382450014      0.214499205    
   3.96414995      0.440899998      0.216054365    
   3.96680999      0.341500014      0.215302899    
   3.96946001      0.588800013      0.214383096    
   3.97212005      0.686649978      0.215837583    
   3.97478008      0.300249994      0.214723200    
   3.97743011      0.188600004      0.214192733    
   3.98008990      0.647899985      0.214842305    
   3.98273993      0.627900004      0.215712771    
   3.98539996      0.285750002      0.214846715    
   3.98804998      0.484649986      0.214930788    
   3.99071002      0.502349973      0.213291645    
   3.99336004      0.187050000      0.215225637    
   3.99602008      0.605250001      0.215073004    
   3.99867010      0.388900012      0.214576975    
   4.00132990      0.625299990      0.216007829    
   4.00399017      0.539049983      0.214552343    
   4.00663996      0.522449970      0.213891685    
   4.00930023      0.301800013      0.215051189    
   4.01195002      0.266700000      0.215383381    
   4.01460981      0.464700013      0.213905275    
   4.01726007      0.360399991      0.213743448    
   4.01991987      0.517549992      0.215101242    
   4.02257013      0.342799991      0.214272112    
   4.02522993      0.302049994      0.214541048    
   4.02788019      0.550949991      0.215216219    
   4.03053999      0.184699997      0.214913473    
   4.03319979      0.781750023      0.214226663    
   4.03585005      0.412149996      0.214336962    
   4.03850985      0.217700005      0.214849412    
   4.04116011      0.463649988      0.214480191    
   4.04381990      0.233199999      0.215154782    
   4.04647017      0.612900019      0.213997468    
   4.04912996      0.311500013      0.214358985    
   4.05178022      0.476500005      0.214036390    
   4.05444002      0.694899976      0.214810386    
   4.05708981      0.227050006      0.215178400    
   4.05975008      0.331149995      0.214563757    
   4.06240988      0.317299992      0.213984460    
   4.06506014      0.136700004      0.213697001    
   4.06771994      0.444099993      0.213538170    
   4.07037020       1.20000006E-03  0.213909790    
   4.07302999      0.384849995      0.214263588    
   4.07567978      0.524299979      0.213203669    
   4.07834005      0.440699995      0.214928672    
   4.08098984      0.277449995      0.213173836    
   4.08365011      0.183750004      0.214235082    
   4.08629990      0.583850026      0.213499114    
   4.08896017      0.660200000      0.213171631    
   4.09161997      0.503549993      0.213935912    
   4.09427023      0.510500014      0.212295875    
   4.09693003      0.199300006      0.213936001    
   4.09957981      0.431250006      0.213194162    
   4.10224009      0.640500009      0.213312149    
   4.10488987      0.463849992      0.212605342    
   4.10755014      0.184599996      0.213677078    
   4.11019993      0.598649979      0.213607520    
   4.11286020      0.511200011      0.214410722    
   4.11550999      0.389550000      0.214594990    
   4.11816978      0.282950014      0.214222059    
   4.12083006      0.286399990      0.215482965    
   4.12347984      0.200049996      0.214974612    
   4.12614012      0.676549971      0.214541644    
   4.12878990      0.344500005      0.213099480    
   4.13145018      0.675599992      0.213475212    
   4.13409996      0.170100003      0.214353383    
   4.13676023      0.490949988      0.213395625    
   4.13941002      0.503600001      0.212744460    
   4.14206982      0.782750010      0.213770062    
   4.14472008      0.172849998      0.213876069    
   4.14737988      0.275150001      0.211711556    
   4.15004015      0.334149987      0.215149060    
   4.15268993      0.113600001      0.214334160    
   4.15535021      0.391900003      0.212428391    
   4.15799999      0.108499996      0.212812528    
   4.16065979      0.420899987      0.212641075    
   4.16331005      0.557349980      0.213034421    
   4.16596985      0.486350000      0.214984536    
   4.16862011      0.527350008      0.212402463    
   4.17127991      0.161950007      0.214479491    
   4.17393017      0.668500006      0.214133292    
   4.17658997      0.388500005      0.213027015    
   4.17924976      0.420800000      0.214524135    
   4.18190002      0.760699987      0.212921828    
   4.18455982       8.91999975E-02  0.213381231    
   4.18721008      0.420100003      0.213585302    
   4.18986988      0.187050000      0.213425562    
   4.19252014      0.404049993      0.212775201    
   4.19517994      0.466049999      0.213911489    
   4.19783020      0.282700002      0.213772371    
   4.20049000      0.636699975      0.212669507    
   4.20313978      0.146349996      0.213636652    
   4.20580006      0.144749999      0.214452967    
   4.20845985      0.171450004      0.214104950    
   4.21111012     -0.227300003      0.213146016    
   4.21376991      0.591250002      0.213369310    
   4.21642017      0.303649992      0.213965639    
   4.21907997      0.673699975      0.212615460    
   4.22173023      0.614600003      0.212599739    
   4.22439003      0.345200002      0.214386508    
   4.22703981      0.757749975      0.213071853    
   4.22970009      0.302450001      0.213018402    
   4.23234987      0.266999990      0.214389816    
   4.23501015      -2.27000006E-02  0.213145822    
   4.23766994      0.552850008      0.213385925    
   4.24032021      0.608399987      0.213793993    
   4.24298000      0.264099985      0.212371737    
   4.24562979      0.550300002      0.212631255    
   4.24829006      0.418099999      0.212502360    
   4.25093985      0.821650028      0.212794513    
   4.25360012      0.324449986      0.212370038    
   4.25624990      0.588999987      0.213096276    
   4.25891018      0.326400012      0.212169364    
   4.26155996      0.543200016      0.211844578    
   4.26422024       6.55000005E-03  0.213171735    
   4.26688004      0.504949987      0.212165758    
   4.26952982      -1.79999997E-03  0.211915731    
   4.27219009      0.201399997      0.213570893    
   4.27483988      0.154249996      0.212891892    
   4.27750015      0.602150023      0.214415327    
   4.28014994      0.863449991      0.215066105    
   4.28281021      0.301450014      0.212912217    
   4.28546000      0.420700014      0.212611943    
   4.28811979      0.418749988      0.213553786    
   4.29077005      0.406800002      0.212458909    
   4.29342985       8.61999989E-02  0.213284835    
   4.29609013      0.712549984      0.216918409    
   4.29873991      0.558000028      0.212850049    
   4.30140018      0.278699994      0.213444576    
   4.30404997      0.260450006      0.212977767    
   4.30670977      0.288100004      0.211990714    
   4.30936003      0.215149999      0.213131011    
   4.31201982      0.225150004      0.212394163    
   4.31467009      0.285050005      0.212642476    
   4.31732988      0.444000006      0.213466704    
   4.31998014      0.572650015      0.211558715    
   4.32263994      0.515999973      0.212701827    
   4.32530022     -0.320100009      0.212741360    
   4.32795000      0.796050012      0.211782530    
   4.33060980      0.279350013      0.212506458    
   4.33326006      -5.75499982E-02  0.211569935    
   4.33591986      0.247500002      0.212761581    
   4.33857012      0.725799978      0.212116212    
   4.34122992      0.516099989      0.213386834    
   4.34388018      0.172099993      0.211823955    
   4.34653997      0.557699978      0.212077588    
   4.34919024      0.423350006      0.211053193    
   4.35185003      0.332100004      0.211955085    
   4.35450983      0.532850027      0.212068573    
   4.35716009      0.483949989      0.212818623    
   4.35981989      0.408300012      0.212368339    
   4.36247015      0.212200001      0.211968899    
   4.36512995      0.840900004      0.211543515    
   4.36778021      0.369399995      0.212020144    
   4.37044001      0.347499996      0.212162957    
   4.37308979      0.203600004      0.211533412    
   4.37575006      0.112549998      0.212016717    
   4.37839985      0.504149973      0.212543979    
   4.38106012      0.464749992      0.212292671    
   4.38371992      0.438549995      0.211764216    
   4.38637018      0.630500019      0.211891219    
   4.38902998      0.596350014      0.211646810    
   4.39167976      0.494150013      0.212263748    
   4.39434004      0.241150007      0.211622074    
   4.39698982      0.213750005      0.212489441    
   4.39965010      0.643400013      0.211836472    
   4.40229988      0.452250004      0.211396992    
   4.40496016      0.269950002      0.211904332    
   4.40760994      0.216800004      0.211274385    
   4.41027021      0.236599997      0.211675033    
   4.41293001      0.120849997      0.210091844    
   4.41557980      0.551850021      0.210758328    
   4.41824007      0.322349995      0.211234033    
   4.42088985      0.750450015      0.211053088    
   4.42355013      0.294600010      0.211605966    
   4.42619991      0.529200017      0.211739182    
   4.42886019      0.483049989      0.210796371    
   4.43150997      0.741500020      0.212298170    
   4.43416977      0.435849994      0.211905032    
   4.43682003      0.471799999      0.211827859    
   4.43947983      0.734000027      0.211985707    
   4.44214010      0.740000010      0.212415382    
   4.44478989      0.873350024      0.212249234    
   4.44745016      0.541149974      0.211572543    
   4.45009995      0.422950000      0.211329222    
   4.45276022      0.352950007      0.211294994    
   4.45541000       1.52000003E-02  0.212084785    
   4.45806980      0.234249994      0.209971830    
   4.46072006      0.944299996      0.210607603    
   4.46337986      0.405350000      0.210477978    
   4.46603012      0.100950003      0.211196214    
   4.46868992      0.378850013      0.210495397    
   4.47135019      0.459250003      0.211515293    
   4.47399998      0.387950003      0.211554721    
   4.47665977       9.74999964E-02  0.210367084    
   4.47931004      0.518400013      0.210538849    
   4.48196983      0.374249995      0.211534902    
   4.48462009      -9.68500003E-02  0.211695760    
   4.48727989      0.202000007      0.210234672    
   4.48993015      0.263749987      0.211759195    
   4.49258995      0.535350025      0.210471585    
   4.49524021      -8.25499967E-02  0.210294917    
   4.49790001      0.405750006      0.209535867    
   4.50055981      0.608650029      0.210360780    
   4.50321007      0.235900000      0.211192310    
   4.50586987      0.414950013      0.210944787    
   4.50852013      0.342649996      0.210299417    
   4.51117992      0.574999988      0.210374087    
   4.51383018      0.504000008      0.209869251    
   4.51648998      0.383249998      0.211045772    
   4.51913977      0.139349997      0.210066020    
   4.52180004      0.481700003      0.210714594    
   4.52444983      0.251049995      0.211049095    
   4.52711010      -2.51000002E-02  0.210405424    
   4.52976990      0.243499994      0.210070029    
   4.53242016      -8.76500010E-02  0.210821375    
   4.53507996      0.507799983      0.211201310    
   4.53773022      0.723649979      0.210623622    
   4.54039001      0.431199998      0.209759161    
   4.54303980      0.112450004      0.210154295    
   4.54570007     -0.145199999      0.211092621    
   4.54834986      0.481500000      0.211390793    
   4.55101013      0.300749987      0.210170507    
   4.55365992      0.617150009      0.210508108    
   4.55632019       9.65500027E-02  0.209404945    
   4.55897999       8.92999992E-02  0.209602520    
   4.56162977      0.370599985      0.209650859    
   4.56429005      0.619650006      0.210211948    
   4.56693983      0.427300006      0.210414320    
   4.56960011      0.116700001      0.209111497    
   4.57224989      0.258549988      0.210339069    
   4.57491016      0.125499994      0.210304230    
   4.57755995      0.355549991      0.209243491    
   4.58022022      0.435849994      0.209695995    
   4.58287001      0.433649987      0.209463790    
   4.58552980      0.499100000      0.209901080    
   4.58819008      0.420700014      0.209357500    
   4.59083986      0.151749998      0.210445255    
   4.59350014      0.649049997      0.210845008    
   4.59614992      0.550300002      0.211098626    
   4.59881020      0.469099998      0.211423814    
   4.60145998      0.622749984      0.210620508    
   4.60411978      0.379799992      0.210951194    
   4.60677004      0.168249995      0.211240456    
   4.60942984      0.397549987      0.210613400    
   4.61208010      0.451449990      0.209984854    
   4.61473989      0.596549988      0.209560379    
   4.61740017      0.132200003      0.209937811    
   4.62004995      0.401699990      0.209080666    
   4.62271023      0.668099999      0.210229054    
   4.62536001      0.432599992      0.208938837    
   4.62801981      0.348450005      0.210499093    
   4.63067007      0.129899994      0.209537566    
   4.63332987      0.243049994      0.208817020    
   4.63598013      0.729250014      0.209762663    
   4.63863993      0.447699994      0.210367173    
   4.64129019      0.180950001      0.210676968    
   4.64394999      0.147000000      0.209110692    
   4.64660978      0.303550005      0.208514571    
   4.64926004      0.590550005      0.209892780    
   4.65191984       6.01999983E-02  0.209403247    
   4.65457010      0.585099995      0.209577590    
   4.65722990      0.269250005      0.209813103    
   4.65988016      0.128099993      0.208697721    
   4.66253996      0.402649999      0.209980547    
   4.66519022      0.275550008      0.209614322    
   4.66785002      0.563250005      0.209819704    
   4.67049980      0.540099978      0.209639952    
   4.67316008      0.320549995      0.209598511    
   4.67581987      0.226199999      0.210162401    
   4.67847013      0.579249978      0.208660185    
   4.68112993      0.578100026      0.209330887    
   4.68378019      0.637199998      0.210041791    
   4.68643999      0.106650002      0.208204389    
   4.68908978       6.01999983E-02  0.209901482    
   4.69175005      0.486950010      0.208689019    
   4.69439983     -0.140650004      0.208766982    
   4.69706011      0.257800013      0.209359497    
   4.69970989      0.215100005      0.208379343    
   4.70237017      0.515999973      0.210271806    
   4.70502996       7.41500035E-02  0.209877968    
   4.70768023      0.317050010      0.209260806    
   4.71034002      0.558849990      0.208716035    
   4.71298981      0.347700000      0.208422378    
   4.71565008      0.636849999      0.207770512    
   4.71829987      0.362500012      0.209487423    
   4.72096014      0.574100018      0.208833635    
   4.72360992      0.126399994      0.209189951    
   4.72627020      0.227200001      0.209841132    
   4.72891998      0.411449999      0.208932728    
   4.73157978      0.454499990      0.208014727    
   4.73424006      0.413049996      0.208609045    
   4.73688984      0.638199985      0.206114665    
   4.73955011     -0.140599996      0.206703976    
   4.74219990      0.459850013      0.208362430    
   4.74486017      0.227599993      0.206434131    
   4.74750996      0.165700004      0.208331600    
   4.75017023      0.281549990      0.207867503    
   4.75282001      -7.20499977E-02  0.208206490    
   4.75547981      0.573400021      0.208222106    
   4.75813007      0.128549993      0.209755138    
   4.76078987      0.510150015      0.210118666    
   4.76345015      0.158450007      0.210463867    
   4.76609993      0.571150005      0.209229097    
   4.76876020      0.390700012      0.207533911    
   4.77140999      0.491450012      0.209415361    
   4.77406979      0.280099988      0.208343416    
   4.77672005      0.493550003      0.209219679    
   4.77937984      0.735549986      0.209190845    
   4.78203011      0.111400001      0.207521483    
   4.78468990      0.190500006      0.207837075    
   4.78734016      0.513100028      0.207084313    
   4.78999996      0.813650012      0.208575308    
   4.79266024      0.332899988      0.209309354    
   4.79531002      0.575800002      0.208198890    
   4.79796982       1.28499996E-02  0.207724765    
   4.80062008      0.510999978      0.207978696    
   4.80327988      0.419299990      0.208491638    
   4.80593014      0.621800005      0.207969889    
   4.80858994      0.513999999      0.209137306    
   4.81124020      0.697849989      0.208015427    
   4.81389999      0.362450004      0.208623052    
   4.81654978      -8.22999999E-02  0.208416685    
   4.81921005      0.271100014      0.207752198    
   4.82186985      0.205100000      0.209035918    
   4.82452011      0.240150005      0.209403038    
   4.82717991      0.331400007      0.207316816    
   4.82983017      0.218400002      0.207647011    
   4.83248997      0.498349994      0.208311588    
   4.83514023      -4.30000015E-03  0.208455905    
   4.83780003      0.553049982      0.207002044    
   4.84044981      0.238949999      0.209002092    
   4.84311008      0.926500022      0.207963571    
   4.84575987      0.218649998      0.208260551    
   4.84842014      0.349299997      0.207341447    
   4.85107994      0.235499993      0.209533051    
   4.85373020      0.410849988      0.208097592    
   4.85639000      0.571150005      0.207451031    
   4.85903978      0.602050006      0.207401380    
   4.86170006      0.185699999      0.207888216    
   4.86434984      0.471300006      0.207995012    
   4.86701012       5.57000004E-02  0.207911834    
   4.86965990      0.309899986      0.208057970    
   4.87232018       8.30999985E-02  0.207565933    
   4.87496996      0.264050007      0.208025634    
   4.87763023      0.160300002      0.208976269    
   4.88029003      0.608099997      0.207698047    
   4.88293982      0.752049983      0.208429694    
   4.88560009      0.431849986      0.206836388    
   4.88824987      0.549650013      0.207164079    
   4.89091015      0.258549988      0.208204493    
   4.89355993      0.524900019      0.207363859    
   4.89622021      0.816450000      0.207552016    
   4.89886999      0.331900001      0.207004040    
   4.90152979       5.79999993E-03  0.207095116    
   4.90418005      0.496800005      0.206988931    
   4.90683985      0.276650012      0.208299071    
   4.90950012      0.591400027      0.206547439    
   4.91214991      0.250000000      0.206489801    
   4.91481018      0.535049975      0.207598269    
   4.91745996      0.326999992      0.208089501    
   4.92011976      0.413650006      0.243556648    
   4.92277002       7.55499974E-02  0.266412765    
   4.92542982      0.293300003      0.291935503    
   4.92808008      0.548799992      0.323632866    
   4.93073988       1.14569998      0.358373046    
   4.93339014      0.929099977      0.397837520    
   4.93604994       4.67500016E-02  0.449710459    
   4.93871021      0.715799987      0.481495142    
   4.94136000     -0.707499981      0.520879030    
   4.94401979      0.278250009      0.331544667    
   4.94667006      0.594150007      0.296916157    
   4.94932985      0.598450005      0.275547147    
   4.95198011       6.99499995E-02  0.261168987    
   4.95463991      0.822549999      0.252169371    
   4.95729017      0.568949997      0.244397774    
   4.95994997      0.127299994      0.237166747    
   4.96260023      0.151850000      0.232530192    
   4.96526003      0.378300011      0.228452414    
   4.96791983      0.570699990      0.224158064    
   4.97057009      0.364899993      0.220588535    
   4.97322989       4.28999998E-02  0.217557475    
   4.97588015       1.21050000      0.216508955    
   4.97853994      0.482450008      0.211365551    
   4.98119020      0.311049998      0.211116835    
   4.98385000       7.73499981E-02  0.207862794    
   4.98649979      0.462150007      0.208633870    
   4.98916006      0.192800000      0.208802819    
   4.99180984       5.49000017E-02  0.208663881    
   4.99447012      0.200599998      0.208247036    
   4.99712992      0.485599995      0.209222585    
   4.99978018      0.359299988      0.208169654    
